0 24.8897 0.936245 13.527
155.225 132.481 0.0445227 0.164575 0.457422 0.364052 6.78099 5.10046
1 24.8897 1.31377 15.7612
155.225 132.481 0.0445227 0.164575 0.457422 0.364052 6.78099 5.10046
2 26.5718 3.28066 48.3525
147.623 130.207 0.0416605 0.169921 0.308723 0.172221 6.48765 5.03964
3 26.5718 4.5185 66.4159
147.623 130.207 0.0416605 0.169921 0.308723 0.172221 6.48765 5.03964
4 26.5718 5.23628 84.9366
147.623 130.207 0.0416605 0.169921 0.308723 0.172221 6.48765 5.03964
5 26.5718 7.29821 111.395
147.623 130.207 0.0416605 0.169921 0.308723 0.172221 6.48765 5.03964
6 26.5718 7.50831 112.216
147.623 130.207 0.0416605 0.169921 0.308723 0.172221 6.48765 5.03964
7 26.5718 9.4975 120.986
147.623 130.207 0.0416605 0.169921 0.308723 0.172221 6.48765 5.03964
8 26.672 8.93738 121.272
140.085 130.471 0.0484051 0.199714 0.230739 0.207796 6.35183 5.12222
9 26.8278 11.3831 136.691
140.052 128.549 0.0353265 0.189815 0.238453 0.240621 6.99973 5.47807
10 26.8278 13.0575 129.152
140.052 128.549 0.0353265 0.189815 0.238453 0.240621 6.99973 5.47807
11 26.8297 12.5319 129.709
139.501 128.501 0.0339481 0.191709 0.231043 0.239708 6.91757 5.47557
12 26.8297 11.8807 124.044
139.501 128.501 0.0339481 0.191709 0.231043 0.239708 6.91757 5.47557
13 26.8297 12.6615 122.073
139.501 128.501 0.0339481 0.191709 0.231043 0.239708 6.91757 5.47557
14 26.9758 12.5934 129.669
159.445 149.795 0.0445433 0.19449 0.25547 0.0819866 8.11321 7.04545
15 27.3045 15.1002 128.771
142.476 129.302 0.0272199 0.153326 0.216217 0.208979 7.62717 5.25137
16 27.3045 14.4341 138.41
142.476 129.302 0.0272199 0.153326 0.216217 0.208979 7.62717 5.25137
17 27.6745 13.2102 127.275
161.519 152.983 0.0244064 0.176856 0.308194 0.08478 8.74361 6.51219
18 27.6745 11.6499 112.918
161.519 152.983 0.0244064 0.176856 0.308194 0.08478 8.74361 6.51219
19 27.6745 12.1328 115.322
161.519 152.983 0.0244064 0.176856 0.308194 0.08478 8.74361 6.51219
20 27.9628 14.873 126.602
162.614 156.674 0.0224761 0.167065 0.286337 0.113275 8.55248 6.36628
21 27.9628 15.0836 132.075
162.614 156.674 0.0224761 0.167065 0.286337 0.113275 8.55248 6.36628
22 27.9628 16.0376 126.547
162.614 156.674 0.0224761 0.167065 0.286337 0.113275 8.55248 6.36628
23 27.9628 13.5599 143.207
162.614 156.674 0.0224761 0.167065 0.286337 0.113275 8.55248 6.36628
24 27.9628 13.5775 133.372
162.614 156.674 0.0224761 0.167065 0.286337 0.113275 8.55248 6.36628
25 27.9628 15.144 136.992
162.614 156.674 0.0224761 0.167065 0.286337 0.113275 8.55248 6.36628
26 27.9628 16.5183 127.793
162.614 156.674 0.0224761 0.167065 0.286337 0.113275 8.55248 6.36628
27 27.9628 14.2642 110.497
162.614 156.674 0.0224761 0.167065 0.286337 0.113275 8.55248 6.36628
28 28.1148 15.4571 105.668
133.589 148.161 0.0317559 0.153299 0.117328 0 6.44525 9.92043
29 28.1148 15.975 107.394
133.589 148.161 0.0317559 0.153299 0.117328 0 6.44525 9.92043
30 28.1148 16.5195 103.137
133.589 148.161 0.0317559 0.153299 0.117328 0 6.44525 9.92043
31 28.1148 17.2667 85.494
133.589 148.161 0.0317559 0.153299 0.117328 0 6.44525 9.92043
32 28.1148 18.0561 90.0179
133.589 148.161 0.0317559 0.153299 0.117328 0 6.44525 9.92043
33 28.1148 18.0202 95.9227
133.589 148.161 0.0317559 0.153299 0.117328 0 6.44525 9.92043
34 28.1148 17.0935 95.6568
133.589 148.161 0.0317559 0.153299 0.117328 0 6.44525 9.92043
35 28.1148 18.1237 88.9774
133.589 148.161 0.0317559 0.153299 0.117328 0 6.44525 9.92043
36 29.146 17.3874 90.9185
134.422 148.23 0.0314391 0.154418 0.118447 0 6.45161 9.98739
37 29.146 17.3121 92.4118
134.422 148.23 0.0314391 0.154418 0.118447 0 6.45161 9.98739
38 29.146 16.863 104.345
134.422 148.23 0.0314391 0.154418 0.118447 0 6.45161 9.98739
39 29.146 16.5964 93.8203
134.422 148.23 0.0314391 0.154418 0.118447 0 6.45161 9.98739
40 29.146 17.3445 110.536
134.422 148.23 0.0314391 0.154418 0.118447 0 6.45161 9.98739
41 29.146 18.7757 85.4296
134.422 148.23 0.0314391 0.154418 0.118447 0 6.45161 9.98739
42 29.146 18.1159 104.97
134.422 148.23 0.0314391 0.154418 0.118447 0 6.45161 9.98739
43 29.146 15.2805 116.571
134.422 148.23 0.0314391 0.154418 0.118447 0 6.45161 9.98739
44 29.146 16.0469 113.573
134.422 148.23 0.0314391 0.154418 0.118447 0 6.45161 9.98739
45 29.146 18.403 106.533
134.422 148.23 0.0314391 0.154418 0.118447 0 6.45161 9.98739
46 29.656 17.653 116.654
165.007 143.701 0.0316004 0.157206 0.197166 0.156723 10 9.42536
47 29.656 19.2689 99.8231
165.007 143.701 0.0316004 0.157206 0.197166 0.156723 10 9.42536
48 29.656 17.8425 99.9118
165.007 143.701 0.0316004 0.157206 0.197166 0.156723 10 9.42536
49 29.656 17.7352 104.442
165.007 143.701 0.0316004 0.157206 0.197166 0.156723 10 9.42536
50 29.656 16.9711 103.574
165.007 143.701 0.0316004 0.157206 0.197166 0.156723 10 9.42536
51 29.656 17.8218 97.2362
165.007 143.701 0.0316004 0.157206 0.197166 0.156723 10 9.42536
52 30.9414 16.7269 120.834
176.046 136.699 0.0409324 0.142498 0.126913 0.248931 9.55249 9.43464
53 30.9414 17.3339 113.562
176.046 136.699 0.0409324 0.142498 0.126913 0.248931 9.55249 9.43464
54 30.9414 16.4531 114.195
176.046 136.699 0.0409324 0.142498 0.126913 0.248931 9.55249 9.43464
55 30.9414 17.7461 107.319
176.046 136.699 0.0409324 0.142498 0.126913 0.248931 9.55249 9.43464
56 30.9414 17.3366 96.6337
176.046 136.699 0.0409324 0.142498 0.126913 0.248931 9.55249 9.43464
57 30.9414 17.386 114.14
176.046 136.699 0.0409324 0.142498 0.126913 0.248931 9.55249 9.43464
58 30.9414 15.4284 119.531
176.046 136.699 0.0409324 0.142498 0.126913 0.248931 9.55249 9.43464
59 30.9414 18.2944 107.373
176.046 136.699 0.0409324 0.142498 0.126913 0.248931 9.55249 9.43464
60 30.9414 18.366 117.642
176.046 136.699 0.0409324 0.142498 0.126913 0.248931 9.55249 9.43464
61 30.9414 18.2815 107.126
176.046 136.699 0.0409324 0.142498 0.126913 0.248931 9.55249 9.43464
62 31.9153 16.0221 133.648
167.736 139.122 0.0397184 0.169356 0.178069 0.154593 9.98089 9.237
63 32.799 17.5057 121.498
163.235 155.936 0.0431426 0.179506 0.105037 0.184135 9.18753 10
64 32.799 17.9945 114.81
163.235 155.936 0.0431426 0.179506 0.105037 0.184135 9.18753 10
65 33.86 18.2892 108.318
174.299 137.849 0.0451561 0.159174 0.142415 0.239192 9.36144 9.73207
66 33.86 18.0234 113.389
174.299 137.849 0.0451561 0.159174 0.142415 0.239192 9.36144 9.73207
67 33.86 16.7662 106.33
174.299 137.849 0.0451561 0.159174 0.142415 0.239192 9.36144 9.73207
68 33.86 17.5406 127.584
174.299 137.849 0.0451561 0.159174 0.142415 0.239192 9.36144 9.73207
69 33.86 16.4166 133.059
174.299 137.849 0.0451561 0.159174 0.142415 0.239192 9.36144 9.73207
70 33.86 19.6894 116.98
174.299 137.849 0.0451561 0.159174 0.142415 0.239192 9.36144 9.73207
71 33.86 18.3528 126.567
174.299 137.849 0.0451561 0.159174 0.142415 0.239192 9.36144 9.73207
72 34.9569 20.8859 112.077
160.997 133.178 0.0335089 0.188896 0.195867 0.182152 9.56761 9.97331
73 34.9569 19.1742 131.076
160.997 133.178 0.0335089 0.188896 0.195867 0.182152 9.56761 9.97331
74 34.9569 18.6842 135.258
160.997 133.178 0.0335089 0.188896 0.195867 0.182152 9.56761 9.97331
75 34.9569 16.7085 137.295
160.997 133.178 0.0335089 0.188896 0.195867 0.182152 9.56761 9.97331
76 34.9569 19.1691 131.951
160.997 133.178 0.0335089 0.188896 0.195867 0.182152 9.56761 9.97331
77 34.9569 19.5641 124.291
160.997 133.178 0.0335089 0.188896 0.195867 0.182152 9.56761 9.97331
78 34.9569 19.4243 124.738
160.997 133.178 0.0335089 0.188896 0.195867 0.182152 9.56761 9.97331
79 34.9569 19.3291 125.183
160.997 133.178 0.0335089 0.188896 0.195867 0.182152 9.56761 9.97331
80 34.9569 19.0186 121.053
160.997 133.178 0.0335089 0.188896 0.195867 0.182152 9.56761 9.97331
81 35.2819 18.509 152.75
161.176 133.176 0.0336263 0.188317 0.195309 0.18105 9.57039 9.96719
82 35.2819 18.2249 141.413
161.176 133.176 0.0336263 0.188317 0.195309 0.18105 9.57039 9.96719
83 35.2819 17.1204 127.639
161.176 133.176 0.0336263 0.188317 0.195309 0.18105 9.57039 9.96719
84 35.2819 16.7681 136.102
161.176 133.176 0.0336263 0.188317 0.195309 0.18105 9.57039 9.96719
85 35.2819 18.4887 136.277
161.176 133.176 0.0336263 0.188317 0.195309 0.18105 9.57039 9.96719
86 35.2819 18.9683 122.669
161.176 133.176 0.0336263 0.188317 0.195309 0.18105 9.57039 9.96719
87 35.2819 17.2003 128.087
161.176 133.176 0.0336263 0.188317 0.195309 0.18105 9.57039 9.96719
88 35.2819 17.6224 126.506
161.176 133.176 0.0336263 0.188317 0.195309 0.18105 9.57039 9.96719
89 35.2819 19.5909 110.697
161.176 133.176 0.0336263 0.188317 0.195309 0.18105 9.57039 9.96719
90 35.2819 17.2277 128.078
161.176 133.176 0.0336263 0.188317 0.195309 0.18105 9.57039 9.96719
91 35.5446 19.8378 112.028
161.8 133.172 0.0323605 0.185506 0.196427 0.182828 9.49144 10
92 35.5446 21.0532 107.223
161.8 133.172 0.0323605 0.185506 0.196427 0.182828 9.49144 10
93 35.5446 19.0855 115.162
161.8 133.172 0.0323605 0.185506 0.196427 0.182828 9.49144 10
94 35.5446 16.8957 133.824
161.8 133.172 0.0323605 0.185506 0.196427 0.182828 9.49144 10
95 35.5446 16.6188 134.044
161.8 133.172 0.0323605 0.185506 0.196427 0.182828 9.49144 10
96 35.5446 17.7108 127.857
161.8 133.172 0.0323605 0.185506 0.196427 0.182828 9.49144 10
97 35.5446 18.6822 120.323
161.8 133.172 0.0323605 0.185506 0.196427 0.182828 9.49144 10
98 35.5446 19.2262 119.772
161.8 133.172 0.0323605 0.185506 0.196427 0.182828 9.49144 10
99 35.5446 18.2349 130.037
161.8 133.172 0.0323605 0.185506 0.196427 0.182828 9.49144 10
100 35.5446 18.3526 130.489
161.8 133.172 0.0323605 0.185506 0.196427 0.182828 9.49144 10
