0 25.6121 1.22466 18.9386
168.002 133.329 0.0927067 0.451614 0.102307 0.278605 7.66418 2.88304
1 25.9978 2.2513 35.9792
157.051 129.356 0.048654 0.345387 0.285352 0.139056 6.11047 2.99262
2 25.9978 3.95052 64.7472
157.051 129.356 0.048654 0.345387 0.285352 0.139056 6.11047 2.99262
3 25.9978 5.3535 86.5488
157.051 129.356 0.048654 0.345387 0.285352 0.139056 6.11047 2.99262
4 25.9978 7.15173 101.297
157.051 129.356 0.048654 0.345387 0.285352 0.139056 6.11047 2.99262
5 26.4461 7.90854 109.768
162.766 124.279 0.0752341 0.215878 0.270211 0.0634627 7.48579 1.7995
6 26.827 10.2133 126.817
162.251 124.487 0.124943 0.213922 0.25004 0.0419468 8.3175 2.12625
7 27.1102 10.9592 129.329
162.183 136.142 0.0834116 0.208104 0.375788 0.0356188 6.55732 3.37935
8 29.3001 13.887 129.867
170.944 144.815 0.223561 0.286126 0.331192 0 7.4371 3.80134
9 29.3001 14.7644 136.299
170.944 144.815 0.223561 0.286126 0.331192 0 7.4371 3.80134
10 29.3001 16.7722 125.247
170.944 144.815 0.223561 0.286126 0.331192 0 7.4371 3.80134
11 29.3001 18.4722 111.729
170.944 144.815 0.223561 0.286126 0.331192 0 7.4371 3.80134
12 29.3001 19.3012 103.462
170.944 144.815 0.223561 0.286126 0.331192 0 7.4371 3.80134
13 29.3001 18.4785 107.555
170.944 144.815 0.223561 0.286126 0.331192 0 7.4371 3.80134
14 29.3001 18.2546 96.8931
170.944 144.815 0.223561 0.286126 0.331192 0 7.4371 3.80134
15 30.1617 17.9715 104.667
151.065 130.287 0.155144 0.250487 0.317462 0.0788104 5.92551 3.74767
16 30.1617 18.1617 110.296
151.065 130.287 0.155144 0.250487 0.317462 0.0788104 5.92551 3.74767
17 30.1617 19.9153 92.5634
151.065 130.287 0.155144 0.250487 0.317462 0.0788104 5.92551 3.74767
18 30.1617 21.3122 76.7713
151.065 130.287 0.155144 0.250487 0.317462 0.0788104 5.92551 3.74767
19 30.1617 20.0062 94.3254
151.065 130.287 0.155144 0.250487 0.317462 0.0788104 5.92551 3.74767
20 30.1617 20.2038 93.1627
151.065 130.287 0.155144 0.250487 0.317462 0.0788104 5.92551 3.74767
21 30.3566 20.2679 100.831
149.645 129.335 0.160149 0.250201 0.313926 0.0844489 5.84342 3.68928
22 30.3566 21.1247 86.7789
149.645 129.335 0.160149 0.250201 0.313926 0.0844489 5.84342 3.68928
23 30.3566 22.1306 58.7617
149.645 129.335 0.160149 0.250201 0.313926 0.0844489 5.84342 3.68928
24 30.3566 20.727 80.3052
149.645 129.335 0.160149 0.250201 0.313926 0.0844489 5.84342 3.68928
25 30.3566 19.972 83.0736
149.645 129.335 0.160149 0.250201 0.313926 0.0844489 5.84342 3.68928
26 30.3566 20.6445 79.2726
149.645 129.335 0.160149 0.250201 0.313926 0.0844489 5.84342 3.68928
27 30.3566 20.9316 93.1722
149.645 129.335 0.160149 0.250201 0.313926 0.0844489 5.84342 3.68928
28 30.3566 20.2633 85.592
149.645 129.335 0.160149 0.250201 0.313926 0.0844489 5.84342 3.68928
29 30.3566 20.9948 72.8958
149.645 129.335 0.160149 0.250201 0.313926 0.0844489 5.84342 3.68928
30 30.3566 20.7895 80.693
149.645 129.335 0.160149 0.250201 0.313926 0.0844489 5.84342 3.68928
31 30.3566 20.5598 92.6214
149.645 129.335 0.160149 0.250201 0.313926 0.0844489 5.84342 3.68928
32 30.3633 21.3625 79.8138
152.237 133.35 0.161873 0.243176 0.263564 0.151677 6.10534 4.16543
33 30.3633 20.9465 76.5354
152.237 133.35 0.161873 0.243176 0.263564 0.151677 6.10534 4.16543
34 30.3633 21.2914 80.2032
152.237 133.35 0.161873 0.243176 0.263564 0.151677 6.10534 4.16543
35 30.4277 21.8996 71.4568
151.072 134.633 0.15922 0.242485 0.270989 0.140611 5.94869 4.01728
36 30.4277 22.4832 54.4625
151.072 134.633 0.15922 0.242485 0.270989 0.140611 5.94869 4.01728
37 30.4277 20.7183 91.4626
151.072 134.633 0.15922 0.242485 0.270989 0.140611 5.94869 4.01728
38 30.4277 21.6827 80.7806
151.072 134.633 0.15922 0.242485 0.270989 0.140611 5.94869 4.01728
39 30.4277 21.6453 85.7695
151.072 134.633 0.15922 0.242485 0.270989 0.140611 5.94869 4.01728
40 30.4277 20.9045 86.0797
151.072 134.633 0.15922 0.242485 0.270989 0.140611 5.94869 4.01728
41 30.4277 21.0459 94.3025
151.072 134.633 0.15922 0.242485 0.270989 0.140611 5.94869 4.01728
42 30.4277 20.85 99.8462
151.072 134.633 0.15922 0.242485 0.270989 0.140611 5.94869 4.01728
43 30.8237 20.6489 99.0958
154.621 124.324 0.0982777 0.232794 0.31438 0.0580654 4.99214 3.36204
44 30.8237 20.4384 84.3192
154.621 124.324 0.0982777 0.232794 0.31438 0.0580654 4.99214 3.36204
45 30.8237 20.5783 77.3532
154.621 124.324 0.0982777 0.232794 0.31438 0.0580654 4.99214 3.36204
46 30.8237 19.0754 102.79
154.621 124.324 0.0982777 0.232794 0.31438 0.0580654 4.99214 3.36204
47 30.8237 20.3845 77.3377
154.621 124.324 0.0982777 0.232794 0.31438 0.0580654 4.99214 3.36204
48 30.8237 21.0003 80.0619
154.621 124.324 0.0982777 0.232794 0.31438 0.0580654 4.99214 3.36204
49 32.3016 21.0145 88.892
146.691 133.41 0.135133 0.207691 0.194424 0.104986 5.45322 3.0176
50 32.3016 22.2545 66.8899
146.691 133.41 0.135133 0.207691 0.194424 0.104986 5.45322 3.0176
51 32.3016 21.5201 85.3334
146.691 133.41 0.135133 0.207691 0.194424 0.104986 5.45322 3.0176
52 32.3016 20.1769 91.5753
146.691 133.41 0.135133 0.207691 0.194424 0.104986 5.45322 3.0176
53 32.3016 20.352 75.362
146.691 133.41 0.135133 0.207691 0.194424 0.104986 5.45322 3.0176
54 32.3016 22.3791 63.526
146.691 133.41 0.135133 0.207691 0.194424 0.104986 5.45322 3.0176
55 32.3016 21.1919 81.2902
146.691 133.41 0.135133 0.207691 0.194424 0.104986 5.45322 3.0176
56 32.3016 20.8279 95.7057
146.691 133.41 0.135133 0.207691 0.194424 0.104986 5.45322 3.0176
57 32.3016 20.2552 93.6082
146.691 133.41 0.135133 0.207691 0.194424 0.104986 5.45322 3.0176
58 32.3016 20.5146 89.251
146.691 133.41 0.135133 0.207691 0.194424 0.104986 5.45322 3.0176
59 32.3016 20.5503 91.2773
146.691 133.41 0.135133 0.207691 0.194424 0.104986 5.45322 3.0176
60 32.3016 21.4281 89.4988
146.691 133.41 0.135133 0.207691 0.194424 0.104986 5.45322 3.0176
61 32.3016 20.3801 109.057
146.691 133.41 0.135133 0.207691 0.194424 0.104986 5.45322 3.0176
62 32.3016 20.7377 103.968
146.691 133.41 0.135133 0.207691 0.194424 0.104986 5.45322 3.0176
63 32.3016 20.5618 80.5646
146.691 133.41 0.135133 0.207691 0.194424 0.104986 5.45322 3.0176
64 32.3016 18.9717 105.889
146.691 133.41 0.135133 0.207691 0.194424 0.104986 5.45322 3.0176
65 32.3016 19.927 107.929
146.691 133.41 0.135133 0.207691 0.194424 0.104986 5.45322 3.0176
66 32.3016 20.0326 109.726
146.691 133.41 0.135133 0.207691 0.194424 0.104986 5.45322 3.0176
67 32.3016 20.4094 104.658
146.691 133.41 0.135133 0.207691 0.194424 0.104986 5.45322 3.0176
68 32.3016 18.7825 128.513
146.691 133.41 0.135133 0.207691 0.194424 0.104986 5.45322 3.0176
69 32.6554 19.0418 122.79
109.042 108.285 0.0489445 0.340619 0.20139 0 3.4682 4.84381
70 32.6554 19.5224 122.212
109.042 108.285 0.0489445 0.340619 0.20139 0 3.4682 4.84381
71 32.6554 17.8088 136.333
109.042 108.285 0.0489445 0.340619 0.20139 0 3.4682 4.84381
72 32.6554 20.1354 111.757
109.042 108.285 0.0489445 0.340619 0.20139 0 3.4682 4.84381
73 32.6554 20.7824 99.7827
109.042 108.285 0.0489445 0.340619 0.20139 0 3.4682 4.84381
74 32.6554 18.8166 109.98
109.042 108.285 0.0489445 0.340619 0.20139 0 3.4682 4.84381
75 32.6554 20.9159 96.398
109.042 108.285 0.0489445 0.340619 0.20139 0 3.4682 4.84381
76 32.6554 19.2325 109.376
109.042 108.285 0.0489445 0.340619 0.20139 0 3.4682 4.84381
77 32.6554 20.4019 103.321
109.042 108.285 0.0489445 0.340619 0.20139 0 3.4682 4.84381
78 33.6683 19.9557 106.1
106.923 107.601 0.0356186 0.322378 0.196659 0.0226753 3.10213 4.87733
79 33.6683 20.2902 103.978
106.923 107.601 0.0356186 0.322378 0.196659 0.0226753 3.10213 4.87733
80 34.1309 21.5691 90.5415
106.744 107.676 0.0358059 0.321559 0.192085 0.0233002 3.11169 4.89355
81 34.1309 19.0931 120.415
106.744 107.676 0.0358059 0.321559 0.192085 0.0233002 3.11169 4.89355
82 34.1309 17.7611 139.261
106.744 107.676 0.0358059 0.321559 0.192085 0.0233002 3.11169 4.89355
83 34.1309 18.2537 140.933
106.744 107.676 0.0358059 0.321559 0.192085 0.0233002 3.11169 4.89355
84 34.1309 18.5921 135.455
106.744 107.676 0.0358059 0.321559 0.192085 0.0233002 3.11169 4.89355
85 34.1309 17.3356 139.796
106.744 107.676 0.0358059 0.321559 0.192085 0.0233002 3.11169 4.89355
86 34.1309 18.789 126.652
106.744 107.676 0.0358059 0.321559 0.192085 0.0233002 3.11169 4.89355
87 34.7712 19.9565 125.379
106.846 107.126 0.0349008 0.325809 0.194111 0.0205967 3.11387 4.86006
88 34.7712 19.4487 117.072
106.846 107.126 0.0349008 0.325809 0.194111 0.0205967 3.11387 4.86006
89 34.7712 18.5634 132.951
106.846 107.126 0.0349008 0.325809 0.194111 0.0205967 3.11387 4.86006
90 34.7712 18.7856 122.809
106.846 107.126 0.0349008 0.325809 0.194111 0.0205967 3.11387 4.86006
91 34.7712 18.9875 127.643
106.846 107.126 0.0349008 0.325809 0.194111 0.0205967 3.11387 4.86006
92 34.7712 18.6866 135.353
106.846 107.126 0.0349008 0.325809 0.194111 0.0205967 3.11387 4.86006
93 34.7712 18.4876 132.233
106.846 107.126 0.0349008 0.325809 0.194111 0.0205967 3.11387 4.86006
94 34.7712 18.6142 138.689
106.846 107.126 0.0349008 0.325809 0.194111 0.0205967 3.11387 4.86006
95 34.7712 19.5912 128.67
106.846 107.126 0.0349008 0.325809 0.194111 0.0205967 3.11387 4.86006
96 34.7712 18.4366 149.64
106.846 107.126 0.0349008 0.325809 0.194111 0.0205967 3.11387 4.86006
97 34.7712 18.9103 124.682
106.846 107.126 0.0349008 0.325809 0.194111 0.0205967 3.11387 4.86006
98 34.7712 19.3826 115.445
106.846 107.126 0.0349008 0.325809 0.194111 0.0205967 3.11387 4.86006
99 34.7712 18.6571 141.121
106.846 107.126 0.0349008 0.325809 0.194111 0.0205967 3.11387 4.86006
100 34.7712 19.686 140.481
106.846 107.126 0.0349008 0.325809 0.194111 0.0205967 3.11387 4.86006
