0 26.0711 2.45434 45.769
132.215 194.158 0.307447 0.132352 0.0598793 0.369302 8.15954 5.54579
1 26.0711 4.63617 80.1471
132.215 194.158 0.307447 0.132352 0.0598793 0.369302 8.15954 5.54579
2 26.1471 5.9338 114.543
127.342 194.003 0.259529 0.185902 0.0955636 0.439329 8.02479 5.19105
3 26.1495 8.62243 140.065
127.351 193.967 0.260681 0.18473 0.0955183 0.43861 8.04568 5.18166
4 26.2789 10.5138 152.838
126.358 194.725 0.234539 0.129507 0.0798845 0.461597 7.55036 5.32384
5 26.2789 13.7972 137.141
126.358 194.725 0.234539 0.129507 0.0798845 0.461597 7.55036 5.32384
6 26.2789 14.7125 145.612
126.358 194.725 0.234539 0.129507 0.0798845 0.461597 7.55036 5.32384
7 26.6694 16.5648 137.02
128.882 198.416 0.160488 0.127827 0.116821 0.433358 8.35969 5.12896
8 26.6694 18.703 97.2058
128.882 198.416 0.160488 0.127827 0.116821 0.433358 8.35969 5.12896
9 26.6694 18.3255 95.1066
128.882 198.416 0.160488 0.127827 0.116821 0.433358 8.35969 5.12896
10 26.6694 19.6356 83.3897
128.882 198.416 0.160488 0.127827 0.116821 0.433358 8.35969 5.12896
11 26.6694 21.0778 62.9463
128.882 198.416 0.160488 0.127827 0.116821 0.433358 8.35969 5.12896
12 26.7143 22.1698 62.7843
127.049 193.405 0.131275 0.146458 0.101884 0.405865 8.73922 5.41176
13 26.981 22.0353 77.1319
138.556 180.083 0.0814101 0.181643 0.00954707 0.255207 6.24043 4.92294
14 26.981 22.0599 78.2602
138.556 180.083 0.0814101 0.181643 0.00954707 0.255207 6.24043 4.92294
15 27.9876 23.7191 55.685
136.696 180.389 0.0601416 0.149463 0.0179861 0.244889 6.13029 4.87408
16 27.9876 21.0188 72.9103
136.696 180.389 0.0601416 0.149463 0.0179861 0.244889 6.13029 4.87408
17 27.9876 23.0915 41.6497
136.696 180.389 0.0601416 0.149463 0.0179861 0.244889 6.13029 4.87408
18 27.9876 20.5627 87.4896
136.696 180.389 0.0601416 0.149463 0.0179861 0.244889 6.13029 4.87408
19 27.9876 21.604 86.7967
136.696 180.389 0.0601416 0.149463 0.0179861 0.244889 6.13029 4.87408
20 28.5478 22.5455 76.398
135.214 178.533 0.0521084 0.152306 0.00673633 0.20003 6.17361 4.75489
21 28.5478 22.7586 52.9192
135.214 178.533 0.0521084 0.152306 0.00673633 0.20003 6.17361 4.75489
22 28.5478 20.529 99.2985
135.214 178.533 0.0521084 0.152306 0.00673633 0.20003 6.17361 4.75489
23 28.5478 20.8551 92.0773
135.214 178.533 0.0521084 0.152306 0.00673633 0.20003 6.17361 4.75489
24 28.5478 19.4444 122.448
135.214 178.533 0.0521084 0.152306 0.00673633 0.20003 6.17361 4.75489
25 28.5478 20.9367 82.0458
135.214 178.533 0.0521084 0.152306 0.00673633 0.20003 6.17361 4.75489
26 28.5478 21.3494 86.8824
135.214 178.533 0.0521084 0.152306 0.00673633 0.20003 6.17361 4.75489
27 28.5557 21.359 79.0981
135.008 178.526 0.0529181 0.151902 0.00728414 0.199438 6.14178 4.7479
28 28.5557 20.6347 86.7122
135.008 178.526 0.0529181 0.151902 0.00728414 0.199438 6.14178 4.7479
29 28.5557 22.0021 64.4379
135.008 178.526 0.0529181 0.151902 0.00728414 0.199438 6.14178 4.7479
30 28.5557 21.9058 55.747
135.008 178.526 0.0529181 0.151902 0.00728414 0.199438 6.14178 4.7479
31 28.9638 19.0824 115.859
135.911 178.349 0.0635941 0.142436 0.00857883 0.182564 6.18449 4.56206
32 28.9638 21.6667 76.7966
135.911 178.349 0.0635941 0.142436 0.00857883 0.182564 6.18449 4.56206
33 28.9638 18.1347 123.869
135.911 178.349 0.0635941 0.142436 0.00857883 0.182564 6.18449 4.56206
34 28.9638 17.7958 124.915
135.911 178.349 0.0635941 0.142436 0.00857883 0.182564 6.18449 4.56206
35 28.9638 17.8003 133.078
135.911 178.349 0.0635941 0.142436 0.00857883 0.182564 6.18449 4.56206
36 30.0171 19.9903 111.895
137.628 179.859 0.0513023 0.168457 0.040782 0.0999102 6.97207 4.33444
37 30.0171 20.0834 106.22
137.628 179.859 0.0513023 0.168457 0.040782 0.0999102 6.97207 4.33444
38 30.0171 20.5023 105.342
137.628 179.859 0.0513023 0.168457 0.040782 0.0999102 6.97207 4.33444
39 30.0171 23.1471 55.461
137.628 179.859 0.0513023 0.168457 0.040782 0.0999102 6.97207 4.33444
40 30.0171 24.0396 44.2712
137.628 179.859 0.0513023 0.168457 0.040782 0.0999102 6.97207 4.33444
41 30.0171 22.9135 70.2216
137.628 179.859 0.0513023 0.168457 0.040782 0.0999102 6.97207 4.33444
42 30.0171 20.5231 105.343
137.628 179.859 0.0513023 0.168457 0.040782 0.0999102 6.97207 4.33444
43 30.0171 19.802 89.5244
137.628 179.859 0.0513023 0.168457 0.040782 0.0999102 6.97207 4.33444
44 30.0171 22.8352 39.3647
137.628 179.859 0.0513023 0.168457 0.040782 0.0999102 6.97207 4.33444
45 30.0171 21.2585 80.9756
137.628 179.859 0.0513023 0.168457 0.040782 0.0999102 6.97207 4.33444
46 30.1746 21.7674 110.297
142.81 175.946 0.0522615 0.19351 0.102714 0.0179398 7.26178 4.62545
47 30.3379 20.3761 94.9425
142.991 175.588 0.0544716 0.192606 0.0984866 0.0143697 7.32439 4.60388
48 30.3379 22.0322 80.9231
142.991 175.588 0.0544716 0.192606 0.0984866 0.0143697 7.32439 4.60388
49 30.3379 22.8898 72.1386
142.991 175.588 0.0544716 0.192606 0.0984866 0.0143697 7.32439 4.60388
50 30.7821 20.3825 111.015
142.963 173.761 0.0853495 0.209584 0.041454 0.0136057 8.0191 5.85285
51 30.7821 22.6077 76.0609
142.963 173.761 0.0853495 0.209584 0.041454 0.0136057 8.0191 5.85285
52 32.7812 20.4189 112.409
162.152 181.789 0.0628561 0.181744 0.022133 0.0210024 7.36212 5.09486
53 32.7812 21.7359 114.371
162.152 181.789 0.0628561 0.181744 0.022133 0.0210024 7.36212 5.09486
54 32.7812 23.0214 91.7294
162.152 181.789 0.0628561 0.181744 0.022133 0.0210024 7.36212 5.09486
55 32.7812 24.7473 59.2542
162.152 181.789 0.0628561 0.181744 0.022133 0.0210024 7.36212 5.09486
56 32.7812 22.2061 119.692
162.152 181.789 0.0628561 0.181744 0.022133 0.0210024 7.36212 5.09486
57 32.7812 22.4176 92.4636
162.152 181.789 0.0628561 0.181744 0.022133 0.0210024 7.36212 5.09486
58 32.7812 21.1688 125.829
162.152 181.789 0.0628561 0.181744 0.022133 0.0210024 7.36212 5.09486
59 32.7812 20.0009 117.377
162.152 181.789 0.0628561 0.181744 0.022133 0.0210024 7.36212 5.09486
60 32.7812 21.4078 97.5313
162.152 181.789 0.0628561 0.181744 0.022133 0.0210024 7.36212 5.09486
61 32.7812 20.1643 126.277
162.152 181.789 0.0628561 0.181744 0.022133 0.0210024 7.36212 5.09486
62 36.7929 22.2735 107.241
162.145 181.751 0.0550781 0.179703 0.00812616 0.0362103 7.35623 5.11345
63 36.7929 23.2296 81.5332
162.145 181.751 0.0550781 0.179703 0.00812616 0.0362103 7.35623 5.11345
64 36.7929 21.8082 102.631
162.145 181.751 0.0550781 0.179703 0.00812616 0.0362103 7.35623 5.11345
65 36.7929 19.6468 154.429
162.145 181.751 0.0550781 0.179703 0.00812616 0.0362103 7.35623 5.11345
66 36.8495 19.5102 121.601
162.131 181.73 0.0552186 0.179752 0.00829231 0.0369319 7.35452 5.11524
67 36.8495 21.5362 106.935
162.131 181.73 0.0552186 0.179752 0.00829231 0.0369319 7.35452 5.11524
68 36.8495 18.4095 155.426
162.131 181.73 0.0552186 0.179752 0.00829231 0.0369319 7.35452 5.11524
69 36.8495 19.2653 177.746
162.131 181.73 0.0552186 0.179752 0.00829231 0.0369319 7.35452 5.11524
70 36.8495 19.171 144.857
162.131 181.73 0.0552186 0.179752 0.00829231 0.0369319 7.35452 5.11524
71 36.8495 18.9494 159.128
162.131 181.73 0.0552186 0.179752 0.00829231 0.0369319 7.35452 5.11524
72 36.8495 20.875 143.284
162.131 181.73 0.0552186 0.179752 0.00829231 0.0369319 7.35452 5.11524
73 36.8495 19.5432 142.12
162.131 181.73 0.0552186 0.179752 0.00829231 0.0369319 7.35452 5.11524
74 36.8495 18.9736 149.157
162.131 181.73 0.0552186 0.179752 0.00829231 0.0369319 7.35452 5.11524
75 36.8495 18.6374 173.058
162.131 181.73 0.0552186 0.179752 0.00829231 0.0369319 7.35452 5.11524
76 36.8495 21.8371 127.39
162.131 181.73 0.0552186 0.179752 0.00829231 0.0369319 7.35452 5.11524
77 36.8495 19.9124 143.384
162.131 181.73 0.0552186 0.179752 0.00829231 0.0369319 7.35452 5.11524
78 36.8495 22.3341 116.834
162.131 181.73 0.0552186 0.179752 0.00829231 0.0369319 7.35452 5.11524
79 36.9227 22.7704 135.395
162.155 181.751 0.055231 0.179856 0.00877302 0.0367091 7.35476 5.1154
80 36.9227 23.3582 89.3899
162.155 181.751 0.055231 0.179856 0.00877302 0.0367091 7.35476 5.1154
81 36.9227 22.9 106.368
162.155 181.751 0.055231 0.179856 0.00877302 0.0367091 7.35476 5.1154
82 36.9227 19.8562 157.551
162.155 181.751 0.055231 0.179856 0.00877302 0.0367091 7.35476 5.1154
83 36.9227 22.1139 110.131
162.155 181.751 0.055231 0.179856 0.00877302 0.0367091 7.35476 5.1154
84 36.9227 20.5929 129.862
162.155 181.751 0.055231 0.179856 0.00877302 0.0367091 7.35476 5.1154
85 36.9227 22.6876 106.619
162.155 181.751 0.055231 0.179856 0.00877302 0.0367091 7.35476 5.1154
86 36.9227 23.8085 94.3174
162.155 181.751 0.055231 0.179856 0.00877302 0.0367091 7.35476 5.1154
87 36.9227 24.7297 76.5443
162.155 181.751 0.055231 0.179856 0.00877302 0.0367091 7.35476 5.1154
88 36.9227 24.4777 60.6913
162.155 181.751 0.055231 0.179856 0.00877302 0.0367091 7.35476 5.1154
89 36.9227 19.8469 142.967
162.155 181.751 0.055231 0.179856 0.00877302 0.0367091 7.35476 5.1154
90 36.9227 20.4991 162.125
162.155 181.751 0.055231 0.179856 0.00877302 0.0367091 7.35476 5.1154
91 36.9227 19.7795 176.848
162.155 181.751 0.055231 0.179856 0.00877302 0.0367091 7.35476 5.1154
92 36.9227 15.9691 163.902
162.155 181.751 0.055231 0.179856 0.00877302 0.0367091 7.35476 5.1154
93 36.9227 17.7394 159.349
162.155 181.751 0.055231 0.179856 0.00877302 0.0367091 7.35476 5.1154
94 36.9227 20.6704 150.014
162.155 181.751 0.055231 0.179856 0.00877302 0.0367091 7.35476 5.1154
95 36.9227 20.874 138.643
162.155 181.751 0.055231 0.179856 0.00877302 0.0367091 7.35476 5.1154
96 36.9227 21.5467 108.695
162.155 181.751 0.055231 0.179856 0.00877302 0.0367091 7.35476 5.1154
97 36.9227 18.8532 159.839
162.155 181.751 0.055231 0.179856 0.00877302 0.0367091 7.35476 5.1154
98 36.9227 21.658 132.309
162.155 181.751 0.055231 0.179856 0.00877302 0.0367091 7.35476 5.1154
99 36.9227 18.8531 163.53
162.155 181.751 0.055231 0.179856 0.00877302 0.0367091 7.35476 5.1154
100 36.9227 22.4135 118.813
162.155 181.751 0.055231 0.179856 0.00877302 0.0367091 7.35476 5.1154
