0 20.9725 1.25257 17.6497
182.669 119.458 0.079869 0.0629668 0.0391236 0.51241 8.48965 4.53254
1 20.9725 1.73437 23.2582
182.669 119.458 0.079869 0.0629668 0.0391236 0.51241 8.48965 4.53254
2 20.9725 2.85413 34.8591
182.669 119.458 0.079869 0.0629668 0.0391236 0.51241 8.48965 4.53254
3 25.8629 4.76813 57.7747
196.199 108.141 0.0526494 0.207593 0 0.519624 6.83786 5.38353
4 26.0499 5.81236 74.0621
192.348 109.005 0.084074 0.190005 0.0111981 0.515757 6.8112 5.47248
5 26.0499 8.09035 94.308
192.348 109.005 0.084074 0.190005 0.0111981 0.515757 6.8112 5.47248
6 26.0499 8.74188 105.729
192.348 109.005 0.084074 0.190005 0.0111981 0.515757 6.8112 5.47248
7 26.4345 11.0384 114.981
187.915 104.383 0.0921918 0.12224 0.0189892 0.543904 5.52669 6.04988
8 26.524 11.643 126.625
179.332 105.881 0.0950132 0.15131 0.0467192 0.486414 6.08649 7.61988
9 26.5967 13.3655 125.628
194.695 122.862 0.135035 0.125535 0 0.30879 7.34872 4.20324
10 26.5967 13.3864 116.858
194.695 122.862 0.135035 0.125535 0 0.30879 7.34872 4.20324
11 26.5967 15.3799 122.685
194.695 122.862 0.135035 0.125535 0 0.30879 7.34872 4.20324
12 26.5967 14.5726 112.297
194.695 122.862 0.135035 0.125535 0 0.30879 7.34872 4.20324
13 26.5967 14.9442 117.714
194.695 122.862 0.135035 0.125535 0 0.30879 7.34872 4.20324
14 26.5967 16.0302 106.71
194.695 122.862 0.135035 0.125535 0 0.30879 7.34872 4.20324
15 26.6383 15.2907 102.094
195.668 122.304 0.126483 0.12701 0.0064809 0.30701 7.34673 3.86421
16 26.6383 15.9643 105.767
195.668 122.304 0.126483 0.12701 0.0064809 0.30701 7.34673 3.86421
17 26.6383 17.3278 100.067
195.668 122.304 0.126483 0.12701 0.0064809 0.30701 7.34673 3.86421
18 26.6383 16.2396 104.192
195.668 122.304 0.126483 0.12701 0.0064809 0.30701 7.34673 3.86421
19 26.6433 15.6295 104.107
180.875 107.769 0.0883443 0.168033 0.00413853 0.418966 6.18628 7.4313
20 26.6433 14.7417 110.059
180.875 107.769 0.0883443 0.168033 0.00413853 0.418966 6.18628 7.4313
21 26.6889 14.7052 108.228
195.639 122.514 0.119835 0.12611 0.00754965 0.30689 7.33611 3.73499
22 26.6889 15.436 102.01
195.639 122.514 0.119835 0.12611 0.00754965 0.30689 7.33611 3.73499
23 26.6889 15.1967 104.251
195.639 122.514 0.119835 0.12611 0.00754965 0.30689 7.33611 3.73499
24 26.7347 17.0493 101.116
172.633 110.543 0.0875329 0.132269 0.0224624 0.397593 6.3645 8.00824
25 27.0598 17.9581 98.5485
162.743 100 0.0527481 0.130246 0.0688508 0.443811 7.06261 8.44876
26 27.0598 17.3822 115.797
162.743 100 0.0527481 0.130246 0.0688508 0.443811 7.06261 8.44876
27 27.0598 17.1852 101.795
162.743 100 0.0527481 0.130246 0.0688508 0.443811 7.06261 8.44876
28 27.1067 16.9973 107.714
199.318 130.506 0.112729 0.124705 0.056323 0.140421 9.67762 2.49753
29 27.1764 15.814 112.859
196.835 127.997 0.117803 0.111686 0.0568633 0.150479 9.61194 3.0583
30 27.1764 16.6123 110.373
196.835 127.997 0.117803 0.111686 0.0568633 0.150479 9.61194 3.0583
31 27.1764 18.0094 98.5902
196.835 127.997 0.117803 0.111686 0.0568633 0.150479 9.61194 3.0583
32 27.1764 18.7971 99.5107
196.835 127.997 0.117803 0.111686 0.0568633 0.150479 9.61194 3.0583
33 28.0719 17.9854 92.7774
143.965 120.845 0.0681251 0.176109 0.0220921 0.289093 8.09879 9.16183
34 29.2648 16.2916 115.238
136.481 116.521 0.0488049 0.144434 0 0.267524 8.41763 9.20464
35 29.2648 16.8629 98.5119
136.481 116.521 0.0488049 0.144434 0 0.267524 8.41763 9.20464
36 29.2648 18.9278 86.5341
136.481 116.521 0.0488049 0.144434 0 0.267524 8.41763 9.20464
37 29.2648 17.9108 109.11
136.481 116.521 0.0488049 0.144434 0 0.267524 8.41763 9.20464
38 29.2648 16.9749 111.473
136.481 116.521 0.0488049 0.144434 0 0.267524 8.41763 9.20464
39 30.5583 18.12 99.1996
151.968 113.923 0.0559635 0.195718 0 0.088186 8.48979 9.33748
40 35.2893 15.9261 132.219
151.499 118.193 0.0531424 0.1508 0 0.222339 8.13183 8.994
41 35.2893 16.6425 136.065
151.499 118.193 0.0531424 0.1508 0 0.222339 8.13183 8.994
42 35.2893 16.9672 128.98
151.499 118.193 0.0531424 0.1508 0 0.222339 8.13183 8.994
43 35.2893 17.31 131.405
151.499 118.193 0.0531424 0.1508 0 0.222339 8.13183 8.994
44 35.2893 16.9473 137.851
151.499 118.193 0.0531424 0.1508 0 0.222339 8.13183 8.994
45 35.2893 19.4472 111.2
151.499 118.193 0.0531424 0.1508 0 0.222339 8.13183 8.994
46 35.2893 17.9271 117.59
151.499 118.193 0.0531424 0.1508 0 0.222339 8.13183 8.994
47 35.2893 18.3665 121.069
151.499 118.193 0.0531424 0.1508 0 0.222339 8.13183 8.994
48 35.2893 20.2326 97.1854
151.499 118.193 0.0531424 0.1508 0 0.222339 8.13183 8.994
49 35.2893 16.8282 137.406
151.499 118.193 0.0531424 0.1508 0 0.222339 8.13183 8.994
50 35.2893 19.7193 98.3882
151.499 118.193 0.0531424 0.1508 0 0.222339 8.13183 8.994
51 35.2893 19.2757 103.524
151.499 118.193 0.0531424 0.1508 0 0.222339 8.13183 8.994
52 35.2893 18.7803 115.527
151.499 118.193 0.0531424 0.1508 0 0.222339 8.13183 8.994
53 35.2893 18.6912 122.898
151.499 118.193 0.0531424 0.1508 0 0.222339 8.13183 8.994
54 35.2893 17.9579 148.525
151.499 118.193 0.0531424 0.1508 0 0.222339 8.13183 8.994
55 35.2893 19.8843 120.607
151.499 118.193 0.0531424 0.1508 0 0.222339 8.13183 8.994
56 35.2893 18.742 133.874
151.499 118.193 0.0531424 0.1508 0 0.222339 8.13183 8.994
57 35.2893 19.6942 114.154
151.499 118.193 0.0531424 0.1508 0 0.222339 8.13183 8.994
58 35.5538 20.7112 110.145
159.29 122.086 0.0702014 0.198526 0.0219817 0.06985 9.22628 8.00806
59 35.5538 20.6283 111.884
159.29 122.086 0.0702014 0.198526 0.0219817 0.06985 9.22628 8.00806
60 35.5538 20.2693 120.607
159.29 122.086 0.0702014 0.198526 0.0219817 0.06985 9.22628 8.00806
61 35.5538 19.6022 109.146
159.29 122.086 0.0702014 0.198526 0.0219817 0.06985 9.22628 8.00806
62 35.5538 20.2192 122.527
159.29 122.086 0.0702014 0.198526 0.0219817 0.06985 9.22628 8.00806
63 35.5538 20.4395 109.988
159.29 122.086 0.0702014 0.198526 0.0219817 0.06985 9.22628 8.00806
64 35.5538 20.3294 118.55
159.29 122.086 0.0702014 0.198526 0.0219817 0.06985 9.22628 8.00806
65 36.783 19.02 142.561
152.465 118.778 0.0499317 0.152469 0.00390587 0.221987 8.13977 9.18981
66 36.783 19.8853 140.693
152.465 118.778 0.0499317 0.152469 0.00390587 0.221987 8.13977 9.18981
67 36.783 19.8794 119.862
152.465 118.778 0.0499317 0.152469 0.00390587 0.221987 8.13977 9.18981
68 37.9022 21.1085 123.199
151.646 117.983 0.0510698 0.152041 0.00110049 0.223972 8.08357 8.99653
69 37.9022 20.3213 132.94
151.646 117.983 0.0510698 0.152041 0.00110049 0.223972 8.08357 8.99653
70 37.9022 18.7059 139.717
151.646 117.983 0.0510698 0.152041 0.00110049 0.223972 8.08357 8.99653
71 37.9022 19.9889 140.882
151.646 117.983 0.0510698 0.152041 0.00110049 0.223972 8.08357 8.99653
72 37.9022 19.8594 126.922
151.646 117.983 0.0510698 0.152041 0.00110049 0.223972 8.08357 8.99653
73 37.9022 21.0578 109.162
151.646 117.983 0.0510698 0.152041 0.00110049 0.223972 8.08357 8.99653
74 37.9022 20.6278 121.363
151.646 117.983 0.0510698 0.152041 0.00110049 0.223972 8.08357 8.99653
75 37.9022 19.1673 148.955
151.646 117.983 0.0510698 0.152041 0.00110049 0.223972 8.08357 8.99653
76 37.9022 20.7582 121.648
151.646 117.983 0.0510698 0.152041 0.00110049 0.223972 8.08357 8.99653
77 37.9022 19.2481 145.953
151.646 117.983 0.0510698 0.152041 0.00110049 0.223972 8.08357 8.99653
78 37.9022 18.8307 143.944
151.646 117.983 0.0510698 0.152041 0.00110049 0.223972 8.08357 8.99653
79 37.9022 18.0648 165.055
151.646 117.983 0.0510698 0.152041 0.00110049 0.223972 8.08357 8.99653
80 37.9022 19.0498 142.565
151.646 117.983 0.0510698 0.152041 0.00110049 0.223972 8.08357 8.99653
81 37.9022 18.3234 146.533
151.646 117.983 0.0510698 0.152041 0.00110049 0.223972 8.08357 8.99653
82 37.9022 17.9571 146.983
151.646 117.983 0.0510698 0.152041 0.00110049 0.223972 8.08357 8.99653
83 37.9022 18.3795 149.151
151.646 117.983 0.0510698 0.152041 0.00110049 0.223972 8.08357 8.99653
84 37.9022 20.6072 144.315
151.646 117.983 0.0510698 0.152041 0.00110049 0.223972 8.08357 8.99653
85 37.9022 20.3568 125.812
151.646 117.983 0.0510698 0.152041 0.00110049 0.223972 8.08357 8.99653
86 37.9022 20.7474 123.281
151.646 117.983 0.0510698 0.152041 0.00110049 0.223972 8.08357 8.99653
87 37.9022 18.8306 141.581
151.646 117.983 0.0510698 0.152041 0.00110049 0.223972 8.08357 8.99653
88 37.9022 18.8133 147.484
151.646 117.983 0.0510698 0.152041 0.00110049 0.223972 8.08357 8.99653
89 37.9022 19.3345 140.064
151.646 117.983 0.0510698 0.152041 0.00110049 0.223972 8.08357 8.99653
90 37.9022 19.1421 147.912
151.646 117.983 0.0510698 0.152041 0.00110049 0.223972 8.08357 8.99653
91 37.9022 19.6812 143.403
151.646 117.983 0.0510698 0.152041 0.00110049 0.223972 8.08357 8.99653
92 37.9022 20.6618 105.89
151.646 117.983 0.0510698 0.152041 0.00110049 0.223972 8.08357 8.99653
93 37.9022 19.623 129.767
151.646 117.983 0.0510698 0.152041 0.00110049 0.223972 8.08357 8.99653
94 37.9022 21.3023 112.074
151.646 117.983 0.0510698 0.152041 0.00110049 0.223972 8.08357 8.99653
95 37.9022 19.2611 147.394
151.646 117.983 0.0510698 0.152041 0.00110049 0.223972 8.08357 8.99653
96 37.9022 19.96 129.324
151.646 117.983 0.0510698 0.152041 0.00110049 0.223972 8.08357 8.99653
97 37.9022 21.694 114.532
151.646 117.983 0.0510698 0.152041 0.00110049 0.223972 8.08357 8.99653
98 37.9022 21.9082 109.145
151.646 117.983 0.0510698 0.152041 0.00110049 0.223972 8.08357 8.99653
99 37.9022 21.6111 104.96
151.646 117.983 0.0510698 0.152041 0.00110049 0.223972 8.08357 8.99653
100 37.9022 19.5504 122.068
151.646 117.983 0.0510698 0.152041 0.00110049 0.223972 8.08357 8.99653
