0 18.0068 2.28985 26.2413
100.852 125.32 0.550169 0.202516 0.437942 0.113468 8.50732 1.74625
1 18.0068 4.02307 40.4493
100.852 125.32 0.550169 0.202516 0.437942 0.113468 8.50732 1.74625
2 18.5174 5.28261 51.5034
105.084 127.829 0.544388 0.207575 0.443792 0.0979231 8.25548 1.84074
3 18.5174 6.20627 51.9207
105.084 127.829 0.544388 0.207575 0.443792 0.0979231 8.25548 1.84074
4 18.5185 8.27833 59.4036
103.309 123.979 0.545409 0.225865 0.433989 0.090795 8.67969 1.91852
5 18.5393 9.33622 60.3256
105.522 130.202 0.558981 0.144405 0.577774 0.106832 6.58432 2.26081
6 19.5154 9.77479 59.1253
101.896 120.964 0.523839 0.157721 0.389098 0.205223 6.75674 1.54135
7 20.5373 11.2289 61.0963
100 131.551 0.442213 0.216647 0.3021 0.0960894 10 2.12157
8 20.5373 10.6763 60.6042
100 131.551 0.442213 0.216647 0.3021 0.0960894 10 2.12157
9 21.0431 12.0477 64.8631
102.88 125.722 0.458637 0.23365 0.342262 0.0719953 9.50112 2.2664
10 21.0457 12.9025 60.7828
100 126.034 0.446055 0.22741 0.371791 0.0875499 9.2479 2.23911
11 21.0457 11.9844 61.8333
100 126.034 0.446055 0.22741 0.371791 0.0875499 9.2479 2.23911
12 21.0457 12.9432 54.8502
100 126.034 0.446055 0.22741 0.371791 0.0875499 9.2479 2.23911
13 22.2359 12.6333 64.4143
100 119.774 0.502111 0.122587 0.253906 0.0280916 8.48234 2.14907
14 22.6731 13.4475 63.8503
100.005 119.347 0.504605 0.118923 0.254247 0.0361032 8.45653 2.10304
15 23.7014 14.2189 61.7081
102.443 120.789 0.498316 0 0.179614 0.0897113 8.63469 1.52597
16 23.7014 14.4012 62.989
102.443 120.789 0.498316 0 0.179614 0.0897113 8.63469 1.52597
17 24.6101 15.2341 55.8135
100 112.682 0.504086 0.135554 0.222175 0.0140482 8.90395 1.78147
18 24.6101 15.2396 56.3315
100 112.682 0.504086 0.135554 0.222175 0.0140482 8.90395 1.78147
19 24.6101 16.0619 73.0592
100 112.682 0.504086 0.135554 0.222175 0.0140482 8.90395 1.78147
20 24.7193 16.0277 65.1911
100 121.793 0.462637 0 0.184909 0.112715 9.13522 1.37127
21 24.7193 16.8725 49.8607
100 121.793 0.462637 0 0.184909 0.112715 9.13522 1.37127
22 24.7392 16.6009 68.875
100 121.804 0.465854 0 0.174598 0.113376 9.12109 1.36765
23 25.1384 17.3268 67.028
103.64 126.511 0.533641 0 0 0.102403 8.42484 0.965239
24 25.1384 17.0336 73.915
103.64 126.511 0.533641 0 0 0.102403 8.42484 0.965239
25 25.1384 15.9712 65.8029
103.64 126.511 0.533641 0 0 0.102403 8.42484 0.965239
26 25.1514 17.2753 48.805
104.009 127.829 0.532878 0 0.0138304 0.0982312 8.42431 1.03374
27 25.1514 18.5215 51.1774
104.009 127.829 0.532878 0 0.0138304 0.0982312 8.42431 1.03374
28 25.1514 17.7497 61.247
104.009 127.829 0.532878 0 0.0138304 0.0982312 8.42431 1.03374
29 25.1514 17.6415 55.1916
104.009 127.829 0.532878 0 0.0138304 0.0982312 8.42431 1.03374
30 25.1616 16.6695 74.7671
102.264 130.914 0.520067 0 0 0.0886888 8.39057 1.04969
31 25.1616 17.8832 63.4364
102.264 130.914 0.520067 0 0 0.0886888 8.39057 1.04969
32 25.1616 17.5672 66.9737
102.264 130.914 0.520067 0 0 0.0886888 8.39057 1.04969
33 25.1616 17.8809 63.0149
102.264 130.914 0.520067 0 0 0.0886888 8.39057 1.04969
34 25.1656 17.8785 53.8775
102.178 130.432 0.51938 0.00430475 0 0.0695337 8.21275 1.49745
35 25.1656 18.8391 48.6967
102.178 130.432 0.51938 0.00430475 0 0.0695337 8.21275 1.49745
36 25.1656 17.1593 65.8987
102.178 130.432 0.51938 0.00430475 0 0.0695337 8.21275 1.49745
37 25.1689 16.889 85.2393
104.925 127.847 0.520714 0 0.0277207 0.0747504 7.61486 1.17433
38 25.1689 16.4314 62.154
104.925 127.847 0.520714 0 0.0277207 0.0747504 7.61486 1.17433
39 25.2705 16.7784 61.128
102.58 130.943 0.511028 0.0130761 0.00920308 0.0713773 8.1288 1.50425
40 25.2705 17.2209 62.9261
102.58 130.943 0.511028 0.0130761 0.00920308 0.0713773 8.1288 1.50425
41 25.2705 16.3196 62.9074
102.58 130.943 0.511028 0.0130761 0.00920308 0.0713773 8.1288 1.50425
42 25.2705 14.8259 70.3201
102.58 130.943 0.511028 0.0130761 0.00920308 0.0713773 8.1288 1.50425
43 25.2705 14.6484 67.9726
102.58 130.943 0.511028 0.0130761 0.00920308 0.0713773 8.1288 1.50425
44 25.2705 15.864 73.8205
102.58 130.943 0.511028 0.0130761 0.00920308 0.0713773 8.1288 1.50425
45 25.6698 17.7382 67.1271
100 127.598 0.512174 0.0338049 0 0.0789646 6.96616 2.2509
46 25.6698 17.3756 63.4095
100 127.598 0.512174 0.0338049 0 0.0789646 6.96616 2.2509
47 25.6698 18.1146 52.9253
100 127.598 0.512174 0.0338049 0 0.0789646 6.96616 2.2509
48 25.6698 17.8348 52.534
100 127.598 0.512174 0.0338049 0 0.0789646 6.96616 2.2509
49 25.6698 17.4548 49.913
100 127.598 0.512174 0.0338049 0 0.0789646 6.96616 2.2509
50 25.7887 18.6296 54.2776
105.947 132.775 0.519018 0.0130357 0 0.0621329 7.86516 1.50664
51 25.7887 18.5326 51.6849
105.947 132.775 0.519018 0.0130357 0 0.0621329 7.86516 1.50664
52 25.7887 17.6164 54.6344
105.947 132.775 0.519018 0.0130357 0 0.0621329 7.86516 1.50664
53 25.7887 17.8079 51.8428
105.947 132.775 0.519018 0.0130357 0 0.0621329 7.86516 1.50664
54 25.7887 18.8208 41.7854
105.947 132.775 0.519018 0.0130357 0 0.0621329 7.86516 1.50664
55 25.7887 17.9376 42.7631
105.947 132.775 0.519018 0.0130357 0 0.0621329 7.86516 1.50664
56 25.7887 17.6615 53.4466
105.947 132.775 0.519018 0.0130357 0 0.0621329 7.86516 1.50664
57 25.7887 16.9117 68.6367
105.947 132.775 0.519018 0.0130357 0 0.0621329 7.86516 1.50664
58 25.7887 17.3019 66.9481
105.947 132.775 0.519018 0.0130357 0 0.0621329 7.86516 1.50664
59 25.7887 17.7182 68.6959
105.947 132.775 0.519018 0.0130357 0 0.0621329 7.86516 1.50664
60 25.7887 18.0862 68.0348
105.947 132.775 0.519018 0.0130357 0 0.0621329 7.86516 1.50664
61 25.7887 17.0454 70.7267
105.947 132.775 0.519018 0.0130357 0 0.0621329 7.86516 1.50664
62 25.7887 16.7146 82.466
105.947 132.775 0.519018 0.0130357 0 0.0621329 7.86516 1.50664
63 25.7887 16.0792 61.9285
105.947 132.775 0.519018 0.0130357 0 0.0621329 7.86516 1.50664
64 25.7887 17.3594 62.1936
105.947 132.775 0.519018 0.0130357 0 0.0621329 7.86516 1.50664
65 25.7887 18.0855 38.5075
105.947 132.775 0.519018 0.0130357 0 0.0621329 7.86516 1.50664
66 25.7887 19.3868 37.2352
105.947 132.775 0.519018 0.0130357 0 0.0621329 7.86516 1.50664
67 25.7887 18.2977 49.1066
105.947 132.775 0.519018 0.0130357 0 0.0621329 7.86516 1.50664
68 25.7887 18.7933 40.6657
105.947 132.775 0.519018 0.0130357 0 0.0621329 7.86516 1.50664
69 25.7887 18.978 51.6758
105.947 132.775 0.519018 0.0130357 0 0.0621329 7.86516 1.50664
70 25.7887 17.2195 48.2536
105.947 132.775 0.519018 0.0130357 0 0.0621329 7.86516 1.50664
71 25.7887 16.2103 56.2918
105.947 132.775 0.519018 0.0130357 0 0.0621329 7.86516 1.50664
72 25.7887 16.2962 53.4477
105.947 132.775 0.519018 0.0130357 0 0.0621329 7.86516 1.50664
73 25.7887 15.8605 49.9587
105.947 132.775 0.519018 0.0130357 0 0.0621329 7.86516 1.50664
74 25.7887 16.2547 67.682
105.947 132.775 0.519018 0.0130357 0 0.0621329 7.86516 1.50664
75 25.7887 18.2507 63.051
105.947 132.775 0.519018 0.0130357 0 0.0621329 7.86516 1.50664
76 25.7887 18.2735 61.7256
105.947 132.775 0.519018 0.0130357 0 0.0621329 7.86516 1.50664
77 25.8277 17.6929 71.1842
106.322 133.885 0.519448 0.00732122 0 0.0110946 7.13424 1.5025
78 25.8277 17.1148 85.8141
106.322 133.885 0.519448 0.00732122 0 0.0110946 7.13424 1.5025
79 25.8277 17.5452 62.6079
106.322 133.885 0.519448 0.00732122 0 0.0110946 7.13424 1.5025
80 25.8277 18.0127 57.8529
106.322 133.885 0.519448 0.00732122 0 0.0110946 7.13424 1.5025
81 25.8277 15.6049 94.2225
106.322 133.885 0.519448 0.00732122 0 0.0110946 7.13424 1.5025
82 25.8277 16.0743 79.2797
106.322 133.885 0.519448 0.00732122 0 0.0110946 7.13424 1.5025
83 25.8277 16.2758 72.7268
106.322 133.885 0.519448 0.00732122 0 0.0110946 7.13424 1.5025
84 25.8277 16.3233 58.6798
106.322 133.885 0.519448 0.00732122 0 0.0110946 7.13424 1.5025
85 25.8277 16.9937 67.8872
106.322 133.885 0.519448 0.00732122 0 0.0110946 7.13424 1.5025
86 25.8277 17.4029 47.7075
106.322 133.885 0.519448 0.00732122 0 0.0110946 7.13424 1.5025
87 25.8277 17.9711 52.7834
106.322 133.885 0.519448 0.00732122 0 0.0110946 7.13424 1.5025
88 25.8277 16.6072 58.8245
106.322 133.885 0.519448 0.00732122 0 0.0110946 7.13424 1.5025
89 25.8277 18.1063 51.1513
106.322 133.885 0.519448 0.00732122 0 0.0110946 7.13424 1.5025
90 25.8277 19.4144 45.1213
106.322 133.885 0.519448 0.00732122 0 0.0110946 7.13424 1.5025
91 25.8277 19.2899 41.5752
106.322 133.885 0.519448 0.00732122 0 0.0110946 7.13424 1.5025
92 25.8277 18.0961 46.5845
106.322 133.885 0.519448 0.00732122 0 0.0110946 7.13424 1.5025
93 25.8317 17.4461 58.3289
106.319 134.003 0.518733 0.00707625 0 0.0109543 7.13113 1.50185
94 25.8317 16.5107 63.0404
106.319 134.003 0.518733 0.00707625 0 0.0109543 7.13113 1.50185
95 25.8317 14.558 81.1257
106.319 134.003 0.518733 0.00707625 0 0.0109543 7.13113 1.50185
96 25.8704 16.8366 78.5297
106.489 134.007 0.517604 0.00535248 0.000801235 0.0107124 7.16089 1.50867
97 25.8704 12.7619 71.0299
106.489 134.007 0.517604 0.00535248 0.000801235 0.0107124 7.16089 1.50867
98 25.8704 14.9034 77.3191
106.489 134.007 0.517604 0.00535248 0.000801235 0.0107124 7.16089 1.50867
99 25.8704 15.1933 89.7596
106.489 134.007 0.517604 0.00535248 0.000801235 0.0107124 7.16089 1.50867
100 25.8704 14.2742 88.3459
106.489 134.007 0.517604 0.00535248 0.000801235 0.0107124 7.16089 1.50867
