0 3.10839 0.869299 0.816687
117.917 129.765 0.0632367 0.499573 0.677926 0.362945 8.45488 7.0857
1 3.10839 1.11911 0.925028
117.917 129.765 0.0632367 0.499573 0.677926 0.362945 8.45488 7.0857
2 3.10839 1.04034 1.00337
117.917 129.765 0.0632367 0.499573 0.677926 0.362945 8.45488 7.0857
3 3.10839 1.24634 1.09222
117.917 129.765 0.0632367 0.499573 0.677926 0.362945 8.45488 7.0857
4 3.10839 1.30991 1.02851
117.917 129.765 0.0632367 0.499573 0.677926 0.362945 8.45488 7.0857
5 3.11021 1.46081 1.19287
148.666 147.912 0.305051 0.239878 0.837291 0.168279 6.00666 9.79956
6 3.11021 1.51324 1.5361
148.666 147.912 0.305051 0.239878 0.837291 0.168279 6.00666 9.79956
7 3.11021 1.42754 1.27221
148.666 147.912 0.305051 0.239878 0.837291 0.168279 6.00666 9.79956
8 3.11656 1.63465 1.32843
155.816 141.644 0.341713 0.26685 0.910915 0.179438 5.46095 8.76008
9 3.11656 1.5897 1.27677
155.816 141.644 0.341713 0.26685 0.910915 0.179438 5.46095 8.76008
10 3.11973 1.73628 1.21763
157.748 137.789 0.327095 0.272555 0.985408 0.159194 4.63398 9.00889
11 3.64425 1.6317 1.64973
108.008 169.11 0 0.376222 0.726958 0.035903 6.62007 9.29336
12 3.64425 1.7996 1.1755
108.008 169.11 0 0.376222 0.726958 0.035903 6.62007 9.29336
13 4.16812 2.04957 1.13079
114.978 161.641 0.130844 0.451275 0.563908 0.0405456 5.40446 7.78777
14 4.16812 2.17353 1.41488
114.978 161.641 0.130844 0.451275 0.563908 0.0405456 5.40446 7.78777
15 4.16812 1.9552 1.8872
114.978 161.641 0.130844 0.451275 0.563908 0.0405456 5.40446 7.78777
16 4.16812 1.88964 2.10743
114.978 161.641 0.130844 0.451275 0.563908 0.0405456 5.40446 7.78777
17 4.16812 2.15637 1.71976
114.978 161.641 0.130844 0.451275 0.563908 0.0405456 5.40446 7.78777
18 4.17592 2.38009 2.01925
123.765 172.577 0.0280922 0.414782 0.582497 0 6.37275 7.25994
19 4.67976 2.42722 2.4839
113.317 162.266 0.135905 0.439004 0.559333 0.0235764 5.18766 7.40423
20 4.68938 2.47035 2.10908
109.834 158.647 0.139351 0.43037 0.550798 0 5.54482 8.17019
21 4.68938 2.39043 2.53183
109.834 158.647 0.139351 0.43037 0.550798 0 5.54482 8.17019
22 4.68938 2.33087 2.83377
109.834 158.647 0.139351 0.43037 0.550798 0 5.54482 8.17019
23 4.68938 2.52935 2.34951
109.834 158.647 0.139351 0.43037 0.550798 0 5.54482 8.17019
24 4.68938 2.65483 2.53563
109.834 158.647 0.139351 0.43037 0.550798 0 5.54482 8.17019
25 4.68938 2.80375 2.11473
109.834 158.647 0.139351 0.43037 0.550798 0 5.54482 8.17019
26 4.68938 2.84734 2.22245
109.834 158.647 0.139351 0.43037 0.550798 0 5.54482 8.17019
27 5.19556 3.1151 1.98524
106.67 158.532 0.0360848 0.451343 0.504689 0.0135883 5.89252 7.48319
28 5.8046 3.36375 2.50244
106.491 157.763 0.0612032 0.421219 0.39242 0 5.67628 8.42994
29 5.8046 3.30396 3.13455
106.491 157.763 0.0612032 0.421219 0.39242 0 5.67628 8.42994
30 5.8046 2.99458 3.3376
106.491 157.763 0.0612032 0.421219 0.39242 0 5.67628 8.42994
31 5.8046 3.29699 3.23957
106.491 157.763 0.0612032 0.421219 0.39242 0 5.67628 8.42994
32 5.8046 3.16865 3.32831
106.491 157.763 0.0612032 0.421219 0.39242 0 5.67628 8.42994
33 5.8046 3.36931 3.09116
106.491 157.763 0.0612032 0.421219 0.39242 0 5.67628 8.42994
34 5.8046 3.21741 3.0416
106.491 157.763 0.0612032 0.421219 0.39242 0 5.67628 8.42994
35 5.8046 3.23464 3.08676
106.491 157.763 0.0612032 0.421219 0.39242 0 5.67628 8.42994
36 5.8046 3.42078 3.26221
106.491 157.763 0.0612032 0.421219 0.39242 0 5.67628 8.42994
37 5.8046 3.64449 2.79958
106.491 157.763 0.0612032 0.421219 0.39242 0 5.67628 8.42994
38 5.8046 3.62262 2.69244
106.491 157.763 0.0612032 0.421219 0.39242 0 5.67628 8.42994
39 5.8046 3.64264 2.69178
106.491 157.763 0.0612032 0.421219 0.39242 0 5.67628 8.42994
40 6.2837 3.982 2.20297
101.197 143.67 0 0.402621 0.466065 0.00131335 5.99239 8.77275
41 6.2837 3.97512 2.23064
101.197 143.67 0 0.402621 0.466065 0.00131335 5.99239 8.77275
42 6.2837 3.70979 2.92698
101.197 143.67 0 0.402621 0.466065 0.00131335 5.99239 8.77275
43 6.2837 3.71095 3.448
101.197 143.67 0 0.402621 0.466065 0.00131335 5.99239 8.77275
44 6.2837 3.5011 3.41047
101.197 143.67 0 0.402621 0.466065 0.00131335 5.99239 8.77275
45 6.2837 3.33579 4.67377
101.197 143.67 0 0.402621 0.466065 0.00131335 5.99239 8.77275
46 6.2837 3.7288 4.31796
101.197 143.67 0 0.402621 0.466065 0.00131335 5.99239 8.77275
47 6.2837 3.8303 3.46729
101.197 143.67 0 0.402621 0.466065 0.00131335 5.99239 8.77275
48 6.2837 3.81838 3.42162
101.197 143.67 0 0.402621 0.466065 0.00131335 5.99239 8.77275
49 6.2837 3.81847 3.22813
101.197 143.67 0 0.402621 0.466065 0.00131335 5.99239 8.77275
50 6.2837 3.77824 3.19148
101.197 143.67 0 0.402621 0.466065 0.00131335 5.99239 8.77275
51 6.2837 3.98796 2.61741
101.197 143.67 0 0.402621 0.466065 0.00131335 5.99239 8.77275
52 6.2837 4.06928 2.42714
101.197 143.67 0 0.402621 0.466065 0.00131335 5.99239 8.77275
53 6.2837 4.07557 2.82864
101.197 143.67 0 0.402621 0.466065 0.00131335 5.99239 8.77275
54 6.39241 4.20703 3.15851
100 160.471 0.103822 0.414369 0.208619 0 7.71087 8.25537
55 6.39241 4.0164 2.85539
100 160.471 0.103822 0.414369 0.208619 0 7.71087 8.25537
56 6.39241 4.24649 3.05635
100 160.471 0.103822 0.414369 0.208619 0 7.71087 8.25537
57 6.39241 3.66429 3.14821
100 160.471 0.103822 0.414369 0.208619 0 7.71087 8.25537
58 6.81144 3.42213 4.72798
103.926 136.904 0 0.406461 0.328674 0.0568253 6.02559 9.65988
59 6.81144 3.50414 4.30789
103.926 136.904 0 0.406461 0.328674 0.0568253 6.02559 9.65988
60 6.81372 4.03094 4.58175
103.211 137.686 0.00150744 0.408952 0.327826 0.0446243 5.95062 9.71545
61 6.81372 4.00084 3.85562
103.211 137.686 0.00150744 0.408952 0.327826 0.0446243 5.95062 9.71545
62 6.81372 3.86314 3.70837
103.211 137.686 0.00150744 0.408952 0.327826 0.0446243 5.95062 9.71545
63 6.81372 4.21173 3.94755
103.211 137.686 0.00150744 0.408952 0.327826 0.0446243 5.95062 9.71545
64 6.81372 4.45293 3.51649
103.211 137.686 0.00150744 0.408952 0.327826 0.0446243 5.95062 9.71545
65 6.81372 3.9591 3.82306
103.211 137.686 0.00150744 0.408952 0.327826 0.0446243 5.95062 9.71545
66 6.86097 3.75215 4.385
100 137.512 0 0.394436 0.311641 0.0166554 6.31512 9.53355
67 6.86097 3.86426 3.8297
100 137.512 0 0.394436 0.311641 0.0166554 6.31512 9.53355
68 6.86097 3.54625 4.64585
100 137.512 0 0.394436 0.311641 0.0166554 6.31512 9.53355
69 6.86097 3.72333 5.12655
100 137.512 0 0.394436 0.311641 0.0166554 6.31512 9.53355
70 6.87163 4.21024 4.21945
100.238 134.504 0.03285 0.402024 0.315923 0.0183162 6.29074 9.26966
71 6.87163 3.81142 4.98666
100.238 134.504 0.03285 0.402024 0.315923 0.0183162 6.29074 9.26966
72 6.87163 3.89986 3.96154
100.238 134.504 0.03285 0.402024 0.315923 0.0183162 6.29074 9.26966
73 7.34253 3.62898 4.93045
101.793 135.97 0.0186597 0.398705 0.307721 0.0370495 6.4642 9.33169
74 7.34253 3.56496 6.24444
101.793 135.97 0.0186597 0.398705 0.307721 0.0370495 6.4642 9.33169
75 7.37861 4.3071 5.23192
101.131 127.955 0.027281 0.417665 0.309472 0.00298298 4.24677 9.69523
76 7.37861 4.12115 5.70572
101.131 127.955 0.027281 0.417665 0.309472 0.00298298 4.24677 9.69523
77 7.38068 3.39756 4.99891
101.738 128.361 0.0361241 0.433979 0.307963 0.000324142 4.11788 9.56769
78 7.38068 3.94039 4.32923
101.738 128.361 0.0361241 0.433979 0.307963 0.000324142 4.11788 9.56769
79 7.38068 4.12543 5.03702
101.738 128.361 0.0361241 0.433979 0.307963 0.000324142 4.11788 9.56769
80 7.38068 4.15362 3.93841
101.738 128.361 0.0361241 0.433979 0.307963 0.000324142 4.11788 9.56769
81 7.38266 4.14298 4.62274
100 124.496 0.0111213 0.423396 0.31843 0.0343144 4.0289 9.98381
82 7.38266 4.0965 4.47067
100 124.496 0.0111213 0.423396 0.31843 0.0343144 4.0289 9.98381
83 7.38266 3.96696 4.98562
100 124.496 0.0111213 0.423396 0.31843 0.0343144 4.0289 9.98381
84 7.38266 4.15334 4.16968
100 124.496 0.0111213 0.423396 0.31843 0.0343144 4.0289 9.98381
85 7.38952 3.96364 4.95795
101.8 128.367 0.0362581 0.433797 0.308346 0.000251053 4.11729 9.57179
86 7.42373 4.1253 6.42643
101.489 123.178 0.00474649 0.413067 0.319381 0.0414204 4.20637 9.98998
87 7.42373 4.18741 5.27808
101.489 123.178 0.00474649 0.413067 0.319381 0.0414204 4.20637 9.98998
88 7.42373 3.93117 6.43915
101.489 123.178 0.00474649 0.413067 0.319381 0.0414204 4.20637 9.98998
89 7.42373 3.92482 6.91982
101.489 123.178 0.00474649 0.413067 0.319381 0.0414204 4.20637 9.98998
90 7.42373 4.10745 6.62707
101.489 123.178 0.00474649 0.413067 0.319381 0.0414204 4.20637 9.98998
91 7.42373 3.47664 6.48985
101.489 123.178 0.00474649 0.413067 0.319381 0.0414204 4.20637 9.98998
92 7.42373 3.25329 6.25319
101.489 123.178 0.00474649 0.413067 0.319381 0.0414204 4.20637 9.98998
93 7.42373 3.57692 6.6705
101.489 123.178 0.00474649 0.413067 0.319381 0.0414204 4.20637 9.98998
94 7.42373 3.57572 6.034
101.489 123.178 0.00474649 0.413067 0.319381 0.0414204 4.20637 9.98998
95 7.42373 3.6748 6.45323
101.489 123.178 0.00474649 0.413067 0.319381 0.0414204 4.20637 9.98998
96 7.42373 3.54784 5.62867
101.489 123.178 0.00474649 0.413067 0.319381 0.0414204 4.20637 9.98998
97 7.42373 3.84353 5.74428
101.489 123.178 0.00474649 0.413067 0.319381 0.0414204 4.20637 9.98998
98 7.42373 3.92661 6.22126
101.489 123.178 0.00474649 0.413067 0.319381 0.0414204 4.20637 9.98998
99 7.42373 4.63793 6.28417
101.489 123.178 0.00474649 0.413067 0.319381 0.0414204 4.20637 9.98998
100 7.42373 4.13505 6.15252
101.489 123.178 0.00474649 0.413067 0.319381 0.0414204 4.20637 9.98998
