0 8.72569 0.796404 4.4678
160.879 130.012 0.439064 0.141562 0.376312 0.100751 7.91287 9.21345
1 14.368 1.80473 14.4942
162.268 128.675 0.399015 0.149516 0.405932 0.111788 7.68368 9.06893
2 14.3767 2.72991 23.8823
162.626 128.171 0.374683 0.150322 0.427631 0.110031 7.60165 8.84416
3 19.9587 4.41395 43.751
155.42 133.506 0.395658 0.132701 0.334947 0.0908738 8.07763 9.51739
4 19.9587 5.56668 51.009
155.42 133.506 0.395658 0.132701 0.334947 0.0908738 8.07763 9.51739
5 23.3507 6.9291 61.8772
175.657 131.707 0.062753 0.2816 0.0518946 0.399914 1.10892 0.696523
6 23.3507 6.85669 59.7169
175.657 131.707 0.062753 0.2816 0.0518946 0.399914 1.10892 0.696523
7 24.7931 6.23617 60.8854
176.564 129.691 0.049347 0.275854 0.0229673 0.372176 1.00066 0.728474
8 24.7931 8.93812 94.3039
176.564 129.691 0.049347 0.275854 0.0229673 0.372176 1.00066 0.728474
9 26.0302 10.9309 120.892
183.025 121.403 0.0392666 0.45508 0 0.182522 1.6594 1.78457
10 26.0302 11.4193 114.391
183.025 121.403 0.0392666 0.45508 0 0.182522 1.6594 1.78457
11 26.4906 9.38071 95.9354
177.374 125.151 0.0386464 0.248681 0 0.252374 1.78663 2.30856
12 26.4906 12.2125 110.54
177.374 125.151 0.0386464 0.248681 0 0.252374 1.78663 2.30856
13 26.4906 10.109 105.919
177.374 125.151 0.0386464 0.248681 0 0.252374 1.78663 2.30856
14 26.4906 10.6088 105.738
177.374 125.151 0.0386464 0.248681 0 0.252374 1.78663 2.30856
15 26.4906 11.6811 114.805
177.374 125.151 0.0386464 0.248681 0 0.252374 1.78663 2.30856
16 26.5098 13.7602 114.234
179.861 126.236 0.0425235 0.25248 0 0.224631 1.87247 2.14348
17 26.5098 14.5718 121.718
179.861 126.236 0.0425235 0.25248 0 0.224631 1.87247 2.14348
18 26.5098 15.6383 116.296
179.861 126.236 0.0425235 0.25248 0 0.224631 1.87247 2.14348
19 26.5098 15.3004 129.518
179.861 126.236 0.0425235 0.25248 0 0.224631 1.87247 2.14348
20 26.5098 15.1892 110.199
179.861 126.236 0.0425235 0.25248 0 0.224631 1.87247 2.14348
21 26.5098 12.9145 100.119
179.861 126.236 0.0425235 0.25248 0 0.224631 1.87247 2.14348
22 26.5181 14.8788 119.161
156.941 134.556 0.0978349 0.239859 0 0.17887 3.00965 2.58241
23 26.5818 18.1609 110.278
175.539 127.011 0.0380354 0.139187 0.0811854 0.320917 2.48654 1.54143
24 26.5818 14.2887 112.366
175.539 127.011 0.0380354 0.139187 0.0811854 0.320917 2.48654 1.54143
25 26.5818 15.0335 107.798
175.539 127.011 0.0380354 0.139187 0.0811854 0.320917 2.48654 1.54143
26 27.0423 15.1515 123.442
152.248 135.691 0.0696701 0.216177 0.0498335 0.147956 4.39742 3.66723
27 27.0423 13.6567 130.502
152.248 135.691 0.0696701 0.216177 0.0498335 0.147956 4.39742 3.66723
28 27.0423 16.844 109.978
152.248 135.691 0.0696701 0.216177 0.0498335 0.147956 4.39742 3.66723
29 27.0423 14.1316 128.579
152.248 135.691 0.0696701 0.216177 0.0498335 0.147956 4.39742 3.66723
30 27.2948 12.4475 139.896
152.7 138.367 0.102623 0.195004 0.0292583 0.169736 5.26875 4.30656
31 27.2948 12.4195 132.6
152.7 138.367 0.102623 0.195004 0.0292583 0.169736 5.26875 4.30656
32 27.2948 17.4373 110.256
152.7 138.367 0.102623 0.195004 0.0292583 0.169736 5.26875 4.30656
33 27.3734 16.4722 136.545
154.013 138.913 0.109073 0.199237 0 0.165463 5.34024 4.37053
34 27.3734 16.2343 135.967
154.013 138.913 0.109073 0.199237 0 0.165463 5.34024 4.37053
35 27.4977 16.6369 124.673
159.736 133.025 0.0337484 0.160317 0 0.217921 3.5744 3.76138
36 27.9698 16.932 137.18
147.61 143.907 0.0684313 0.129443 0.0532301 0.217157 6.6727 4.52013
37 27.9698 18.8436 117.358
147.61 143.907 0.0684313 0.129443 0.0532301 0.217157 6.6727 4.52013
38 27.9698 14.9757 127.808
147.61 143.907 0.0684313 0.129443 0.0532301 0.217157 6.6727 4.52013
39 30.4109 17.9099 127.409
160.504 155.888 0.0766744 0.212217 0.0660544 0.0401795 6.77606 5.35926
40 30.4109 16.854 111.204
160.504 155.888 0.0766744 0.212217 0.0660544 0.0401795 6.77606 5.35926
41 30.4109 17.4709 124.966
160.504 155.888 0.0766744 0.212217 0.0660544 0.0401795 6.77606 5.35926
42 30.4109 14.8748 131.337
160.504 155.888 0.0766744 0.212217 0.0660544 0.0401795 6.77606 5.35926
43 30.4109 18.0507 122.307
160.504 155.888 0.0766744 0.212217 0.0660544 0.0401795 6.77606 5.35926
44 30.9899 18.8288 100.957
149.078 164.464 0.110648 0.263038 0.0346251 0.01773 6.74848 6.36046
45 30.9899 18.235 115.39
149.078 164.464 0.110648 0.263038 0.0346251 0.01773 6.74848 6.36046
46 30.9899 15.2789 135.364
149.078 164.464 0.110648 0.263038 0.0346251 0.01773 6.74848 6.36046
47 30.9899 16.4692 155.618
149.078 164.464 0.110648 0.263038 0.0346251 0.01773 6.74848 6.36046
48 32.2341 18.4509 132.04
143.537 165.475 0.122521 0.264362 0.0175427 0 7.2071 5.86967
49 32.2341 22.5759 84.7642
143.537 165.475 0.122521 0.264362 0.0175427 0 7.2071 5.86967
50 32.2341 18.3124 133.399
143.537 165.475 0.122521 0.264362 0.0175427 0 7.2071 5.86967
51 32.2341 18.3558 141.393
143.537 165.475 0.122521 0.264362 0.0175427 0 7.2071 5.86967
52 32.2341 20.8656 102.687
143.537 165.475 0.122521 0.264362 0.0175427 0 7.2071 5.86967
53 32.2341 21.3026 115.867
143.537 165.475 0.122521 0.264362 0.0175427 0 7.2071 5.86967
54 32.3467 20.6233 121.32
149.729 165.583 0.108295 0.255041 0.0299876 0.0321711 6.8477 6.38742
55 32.7649 20.4144 126.422
146.724 168.345 0.117003 0.26088 0.0134847 0.0086032 6.80598 6.07696
56 32.7649 19.0948 138.141
146.724 168.345 0.117003 0.26088 0.0134847 0.0086032 6.80598 6.07696
57 32.7649 20.6297 108.224
146.724 168.345 0.117003 0.26088 0.0134847 0.0086032 6.80598 6.07696
58 32.7649 19.235 131.469
146.724 168.345 0.117003 0.26088 0.0134847 0.0086032 6.80598 6.07696
59 32.7649 20.3222 128.507
146.724 168.345 0.117003 0.26088 0.0134847 0.0086032 6.80598 6.07696
60 32.7649 20.1667 130.203
146.724 168.345 0.117003 0.26088 0.0134847 0.0086032 6.80598 6.07696
61 32.7649 23.4798 79.8569
146.724 168.345 0.117003 0.26088 0.0134847 0.0086032 6.80598 6.07696
62 32.9859 26.057 34.4695
146.325 168.261 0.111513 0.266949 0.011677 2.20531e-05 6.79036 6.06027
63 32.9859 24.0058 78.1567
146.325 168.261 0.111513 0.266949 0.011677 2.20531e-05 6.79036 6.06027
64 32.9859 21.6242 108.583
146.325 168.261 0.111513 0.266949 0.011677 2.20531e-05 6.79036 6.06027
65 32.9859 22.2485 97.3652
146.325 168.261 0.111513 0.266949 0.011677 2.20531e-05 6.79036 6.06027
66 32.9859 20.5452 119.965
146.325 168.261 0.111513 0.266949 0.011677 2.20531e-05 6.79036 6.06027
67 32.9859 21.9363 115.661
146.325 168.261 0.111513 0.266949 0.011677 2.20531e-05 6.79036 6.06027
68 32.9859 22.2629 113.628
146.325 168.261 0.111513 0.266949 0.011677 2.20531e-05 6.79036 6.06027
69 32.9859 21.9908 100.084
146.325 168.261 0.111513 0.266949 0.011677 2.20531e-05 6.79036 6.06027
70 32.9859 24.4179 61.9152
146.325 168.261 0.111513 0.266949 0.011677 2.20531e-05 6.79036 6.06027
71 32.9859 19.3641 147.371
146.325 168.261 0.111513 0.266949 0.011677 2.20531e-05 6.79036 6.06027
72 32.9859 18.4154 186.185
146.325 168.261 0.111513 0.266949 0.011677 2.20531e-05 6.79036 6.06027
73 32.9859 22.3386 111.769
146.325 168.261 0.111513 0.266949 0.011677 2.20531e-05 6.79036 6.06027
74 32.9859 20.3887 135.169
146.325 168.261 0.111513 0.266949 0.011677 2.20531e-05 6.79036 6.06027
75 32.9859 19.2687 155.772
146.325 168.261 0.111513 0.266949 0.011677 2.20531e-05 6.79036 6.06027
76 32.9859 19.6604 149.209
146.325 168.261 0.111513 0.266949 0.011677 2.20531e-05 6.79036 6.06027
77 32.9859 21.1515 136.372
146.325 168.261 0.111513 0.266949 0.011677 2.20531e-05 6.79036 6.06027
78 32.9859 20.3372 134.078
146.325 168.261 0.111513 0.266949 0.011677 2.20531e-05 6.79036 6.06027
79 32.9859 24.6175 64.0842
146.325 168.261 0.111513 0.266949 0.011677 2.20531e-05 6.79036 6.06027
80 32.9859 23.2619 100.849
146.325 168.261 0.111513 0.266949 0.011677 2.20531e-05 6.79036 6.06027
81 32.9859 23.5899 92.2044
146.325 168.261 0.111513 0.266949 0.011677 2.20531e-05 6.79036 6.06027
82 32.9859 24.603 63.3892
146.325 168.261 0.111513 0.266949 0.011677 2.20531e-05 6.79036 6.06027
83 32.9859 26.6592 42.1591
146.325 168.261 0.111513 0.266949 0.011677 2.20531e-05 6.79036 6.06027
84 32.9859 25.0113 73.5566
146.325 168.261 0.111513 0.266949 0.011677 2.20531e-05 6.79036 6.06027
85 32.9859 25.1349 44.7062
146.325 168.261 0.111513 0.266949 0.011677 2.20531e-05 6.79036 6.06027
86 32.9859 24.0396 80.129
146.325 168.261 0.111513 0.266949 0.011677 2.20531e-05 6.79036 6.06027
87 32.9859 25.6283 35.0081
146.325 168.261 0.111513 0.266949 0.011677 2.20531e-05 6.79036 6.06027
88 32.9859 23.5614 95.0729
146.325 168.261 0.111513 0.266949 0.011677 2.20531e-05 6.79036 6.06027
89 32.9859 20.5525 148.837
146.325 168.261 0.111513 0.266949 0.011677 2.20531e-05 6.79036 6.06027
90 32.9859 21.8113 128.892
146.325 168.261 0.111513 0.266949 0.011677 2.20531e-05 6.79036 6.06027
91 32.9859 22.8344 104.737
146.325 168.261 0.111513 0.266949 0.011677 2.20531e-05 6.79036 6.06027
92 32.9859 23.5155 86.048
146.325 168.261 0.111513 0.266949 0.011677 2.20531e-05 6.79036 6.06027
93 32.9859 24.8788 51.4313
146.325 168.261 0.111513 0.266949 0.011677 2.20531e-05 6.79036 6.06027
94 32.9859 24.523 58.4412
146.325 168.261 0.111513 0.266949 0.011677 2.20531e-05 6.79036 6.06027
95 32.9859 23.4003 83.065
146.325 168.261 0.111513 0.266949 0.011677 2.20531e-05 6.79036 6.06027
96 32.9859 23.4847 88.35
146.325 168.261 0.111513 0.266949 0.011677 2.20531e-05 6.79036 6.06027
97 32.9859 23.8449 73.3757
146.325 168.261 0.111513 0.266949 0.011677 2.20531e-05 6.79036 6.06027
98 32.9859 26.2326 45.1286
146.325 168.261 0.111513 0.266949 0.011677 2.20531e-05 6.79036 6.06027
99 32.9859 21.1193 135.154
146.325 168.261 0.111513 0.266949 0.011677 2.20531e-05 6.79036 6.06027
100 32.9859 22.2745 97.8318
146.325 168.261 0.111513 0.266949 0.011677 2.20531e-05 6.79036 6.06027
