0 0.816599 0.0331445 0.0130605
166.054 140.931 166.214 102.267 174.471 0.782623 0.24466 0.919457 0.0825798 0.876189 0.531102 0.827986 9.10739 9.9583
1 0.833656 0.06379 0.0286318
169.584 134.628 165.654 100 182.66 0.727857 0.257907 0.905642 0.0879259 0.877712 0.515722 0.402465 9.82622 10
2 0.833656 0.0988479 0.0434165
169.584 134.628 165.654 100 182.66 0.727857 0.257907 0.905642 0.0879259 0.877712 0.515722 0.402465 9.82622 10
3 1.20002 0.161831 0.087526
168.217 129.215 160.844 100 175.674 0.751511 0.175633 0.943202 0 0.858125 0.648583 0.762012 9.79994 8.50768
4 1.20002 0.199906 0.110191
168.217 129.215 160.844 100 175.674 0.751511 0.175633 0.943202 0 0.858125 0.648583 0.762012 9.79994 8.50768
5 1.60596 0.301971 0.175406
175.653 153.238 173.046 150.391 186.876 0.256484 0.689654 0.644708 0 0.136628 0.537095 0.784575 3.67969 0
6 1.60596 0.358495 0.202579
175.653 153.238 173.046 150.391 186.876 0.256484 0.689654 0.644708 0 0.136628 0.537095 0.784575 3.67969 0
7 1.62249 0.369871 0.250244
175.749 130.819 165.193 101.769 184.334 0.66621 0.224607 0.7965 0.0894567 0.834735 0.503567 0.154517 10 10
8 2.02104 0.483521 0.340375
178.606 127.603 162.427 100 186.442 0.580436 0.171975 0.80569 0.11222 0.810958 0.458654 0.632456 9.98688 9.84577
9 2.39684 0.499167 0.462315
158.238 123.213 148.285 100.407 167.421 0.614029 0.198443 0.82562 0.0332725 0.877801 0.629206 0 8.46172 8.41513
10 2.39684 0.634701 0.607554
158.238 123.213 148.285 100.407 167.421 0.614029 0.198443 0.82562 0.0332725 0.877801 0.629206 0 8.46172 8.41513
11 3.21268 0.776402 0.787044
168.996 132.904 169.773 103.439 184.509 0.499369 0.181487 0.693236 0 0.772302 0.436803 0.421298 10 9.0479
12 3.21268 0.807509 0.940032
168.996 132.904 169.773 103.439 184.509 0.499369 0.181487 0.693236 0 0.772302 0.436803 0.421298 10 9.0479
13 4.78844 1.02043 1.34357
170.473 125.014 168.45 105.778 183.356 0.547482 0.168007 0.773557 0 0.711842 0.460157 0 9.82334 9.13304
14 4.78844 1.23082 1.65728
170.473 125.014 168.45 105.778 183.356 0.547482 0.168007 0.773557 0 0.711842 0.460157 0 9.82334 9.13304
15 5.99246 1.51639 2.80432
167.619 123.562 167.728 109.083 186.102 0.485143 0.0577266 0.722871 0 0.73851 0.486811 0.15889 9.28188 9.6057
16 5.99246 1.82716 3.97989
167.619 123.562 167.728 109.083 186.102 0.485143 0.0577266 0.722871 0 0.73851 0.486811 0.15889 9.28188 9.6057
17 5.99246 1.87293 3.9192
167.619 123.562 167.728 109.083 186.102 0.485143 0.0577266 0.722871 0 0.73851 0.486811 0.15889 9.28188 9.6057
18 6.81067 1.79898 3.91955
164.988 148.417 165.707 100 186.912 0.421654 0.179713 0.657772 0 0.702605 0.445689 0.554385 9.93726 8.7885
19 6.81067 1.88388 4.13672
164.988 148.417 165.707 100 186.912 0.421654 0.179713 0.657772 0 0.702605 0.445689 0.554385 9.93726 8.7885
20 7.59493 2.16706 5.04536
171.635 123.99 167.778 109.075 181.116 0.46761 0.0728006 0.738841 0 0.673062 0.539241 0 9.25107 9.31521
21 7.59493 2.36753 4.70117
171.635 123.99 167.778 109.075 181.116 0.46761 0.0728006 0.738841 0 0.673062 0.539241 0 9.25107 9.31521
22 7.59493 2.37458 6.30609
171.635 123.99 167.778 109.075 181.116 0.46761 0.0728006 0.738841 0 0.673062 0.539241 0 9.25107 9.31521
23 9.30677 2.7192 6.87214
171.73 134.414 170.164 102.272 195.215 0.499743 0.216071 0.552878 0.190968 0.721351 0.36206 0 9.05718 10
24 9.30677 2.34511 6.69109
171.73 134.414 170.164 102.272 195.215 0.499743 0.216071 0.552878 0.190968 0.721351 0.36206 0 9.05718 10
25 9.64371 2.69662 8.34558
172.101 141.598 173.308 101.46 183.355 0.448926 0.171511 0.505953 0.00184779 0.702757 0.462608 0 10 8.29345
26 11.2794 3.08538 10.7063
161.693 135.563 173.475 100 184.103 0.462009 0.125313 0.539298 0.201706 0.760317 0.35182 0 9.7662 9.04519
27 12.4826 3.01587 11.8779
172.187 128.101 180.386 100 195.557 0.379761 0.237032 0.510677 0.157461 0.647988 0.323342 0.256364 8.81042 10
28 19.1687 3.7888 19.8704
176.491 150.306 169.898 105.266 181.972 0.349455 0.185033 0.479137 0 0.65416 0.425573 0.0672314 9.95736 8.07595
29 20.7925 4.91793 31.7339
172.814 144.185 175.004 107.83 190.344 0.395393 0.102899 0.415949 0 0.684297 0.503363 0.756802 10 8.18386
30 20.7925 4.74029 31.3735
172.814 144.185 175.004 107.83 190.344 0.395393 0.102899 0.415949 0 0.684297 0.503363 0.756802 10 8.18386
31 20.7925 5.99928 38.3055
172.814 144.185 175.004 107.83 190.344 0.395393 0.102899 0.415949 0 0.684297 0.503363 0.756802 10 8.18386
32 20.7925 5.79562 39.9421
172.814 144.185 175.004 107.83 190.344 0.395393 0.102899 0.415949 0 0.684297 0.503363 0.756802 10 8.18386
33 20.7925 6.67858 46.8141
172.814 144.185 175.004 107.83 190.344 0.395393 0.102899 0.415949 0 0.684297 0.503363 0.756802 10 8.18386
34 20.7925 7.07379 53.4671
172.814 144.185 175.004 107.83 190.344 0.395393 0.102899 0.415949 0 0.684297 0.503363 0.756802 10 8.18386
35 20.7925 7.72663 56.8613
172.814 144.185 175.004 107.83 190.344 0.395393 0.102899 0.415949 0 0.684297 0.503363 0.756802 10 8.18386
36 20.7925 7.97697 49.9953
172.814 144.185 175.004 107.83 190.344 0.395393 0.102899 0.415949 0 0.684297 0.503363 0.756802 10 8.18386
37 20.7925 8.66449 47.4105
172.814 144.185 175.004 107.83 190.344 0.395393 0.102899 0.415949 0 0.684297 0.503363 0.756802 10 8.18386
38 20.7925 8.87561 50.5438
172.814 144.185 175.004 107.83 190.344 0.395393 0.102899 0.415949 0 0.684297 0.503363 0.756802 10 8.18386
39 20.7925 7.97344 48.0934
172.814 144.185 175.004 107.83 190.344 0.395393 0.102899 0.415949 0 0.684297 0.503363 0.756802 10 8.18386
40 20.7925 8.06735 55.6955
172.814 144.185 175.004 107.83 190.344 0.395393 0.102899 0.415949 0 0.684297 0.503363 0.756802 10 8.18386
41 20.7925 8.76946 54.2082
172.814 144.185 175.004 107.83 190.344 0.395393 0.102899 0.415949 0 0.684297 0.503363 0.756802 10 8.18386
42 20.7925 9.39103 59.6852
172.814 144.185 175.004 107.83 190.344 0.395393 0.102899 0.415949 0 0.684297 0.503363 0.756802 10 8.18386
43 20.7925 8.7365 57.1378
172.814 144.185 175.004 107.83 190.344 0.395393 0.102899 0.415949 0 0.684297 0.503363 0.756802 10 8.18386
44 20.7925 9.36213 45.4614
172.814 144.185 175.004 107.83 190.344 0.395393 0.102899 0.415949 0 0.684297 0.503363 0.756802 10 8.18386
45 21.1654 9.01948 57.6745
167.744 137.95 172.659 107.791 188.959 0.457308 0.105232 0.453507 0 0.688498 0.470333 0.0505863 9.93615 7.96465
46 21.1654 9.95813 58.7849
167.744 137.95 172.659 107.791 188.959 0.457308 0.105232 0.453507 0 0.688498 0.470333 0.0505863 9.93615 7.96465
47 21.9679 10.3717 57.1049
167.535 137.845 172.58 107.699 188.407 0.457385 0.104642 0.454711 0 0.690142 0.468629 0.0714435 9.92925 7.95554
48 21.9679 11.2447 60.3341
167.535 137.845 172.58 107.699 188.407 0.457385 0.104642 0.454711 0 0.690142 0.468629 0.0714435 9.92925 7.95554
49 21.9679 10.9755 51.0193
167.535 137.845 172.58 107.699 188.407 0.457385 0.104642 0.454711 0 0.690142 0.468629 0.0714435 9.92925 7.95554
50 21.9679 10.1508 47.6262
167.535 137.845 172.58 107.699 188.407 0.457385 0.104642 0.454711 0 0.690142 0.468629 0.0714435 9.92925 7.95554
51 21.9679 9.86109 56.0301
167.535 137.845 172.58 107.699 188.407 0.457385 0.104642 0.454711 0 0.690142 0.468629 0.0714435 9.92925 7.95554
52 21.9679 10.0064 55.4877
167.535 137.845 172.58 107.699 188.407 0.457385 0.104642 0.454711 0 0.690142 0.468629 0.0714435 9.92925 7.95554
53 21.9679 9.39922 53.6768
167.535 137.845 172.58 107.699 188.407 0.457385 0.104642 0.454711 0 0.690142 0.468629 0.0714435 9.92925 7.95554
54 21.9679 9.10031 53.1455
167.535 137.845 172.58 107.699 188.407 0.457385 0.104642 0.454711 0 0.690142 0.468629 0.0714435 9.92925 7.95554
55 21.9679 9.25293 60.649
167.535 137.845 172.58 107.699 188.407 0.457385 0.104642 0.454711 0 0.690142 0.468629 0.0714435 9.92925 7.95554
56 21.9679 8.79092 57.2396
167.535 137.845 172.58 107.699 188.407 0.457385 0.104642 0.454711 0 0.690142 0.468629 0.0714435 9.92925 7.95554
57 21.9679 8.93185 56.7178
167.535 137.845 172.58 107.699 188.407 0.457385 0.104642 0.454711 0 0.690142 0.468629 0.0714435 9.92925 7.95554
58 21.9679 9.27565 59.6207
167.535 137.845 172.58 107.699 188.407 0.457385 0.104642 0.454711 0 0.690142 0.468629 0.0714435 9.92925 7.95554
59 21.9679 7.88094 55.8484
167.535 137.845 172.58 107.699 188.407 0.457385 0.104642 0.454711 0 0.690142 0.468629 0.0714435 9.92925 7.95554
60 21.9679 7.87615 52.7655
167.535 137.845 172.58 107.699 188.407 0.457385 0.104642 0.454711 0 0.690142 0.468629 0.0714435 9.92925 7.95554
61 21.9679 8.7622 55.093
167.535 137.845 172.58 107.699 188.407 0.457385 0.104642 0.454711 0 0.690142 0.468629 0.0714435 9.92925 7.95554
62 21.9679 10.1111 58.4566
167.535 137.845 172.58 107.699 188.407 0.457385 0.104642 0.454711 0 0.690142 0.468629 0.0714435 9.92925 7.95554
63 21.9679 10.6383 58.5819
167.535 137.845 172.58 107.699 188.407 0.457385 0.104642 0.454711 0 0.690142 0.468629 0.0714435 9.92925 7.95554
64 21.9679 10.9103 53.8096
167.535 137.845 172.58 107.699 188.407 0.457385 0.104642 0.454711 0 0.690142 0.468629 0.0714435 9.92925 7.95554
65 21.9679 10.9394 52.1963
167.535 137.845 172.58 107.699 188.407 0.457385 0.104642 0.454711 0 0.690142 0.468629 0.0714435 9.92925 7.95554
66 21.9679 10.088 53.6944
167.535 137.845 172.58 107.699 188.407 0.457385 0.104642 0.454711 0 0.690142 0.468629 0.0714435 9.92925 7.95554
67 21.9679 9.24843 59.5567
167.535 137.845 172.58 107.699 188.407 0.457385 0.104642 0.454711 0 0.690142 0.468629 0.0714435 9.92925 7.95554
68 21.9679 9.16334 60.6595
167.535 137.845 172.58 107.699 188.407 0.457385 0.104642 0.454711 0 0.690142 0.468629 0.0714435 9.92925 7.95554
69 21.9679 8.98642 56.4001
167.535 137.845 172.58 107.699 188.407 0.457385 0.104642 0.454711 0 0.690142 0.468629 0.0714435 9.92925 7.95554
70 21.9679 9.47029 54.2075
167.535 137.845 172.58 107.699 188.407 0.457385 0.104642 0.454711 0 0.690142 0.468629 0.0714435 9.92925 7.95554
71 21.9679 8.7898 49.3578
167.535 137.845 172.58 107.699 188.407 0.457385 0.104642 0.454711 0 0.690142 0.468629 0.0714435 9.92925 7.95554
72 21.9679 9.60524 58.3975
167.535 137.845 172.58 107.699 188.407 0.457385 0.104642 0.454711 0 0.690142 0.468629 0.0714435 9.92925 7.95554
73 21.9679 8.93524 61.9945
167.535 137.845 172.58 107.699 188.407 0.457385 0.104642 0.454711 0 0.690142 0.468629 0.0714435 9.92925 7.95554
74 21.9679 10.2205 65.2301
167.535 137.845 172.58 107.699 188.407 0.457385 0.104642 0.454711 0 0.690142 0.468629 0.0714435 9.92925 7.95554
75 21.9679 9.99548 64.1732
167.535 137.845 172.58 107.699 188.407 0.457385 0.104642 0.454711 0 0.690142 0.468629 0.0714435 9.92925 7.95554
76 21.9679 9.01526 55.0716
167.535 137.845 172.58 107.699 188.407 0.457385 0.104642 0.454711 0 0.690142 0.468629 0.0714435 9.92925 7.95554
77 21.9679 9.79152 54.4388
167.535 137.845 172.58 107.699 188.407 0.457385 0.104642 0.454711 0 0.690142 0.468629 0.0714435 9.92925 7.95554
78 21.9679 8.8989 58.9059
167.535 137.845 172.58 107.699 188.407 0.457385 0.104642 0.454711 0 0.690142 0.468629 0.0714435 9.92925 7.95554
79 21.9679 9.73487 58.3515
167.535 137.845 172.58 107.699 188.407 0.457385 0.104642 0.454711 0 0.690142 0.468629 0.0714435 9.92925 7.95554
80 21.9679 8.75904 53.0579
167.535 137.845 172.58 107.699 188.407 0.457385 0.104642 0.454711 0 0.690142 0.468629 0.0714435 9.92925 7.95554
81 21.9679 10.2491 52.8477
167.535 137.845 172.58 107.699 188.407 0.457385 0.104642 0.454711 0 0.690142 0.468629 0.0714435 9.92925 7.95554
82 21.9679 9.9626 59.2366
167.535 137.845 172.58 107.699 188.407 0.457385 0.104642 0.454711 0 0.690142 0.468629 0.0714435 9.92925 7.95554
83 21.9679 9.19517 56.8422
167.535 137.845 172.58 107.699 188.407 0.457385 0.104642 0.454711 0 0.690142 0.468629 0.0714435 9.92925 7.95554
84 21.9679 8.51102 61.2521
167.535 137.845 172.58 107.699 188.407 0.457385 0.104642 0.454711 0 0.690142 0.468629 0.0714435 9.92925 7.95554
85 21.9679 9.88907 54.9732
167.535 137.845 172.58 107.699 188.407 0.457385 0.104642 0.454711 0 0.690142 0.468629 0.0714435 9.92925 7.95554
86 21.9679 9.10931 51.8575
167.535 137.845 172.58 107.699 188.407 0.457385 0.104642 0.454711 0 0.690142 0.468629 0.0714435 9.92925 7.95554
87 21.9679 9.66817 53.2049
167.535 137.845 172.58 107.699 188.407 0.457385 0.104642 0.454711 0 0.690142 0.468629 0.0714435 9.92925 7.95554
88 21.9679 10.3226 55.4006
167.535 137.845 172.58 107.699 188.407 0.457385 0.104642 0.454711 0 0.690142 0.468629 0.0714435 9.92925 7.95554
89 21.9679 10.1281 51.9618
167.535 137.845 172.58 107.699 188.407 0.457385 0.104642 0.454711 0 0.690142 0.468629 0.0714435 9.92925 7.95554
90 21.9679 10.0265 52.8425
167.535 137.845 172.58 107.699 188.407 0.457385 0.104642 0.454711 0 0.690142 0.468629 0.0714435 9.92925 7.95554
91 21.9679 10.4367 54.9483
167.535 137.845 172.58 107.699 188.407 0.457385 0.104642 0.454711 0 0.690142 0.468629 0.0714435 9.92925 7.95554
92 21.9679 9.99691 57.6081
167.535 137.845 172.58 107.699 188.407 0.457385 0.104642 0.454711 0 0.690142 0.468629 0.0714435 9.92925 7.95554
93 21.9679 9.7655 55.4075
167.535 137.845 172.58 107.699 188.407 0.457385 0.104642 0.454711 0 0.690142 0.468629 0.0714435 9.92925 7.95554
94 21.9679 9.50194 56.6672
167.535 137.845 172.58 107.699 188.407 0.457385 0.104642 0.454711 0 0.690142 0.468629 0.0714435 9.92925 7.95554
95 21.9679 9.77726 55.6084
167.535 137.845 172.58 107.699 188.407 0.457385 0.104642 0.454711 0 0.690142 0.468629 0.0714435 9.92925 7.95554
96 21.9679 8.66718 49.8064
167.535 137.845 172.58 107.699 188.407 0.457385 0.104642 0.454711 0 0.690142 0.468629 0.0714435 9.92925 7.95554
97 21.9679 9.92621 50.7334
167.535 137.845 172.58 107.699 188.407 0.457385 0.104642 0.454711 0 0.690142 0.468629 0.0714435 9.92925 7.95554
98 21.9679 10.7538 50.6138
167.535 137.845 172.58 107.699 188.407 0.457385 0.104642 0.454711 0 0.690142 0.468629 0.0714435 9.92925 7.95554
99 21.9679 10.0991 52.889
167.535 137.845 172.58 107.699 188.407 0.457385 0.104642 0.454711 0 0.690142 0.468629 0.0714435 9.92925 7.95554
100 21.9679 10.3793 47.5541
167.535 137.845 172.58 107.699 188.407 0.457385 0.104642 0.454711 0 0.690142 0.468629 0.0714435 9.92925 7.95554
