0 14.9954 4.44923 19.5168
148.13 182.362 0.473542 0.197423 0.304194 0.116952 6.82678 9.72879
1 16.5283 5.9545 24.0649
156.309 192.799 0.497675 0.215672 0.1806 0.121846 6.22178 10
2 16.5283 6.36247 26.4005
156.309 192.799 0.497675 0.215672 0.1806 0.121846 6.22178 10
3 21.4526 7.89735 38.2531
101.858 167.409 0.604698 0.195296 0.00207339 0 9.6766 8.13101
4 21.9387 9.90807 48.4698
100 165.193 0.601388 0.166853 0.0135791 0 10 7.8837
5 23.4607 11.3827 59.3576
100 164.922 0.587592 0.153098 0 0 9.68733 8.24551
6 23.4607 11.7954 63.5988
100 164.922 0.587592 0.153098 0 0 9.68733 8.24551
7 23.4607 13.3006 69.6558
100 164.922 0.587592 0.153098 0 0 9.68733 8.24551
8 23.4607 15.3446 59.9092
100 164.922 0.587592 0.153098 0 0 9.68733 8.24551
9 23.4607 15.9686 60.1713
100 164.922 0.587592 0.153098 0 0 9.68733 8.24551
10 23.4607 14.9906 65.1502
100 164.922 0.587592 0.153098 0 0 9.68733 8.24551
11 23.4785 15.7665 57.0379
100 163.8 0.565386 0.168762 0.0151154 0.00494489 9.17436 8.61719
12 23.4785 16.5203 46.4689
100 163.8 0.565386 0.168762 0.0151154 0.00494489 9.17436 8.61719
13 23.4785 16.8244 54.9197
100 163.8 0.565386 0.168762 0.0151154 0.00494489 9.17436 8.61719
14 23.5116 17.4819 48.4992
100 164.631 0.516381 0.163681 0 0.024904 9.15162 8.36663
15 23.5116 17.7362 45.217
100 164.631 0.516381 0.163681 0 0.024904 9.15162 8.36663
16 23.5116 18.8562 36.3183
100 164.631 0.516381 0.163681 0 0.024904 9.15162 8.36663
17 23.5116 17.85 51.5108
100 164.631 0.516381 0.163681 0 0.024904 9.15162 8.36663
18 23.6375 19.9175 27.2876
101.966 160.741 0.50229 0.222368 0 0.0555896 9.0231 9.50321
19 23.6375 19.6729 29.8695
101.966 160.741 0.50229 0.222368 0 0.0555896 9.0231 9.50321
20 23.6375 19.8488 20.0819
101.966 160.741 0.50229 0.222368 0 0.0555896 9.0231 9.50321
21 23.6375 19.4675 23.6493
101.966 160.741 0.50229 0.222368 0 0.0555896 9.0231 9.50321
22 23.6375 18.0071 50.9468
101.966 160.741 0.50229 0.222368 0 0.0555896 9.0231 9.50321
23 23.6375 18.1269 51.5683
101.966 160.741 0.50229 0.222368 0 0.0555896 9.0231 9.50321
24 23.6375 17.2809 62.9562
101.966 160.741 0.50229 0.222368 0 0.0555896 9.0231 9.50321
25 23.661 17.4832 57.8814
100 163.94 0.435209 0.209505 0 0.0243644 9.35802 8.55034
26 23.661 18.4483 37.8113
100 163.94 0.435209 0.209505 0 0.0243644 9.35802 8.55034
27 23.661 18.268 44.2567
100 163.94 0.435209 0.209505 0 0.0243644 9.35802 8.55034
28 23.7079 19.1893 34.1867
100.63 169.739 0.454846 0.236303 0.0250615 0.0182422 9.92742 8.72476
29 23.7079 18.8736 37.0689
100.63 169.739 0.454846 0.236303 0.0250615 0.0182422 9.92742 8.72476
30 23.7079 18.6862 40.5085
100.63 169.739 0.454846 0.236303 0.0250615 0.0182422 9.92742 8.72476
31 23.7079 19.0185 36.9804
100.63 169.739 0.454846 0.236303 0.0250615 0.0182422 9.92742 8.72476
32 23.7144 18.6724 48.214
100 165.793 0.431325 0.253071 0 0 9.46109 10
33 23.7482 19.3081 46.5675
100 165.841 0.444733 0.254694 0.00197411 0.00128795 9.33724 9.95888
34 23.7482 20.0212 40.8927
100 165.841 0.444733 0.254694 0.00197411 0.00128795 9.33724 9.95888
35 23.7482 20.3636 26.2204
100 165.841 0.444733 0.254694 0.00197411 0.00128795 9.33724 9.95888
36 23.7482 19.3509 30.024
100 165.841 0.444733 0.254694 0.00197411 0.00128795 9.33724 9.95888
37 23.7482 19.7295 27.4424
100 165.841 0.444733 0.254694 0.00197411 0.00128795 9.33724 9.95888
38 23.7766 20.3238 22.3073
101.799 165.404 0.454093 0.250862 0 0.0212523 9.44572 9.86067
39 23.7766 20.6138 15.1069
101.799 165.404 0.454093 0.250862 0 0.0212523 9.44572 9.86067
40 23.7766 19.7051 28.8463
101.799 165.404 0.454093 0.250862 0 0.0212523 9.44572 9.86067
41 23.7981 20.3096 22.4383
100 159.026 0.44583 0.276511 0 0 9.17175 10
42 23.7981 19.9817 28.4885
100 159.026 0.44583 0.276511 0 0 9.17175 10
43 23.7981 18.781 30.2288
100 159.026 0.44583 0.276511 0 0 9.17175 10
44 23.7981 18.9928 30.616
100 159.026 0.44583 0.276511 0 0 9.17175 10
45 23.7981 18.3187 38.4346
100 159.026 0.44583 0.276511 0 0 9.17175 10
46 24.1484 18.7386 38.4466
100 154.099 0.436181 0.195101 0 0 7.5615 8.42347
47 24.5536 20.3392 30.9807
112.196 142.632 0.46015 0.176785 0 0 8.13912 10
48 24.5536 19.2222 42.1489
112.196 142.632 0.46015 0.176785 0 0 8.13912 10
49 24.5536 19.3564 39.4635
112.196 142.632 0.46015 0.176785 0 0 8.13912 10
50 24.5536 18.8478 46.0294
112.196 142.632 0.46015 0.176785 0 0 8.13912 10
51 24.5536 19.2894 42.4958
112.196 142.632 0.46015 0.176785 0 0 8.13912 10
52 24.5536 19.2032 36.8048
112.196 142.632 0.46015 0.176785 0 0 8.13912 10
53 25.0514 18.925 39.4448
100 148.433 0.447904 0.119594 0 0 7.37835 8.66761
54 25.0514 18.7481 47.1832
100 148.433 0.447904 0.119594 0 0 7.37835 8.66761
55 25.0514 19.2619 44.3159
100 148.433 0.447904 0.119594 0 0 7.37835 8.66761
56 25.0514 19.6613 41.3597
100 148.433 0.447904 0.119594 0 0 7.37835 8.66761
57 25.0514 20.6142 30.6618
100 148.433 0.447904 0.119594 0 0 7.37835 8.66761
58 25.0694 20.0359 38.0237
100 144.322 0.427927 0.14507 0 0 7.47237 8.71542
59 25.0694 18.4596 55.481
100 144.322 0.427927 0.14507 0 0 7.47237 8.71542
60 25.0694 18.3512 52.2385
100 144.322 0.427927 0.14507 0 0 7.47237 8.71542
61 25.5625 19.5987 42.8442
100 123.041 0.435444 0.161674 0 0 6.56477 8.48928
62 25.6117 20.3684 33.0591
100 123.784 0.414836 0.178531 0 0.0238631 6.81314 8.54438
63 25.6253 20.6481 40.8143
101.508 115.055 0.420056 0.132062 0.0391314 0.105804 5.76921 8.422
64 25.6425 20.4634 43.067
102.225 115.451 0.418457 0.160126 0.0391921 0.0888105 5.53256 8.71451
65 25.6448 17.9537 79.8707
100 116.074 0.46709 0.21699 0 0.0313754 7.01119 8.02109
66 25.6448 18.8353 56.8125
100 116.074 0.46709 0.21699 0 0.0313754 7.01119 8.02109
67 25.6505 19.6176 50.5617
100 113.884 0.462388 0.212076 0.0145909 0.0363238 6.82803 7.97832
68 25.6505 20.5158 34.971
100 113.884 0.462388 0.212076 0.0145909 0.0363238 6.82803 7.97832
69 25.7564 20.7808 37.23
105.781 107.895 0.462548 0.270446 0.023491 0 7.03524 8.62675
70 25.7708 20.2931 51.0908
103.36 117.086 0.46257 0.240534 0.017898 0.0362365 6.8385 8.0926
71 25.9762 20.733 56.2782
100.329 106.756 0.444821 0.308728 0 0 6.76512 8.34022
72 25.9762 19.7342 58.6763
100.329 106.756 0.444821 0.308728 0 0 6.76512 8.34022
73 25.9762 20.537 45.3982
100.329 106.756 0.444821 0.308728 0 0 6.76512 8.34022
74 25.9762 21.4786 41.1373
100.329 106.756 0.444821 0.308728 0 0 6.76512 8.34022
75 25.9762 20.8013 44.319
100.329 106.756 0.444821 0.308728 0 0 6.76512 8.34022
76 25.9762 21.3702 37.3701
100.329 106.756 0.444821 0.308728 0 0 6.76512 8.34022
77 25.9762 20.7584 40.7828
100.329 106.756 0.444821 0.308728 0 0 6.76512 8.34022
78 25.9762 21.282 36.1966
100.329 106.756 0.444821 0.308728 0 0 6.76512 8.34022
79 25.9762 21.6336 35.0723
100.329 106.756 0.444821 0.308728 0 0 6.76512 8.34022
80 25.9762 21.3565 30.0147
100.329 106.756 0.444821 0.308728 0 0 6.76512 8.34022
81 25.9762 21.8629 22.7894
100.329 106.756 0.444821 0.308728 0 0 6.76512 8.34022
82 25.9762 21.1466 33.5305
100.329 106.756 0.444821 0.308728 0 0 6.76512 8.34022
83 25.9843 21.5174 27.7269
100.431 108.02 0.445989 0.312932 0.0027157 0 6.45307 8.24664
84 25.9843 21.5531 24.2291
100.431 108.02 0.445989 0.312932 0.0027157 0 6.45307 8.24664
85 25.9843 21.2407 37.9562
100.431 108.02 0.445989 0.312932 0.0027157 0 6.45307 8.24664
86 25.9843 20.48 48.7593
100.431 108.02 0.445989 0.312932 0.0027157 0 6.45307 8.24664
87 25.9843 19.8987 64.8007
100.431 108.02 0.445989 0.312932 0.0027157 0 6.45307 8.24664
88 25.9843 19.9951 60.4665
100.431 108.02 0.445989 0.312932 0.0027157 0 6.45307 8.24664
89 25.9843 20.9666 52.5713
100.431 108.02 0.445989 0.312932 0.0027157 0 6.45307 8.24664
90 25.9843 20.847 51.6222
100.431 108.02 0.445989 0.312932 0.0027157 0 6.45307 8.24664
91 25.9843 20.6947 62.9319
100.431 108.02 0.445989 0.312932 0.0027157 0 6.45307 8.24664
92 25.9843 20.8279 62.3626
100.431 108.02 0.445989 0.312932 0.0027157 0 6.45307 8.24664
93 25.9902 21.5572 48.0453
100.991 108.132 0.44961 0.315727 0 0.00113071 6.55169 8.28507
94 25.9902 21.9905 42.8057
100.991 108.132 0.44961 0.315727 0 0.00113071 6.55169 8.28507
95 25.9902 21.7758 32.9617
100.991 108.132 0.44961 0.315727 0 0.00113071 6.55169 8.28507
96 25.9902 20.9023 42.3638
100.991 108.132 0.44961 0.315727 0 0.00113071 6.55169 8.28507
97 25.9902 21.2682 29.2468
100.991 108.132 0.44961 0.315727 0 0.00113071 6.55169 8.28507
98 26.01 20.7903 32.0056
101.17 109.238 0.447713 0.316995 0 0.00420138 6.55128 8.28275
99 26.01 19.7358 62.1345
101.17 109.238 0.447713 0.316995 0 0.00420138 6.55128 8.28275
100 26.01 19.979 53.6113
101.17 109.238 0.447713 0.316995 0 0.00420138 6.55128 8.28275
