0 5.18214 0.401189 1.15116
150.909 120.512 0.50327 0.0504944 0.452746 0.0430803 9.59696 5.36671
1 13.2292 1.03901 7.6439
125.941 127.808 0.328956 0.286629 0.484402 0.0245917 10 5.08143
2 13.2292 1.32844 7.8549
125.941 127.808 0.328956 0.286629 0.484402 0.0245917 10 5.08143
3 13.2292 2.13697 11.9553
125.941 127.808 0.328956 0.286629 0.484402 0.0245917 10 5.08143
4 13.2292 3.17537 20.4616
125.941 127.808 0.328956 0.286629 0.484402 0.0245917 10 5.08143
5 13.2292 4.16719 27.6633
125.941 127.808 0.328956 0.286629 0.484402 0.0245917 10 5.08143
6 13.8055 5.10546 31.7327
114.672 126.682 0.315482 0.299017 0.445352 0.0289276 10 5.24535
7 13.8055 5.55195 28.0414
114.672 126.682 0.315482 0.299017 0.445352 0.0289276 10 5.24535
8 13.8055 4.0288 22.0117
114.672 126.682 0.315482 0.299017 0.445352 0.0289276 10 5.24535
9 14.0653 4.72731 25.3342
130.06 123.929 0.3671 0.251727 0.443166 0 9.72982 4.71295
10 14.0653 5.83544 26.2415
130.06 123.929 0.3671 0.251727 0.443166 0 9.72982 4.71295
11 14.0653 6.59108 26.5809
130.06 123.929 0.3671 0.251727 0.443166 0 9.72982 4.71295
12 15.2545 7.06971 29.5109
116.003 123.803 0.324807 0.274449 0.376793 0.0505321 9.95464 5.79479
13 15.2545 7.63327 32.7627
116.003 123.803 0.324807 0.274449 0.376793 0.0505321 9.95464 5.79479
14 15.3541 8.55931 29.6725
121.753 119.257 0.308362 0.291108 0.326491 0.0284741 9.82653 5.37339
15 15.3541 8.11896 32.5836
121.753 119.257 0.308362 0.291108 0.326491 0.0284741 9.82653 5.37339
16 15.7803 8.76312 28.7837
120.647 119.637 0.31469 0.279855 0.318431 0.0249421 9.86899 5.29529
17 15.7803 8.37746 32.7867
120.647 119.637 0.31469 0.279855 0.318431 0.0249421 9.86899 5.29529
18 16.7008 8.00689 29.4554
100 131.381 0.359812 0.234503 0.293339 0 8.23049 6.78699
19 17.1152 9.53964 31.4748
100 125.704 0.3663 0.212646 0.21758 0 8.15246 6.79881
20 17.7354 10.1076 36.9691
105.961 123.527 0.351911 0.258701 0.197454 0 8.368 6.94378
21 17.7354 10.3107 33.9856
105.961 123.527 0.351911 0.258701 0.197454 0 8.368 6.94378
22 17.7354 9.9607 39.7854
105.961 123.527 0.351911 0.258701 0.197454 0 8.368 6.94378
23 17.7354 10.6742 37.1701
105.961 123.527 0.351911 0.258701 0.197454 0 8.368 6.94378
24 17.7354 10.5549 42.7614
105.961 123.527 0.351911 0.258701 0.197454 0 8.368 6.94378
25 18.7744 11.0805 43.1764
113.507 130.137 0.390226 0.205399 0.0299411 0.0822435 7.76348 7.2629
26 18.7744 11.2102 43.624
113.507 130.137 0.390226 0.205399 0.0299411 0.0822435 7.76348 7.2629
27 18.8154 10.4681 48.3855
100 123.017 0.351408 0.234621 0.205217 0.0174915 7.52488 6.99414
28 18.8754 11.3971 39.0381
112.384 132.761 0.365522 0.243162 0.0100154 0.0390496 7.22496 6.64741
29 18.8754 11.7523 32.9531
112.384 132.761 0.365522 0.243162 0.0100154 0.0390496 7.22496 6.64741
30 18.8754 13.0118 29.8095
112.384 132.761 0.365522 0.243162 0.0100154 0.0390496 7.22496 6.64741
31 19.2308 12.2535 35.3616
100 106.354 0.413355 0.200324 0.0327904 0.141261 8.95389 5.54885
32 19.2308 12.1627 41.1496
100 106.354 0.413355 0.200324 0.0327904 0.141261 8.95389 5.54885
33 19.2308 11.8563 31.3315
100 106.354 0.413355 0.200324 0.0327904 0.141261 8.95389 5.54885
34 19.2308 11.3304 37.9086
100 106.354 0.413355 0.200324 0.0327904 0.141261 8.95389 5.54885
35 19.2308 9.72906 54.9092
100 106.354 0.413355 0.200324 0.0327904 0.141261 8.95389 5.54885
36 19.2308 9.79395 57.3859
100 106.354 0.413355 0.200324 0.0327904 0.141261 8.95389 5.54885
37 19.7393 10.0214 56.9359
110.167 109.439 0.403619 0.191377 0 0.118802 9.89109 4.92312
38 19.7393 11.5765 60.3346
110.167 109.439 0.403619 0.191377 0 0.118802 9.89109 4.92312
39 19.7393 10.2404 60.639
110.167 109.439 0.403619 0.191377 0 0.118802 9.89109 4.92312
40 19.7393 9.12565 68.3465
110.167 109.439 0.403619 0.191377 0 0.118802 9.89109 4.92312
41 19.7393 10.0933 66.9944
110.167 109.439 0.403619 0.191377 0 0.118802 9.89109 4.92312
42 19.7393 9.81146 59.9292
110.167 109.439 0.403619 0.191377 0 0.118802 9.89109 4.92312
43 20.3943 11.9755 60.6813
103.961 114.619 0.362214 0.195892 0.000842523 0.200095 8.85422 4.82463
44 20.3943 12.506 49.5037
103.961 114.619 0.362214 0.195892 0.000842523 0.200095 8.85422 4.82463
45 20.3943 10.6536 55.1488
103.961 114.619 0.362214 0.195892 0.000842523 0.200095 8.85422 4.82463
46 20.3943 10.6647 53.8857
103.961 114.619 0.362214 0.195892 0.000842523 0.200095 8.85422 4.82463
47 20.439 11.9743 53.6426
100 115.391 0.344861 0.212275 0 0.118234 8.519 5.62132
48 20.439 11.8123 46.1801
100 115.391 0.344861 0.212275 0 0.118234 8.519 5.62132
49 20.439 11.667 43.7867
100 115.391 0.344861 0.212275 0 0.118234 8.519 5.62132
50 20.4433 12.0501 54.1172
100.041 116.288 0.341622 0.204173 0.00164021 0.119149 8.38593 5.5915
51 20.9512 12.7483 46.1086
100 102.053 0.352495 0.245172 0 0.0841952 9.24504 5.20469
52 20.9512 12.1869 44.1426
100 102.053 0.352495 0.245172 0 0.0841952 9.24504 5.20469
53 20.9512 11.6761 56.3929
100 102.053 0.352495 0.245172 0 0.0841952 9.24504 5.20469
54 20.9512 12.1444 56.0742
100 102.053 0.352495 0.245172 0 0.0841952 9.24504 5.20469
55 20.9512 12.8392 48.7544
100 102.053 0.352495 0.245172 0 0.0841952 9.24504 5.20469
56 20.9512 12.2604 46.2009
100 102.053 0.352495 0.245172 0 0.0841952 9.24504 5.20469
57 20.9512 11.8103 50.3015
100 102.053 0.352495 0.245172 0 0.0841952 9.24504 5.20469
58 20.9512 11.9989 53.8631
100 102.053 0.352495 0.245172 0 0.0841952 9.24504 5.20469
59 20.9512 12.6148 50.6102
100 102.053 0.352495 0.245172 0 0.0841952 9.24504 5.20469
60 20.9512 12.191 47.3805
100 102.053 0.352495 0.245172 0 0.0841952 9.24504 5.20469
61 20.9512 12.1982 50.8489
100 102.053 0.352495 0.245172 0 0.0841952 9.24504 5.20469
62 20.9512 11.6124 56.8535
100 102.053 0.352495 0.245172 0 0.0841952 9.24504 5.20469
63 20.9512 11.5632 57.5629
100 102.053 0.352495 0.245172 0 0.0841952 9.24504 5.20469
64 20.9512 11.5177 59.762
100 102.053 0.352495 0.245172 0 0.0841952 9.24504 5.20469
65 20.9596 13.1896 52.8851
100 102.318 0.349936 0.239653 0.00164526 0.0862438 9.23933 5.19085
66 20.9596 12.553 49.438
100 102.318 0.349936 0.239653 0.00164526 0.0862438 9.23933 5.19085
67 20.9596 13.0747 49.4857
100 102.318 0.349936 0.239653 0.00164526 0.0862438 9.23933 5.19085
68 20.9596 12.8844 43.191
100 102.318 0.349936 0.239653 0.00164526 0.0862438 9.23933 5.19085
69 20.9596 10.9844 63.8342
100 102.318 0.349936 0.239653 0.00164526 0.0862438 9.23933 5.19085
70 20.9596 10.951 60.9825
100 102.318 0.349936 0.239653 0.00164526 0.0862438 9.23933 5.19085
71 20.9596 11.5504 63.8609
100 102.318 0.349936 0.239653 0.00164526 0.0862438 9.23933 5.19085
72 20.9596 12.1491 60.5425
100 102.318 0.349936 0.239653 0.00164526 0.0862438 9.23933 5.19085
73 20.9596 12.9718 59.4233
100 102.318 0.349936 0.239653 0.00164526 0.0862438 9.23933 5.19085
74 20.9596 12.405 69.161
100 102.318 0.349936 0.239653 0.00164526 0.0862438 9.23933 5.19085
75 20.9596 12.7233 60.2284
100 102.318 0.349936 0.239653 0.00164526 0.0862438 9.23933 5.19085
76 20.9596 11.7979 61.9095
100 102.318 0.349936 0.239653 0.00164526 0.0862438 9.23933 5.19085
77 20.9596 12.0881 64.1391
100 102.318 0.349936 0.239653 0.00164526 0.0862438 9.23933 5.19085
78 20.9736 13.2459 50.07
100 101.503 0.349802 0.246177 0 0.0870049 9.22229 5.28953
79 20.9736 14.2604 44.8106
100 101.503 0.349802 0.246177 0 0.0870049 9.22229 5.28953
80 20.9736 13.5724 53.8447
100 101.503 0.349802 0.246177 0 0.0870049 9.22229 5.28953
81 20.9736 12.2717 59.0504
100 101.503 0.349802 0.246177 0 0.0870049 9.22229 5.28953
82 20.9736 12.8163 61.1247
100 101.503 0.349802 0.246177 0 0.0870049 9.22229 5.28953
83 20.9736 12.42 54.2516
100 101.503 0.349802 0.246177 0 0.0870049 9.22229 5.28953
84 20.9736 11.2301 61.4449
100 101.503 0.349802 0.246177 0 0.0870049 9.22229 5.28953
85 20.9736 10.5026 64.035
100 101.503 0.349802 0.246177 0 0.0870049 9.22229 5.28953
86 20.9736 10.2827 67.5139
100 101.503 0.349802 0.246177 0 0.0870049 9.22229 5.28953
87 20.9736 10.6241 58.1278
100 101.503 0.349802 0.246177 0 0.0870049 9.22229 5.28953
88 20.9736 11.0017 68.2725
100 101.503 0.349802 0.246177 0 0.0870049 9.22229 5.28953
89 20.9736 12.1653 65.9722
100 101.503 0.349802 0.246177 0 0.0870049 9.22229 5.28953
90 20.9854 11.449 66.9818
100 100.22 0.341376 0.225729 0 0.116244 8.95037 5.32205
91 20.9854 11.1752 52.1313
100 100.22 0.341376 0.225729 0 0.116244 8.95037 5.32205
92 20.9854 12.0002 53.6655
100 100.22 0.341376 0.225729 0 0.116244 8.95037 5.32205
93 20.9854 13.933 40.9698
100 100.22 0.341376 0.225729 0 0.116244 8.95037 5.32205
94 20.9854 14.1134 42.6163
100 100.22 0.341376 0.225729 0 0.116244 8.95037 5.32205
95 20.9854 13.8097 34.9025
100 100.22 0.341376 0.225729 0 0.116244 8.95037 5.32205
96 20.9854 12.8313 45.0155
100 100.22 0.341376 0.225729 0 0.116244 8.95037 5.32205
97 20.9854 12.5884 57.97
100 100.22 0.341376 0.225729 0 0.116244 8.95037 5.32205
98 20.9854 12.5334 54.8769
100 100.22 0.341376 0.225729 0 0.116244 8.95037 5.32205
99 20.9854 12.0401 60.3251
100 100.22 0.341376 0.225729 0 0.116244 8.95037 5.32205
100 20.9854 11.4863 61.4203
100 100.22 0.341376 0.225729 0 0.116244 8.95037 5.32205
