0 0.14 0.04482 0.00297517
164.678 127.144 0.206173 0.0266168 0.102689 0.894326 7.29947 9.696
1 0.25 0.05942 0.00429033
186.558 200 0 0.480628 0.930718 0.253365 0 3.89418
2 0.609562 0.0913359 0.0161182
176.518 140 0.288588 0 0.497735 0.07202 3.25371 10
3 0.609566 0.117467 0.0212217
177.447 149.828 0.217333 0 0.394073 0 1.10744 10
4 0.609664 0.143631 0.0301598
185.332 153.275 0.0156087 0 0.30536 0.0351683 2.33978 9.73476
5 0.609737 0.212787 0.0510221
193.469 182.331 0.515493 0 0.991506 0.371231 7.28914 7.41167
6 2.6485 0.261446 0.168747
192.882 149.976 0.253568 0.0226481 0.38367 0 0.311754 9.20171
7 5.10748 0.377956 0.63778
192.044 152.104 0.246683 0.00294939 0.40523 0 0.0697776 9.17886
8 5.10748 0.460052 0.827612
192.044 152.104 0.246683 0.00294939 0.40523 0 0.0697776 9.17886
9 5.10748 0.563624 0.995018
192.044 152.104 0.246683 0.00294939 0.40523 0 0.0697776 9.17886
10 5.10748 0.718346 1.31414
192.044 152.104 0.246683 0.00294939 0.40523 0 0.0697776 9.17886
11 5.10748 0.914005 1.55673
192.044 152.104 0.246683 0.00294939 0.40523 0 0.0697776 9.17886
12 5.12764 1.13804 2.23346
190.179 137.387 0.182665 0.00443119 0.425077 0.00827263 0.413715 9.8095
13 5.12764 1.33079 2.86472
190.179 137.387 0.182665 0.00443119 0.425077 0.00827263 0.413715 9.8095
14 5.12764 1.64415 3.78873
190.179 137.387 0.182665 0.00443119 0.425077 0.00827263 0.413715 9.8095
15 5.12764 1.64807 3.51459
190.179 137.387 0.182665 0.00443119 0.425077 0.00827263 0.413715 9.8095
16 5.12837 1.62261 2.94304
192.33 153.955 0.254873 0.0117438 0.414382 0.0108062 0.0362034 9.00812
17 5.14291 1.67433 3.43404
199.959 156.326 0.480638 0.0148221 0.192778 0.126917 0.0422725 6.51288
18 5.14291 1.86127 3.06954
199.959 156.326 0.480638 0.0148221 0.192778 0.126917 0.0422725 6.51288
19 5.14291 1.81535 3.42656
199.959 156.326 0.480638 0.0148221 0.192778 0.126917 0.0422725 6.51288
20 5.14425 1.82699 3.23479
200 154.182 0.473799 0.0157615 0.200279 0.152401 0.0406518 7.10195
21 5.14425 1.68843 2.98235
200 154.182 0.473799 0.0157615 0.200279 0.152401 0.0406518 7.10195
22 5.14425 1.60069 3.11955
200 154.182 0.473799 0.0157615 0.200279 0.152401 0.0406518 7.10195
23 5.14425 1.6298 3.2286
200 154.182 0.473799 0.0157615 0.200279 0.152401 0.0406518 7.10195
24 5.14425 2.03231 3.93538
200 154.182 0.473799 0.0157615 0.200279 0.152401 0.0406518 7.10195
25 5.14425 2.04314 2.90827
200 154.182 0.473799 0.0157615 0.200279 0.152401 0.0406518 7.10195
26 5.14425 2.13939 3.94877
200 154.182 0.473799 0.0157615 0.200279 0.152401 0.0406518 7.10195
27 5.14425 1.90844 3.28423
200 154.182 0.473799 0.0157615 0.200279 0.152401 0.0406518 7.10195
28 5.14425 2.00983 3.71926
200 154.182 0.473799 0.0157615 0.200279 0.152401 0.0406518 7.10195
29 5.14425 1.67971 2.74909
200 154.182 0.473799 0.0157615 0.200279 0.152401 0.0406518 7.10195
30 5.14425 1.88385 3.33649
200 154.182 0.473799 0.0157615 0.200279 0.152401 0.0406518 7.10195
31 5.14425 1.89258 3.06501
200 154.182 0.473799 0.0157615 0.200279 0.152401 0.0406518 7.10195
32 5.14425 1.94969 3.25484
200 154.182 0.473799 0.0157615 0.200279 0.152401 0.0406518 7.10195
33 5.14425 2.00504 3.22937
200 154.182 0.473799 0.0157615 0.200279 0.152401 0.0406518 7.10195
34 5.14425 1.86947 2.86775
200 154.182 0.473799 0.0157615 0.200279 0.152401 0.0406518 7.10195
35 5.14425 2.18032 3.31005
200 154.182 0.473799 0.0157615 0.200279 0.152401 0.0406518 7.10195
36 5.14425 1.98251 3.27242
200 154.182 0.473799 0.0157615 0.200279 0.152401 0.0406518 7.10195
37 5.14425 1.8565 3.13543
200 154.182 0.473799 0.0157615 0.200279 0.152401 0.0406518 7.10195
38 5.14425 1.90836 2.87592
200 154.182 0.473799 0.0157615 0.200279 0.152401 0.0406518 7.10195
39 5.14425 1.92675 2.67904
200 154.182 0.473799 0.0157615 0.200279 0.152401 0.0406518 7.10195
40 5.14425 2.02795 2.67992
200 154.182 0.473799 0.0157615 0.200279 0.152401 0.0406518 7.10195
41 5.14425 2.14807 2.96341
200 154.182 0.473799 0.0157615 0.200279 0.152401 0.0406518 7.10195
42 5.14425 1.98131 2.78854
200 154.182 0.473799 0.0157615 0.200279 0.152401 0.0406518 7.10195
43 5.14425 2.17487 2.98722
200 154.182 0.473799 0.0157615 0.200279 0.152401 0.0406518 7.10195
44 5.14425 2.11974 3.25917
200 154.182 0.473799 0.0157615 0.200279 0.152401 0.0406518 7.10195
45 5.14425 2.09968 2.60765
200 154.182 0.473799 0.0157615 0.200279 0.152401 0.0406518 7.10195
46 5.14425 2.16155 3.26016
200 154.182 0.473799 0.0157615 0.200279 0.152401 0.0406518 7.10195
47 5.14425 2.01632 2.94034
200 154.182 0.473799 0.0157615 0.200279 0.152401 0.0406518 7.10195
48 5.14425 2.11788 3.29998
200 154.182 0.473799 0.0157615 0.200279 0.152401 0.0406518 7.10195
49 5.14425 2.08928 3.08307
200 154.182 0.473799 0.0157615 0.200279 0.152401 0.0406518 7.10195
50 5.14425 2.092 2.59743
200 154.182 0.473799 0.0157615 0.200279 0.152401 0.0406518 7.10195
51 5.14425 1.89676 2.76584
200 154.182 0.473799 0.0157615 0.200279 0.152401 0.0406518 7.10195
52 5.14425 2.01334 3.175
200 154.182 0.473799 0.0157615 0.200279 0.152401 0.0406518 7.10195
53 5.14425 1.97004 2.72088
200 154.182 0.473799 0.0157615 0.200279 0.152401 0.0406518 7.10195
54 5.14425 1.86768 2.85058
200 154.182 0.473799 0.0157615 0.200279 0.152401 0.0406518 7.10195
55 5.14425 2.08629 3.03751
200 154.182 0.473799 0.0157615 0.200279 0.152401 0.0406518 7.10195
56 5.14432 2.00011 3.63668
199.973 156.281 0.479475 0.015867 0.193284 0.129843 0.0393829 6.51961
57 5.14432 1.97078 3.10307
199.973 156.281 0.479475 0.015867 0.193284 0.129843 0.0393829 6.51961
58 5.14468 1.72326 2.93402
199.98 156.286 0.483508 0.0177534 0.196749 0.130084 0.0175313 6.48136
59 5.14468 1.92908 2.98973
199.98 156.286 0.483508 0.0177534 0.196749 0.130084 0.0175313 6.48136
60 5.14468 1.83208 2.86784
199.98 156.286 0.483508 0.0177534 0.196749 0.130084 0.0175313 6.48136
61 5.14468 2.0266 3.35847
199.98 156.286 0.483508 0.0177534 0.196749 0.130084 0.0175313 6.48136
62 5.14468 2.18163 3.70551
199.98 156.286 0.483508 0.0177534 0.196749 0.130084 0.0175313 6.48136
63 5.14468 2.02329 2.70865
199.98 156.286 0.483508 0.0177534 0.196749 0.130084 0.0175313 6.48136
64 5.14468 2.07877 3.34709
199.98 156.286 0.483508 0.0177534 0.196749 0.130084 0.0175313 6.48136
65 5.14468 2.06372 2.99807
199.98 156.286 0.483508 0.0177534 0.196749 0.130084 0.0175313 6.48136
66 5.14468 1.98128 3.26081
199.98 156.286 0.483508 0.0177534 0.196749 0.130084 0.0175313 6.48136
67 5.14468 2.12098 3.01372
199.98 156.286 0.483508 0.0177534 0.196749 0.130084 0.0175313 6.48136
68 5.14468 2.09421 3.02012
199.98 156.286 0.483508 0.0177534 0.196749 0.130084 0.0175313 6.48136
69 5.14468 1.94025 2.98565
199.98 156.286 0.483508 0.0177534 0.196749 0.130084 0.0175313 6.48136
70 5.14468 2.04293 3.52332
199.98 156.286 0.483508 0.0177534 0.196749 0.130084 0.0175313 6.48136
71 5.14468 1.84779 2.57942
199.98 156.286 0.483508 0.0177534 0.196749 0.130084 0.0175313 6.48136
72 5.14468 1.95385 2.47982
199.98 156.286 0.483508 0.0177534 0.196749 0.130084 0.0175313 6.48136
73 5.14468 2.21458 2.62059
199.98 156.286 0.483508 0.0177534 0.196749 0.130084 0.0175313 6.48136
74 5.14468 2.18158 2.75372
199.98 156.286 0.483508 0.0177534 0.196749 0.130084 0.0175313 6.48136
75 5.14468 2.28523 2.51876
199.98 156.286 0.483508 0.0177534 0.196749 0.130084 0.0175313 6.48136
76 5.14468 2.10512 2.57232
199.98 156.286 0.483508 0.0177534 0.196749 0.130084 0.0175313 6.48136
77 5.14468 2.46153 3.43227
199.98 156.286 0.483508 0.0177534 0.196749 0.130084 0.0175313 6.48136
78 5.14468 1.99975 2.67859
199.98 156.286 0.483508 0.0177534 0.196749 0.130084 0.0175313 6.48136
79 5.14468 2.12595 3.11082
199.98 156.286 0.483508 0.0177534 0.196749 0.130084 0.0175313 6.48136
80 5.14468 1.98165 2.76314
199.98 156.286 0.483508 0.0177534 0.196749 0.130084 0.0175313 6.48136
81 5.14468 2.32647 3.83086
199.98 156.286 0.483508 0.0177534 0.196749 0.130084 0.0175313 6.48136
82 5.14519 2.19955 3.05635
199.7 129.123 0.390426 0.00582354 0.552551 0.191479 0.412817 10
83 5.14519 2.29932 3.32779
199.7 129.123 0.390426 0.00582354 0.552551 0.191479 0.412817 10
84 5.14519 1.95322 3.25155
199.7 129.123 0.390426 0.00582354 0.552551 0.191479 0.412817 10
85 5.14519 2.10538 2.77694
199.7 129.123 0.390426 0.00582354 0.552551 0.191479 0.412817 10
86 5.14519 2.1866 3.32394
199.7 129.123 0.390426 0.00582354 0.552551 0.191479 0.412817 10
87 5.14519 2.01513 2.66157
199.7 129.123 0.390426 0.00582354 0.552551 0.191479 0.412817 10
88 5.14519 2.10433 2.60444
199.7 129.123 0.390426 0.00582354 0.552551 0.191479 0.412817 10
89 5.14519 2.02707 2.87411
199.7 129.123 0.390426 0.00582354 0.552551 0.191479 0.412817 10
90 5.14519 2.14066 3.53477
199.7 129.123 0.390426 0.00582354 0.552551 0.191479 0.412817 10
91 5.14519 1.9226 3.22202
199.7 129.123 0.390426 0.00582354 0.552551 0.191479 0.412817 10
92 5.14519 1.96536 2.65887
199.7 129.123 0.390426 0.00582354 0.552551 0.191479 0.412817 10
93 5.14519 1.85638 2.84126
199.7 129.123 0.390426 0.00582354 0.552551 0.191479 0.412817 10
94 5.14519 1.80549 2.90547
199.7 129.123 0.390426 0.00582354 0.552551 0.191479 0.412817 10
95 5.14519 2.03263 3.22225
199.7 129.123 0.390426 0.00582354 0.552551 0.191479 0.412817 10
96 5.14519 2.15173 2.91953
199.7 129.123 0.390426 0.00582354 0.552551 0.191479 0.412817 10
97 5.14519 2.09752 2.83329
199.7 129.123 0.390426 0.00582354 0.552551 0.191479 0.412817 10
98 5.14519 2.18302 2.97337
199.7 129.123 0.390426 0.00582354 0.552551 0.191479 0.412817 10
99 5.14519 2.10935 2.78179
199.7 129.123 0.390426 0.00582354 0.552551 0.191479 0.412817 10
100 5.14519 2.36598 3.1693
199.7 129.123 0.390426 0.00582354 0.552551 0.191479 0.412817 10
