0 26.116 4.21071 68.979
129.997 152.181 0.122915 0.0507259 0.3567 0.340303 5.50125 5.29822
1 26.116 5.58327 105.286
129.997 152.181 0.122915 0.0507259 0.3567 0.340303 5.50125 5.29822
2 26.5696 7.55831 127.378
118.703 155.123 0.0797584 0.0698706 0.337178 0.322244 5.29125 5.41779
3 27.0491 10.264 153.701
120.534 144.226 0.114406 0.10067 0.270649 0.275217 5.97935 4.50648
4 27.0491 12.5763 167.082
120.534 144.226 0.114406 0.10067 0.270649 0.275217 5.97935 4.50648
5 27.0491 12.5339 147.167
120.534 144.226 0.114406 0.10067 0.270649 0.275217 5.97935 4.50648
6 27.1869 16.0203 154.561
142.49 150.214 0.0483394 0.112372 0.283634 0.279742 4.4879 5.55433
7 27.1869 14.8304 153.007
142.49 150.214 0.0483394 0.112372 0.283634 0.279742 4.4879 5.55433
8 27.5236 17.5701 139.066
126.43 139.89 0.089853 0.0470292 0.387049 0.430378 5.97894 5.25978
9 27.8013 18.6867 137.855
117.069 143.651 0.050037 0.104067 0.307712 0.315237 4.95264 4.74125
10 27.8013 16.3847 138.798
117.069 143.651 0.050037 0.104067 0.307712 0.315237 4.95264 4.74125
11 28.0991 18.1584 133.46
137.314 151.367 0.044262 0.160066 0.297473 0.186167 4.62178 4.88055
12 28.6054 19.0148 134.364
117.366 142.3 0.0444471 0.121033 0.3144 0.304679 5.01024 4.74015
13 28.6054 16.2199 138.871
117.366 142.3 0.0444471 0.121033 0.3144 0.304679 5.01024 4.74015
14 28.6054 19.7413 117.823
117.366 142.3 0.0444471 0.121033 0.3144 0.304679 5.01024 4.74015
15 30.1711 21.1716 98.2403
120.883 143.562 0.0390505 0.137956 0.301805 0.318261 4.71721 4.56718
16 30.1711 19.9616 110.084
120.883 143.562 0.0390505 0.137956 0.301805 0.318261 4.71721 4.56718
17 30.1711 20.8673 90.81
120.883 143.562 0.0390505 0.137956 0.301805 0.318261 4.71721 4.56718
18 30.1711 20.2711 103.333
120.883 143.562 0.0390505 0.137956 0.301805 0.318261 4.71721 4.56718
19 30.1711 18.9633 126.177
120.883 143.562 0.0390505 0.137956 0.301805 0.318261 4.71721 4.56718
20 30.1711 18.3003 150.505
120.883 143.562 0.0390505 0.137956 0.301805 0.318261 4.71721 4.56718
21 30.1711 20.359 106.629
120.883 143.562 0.0390505 0.137956 0.301805 0.318261 4.71721 4.56718
22 30.8697 19.1208 138.585
118.029 143.675 0.0406428 0.254493 0.120907 0.127452 4.0446 5.60142
23 30.8697 17.0101 151.61
118.029 143.675 0.0406428 0.254493 0.120907 0.127452 4.0446 5.60142
24 30.8697 12.2364 178.457
118.029 143.675 0.0406428 0.254493 0.120907 0.127452 4.0446 5.60142
25 30.8697 15.5911 172.695
118.029 143.675 0.0406428 0.254493 0.120907 0.127452 4.0446 5.60142
26 30.8697 16.5644 157.197
118.029 143.675 0.0406428 0.254493 0.120907 0.127452 4.0446 5.60142
27 30.8697 15.998 174.656
118.029 143.675 0.0406428 0.254493 0.120907 0.127452 4.0446 5.60142
28 32.0642 17.8789 147.322
125.014 128.105 0.108875 0.186612 0.0635093 0.292555 4.77654 5.45688
29 32.0642 15.2446 181.207
125.014 128.105 0.108875 0.186612 0.0635093 0.292555 4.77654 5.45688
30 32.0642 20.1594 128.917
125.014 128.105 0.108875 0.186612 0.0635093 0.292555 4.77654 5.45688
31 32.0642 16.7658 159.911
125.014 128.105 0.108875 0.186612 0.0635093 0.292555 4.77654 5.45688
32 32.0642 20.2381 121.31
125.014 128.105 0.108875 0.186612 0.0635093 0.292555 4.77654 5.45688
33 32.0642 20.2636 119.771
125.014 128.105 0.108875 0.186612 0.0635093 0.292555 4.77654 5.45688
34 32.0642 15.3212 166.199
125.014 128.105 0.108875 0.186612 0.0635093 0.292555 4.77654 5.45688
35 32.0642 22.5025 88.8
125.014 128.105 0.108875 0.186612 0.0635093 0.292555 4.77654 5.45688
36 32.0642 19.2517 143.528
125.014 128.105 0.108875 0.186612 0.0635093 0.292555 4.77654 5.45688
37 32.0642 19.2967 142.442
125.014 128.105 0.108875 0.186612 0.0635093 0.292555 4.77654 5.45688
38 32.0642 19.1952 142.23
125.014 128.105 0.108875 0.186612 0.0635093 0.292555 4.77654 5.45688
39 36.7993 19.9138 160.368
125.39 128.997 0.106332 0.184313 0.0616103 0.282532 4.84312 5.45019
40 36.7993 19.6629 166.397
125.39 128.997 0.106332 0.184313 0.0616103 0.282532 4.84312 5.45019
41 36.7993 20.1484 165.246
125.39 128.997 0.106332 0.184313 0.0616103 0.282532 4.84312 5.45019
42 36.7993 21.7484 122.926
125.39 128.997 0.106332 0.184313 0.0616103 0.282532 4.84312 5.45019
43 36.7993 20.629 147.133
125.39 128.997 0.106332 0.184313 0.0616103 0.282532 4.84312 5.45019
44 36.7993 19.4968 173.312
125.39 128.997 0.106332 0.184313 0.0616103 0.282532 4.84312 5.45019
45 36.7993 20.1877 188.05
125.39 128.997 0.106332 0.184313 0.0616103 0.282532 4.84312 5.45019
46 36.7993 21.253 156.905
125.39 128.997 0.106332 0.184313 0.0616103 0.282532 4.84312 5.45019
47 36.7993 22.3553 130.684
125.39 128.997 0.106332 0.184313 0.0616103 0.282532 4.84312 5.45019
48 36.7993 21.0204 156.103
125.39 128.997 0.106332 0.184313 0.0616103 0.282532 4.84312 5.45019
49 36.7993 23.325 104.819
125.39 128.997 0.106332 0.184313 0.0616103 0.282532 4.84312 5.45019
50 36.7993 24.8511 80.8138
125.39 128.997 0.106332 0.184313 0.0616103 0.282532 4.84312 5.45019
51 36.7993 24.7992 67.175
125.39 128.997 0.106332 0.184313 0.0616103 0.282532 4.84312 5.45019
52 36.7993 24.7291 66.7135
125.39 128.997 0.106332 0.184313 0.0616103 0.282532 4.84312 5.45019
53 36.7993 25.0363 79.5205
125.39 128.997 0.106332 0.184313 0.0616103 0.282532 4.84312 5.45019
54 37.5762 24.3664 100.109
125.813 128.842 0.103793 0.181061 0.0553243 0.284237 4.79518 5.47667
55 37.5762 22.7005 136.248
125.813 128.842 0.103793 0.181061 0.0553243 0.284237 4.79518 5.47667
56 37.5762 23.5273 116.755
125.813 128.842 0.103793 0.181061 0.0553243 0.284237 4.79518 5.47667
57 37.5762 21.4757 175.351
125.813 128.842 0.103793 0.181061 0.0553243 0.284237 4.79518 5.47667
58 37.5762 21.2623 166.014
125.813 128.842 0.103793 0.181061 0.0553243 0.284237 4.79518 5.47667
59 37.5762 20.3907 173.534
125.813 128.842 0.103793 0.181061 0.0553243 0.284237 4.79518 5.47667
60 37.5762 20.0136 180.456
125.813 128.842 0.103793 0.181061 0.0553243 0.284237 4.79518 5.47667
61 37.5762 21.0761 153.884
125.813 128.842 0.103793 0.181061 0.0553243 0.284237 4.79518 5.47667
62 37.5762 21.1833 155.819
125.813 128.842 0.103793 0.181061 0.0553243 0.284237 4.79518 5.47667
63 37.5762 21.9308 140.58
125.813 128.842 0.103793 0.181061 0.0553243 0.284237 4.79518 5.47667
64 37.6453 19.6968 201.15
125.791 128.852 0.104025 0.181532 0.0548148 0.284011 4.79431 5.48093
65 37.6453 19.7858 181.438
125.791 128.852 0.104025 0.181532 0.0548148 0.284011 4.79431 5.48093
66 37.6453 18.5541 195.88
125.791 128.852 0.104025 0.181532 0.0548148 0.284011 4.79431 5.48093
67 37.6453 22.0514 179.844
125.791 128.852 0.104025 0.181532 0.0548148 0.284011 4.79431 5.48093
68 37.6453 21.6934 170.191
125.791 128.852 0.104025 0.181532 0.0548148 0.284011 4.79431 5.48093
69 37.6453 20.5902 173.156
125.791 128.852 0.104025 0.181532 0.0548148 0.284011 4.79431 5.48093
70 37.6453 20.5997 165.645
125.791 128.852 0.104025 0.181532 0.0548148 0.284011 4.79431 5.48093
71 38.9038 24.314 124.766
125.73 128.727 0.104 0.183057 0.0547303 0.285146 4.79861 5.4887
72 38.9038 24.0593 130.436
125.73 128.727 0.104 0.183057 0.0547303 0.285146 4.79861 5.4887
73 38.9038 22.5039 160.497
125.73 128.727 0.104 0.183057 0.0547303 0.285146 4.79861 5.4887
74 38.9038 23.4943 122.546
125.73 128.727 0.104 0.183057 0.0547303 0.285146 4.79861 5.4887
75 38.9038 22.665 137.851
125.73 128.727 0.104 0.183057 0.0547303 0.285146 4.79861 5.4887
76 38.9038 20.7412 149.848
125.73 128.727 0.104 0.183057 0.0547303 0.285146 4.79861 5.4887
77 38.9038 20.1783 168.918
125.73 128.727 0.104 0.183057 0.0547303 0.285146 4.79861 5.4887
78 38.9038 23.2613 135.923
125.73 128.727 0.104 0.183057 0.0547303 0.285146 4.79861 5.4887
79 38.9038 21.649 157.902
125.73 128.727 0.104 0.183057 0.0547303 0.285146 4.79861 5.4887
80 38.9038 20.5046 171.432
125.73 128.727 0.104 0.183057 0.0547303 0.285146 4.79861 5.4887
81 38.9038 20.3633 165.339
125.73 128.727 0.104 0.183057 0.0547303 0.285146 4.79861 5.4887
82 38.9038 21.9195 140.509
125.73 128.727 0.104 0.183057 0.0547303 0.285146 4.79861 5.4887
83 38.9038 22.0992 133.93
125.73 128.727 0.104 0.183057 0.0547303 0.285146 4.79861 5.4887
84 38.9038 23.7496 118.962
125.73 128.727 0.104 0.183057 0.0547303 0.285146 4.79861 5.4887
85 38.9038 23.5921 142.961
125.73 128.727 0.104 0.183057 0.0547303 0.285146 4.79861 5.4887
86 38.9038 23.3337 151.638
125.73 128.727 0.104 0.183057 0.0547303 0.285146 4.79861 5.4887
87 38.9038 19.2501 208.522
125.73 128.727 0.104 0.183057 0.0547303 0.285146 4.79861 5.4887
88 38.9038 19.9875 197.373
125.73 128.727 0.104 0.183057 0.0547303 0.285146 4.79861 5.4887
89 38.9038 22.1752 152.065
125.73 128.727 0.104 0.183057 0.0547303 0.285146 4.79861 5.4887
90 38.9038 21.3198 161.305
125.73 128.727 0.104 0.183057 0.0547303 0.285146 4.79861 5.4887
91 38.9038 23.168 154.925
125.73 128.727 0.104 0.183057 0.0547303 0.285146 4.79861 5.4887
92 38.9038 25.117 78.3618
125.73 128.727 0.104 0.183057 0.0547303 0.285146 4.79861 5.4887
93 38.9038 25.2919 76.9418
125.73 128.727 0.104 0.183057 0.0547303 0.285146 4.79861 5.4887
94 39.4185 26.7356 64.2694
125.748 128.672 0.103055 0.183519 0.0546918 0.28581 4.79782 5.4656
95 39.4185 24.8925 132.612
125.748 128.672 0.103055 0.183519 0.0546918 0.28581 4.79782 5.4656
96 39.4185 22.8129 138.698
125.748 128.672 0.103055 0.183519 0.0546918 0.28581 4.79782 5.4656
97 39.4185 22.5781 144.205
125.748 128.672 0.103055 0.183519 0.0546918 0.28581 4.79782 5.4656
98 39.4185 22.7164 149.799
125.748 128.672 0.103055 0.183519 0.0546918 0.28581 4.79782 5.4656
99 39.4185 22.6724 150.264
125.748 128.672 0.103055 0.183519 0.0546918 0.28581 4.79782 5.4656
100 39.4185 20.8458 169.201
125.748 128.672 0.103055 0.183519 0.0546918 0.28581 4.79782 5.4656
