0 26.6674 5.41079 85.1352
132.906 187.386 0.223814 0.0114511 0.0359029 0.420255 6.23373 6.98161
1 26.6674 8.79054 123.498
132.906 187.386 0.223814 0.0114511 0.0359029 0.420255 6.23373 6.98161
2 27.2681 10.5754 153.271
135.514 181.356 0.176498 0.0141868 0.0299526 0.42724 6.60587 6.49264
3 27.2941 12.2108 164.179
124.327 170.479 0.134743 0.108041 0.0960489 0.457725 6.48876 6.70151
4 27.3105 14.7965 164.527
124.336 170.474 0.135126 0.107922 0.0967383 0.457416 6.49007 6.7062
5 27.4539 15.0988 163.366
124.04 168.969 0.213997 0.0839067 0.0561192 0.442288 6.80982 5.64605
6 29.7662 18.0707 156.614
127.049 182.384 0.205717 0.03002 0 0.480011 7.13721 6.55885
7 29.7662 20.0486 135.792
127.049 182.384 0.205717 0.03002 0 0.480011 7.13721 6.55885
8 29.9444 21.5596 125.415
124.297 186.559 0.206239 0.0411297 0.0104754 0.505556 6.89454 6.10894
9 30.2873 22.8051 100.156
130.693 146.753 0.161186 0.0445107 0.0937502 0.576027 6.29344 5.19141
10 30.2873 22.6268 98.5961
130.693 146.753 0.161186 0.0445107 0.0937502 0.576027 6.29344 5.19141
11 30.2873 22.4879 108.576
130.693 146.753 0.161186 0.0445107 0.0937502 0.576027 6.29344 5.19141
12 30.2873 20.7256 120.604
130.693 146.753 0.161186 0.0445107 0.0937502 0.576027 6.29344 5.19141
13 30.2873 21.9164 102.629
130.693 146.753 0.161186 0.0445107 0.0937502 0.576027 6.29344 5.19141
14 30.2873 23.9689 73.2536
130.693 146.753 0.161186 0.0445107 0.0937502 0.576027 6.29344 5.19141
15 30.2873 22.3248 90.8528
130.693 146.753 0.161186 0.0445107 0.0937502 0.576027 6.29344 5.19141
16 30.2873 22.609 86.7572
130.693 146.753 0.161186 0.0445107 0.0937502 0.576027 6.29344 5.19141
17 30.2873 19.7372 139.679
130.693 146.753 0.161186 0.0445107 0.0937502 0.576027 6.29344 5.19141
18 30.2873 20.6397 127.622
130.693 146.753 0.161186 0.0445107 0.0937502 0.576027 6.29344 5.19141
19 30.3398 22.1196 110.436
130.408 146.314 0.149202 0.0424026 0.0908497 0.580091 6.28218 5.08967
20 30.3398 23.5616 81.5944
130.408 146.314 0.149202 0.0424026 0.0908497 0.580091 6.28218 5.08967
21 30.3398 23.3859 69.7351
130.408 146.314 0.149202 0.0424026 0.0908497 0.580091 6.28218 5.08967
22 30.3398 20.0389 104.731
130.408 146.314 0.149202 0.0424026 0.0908497 0.580091 6.28218 5.08967
23 30.8134 22.5045 87.6307
131.013 145.729 0.150821 0.0443204 0.0928861 0.584812 6.26609 5.2329
24 30.8134 21.8493 83.6561
131.013 145.729 0.150821 0.0443204 0.0928861 0.584812 6.26609 5.2329
25 30.8134 24.2 66.7091
131.013 145.729 0.150821 0.0443204 0.0928861 0.584812 6.26609 5.2329
26 30.8134 23.613 69.2776
131.013 145.729 0.150821 0.0443204 0.0928861 0.584812 6.26609 5.2329
27 30.8134 24.314 58.4352
131.013 145.729 0.150821 0.0443204 0.0928861 0.584812 6.26609 5.2329
28 30.8134 23.7695 73.9917
131.013 145.729 0.150821 0.0443204 0.0928861 0.584812 6.26609 5.2329
29 30.8134 24.6173 61.4301
131.013 145.729 0.150821 0.0443204 0.0928861 0.584812 6.26609 5.2329
30 30.8134 22.9057 72.3978
131.013 145.729 0.150821 0.0443204 0.0928861 0.584812 6.26609 5.2329
31 30.8134 22.3599 75.1644
131.013 145.729 0.150821 0.0443204 0.0928861 0.584812 6.26609 5.2329
32 30.8134 23.2741 61.3448
131.013 145.729 0.150821 0.0443204 0.0928861 0.584812 6.26609 5.2329
33 30.8134 23.4488 59.8343
131.013 145.729 0.150821 0.0443204 0.0928861 0.584812 6.26609 5.2329
34 30.8134 21.1157 106.774
131.013 145.729 0.150821 0.0443204 0.0928861 0.584812 6.26609 5.2329
35 30.8134 21.8136 82.7657
131.013 145.729 0.150821 0.0443204 0.0928861 0.584812 6.26609 5.2329
36 30.8134 22.5671 84.4453
131.013 145.729 0.150821 0.0443204 0.0928861 0.584812 6.26609 5.2329
37 30.8134 24.0157 58.3353
131.013 145.729 0.150821 0.0443204 0.0928861 0.584812 6.26609 5.2329
38 30.8134 24.1493 62.7561
131.013 145.729 0.150821 0.0443204 0.0928861 0.584812 6.26609 5.2329
39 30.8134 24.0963 37.6112
131.013 145.729 0.150821 0.0443204 0.0928861 0.584812 6.26609 5.2329
40 30.8134 21.8019 95.9099
131.013 145.729 0.150821 0.0443204 0.0928861 0.584812 6.26609 5.2329
41 30.8134 21.1189 93.2495
131.013 145.729 0.150821 0.0443204 0.0928861 0.584812 6.26609 5.2329
42 30.8134 20.3447 118.501
131.013 145.729 0.150821 0.0443204 0.0928861 0.584812 6.26609 5.2329
43 30.8134 21.0366 104.915
131.013 145.729 0.150821 0.0443204 0.0928861 0.584812 6.26609 5.2329
44 30.8134 21.1696 98.3993
131.013 145.729 0.150821 0.0443204 0.0928861 0.584812 6.26609 5.2329
45 30.8134 20.4732 116.182
131.013 145.729 0.150821 0.0443204 0.0928861 0.584812 6.26609 5.2329
46 30.8134 17.1835 117.791
131.013 145.729 0.150821 0.0443204 0.0928861 0.584812 6.26609 5.2329
47 30.8134 19.3288 114.127
131.013 145.729 0.150821 0.0443204 0.0928861 0.584812 6.26609 5.2329
48 30.8134 18.5114 115.778
131.013 145.729 0.150821 0.0443204 0.0928861 0.584812 6.26609 5.2329
49 30.8134 21.9105 77.9402
131.013 145.729 0.150821 0.0443204 0.0928861 0.584812 6.26609 5.2329
50 30.8134 22.8316 63.5651
131.013 145.729 0.150821 0.0443204 0.0928861 0.584812 6.26609 5.2329
51 30.8134 23.579 56.4615
131.013 145.729 0.150821 0.0443204 0.0928861 0.584812 6.26609 5.2329
52 30.8134 23.3819 68.7136
131.013 145.729 0.150821 0.0443204 0.0928861 0.584812 6.26609 5.2329
53 30.8134 23.4111 73.1188
131.013 145.729 0.150821 0.0443204 0.0928861 0.584812 6.26609 5.2329
54 30.8134 22.7745 77.1198
131.013 145.729 0.150821 0.0443204 0.0928861 0.584812 6.26609 5.2329
55 30.8134 21.9449 87.0095
131.013 145.729 0.150821 0.0443204 0.0928861 0.584812 6.26609 5.2329
56 30.8134 22.1295 64.407
131.013 145.729 0.150821 0.0443204 0.0928861 0.584812 6.26609 5.2329
57 30.8134 23.3555 78.2228
131.013 145.729 0.150821 0.0443204 0.0928861 0.584812 6.26609 5.2329
58 30.8134 24.9533 50.6079
131.013 145.729 0.150821 0.0443204 0.0928861 0.584812 6.26609 5.2329
59 30.8134 22.0146 85.9701
131.013 145.729 0.150821 0.0443204 0.0928861 0.584812 6.26609 5.2329
60 30.8134 19.8761 99.1564
131.013 145.729 0.150821 0.0443204 0.0928861 0.584812 6.26609 5.2329
61 30.8134 23.0444 70.9069
131.013 145.729 0.150821 0.0443204 0.0928861 0.584812 6.26609 5.2329
62 30.8802 22.917 79.432
131.518 146.391 0.149313 0.0441651 0.0944968 0.582915 6.20888 5.17453
63 30.8802 23.2594 59.219
131.518 146.391 0.149313 0.0441651 0.0944968 0.582915 6.20888 5.17453
64 30.8802 21.4939 86.6658
131.518 146.391 0.149313 0.0441651 0.0944968 0.582915 6.20888 5.17453
65 30.8802 22.15 74.0048
131.518 146.391 0.149313 0.0441651 0.0944968 0.582915 6.20888 5.17453
66 30.8802 23.1882 67.8576
131.518 146.391 0.149313 0.0441651 0.0944968 0.582915 6.20888 5.17453
67 30.8802 24.941 42.3375
131.518 146.391 0.149313 0.0441651 0.0944968 0.582915 6.20888 5.17453
68 30.8802 23.439 71.3222
131.518 146.391 0.149313 0.0441651 0.0944968 0.582915 6.20888 5.17453
69 30.8802 23.7544 68.3675
131.518 146.391 0.149313 0.0441651 0.0944968 0.582915 6.20888 5.17453
70 30.8802 22.6707 88.0899
131.518 146.391 0.149313 0.0441651 0.0944968 0.582915 6.20888 5.17453
71 30.8802 22.9345 82.4757
131.518 146.391 0.149313 0.0441651 0.0944968 0.582915 6.20888 5.17453
72 30.8802 23.5184 70.0346
131.518 146.391 0.149313 0.0441651 0.0944968 0.582915 6.20888 5.17453
73 30.8802 24.024 51.259
131.518 146.391 0.149313 0.0441651 0.0944968 0.582915 6.20888 5.17453
74 30.8802 23.4193 64.1414
131.518 146.391 0.149313 0.0441651 0.0944968 0.582915 6.20888 5.17453
75 30.8802 24.1039 51.0404
131.518 146.391 0.149313 0.0441651 0.0944968 0.582915 6.20888 5.17453
76 30.8802 23.2043 74.5016
131.518 146.391 0.149313 0.0441651 0.0944968 0.582915 6.20888 5.17453
77 30.8802 20.6814 103.763
131.518 146.391 0.149313 0.0441651 0.0944968 0.582915 6.20888 5.17453
78 30.8802 20.2661 125.895
131.518 146.391 0.149313 0.0441651 0.0944968 0.582915 6.20888 5.17453
79 30.8802 21.2592 114.606
131.518 146.391 0.149313 0.0441651 0.0944968 0.582915 6.20888 5.17453
80 30.8802 21.8322 89.6776
131.518 146.391 0.149313 0.0441651 0.0944968 0.582915 6.20888 5.17453
81 30.8802 21.1708 116.697
131.518 146.391 0.149313 0.0441651 0.0944968 0.582915 6.20888 5.17453
82 30.8802 21.8018 108.38
131.518 146.391 0.149313 0.0441651 0.0944968 0.582915 6.20888 5.17453
83 30.8802 24.0111 66.1132
131.518 146.391 0.149313 0.0441651 0.0944968 0.582915 6.20888 5.17453
84 30.8802 23.7787 71.0255
131.518 146.391 0.149313 0.0441651 0.0944968 0.582915 6.20888 5.17453
85 30.8802 21.8793 93.1652
131.518 146.391 0.149313 0.0441651 0.0944968 0.582915 6.20888 5.17453
86 30.8802 20.7468 116.412
131.518 146.391 0.149313 0.0441651 0.0944968 0.582915 6.20888 5.17453
87 30.8802 19.8024 116.649
131.518 146.391 0.149313 0.0441651 0.0944968 0.582915 6.20888 5.17453
88 30.8802 20.298 113.447
131.518 146.391 0.149313 0.0441651 0.0944968 0.582915 6.20888 5.17453
89 30.8802 22.2387 74.5273
131.518 146.391 0.149313 0.0441651 0.0944968 0.582915 6.20888 5.17453
90 30.8802 20.4941 102.887
131.518 146.391 0.149313 0.0441651 0.0944968 0.582915 6.20888 5.17453
91 30.8802 21.4667 86.9446
131.518 146.391 0.149313 0.0441651 0.0944968 0.582915 6.20888 5.17453
92 30.8802 21.9966 80.2151
131.518 146.391 0.149313 0.0441651 0.0944968 0.582915 6.20888 5.17453
93 30.8802 23.1732 73.2821
131.518 146.391 0.149313 0.0441651 0.0944968 0.582915 6.20888 5.17453
94 30.8802 22.8246 90.7686
131.518 146.391 0.149313 0.0441651 0.0944968 0.582915 6.20888 5.17453
95 30.8802 23.5082 73.8162
131.518 146.391 0.149313 0.0441651 0.0944968 0.582915 6.20888 5.17453
96 30.8802 24.0602 63.7062
131.518 146.391 0.149313 0.0441651 0.0944968 0.582915 6.20888 5.17453
97 30.8802 24.2943 43.6458
131.518 146.391 0.149313 0.0441651 0.0944968 0.582915 6.20888 5.17453
98 30.8802 24.4542 43.0356
131.518 146.391 0.149313 0.0441651 0.0944968 0.582915 6.20888 5.17453
99 30.8802 23.9181 75.2662
131.518 146.391 0.149313 0.0441651 0.0944968 0.582915 6.20888 5.17453
100 30.8802 21.4425 89.644
131.518 146.391 0.149313 0.0441651 0.0944968 0.582915 6.20888 5.17453
