26.2966
30.0908
25.5756
27.3229
26.6488
31.8373
27.6319
29.9229
27.8694
25.5049
38.7749
26.4606
25.9875
27.0861
26.3507
26.7067
26.7598
28.4257
26.7367
31.1497
25.8673
27.7919
25.968
28.3214
39.564
26.2794
26.8318
32.4857
27.9606
26.2212
28.197
26.9566
27.3263
31.9794
39.1512
26.799
27.3066
27.4208
27.8786
28.9236
32.5699
26.7546
26.8345
28.1402
28.6091
26.5801
27.067
28.717
25.8341
25.9509
27.401
31.927
28.1471
25.508
38.3097
27.2743
27.8101
25.6342
25.7792
25.7344
27.0629
26.9278
25.8813
34.4254
26.7619
25.5232
25.5305
26.9442
26.4523
39.6899
26.6752
25.9544
26.3544
34.6714
26.0579
28.9121
28.5093
25.8377
28.5222
26.8998
31.8334
25.5778
26.8527
26.1619
27.6839
28.3533
34.4052
27.06
27.4527
26.5591
26.0155
34.1508
26.6488
25.8299
29.3641
25.5477
27.6426
40.7638
28.1794
29.704
28.4621
39.2017
27.3745
26.4562
27.8963
27.3012
28.4584
36.7191
28.7721
35.7141
26.8557
30.0961
25.5725
25.4773
26.5508
27.0375
27.0957
25.6907
27.3424
27.838
26.0114
27.7336
26.2882
26.7778
26.3606
27.7863
29.3836
26.8005
28.4063
27.8391
34.6637
25.6399
38.6272
27.0236
26.4533
26.4154
26.7405
26.734
27.8386
26.194
25.9319
25.5405
25.8612
28.9564
26.8009
25.5597
25.5514
27.6832
28.8051
31.1802
9.9861
8.56182
12.8882
8.60938
2.84693
12.8594
11.4797
8.62916
12.8634
11.4636
11.4613
11.4247
10.0237
11.4376
12.8873
11.4436
11.4542
21.6014
12.8794
21.5926
8.59478
12.9176
12.8939
12.8931
15.7611
14.3503
5.70716
7.17576
17.2293
11.4811
10.0269
4.25934
12.8913
10.0021
14.3338
12.929
12.9025
1.46199
0
2.89085
0.25
0.25
0.25
0.25
0
0
0
0
0
0
18.675
10.0068
12.9175
11.4772
8.57678
25.743
11.4738
11.4784
11.4669
12.8616
14.3513
10.0041
