32.431
42.2585
27.3826
42.3219
33.6545
34.2618
33.7823
30.6779
41.282
35.1511
38.4994
32.6516
33.5061
41.7637
34.8503
35.186
33.7328
31.0162
37.7255
34.6911
39.2555
41.5508
41.5114
43.1941
39.8793
39.7844
42.4956
41.5542
34.0435
39.7902
36.0794
35.7294
37.3966
41.6315
41.1204
41.4759
40.7068
38.8689
43.0309
41.0221
32.929
43.3251
43.1377
34.1417
40.1284
41.447
41.0242
40.3143
36.4226
31.3213
37.8961
32.357
31.1055
35.2445
41.7664
35.1526
41.7214
33.5552
42.2925
34.4623
41.5026
47.4625
28.1075
38.3629
32.3421
29.0216
29.0702
41.5485
43.6751
28.5049
33.9525
27.4667
34.2333
35.6383
37.9605
41.3142
37.97
29.9357
32.2472
42.2725
39.8988
30.5881
27.536
42.0697
40.6588
34.5197
32.9743
40.3108
39.1785
39.9523
34.6343
37.9732
40.4456
37.44
39.7503
38.6262
27.1734
40.6856
41.7669
31.5265
28.82
41.7339
39.4173
37.1927
34.92
31.8425
41.778
37.0094
37.0576
42.7841
36.2236
30.6958
27.7136
26.6729
43.4
42.0336
40.3032
29.5932
43.3779
29.7677
44.1481
41.9026
34.7003
37.6652
41.8877
41.3005
32.8333
36.6382
41.3945
31.2102
44.0215
31.5238
43.9498
34.1002
31.2
27.4027
41.4436
41.8197
33.7895
35.6572
31.7849
26.8534
28.894
43.2435
42.2075
27.6717
29.7855
39.0617
35.4949
31.2348
11.4095
12.854
12.8499
25.7732
4.2623
7.17633
14.3393
12.9279
12.9276
17.2509
17.2509
17.1424
18.6556
11.4084
25.9364
14.2937
11.4084
24.5964
14.2937
24.5964
12.884
10.0486
17.2587
18.7175
15.751
12.9236
4.27259
7.16646
20.1865
14.3873
11.4766
14.3207
15.7957
8.56166
14.3339
11.4646
14.3468
0.0222222
0.25
0
0.25
0.25
0.25
0.0138889
0.25
0
0.0638889
0.25
0.00833333
0.0138889
23.0858
14.2858
25.9586
14.2816
12.873
14.3118
11.4599
8.54094
10.0433
17.2317
15.7442
9.99704
