0 20.5058 3.99026 22.3448
110.724 126.716 0.257255 0.24716 0.126512 0.014763 9.86933 4.22604
1 20.5281 4.98822 35.4071
132.064 118.19 0.343268 0.39717 0 0 10 4.49688
2 21.2177 7.02958 54.4214
131.932 120.362 0.364639 0.399411 0.0337254 0.0341878 9.29012 5.02771
3 21.2177 9.30423 64.5884
131.932 120.362 0.364639 0.399411 0.0337254 0.0341878 9.29012 5.02771
4 23.0389 11.1243 74.8726
100 137.357 0.338597 0.247252 0.0140351 0 10 4.04618
5 23.3876 12.3865 76.0219
112.271 106.927 0.354036 0.327895 0 0 10 4.14109
6 23.3876 12.9459 83.1315
112.271 106.927 0.354036 0.327895 0 0 10 4.14109
7 23.3876 13.2924 82.964
112.271 106.927 0.354036 0.327895 0 0 10 4.14109
8 23.3876 13.3823 80.2743
112.271 106.927 0.354036 0.327895 0 0 10 4.14109
9 23.3876 15.3551 76.1969
112.271 106.927 0.354036 0.327895 0 0 10 4.14109
10 24.503 17.2672 58.7131
100 100.995 0.431614 0.342387 0 0.0990372 10 3.69486
11 24.503 17.5474 53.7609
100 100.995 0.431614 0.342387 0 0.0990372 10 3.69486
12 25.1476 17.9869 56.2287
100 107.338 0.454595 0.310924 0 0.0630138 10 3.36424
13 25.1476 16.3913 65.3477
100 107.338 0.454595 0.310924 0 0.0630138 10 3.36424
14 25.9406 17.9313 56.3538
100 106.532 0.441804 0.30587 0.00657758 0.0495911 9.80282 3.12776
15 25.9406 17.2194 52.5265
100 106.532 0.441804 0.30587 0.00657758 0.0495911 9.80282 3.12776
16 25.9406 18.0318 52.9429
100 106.532 0.441804 0.30587 0.00657758 0.0495911 9.80282 3.12776
17 25.9406 18.0978 56.1791
100 106.532 0.441804 0.30587 0.00657758 0.0495911 9.80282 3.12776
18 25.9406 17.972 58.4166
100 106.532 0.441804 0.30587 0.00657758 0.0495911 9.80282 3.12776
19 25.9406 17.5266 72.2503
100 106.532 0.441804 0.30587 0.00657758 0.0495911 9.80282 3.12776
20 25.9406 18.318 68.506
100 106.532 0.441804 0.30587 0.00657758 0.0495911 9.80282 3.12776
21 25.9406 19.3351 58.1319
100 106.532 0.441804 0.30587 0.00657758 0.0495911 9.80282 3.12776
22 25.9406 17.4892 71.7906
100 106.532 0.441804 0.30587 0.00657758 0.0495911 9.80282 3.12776
23 25.9406 19.1465 60.7435
100 106.532 0.441804 0.30587 0.00657758 0.0495911 9.80282 3.12776
24 25.9406 18.9673 63.2645
100 106.532 0.441804 0.30587 0.00657758 0.0495911 9.80282 3.12776
25 25.9406 19.1576 63.6576
100 106.532 0.441804 0.30587 0.00657758 0.0495911 9.80282 3.12776
26 25.9406 19.4605 63.7818
100 106.532 0.441804 0.30587 0.00657758 0.0495911 9.80282 3.12776
27 25.9432 19.7855 60.7515
100 104.69 0.436806 0.322767 0 0.00905547 9.87278 3.07117
28 25.9432 19.3332 62.2513
100 104.69 0.436806 0.322767 0 0.00905547 9.87278 3.07117
29 25.989 19.2528 72.879
100.757 104.194 0.438029 0.323872 0 0.0204525 9.80446 3.26649
30 25.989 19.3556 62.9444
100.757 104.194 0.438029 0.323872 0 0.0204525 9.80446 3.26649
31 25.989 19.4652 60.9376
100.757 104.194 0.438029 0.323872 0 0.0204525 9.80446 3.26649
32 25.989 16.8729 79.2518
100.757 104.194 0.438029 0.323872 0 0.0204525 9.80446 3.26649
33 25.989 18.672 62.247
100.757 104.194 0.438029 0.323872 0 0.0204525 9.80446 3.26649
34 25.989 17.7691 72.6253
100.757 104.194 0.438029 0.323872 0 0.0204525 9.80446 3.26649
35 26.1022 19.2733 58.338
100 104.511 0.443649 0.336758 0.0278398 0.00224367 10 2.80323
36 26.1022 19.2261 62.8
100 104.511 0.443649 0.336758 0.0278398 0.00224367 10 2.80323
37 26.1022 20.2408 43.9228
100 104.511 0.443649 0.336758 0.0278398 0.00224367 10 2.80323
38 26.1022 19.8157 56.2291
100 104.511 0.443649 0.336758 0.0278398 0.00224367 10 2.80323
39 26.1022 19.9827 56.0297
100 104.511 0.443649 0.336758 0.0278398 0.00224367 10 2.80323
40 26.1022 19.9066 44.6937
100 104.511 0.443649 0.336758 0.0278398 0.00224367 10 2.80323
41 26.1022 18.7452 66.4214
100 104.511 0.443649 0.336758 0.0278398 0.00224367 10 2.80323
42 26.1022 17.6096 76.2713
100 104.511 0.443649 0.336758 0.0278398 0.00224367 10 2.80323
43 26.1022 18.2885 73.2521
100 104.511 0.443649 0.336758 0.0278398 0.00224367 10 2.80323
44 26.1022 17.8822 69.465
100 104.511 0.443649 0.336758 0.0278398 0.00224367 10 2.80323
45 26.1022 16.6647 93.9931
100 104.511 0.443649 0.336758 0.0278398 0.00224367 10 2.80323
46 26.1951 18.3955 73.8421
100.36 105.678 0.446955 0.340078 0 0.00242535 9.80097 3.28164
47 26.1951 19.605 63.719
100.36 105.678 0.446955 0.340078 0 0.00242535 9.80097 3.28164
48 26.1951 18.2566 72.0004
100.36 105.678 0.446955 0.340078 0 0.00242535 9.80097 3.28164
49 26.1951 17.5473 88.3164
100.36 105.678 0.446955 0.340078 0 0.00242535 9.80097 3.28164
50 26.1951 19.593 59.0253
100.36 105.678 0.446955 0.340078 0 0.00242535 9.80097 3.28164
51 26.1951 21.5314 33.3773
100.36 105.678 0.446955 0.340078 0 0.00242535 9.80097 3.28164
52 26.1951 21.087 35.0623
100.36 105.678 0.446955 0.340078 0 0.00242535 9.80097 3.28164
53 26.1951 21.1577 47.5933
100.36 105.678 0.446955 0.340078 0 0.00242535 9.80097 3.28164
54 26.1951 20.476 49.7349
100.36 105.678 0.446955 0.340078 0 0.00242535 9.80097 3.28164
55 26.1951 19.384 62.0273
100.36 105.678 0.446955 0.340078 0 0.00242535 9.80097 3.28164
56 26.1951 20.4046 53.4057
100.36 105.678 0.446955 0.340078 0 0.00242535 9.80097 3.28164
57 26.1951 18.3074 76.1114
100.36 105.678 0.446955 0.340078 0 0.00242535 9.80097 3.28164
58 26.1951 19.0294 73.3962
100.36 105.678 0.446955 0.340078 0 0.00242535 9.80097 3.28164
59 26.1997 19.1992 74.9251
100.182 105.64 0.44646 0.339597 0.00181174 0.00340943 9.79186 3.28987
60 26.2709 18.428 78.0565
100 106.498 0.448462 0.34305 0 0 9.73512 3.32897
61 26.2709 18.2914 75.4236
100 106.498 0.448462 0.34305 0 0 9.73512 3.32897
62 26.2709 19.3553 54.0513
100 106.498 0.448462 0.34305 0 0 9.73512 3.32897
63 26.2709 19.1548 71.0613
100 106.498 0.448462 0.34305 0 0 9.73512 3.32897
64 26.2709 19.7039 58.7129
100 106.498 0.448462 0.34305 0 0 9.73512 3.32897
65 26.2709 18.3149 85.6486
100 106.498 0.448462 0.34305 0 0 9.73512 3.32897
66 26.2709 20.3674 50.8212
100 106.498 0.448462 0.34305 0 0 9.73512 3.32897
67 26.2709 19.8929 52.1203
100 106.498 0.448462 0.34305 0 0 9.73512 3.32897
68 26.2709 19.8579 54.4514
100 106.498 0.448462 0.34305 0 0 9.73512 3.32897
69 26.2709 19.9297 59.1475
100 106.498 0.448462 0.34305 0 0 9.73512 3.32897
70 26.3228 22.4736 22.9659
100.088 103.775 0.449216 0.342207 0 0.010189 9.81763 3.09671
71 26.3228 21.5248 39.5296
100.088 103.775 0.449216 0.342207 0 0.010189 9.81763 3.09671
72 26.3228 20.6205 60.2177
100.088 103.775 0.449216 0.342207 0 0.010189 9.81763 3.09671
73 26.3228 18.9204 63.809
100.088 103.775 0.449216 0.342207 0 0.010189 9.81763 3.09671
74 26.3228 18.2169 88.9938
100.088 103.775 0.449216 0.342207 0 0.010189 9.81763 3.09671
75 26.3228 18.5648 93.2068
100.088 103.775 0.449216 0.342207 0 0.010189 9.81763 3.09671
76 26.3228 17.5059 91.3728
100.088 103.775 0.449216 0.342207 0 0.010189 9.81763 3.09671
77 26.3228 17.4381 84.725
100.088 103.775 0.449216 0.342207 0 0.010189 9.81763 3.09671
78 26.3228 17.6059 93.8516
100.088 103.775 0.449216 0.342207 0 0.010189 9.81763 3.09671
79 26.3228 15.0161 111.52
100.088 103.775 0.449216 0.342207 0 0.010189 9.81763 3.09671
80 26.3228 16.5741 93.868
100.088 103.775 0.449216 0.342207 0 0.010189 9.81763 3.09671
81 26.3228 17.4808 85.9598
100.088 103.775 0.449216 0.342207 0 0.010189 9.81763 3.09671
82 26.3228 19.2013 75.8972
100.088 103.775 0.449216 0.342207 0 0.010189 9.81763 3.09671
83 26.3228 19.4204 73.8197
100.088 103.775 0.449216 0.342207 0 0.010189 9.81763 3.09671
84 26.3228 19.4927 68.0173
100.088 103.775 0.449216 0.342207 0 0.010189 9.81763 3.09671
85 26.3228 19.0966 74.1888
100.088 103.775 0.449216 0.342207 0 0.010189 9.81763 3.09671
86 26.4302 18.7134 78.2573
100 103.288 0.451915 0.34348 0 0.00983024 9.78916 3.03974
87 26.4302 19.3246 75.1831
100 103.288 0.451915 0.34348 0 0.00983024 9.78916 3.03974
88 26.4302 17.9112 85.5358
100 103.288 0.451915 0.34348 0 0.00983024 9.78916 3.03974
89 26.4302 16.3174 90.1154
100 103.288 0.451915 0.34348 0 0.00983024 9.78916 3.03974
90 26.4302 16.6131 94.6663
100 103.288 0.451915 0.34348 0 0.00983024 9.78916 3.03974
91 26.4302 15.2807 100.788
100 103.288 0.451915 0.34348 0 0.00983024 9.78916 3.03974
92 26.4302 14.7704 89.3482
100 103.288 0.451915 0.34348 0 0.00983024 9.78916 3.03974
93 26.4302 16.4158 80.2157
100 103.288 0.451915 0.34348 0 0.00983024 9.78916 3.03974
94 26.4302 16.545 87.7439
100 103.288 0.451915 0.34348 0 0.00983024 9.78916 3.03974
95 26.4302 14.8852 86.419
100 103.288 0.451915 0.34348 0 0.00983024 9.78916 3.03974
96 26.4302 16.6338 83.4927
100 103.288 0.451915 0.34348 0 0.00983024 9.78916 3.03974
97 26.4302 17.5499 76.2503
100 103.288 0.451915 0.34348 0 0.00983024 9.78916 3.03974
98 26.4302 17.9456 79.4757
100 103.288 0.451915 0.34348 0 0.00983024 9.78916 3.03974
99 26.4302 18.07 85.1551
100 103.288 0.451915 0.34348 0 0.00983024 9.78916 3.03974
100 26.4302 17.7301 85.0743
100 103.288 0.451915 0.34348 0 0.00983024 9.78916 3.03974
