0 13.4078 2.57253 11.1905
139.76 108.382 0.195752 0.15038 0.224021 0.238656 3.39829 2.09179
1 13.4078 3.4703 17.7063
139.76 108.382 0.195752 0.15038 0.224021 0.238656 3.39829 2.09179
2 13.4826 4.98111 24.1773
131.916 111.887 0.219451 0.173258 0.222595 0.205203 3.28729 2.29238
3 13.4826 5.56742 25.7847
131.916 111.887 0.219451 0.173258 0.222595 0.205203 3.28729 2.29238
4 13.8511 6.27882 28.8557
124.643 112.831 0.215083 0.176083 0.186603 0.070698 3.62541 2.28385
5 14.9488 7.33846 32.2716
133.492 116.008 0.251844 0.172114 0.285844 0.22085 3.21538 2.09865
6 16.6232 8.75998 34.348
124.889 120.576 0.243411 0.248013 0.202556 0.036626 3.47303 2.24094
7 17.6537 9.63546 39.7548
136.212 112.475 0.317951 0.266461 0.262746 0.211565 3.06518 2.48911
8 18.6815 10.7089 42.5253
113.495 131.361 0.295932 0.12831 0.243685 0.187821 2.96748 1.85596
9 18.6815 11.3354 38.8717
113.495 131.361 0.295932 0.12831 0.243685 0.187821 2.96748 1.85596
10 19.2576 11.7559 39.3589
124.895 109.962 0.329345 0.277028 0.210801 0.174701 4.72678 0.817104
11 19.2917 12.1833 38.7724
125.794 110.551 0.325958 0.276572 0.217046 0.171144 4.76844 0.82757
12 20.2654 13.764 35.0052
125.243 109.129 0.340964 0.286464 0.157721 0.115649 4.90208 0.906216
13 20.2654 13.6256 35.9423
125.243 109.129 0.340964 0.286464 0.157721 0.115649 4.90208 0.906216
14 20.2654 14.7828 27.7772
125.243 109.129 0.340964 0.286464 0.157721 0.115649 4.90208 0.906216
15 20.3208 15.3681 25.9271
124.67 102.132 0.349545 0.361363 0.090827 0.197403 5.60064 0.534399
16 20.3375 13.2107 41.7413
119.547 109.335 0.298444 0.236633 0.2472 0.152603 5.13611 0.93196
17 20.3375 13.3607 47.7605
119.547 109.335 0.298444 0.236633 0.2472 0.152603 5.13611 0.93196
18 21.0118 15.0488 37.8109
131.033 102.439 0.316822 0.272811 0.0201938 0.0643485 5.08667 1.24939
19 21.97 15.0544 44.6716
133.492 100 0.42205 0.116606 0.0777399 0.212729 5.21676 0.860877
20 22.9699 15.8709 41.5492
108.37 101.341 0.30763 0.346487 0.135502 0 3.89216 0.352714
21 22.9699 15.2447 42.88
108.37 101.341 0.30763 0.346487 0.135502 0 3.89216 0.352714
22 22.9699 16.5273 39.5573
108.37 101.341 0.30763 0.346487 0.135502 0 3.89216 0.352714
23 23.0156 16.9791 39.4437
103.027 100 0.391102 0.189331 0 0.00967257 2.56127 1.80941
24 23.0156 17.5018 35.8651
103.027 100 0.391102 0.189331 0 0.00967257 2.56127 1.80941
25 23.0156 17.0947 38.1362
103.027 100 0.391102 0.189331 0 0.00967257 2.56127 1.80941
26 23.0583 17.0599 39.0358
108.346 104.704 0.376845 0.208658 0 0.0382504 1.69985 1.36674
27 23.0583 17.3248 37.9253
108.346 104.704 0.376845 0.208658 0 0.0382504 1.69985 1.36674
28 23.5742 17.2175 42.6278
111.633 103.474 0.427127 0.217712 0.0336378 0.0189406 2.91131 1.14844
29 23.5742 17.2578 40.1066
111.633 103.474 0.427127 0.217712 0.0336378 0.0189406 2.91131 1.14844
30 23.6445 17.8902 42.4853
105.936 102.906 0.413734 0.230623 0.0769831 0.0165674 2.81519 1.45402
31 23.6445 18.488 29.1107
105.936 102.906 0.413734 0.230623 0.0769831 0.0165674 2.81519 1.45402
32 23.6445 18.233 41.0083
105.936 102.906 0.413734 0.230623 0.0769831 0.0165674 2.81519 1.45402
33 23.6445 17.9926 47.8127
105.936 102.906 0.413734 0.230623 0.0769831 0.0165674 2.81519 1.45402
34 23.6445 18.7186 40.2753
105.936 102.906 0.413734 0.230623 0.0769831 0.0165674 2.81519 1.45402
35 23.6445 18.5887 35.3192
105.936 102.906 0.413734 0.230623 0.0769831 0.0165674 2.81519 1.45402
36 23.6445 18.7475 31.1522
105.936 102.906 0.413734 0.230623 0.0769831 0.0165674 2.81519 1.45402
37 23.6445 17.9276 37.06
105.936 102.906 0.413734 0.230623 0.0769831 0.0165674 2.81519 1.45402
38 23.6445 17.467 47.8123
105.936 102.906 0.413734 0.230623 0.0769831 0.0165674 2.81519 1.45402
39 23.6445 16.357 62.7428
105.936 102.906 0.413734 0.230623 0.0769831 0.0165674 2.81519 1.45402
40 24.47 16.6843 62.2484
102.01 100.32 0.480033 0.119692 0.0784712 0.147407 4.10733 3.63618
41 24.4809 17.2725 57.5432
109.998 111.184 0.509985 0.1494 0 0.0818055 3.02438 0.71492
42 24.4809 17.5658 57.2392
109.998 111.184 0.509985 0.1494 0 0.0818055 3.02438 0.71492
43 24.4809 18.6843 47.6852
109.998 111.184 0.509985 0.1494 0 0.0818055 3.02438 0.71492
44 24.4809 18.4809 56.3893
109.998 111.184 0.509985 0.1494 0 0.0818055 3.02438 0.71492
45 25.5388 16.2915 73.1734
100 100 0.519521 0.123072 0.00362646 0.0962834 4.30881 4.53379
46 25.5388 17.4936 79.7676
100 100 0.519521 0.123072 0.00362646 0.0962834 4.30881 4.53379
47 25.543 17.5777 72.2223
100.071 100.253 0.520632 0.119566 0.00191737 0.0961925 4.29197 4.55397
48 25.543 16.2512 70.89
100.071 100.253 0.520632 0.119566 0.00191737 0.0961925 4.29197 4.55397
49 25.543 17.7391 61.035
100.071 100.253 0.520632 0.119566 0.00191737 0.0961925 4.29197 4.55397
50 25.543 19.1099 53.1462
100.071 100.253 0.520632 0.119566 0.00191737 0.0961925 4.29197 4.55397
51 25.543 19.6851 48.5092
100.071 100.253 0.520632 0.119566 0.00191737 0.0961925 4.29197 4.55397
52 25.543 18.1343 57.028
100.071 100.253 0.520632 0.119566 0.00191737 0.0961925 4.29197 4.55397
53 25.543 17.7549 49.6701
100.071 100.253 0.520632 0.119566 0.00191737 0.0961925 4.29197 4.55397
54 25.543 17.6082 63.172
100.071 100.253 0.520632 0.119566 0.00191737 0.0961925 4.29197 4.55397
55 25.543 16.5579 68.1847
100.071 100.253 0.520632 0.119566 0.00191737 0.0961925 4.29197 4.55397
56 25.543 15.0436 98.8215
100.071 100.253 0.520632 0.119566 0.00191737 0.0961925 4.29197 4.55397
57 25.543 15.2346 89.7839
100.071 100.253 0.520632 0.119566 0.00191737 0.0961925 4.29197 4.55397
58 25.543 13.7386 94.1755
100.071 100.253 0.520632 0.119566 0.00191737 0.0961925 4.29197 4.55397
59 25.543 13.6604 83.7514
100.071 100.253 0.520632 0.119566 0.00191737 0.0961925 4.29197 4.55397
60 25.543 13.1804 88.5712
100.071 100.253 0.520632 0.119566 0.00191737 0.0961925 4.29197 4.55397
61 25.543 12.0689 82.8881
100.071 100.253 0.520632 0.119566 0.00191737 0.0961925 4.29197 4.55397
62 25.543 12.5947 93.3797
100.071 100.253 0.520632 0.119566 0.00191737 0.0961925 4.29197 4.55397
63 25.543 13.6783 92.9626
100.071 100.253 0.520632 0.119566 0.00191737 0.0961925 4.29197 4.55397
64 25.543 13.664 97.3889
100.071 100.253 0.520632 0.119566 0.00191737 0.0961925 4.29197 4.55397
65 25.543 13.6479 104.768
100.071 100.253 0.520632 0.119566 0.00191737 0.0961925 4.29197 4.55397
66 25.5487 14.6812 100.155
100 100 0.521604 0.116421 0 0.0916629 4.24147 4.61172
67 25.5487 13.3531 94.1677
100 100 0.521604 0.116421 0 0.0916629 4.24147 4.61172
68 25.5487 14.4511 81.5631
100 100 0.521604 0.116421 0 0.0916629 4.24147 4.61172
69 25.5487 13.8282 75.326
100 100 0.521604 0.116421 0 0.0916629 4.24147 4.61172
70 25.5487 14.8993 82.2499
100 100 0.521604 0.116421 0 0.0916629 4.24147 4.61172
71 25.5487 14.6929 91.9148
100 100 0.521604 0.116421 0 0.0916629 4.24147 4.61172
72 25.5487 14.7284 79.2764
100 100 0.521604 0.116421 0 0.0916629 4.24147 4.61172
73 25.5487 14.3066 75.4913
100 100 0.521604 0.116421 0 0.0916629 4.24147 4.61172
74 25.5487 14.6302 86.8977
100 100 0.521604 0.116421 0 0.0916629 4.24147 4.61172
75 25.5487 13.2109 93.193
100 100 0.521604 0.116421 0 0.0916629 4.24147 4.61172
76 25.5487 13.1228 88.1303
100 100 0.521604 0.116421 0 0.0916629 4.24147 4.61172
77 25.5487 13.6472 86.9774
100 100 0.521604 0.116421 0 0.0916629 4.24147 4.61172
78 25.5487 14.6877 84.5842
100 100 0.521604 0.116421 0 0.0916629 4.24147 4.61172
79 25.5487 16.1318 73.913
100 100 0.521604 0.116421 0 0.0916629 4.24147 4.61172
80 25.5723 15.1912 90.198
106.359 105.07 0.500737 0.182385 0 0.0221908 7.83338 1.79638
81 25.5723 15.3436 85.3102
106.359 105.07 0.500737 0.182385 0 0.0221908 7.83338 1.79638
82 25.5723 16.4889 93.6587
106.359 105.07 0.500737 0.182385 0 0.0221908 7.83338 1.79638
83 25.5732 18.0589 73.2332
106.346 105.126 0.500889 0.18313 0 0.0225142 7.8309 1.78974
84 25.5732 17.1975 88.6406
106.346 105.126 0.500889 0.18313 0 0.0225142 7.8309 1.78974
85 25.5732 16.1965 82.997
106.346 105.126 0.500889 0.18313 0 0.0225142 7.8309 1.78974
86 25.5732 16.9612 74.011
106.346 105.126 0.500889 0.18313 0 0.0225142 7.8309 1.78974
87 25.5819 19.2831 49.8525
106.134 103.758 0.508652 0.18843 0 0.0292325 7.66766 1.97829
88 25.5819 17.2782 69.97
106.134 103.758 0.508652 0.18843 0 0.0292325 7.66766 1.97829
89 25.5819 19.332 53.3771
106.134 103.758 0.508652 0.18843 0 0.0292325 7.66766 1.97829
90 25.5819 17.339 70.4779
106.134 103.758 0.508652 0.18843 0 0.0292325 7.66766 1.97829
91 25.5819 16.0486 72.1824
106.134 103.758 0.508652 0.18843 0 0.0292325 7.66766 1.97829
92 25.5819 17.7764 64.9037
106.134 103.758 0.508652 0.18843 0 0.0292325 7.66766 1.97829
93 25.5864 18.8783 58.2624
100 102.926 0.510567 0.204872 0 0 8.0614 1.38181
94 25.5864 18.6424 62.3622
100 102.926 0.510567 0.204872 0 0 8.0614 1.38181
95 25.6062 19.4297 56.845
100.011 104.168 0.500759 0.203466 0.00215775 0.000316187 7.9084 1.45733
96 25.6062 19.341 50.7711
100.011 104.168 0.500759 0.203466 0.00215775 0.000316187 7.9084 1.45733
97 25.6062 19.9293 52.4238
100.011 104.168 0.500759 0.203466 0.00215775 0.000316187 7.9084 1.45733
98 25.6062 20.7203 40.8542
100.011 104.168 0.500759 0.203466 0.00215775 0.000316187 7.9084 1.45733
99 25.6062 20.081 56.3913
100.011 104.168 0.500759 0.203466 0.00215775 0.000316187 7.9084 1.45733
100 25.6223 20.4004 55.1125
100 104.127 0.500386 0.200958 0.000592708 0.00497741 7.93678 1.37464
