0 25.648 2.65439 46.8616
112.879 169.131 0.437377 0.16529 0.00290044 0.608939 3.8303 3.72289
1 25.6485 4.59053 79.4087
113.12 169.288 0.436615 0.162194 0.00269113 0.613299 3.85246 3.72117
2 25.6485 4.96558 79.3715
113.12 169.288 0.436615 0.162194 0.00269113 0.613299 3.85246 3.72117
3 25.6485 5.5381 93.0091
113.12 169.288 0.436615 0.162194 0.00269113 0.613299 3.85246 3.72117
4 25.6629 8.78279 127.616
112.961 171.543 0.423401 0.152363 0.0043907 0.6283 3.47618 4.04552
5 25.6745 8.59755 113.43
112.744 168.858 0.447026 0.136281 0.0469712 0.587068 3.86257 3.94968
6 26.5277 10.8466 138.945
103.021 162.299 0.375708 0 0.00414533 0.790526 4.41737 3.24103
7 26.5277 12.9667 145.898
103.021 162.299 0.375708 0 0.00414533 0.790526 4.41737 3.24103
8 26.7725 13.247 151.864
105.901 163.397 0.353297 0 0.0204438 0.773688 4.62593 3.23314
9 26.9031 13.7424 151.253
105.061 161.456 0.342366 0 0.0229533 0.759983 4.63221 3.20749
10 26.919 13.3594 168.046
106.599 157.915 0.341662 0 0.0084731 0.721183 4.7729 3.26807
11 26.919 13.323 159.173
106.599 157.915 0.341662 0 0.0084731 0.721183 4.7729 3.26807
12 26.919 16.2024 142.006
106.599 157.915 0.341662 0 0.0084731 0.721183 4.7729 3.26807
13 27.0939 18.7268 126.463
106.732 157.662 0.33951 0 0 0.719553 4.77703 3.2255
14 27.6604 19.8999 117.083
107.514 158.392 0.322614 0 0.00763158 0.71116 4.89907 3.42661
15 27.8723 18.5847 136.325
109.729 157.978 0.328297 0 0 0.727155 4.98231 3.43428
16 29.3849 19.0146 141.432
103.896 150.455 0.298399 0.00560189 0.0713303 0.751712 4.15462 3.15068
17 29.3849 16.6873 155.843
103.896 150.455 0.298399 0.00560189 0.0713303 0.751712 4.15462 3.15068
18 29.3849 18.6509 154.307
103.896 150.455 0.298399 0.00560189 0.0713303 0.751712 4.15462 3.15068
19 29.3849 19.784 138.159
103.896 150.455 0.298399 0.00560189 0.0713303 0.751712 4.15462 3.15068
20 29.3849 17.5928 164.32
103.896 150.455 0.298399 0.00560189 0.0713303 0.751712 4.15462 3.15068
21 29.3849 17.8049 159.577
103.896 150.455 0.298399 0.00560189 0.0713303 0.751712 4.15462 3.15068
22 29.3849 17.524 154.95
103.896 150.455 0.298399 0.00560189 0.0713303 0.751712 4.15462 3.15068
23 29.3849 16.4182 169.529
103.896 150.455 0.298399 0.00560189 0.0713303 0.751712 4.15462 3.15068
24 29.3849 16.8041 161.666
103.896 150.455 0.298399 0.00560189 0.0713303 0.751712 4.15462 3.15068
25 29.3849 15.318 159.137
103.896 150.455 0.298399 0.00560189 0.0713303 0.751712 4.15462 3.15068
26 29.3849 15.0136 163.172
103.896 150.455 0.298399 0.00560189 0.0713303 0.751712 4.15462 3.15068
27 29.3849 16.0354 154.14
103.896 150.455 0.298399 0.00560189 0.0713303 0.751712 4.15462 3.15068
28 29.3849 13.3906 174.352
103.896 150.455 0.298399 0.00560189 0.0713303 0.751712 4.15462 3.15068
29 29.3849 16.694 164.15
103.896 150.455 0.298399 0.00560189 0.0713303 0.751712 4.15462 3.15068
30 29.3849 17.4098 154.275
103.896 150.455 0.298399 0.00560189 0.0713303 0.751712 4.15462 3.15068
31 29.3849 18.0765 153.703
103.896 150.455 0.298399 0.00560189 0.0713303 0.751712 4.15462 3.15068
32 30.3334 19.6664 141.785
100 153.177 0.239896 0 0.183262 0.728736 3.062 4.00069
33 30.3334 18.8311 156.877
100 153.177 0.239896 0 0.183262 0.728736 3.062 4.00069
34 30.3334 18.6341 138.852
100 153.177 0.239896 0 0.183262 0.728736 3.062 4.00069
35 30.3334 16.8363 167.536
100 153.177 0.239896 0 0.183262 0.728736 3.062 4.00069
36 30.3334 16.4848 187.38
100 153.177 0.239896 0 0.183262 0.728736 3.062 4.00069
37 30.3334 17.6033 169.464
100 153.177 0.239896 0 0.183262 0.728736 3.062 4.00069
38 30.7557 19.3566 144.981
100.899 151.934 0.28282 0 0.0846023 0.727881 3.40168 3.92035
39 30.7557 21.1664 124.056
100.899 151.934 0.28282 0 0.0846023 0.727881 3.40168 3.92035
40 30.7557 20.4824 139.073
100.899 151.934 0.28282 0 0.0846023 0.727881 3.40168 3.92035
41 30.7557 17.7875 173.253
100.899 151.934 0.28282 0 0.0846023 0.727881 3.40168 3.92035
42 30.7557 17.3587 157.36
100.899 151.934 0.28282 0 0.0846023 0.727881 3.40168 3.92035
43 30.7557 18.7057 159.259
100.899 151.934 0.28282 0 0.0846023 0.727881 3.40168 3.92035
44 30.7557 15.9981 182.388
100.899 151.934 0.28282 0 0.0846023 0.727881 3.40168 3.92035
45 30.7557 15.0628 184.677
100.899 151.934 0.28282 0 0.0846023 0.727881 3.40168 3.92035
46 30.7557 15.2955 191.167
100.899 151.934 0.28282 0 0.0846023 0.727881 3.40168 3.92035
47 30.8719 17.6127 178.19
100.897 150.508 0.281371 0 0.0812163 0.734044 3.36696 3.9292
48 30.8719 16.5439 193.487
100.897 150.508 0.281371 0 0.0812163 0.734044 3.36696 3.9292
49 30.8719 16.5833 182.31
100.897 150.508 0.281371 0 0.0812163 0.734044 3.36696 3.9292
50 30.8719 18.4775 154.283
100.897 150.508 0.281371 0 0.0812163 0.734044 3.36696 3.9292
51 30.8719 19.3133 145.822
100.897 150.508 0.281371 0 0.0812163 0.734044 3.36696 3.9292
52 30.8719 17.7436 158.444
100.897 150.508 0.281371 0 0.0812163 0.734044 3.36696 3.9292
53 30.8719 20.3145 120.49
100.897 150.508 0.281371 0 0.0812163 0.734044 3.36696 3.9292
54 30.8719 20.9333 109.555
100.897 150.508 0.281371 0 0.0812163 0.734044 3.36696 3.9292
55 30.8719 20.9456 129.751
100.897 150.508 0.281371 0 0.0812163 0.734044 3.36696 3.9292
56 30.8719 16.9869 170.407
100.897 150.508 0.281371 0 0.0812163 0.734044 3.36696 3.9292
57 30.8719 15.6597 181.175
100.897 150.508 0.281371 0 0.0812163 0.734044 3.36696 3.9292
58 30.8719 16.8091 168.2
100.897 150.508 0.281371 0 0.0812163 0.734044 3.36696 3.9292
59 30.8719 16.7787 163.818
100.897 150.508 0.281371 0 0.0812163 0.734044 3.36696 3.9292
60 30.8719 15.7779 172.417
100.897 150.508 0.281371 0 0.0812163 0.734044 3.36696 3.9292
61 30.8719 15.8846 177.843
100.897 150.508 0.281371 0 0.0812163 0.734044 3.36696 3.9292
62 30.8719 17.8796 153.268
100.897 150.508 0.281371 0 0.0812163 0.734044 3.36696 3.9292
63 30.8719 19.1195 150.7
100.897 150.508 0.281371 0 0.0812163 0.734044 3.36696 3.9292
64 30.8719 18.9808 152.62
100.897 150.508 0.281371 0 0.0812163 0.734044 3.36696 3.9292
65 30.8719 20.2448 130.737
100.897 150.508 0.281371 0 0.0812163 0.734044 3.36696 3.9292
66 30.8719 19.1505 151.585
100.897 150.508 0.281371 0 0.0812163 0.734044 3.36696 3.9292
67 30.8719 16.9651 168.422
100.897 150.508 0.281371 0 0.0812163 0.734044 3.36696 3.9292
68 30.8719 16.2914 183.11
100.897 150.508 0.281371 0 0.0812163 0.734044 3.36696 3.9292
69 30.8719 16.6049 175.813
100.897 150.508 0.281371 0 0.0812163 0.734044 3.36696 3.9292
70 30.9894 18.1183 179.713
100.782 150.416 0.280998 0 0.0829702 0.733502 3.33731 3.92074
71 30.9894 18.9654 163.926
100.782 150.416 0.280998 0 0.0829702 0.733502 3.33731 3.92074
72 30.9894 20.8761 110.729
100.782 150.416 0.280998 0 0.0829702 0.733502 3.33731 3.92074
73 30.9894 22.5062 96.7723
100.782 150.416 0.280998 0 0.0829702 0.733502 3.33731 3.92074
74 30.9894 17.6238 166.225
100.782 150.416 0.280998 0 0.0829702 0.733502 3.33731 3.92074
75 30.9894 17.769 174.115
100.782 150.416 0.280998 0 0.0829702 0.733502 3.33731 3.92074
76 30.9894 16.6043 191.351
100.782 150.416 0.280998 0 0.0829702 0.733502 3.33731 3.92074
77 30.9894 16.4504 175.807
100.782 150.416 0.280998 0 0.0829702 0.733502 3.33731 3.92074
78 30.9894 15.6222 177.95
100.782 150.416 0.280998 0 0.0829702 0.733502 3.33731 3.92074
79 30.9894 15.2355 176.74
100.782 150.416 0.280998 0 0.0829702 0.733502 3.33731 3.92074
80 30.9894 15.5823 184.242
100.782 150.416 0.280998 0 0.0829702 0.733502 3.33731 3.92074
81 30.9894 20.1151 143.695
100.782 150.416 0.280998 0 0.0829702 0.733502 3.33731 3.92074
82 30.9894 18.0091 162.791
100.782 150.416 0.280998 0 0.0829702 0.733502 3.33731 3.92074
83 30.9894 20.0437 142.739
100.782 150.416 0.280998 0 0.0829702 0.733502 3.33731 3.92074
84 30.9894 17.6858 170.611
100.782 150.416 0.280998 0 0.0829702 0.733502 3.33731 3.92074
85 30.9894 15.0128 184.237
100.782 150.416 0.280998 0 0.0829702 0.733502 3.33731 3.92074
86 30.9894 18.0247 160.461
100.782 150.416 0.280998 0 0.0829702 0.733502 3.33731 3.92074
87 30.9894 17.1675 161.961
100.782 150.416 0.280998 0 0.0829702 0.733502 3.33731 3.92074
88 30.9894 17.4332 173.214
100.782 150.416 0.280998 0 0.0829702 0.733502 3.33731 3.92074
89 30.9894 16.8662 173.915
100.782 150.416 0.280998 0 0.0829702 0.733502 3.33731 3.92074
90 30.9894 17.3687 162.934
100.782 150.416 0.280998 0 0.0829702 0.733502 3.33731 3.92074
91 30.9894 21.169 129.971
100.782 150.416 0.280998 0 0.0829702 0.733502 3.33731 3.92074
92 30.9894 21.5724 125.101
100.782 150.416 0.280998 0 0.0829702 0.733502 3.33731 3.92074
93 30.9894 22.8023 100.231
100.782 150.416 0.280998 0 0.0829702 0.733502 3.33731 3.92074
94 30.9894 19.6572 150.506
100.782 150.416 0.280998 0 0.0829702 0.733502 3.33731 3.92074
95 30.9894 19.512 152.151
100.782 150.416 0.280998 0 0.0829702 0.733502 3.33731 3.92074
96 30.9894 19.7801 143.813
100.782 150.416 0.280998 0 0.0829702 0.733502 3.33731 3.92074
97 30.9894 20.5345 133.673
100.782 150.416 0.280998 0 0.0829702 0.733502 3.33731 3.92074
98 30.9894 20.5804 135.067
100.782 150.416 0.280998 0 0.0829702 0.733502 3.33731 3.92074
99 30.9894 20.0959 128.654
100.782 150.416 0.280998 0 0.0829702 0.733502 3.33731 3.92074
100 30.9894 19.3421 149.04
100.782 150.416 0.280998 0 0.0829702 0.733502 3.33731 3.92074
