0 11.9421 1.5366 7.96901
153.007 168.312 0.338134 0.205579 0.996299 0.0140566 3.56973 1.93444
1 11.9421 2.26385 11.4677
153.007 168.312 0.338134 0.205579 0.996299 0.0140566 3.56973 1.93444
2 11.9421 3.48918 16.6909
153.007 168.312 0.338134 0.205579 0.996299 0.0140566 3.56973 1.93444
3 11.9421 4.78765 19.795
153.007 168.312 0.338134 0.205579 0.996299 0.0140566 3.56973 1.93444
4 11.9421 5.02622 19.4405
153.007 168.312 0.338134 0.205579 0.996299 0.0140566 3.56973 1.93444
5 11.9851 5.96592 20.5308
154.402 171.813 0.34441 0.226606 0.983346 0 3.47264 2.05044
6 12.0077 6.47153 21.9416
163.486 164.609 0.37928 0.227324 0.954376 0.0133273 2.75995 1.97763
7 12.4669 6.91118 23.3145
152.271 165.59 0.333143 0.204865 1 0.013506 3.60658 1.87435
8 12.4669 7.26427 23.3347
152.271 165.59 0.333143 0.204865 1 0.013506 3.60658 1.87435
9 12.4669 7.58969 21.7277
152.271 165.59 0.333143 0.204865 1 0.013506 3.60658 1.87435
10 12.4669 7.58209 20.899
152.271 165.59 0.333143 0.204865 1 0.013506 3.60658 1.87435
11 12.4669 8.18845 17.6521
152.271 165.59 0.333143 0.204865 1 0.013506 3.60658 1.87435
12 13.051 8.4938 16.3751
170.611 172.8 0.424441 0.0601016 1 0.136605 4.28077 1.81366
13 13.051 9.01689 13.7273
170.611 172.8 0.424441 0.0601016 1 0.136605 4.28077 1.81366
14 13.5249 9.02003 17.8691
146.405 160.621 0.393383 0.224394 1 0 5.14902 4.91641
15 13.5249 9.00624 18.0027
146.405 160.621 0.393383 0.224394 1 0 5.14902 4.91641
16 13.5249 8.96027 15.6013
146.405 160.621 0.393383 0.224394 1 0 5.14902 4.91641
17 13.532 9.11104 16.2048
148.596 159.121 0.394025 0.217278 0.965739 0.0231747 5.14305 5.06235
18 13.9489 9.42626 14.5909
153.143 155.817 0.540819 0 1 0.114865 5.928 5.09158
19 13.9489 9.87502 12.1198
153.143 155.817 0.540819 0 1 0.114865 5.928 5.09158
20 13.9489 10.0201 11.0525
153.143 155.817 0.540819 0 1 0.114865 5.928 5.09158
21 13.9792 10.3231 16.3095
147.407 154.932 0.462494 0.113459 0.988662 0.0644161 6.27346 6.43258
22 13.9792 10.6674 13.3611
147.407 154.932 0.462494 0.113459 0.988662 0.0644161 6.27346 6.43258
23 13.9792 10.8347 11.8252
147.407 154.932 0.462494 0.113459 0.988662 0.0644161 6.27346 6.43258
24 14.1302 10.2858 13.9834
143.921 152.848 0.473463 0.146225 1 0.0444089 6.27863 6.33873
25 14.1302 10.5212 13.3236
143.921 152.848 0.473463 0.146225 1 0.0444089 6.27863 6.33873
26 14.1302 10.1965 13.5326
143.921 152.848 0.473463 0.146225 1 0.0444089 6.27863 6.33873
27 14.1936 10.4494 16.2336
144.622 153.452 0.478592 0.147658 1 0.0434428 6.25831 6.36028
28 14.456 10.437 15.5714
148.608 147 0.514986 0.0960955 0.991917 0 6.9915 4.95349
29 14.456 10.7432 15.1933
148.608 147 0.514986 0.0960955 0.991917 0 6.9915 4.95349
30 14.456 11.035 14.9405
148.608 147 0.514986 0.0960955 0.991917 0 6.9915 4.95349
31 14.456 10.933 11.3747
148.608 147 0.514986 0.0960955 0.991917 0 6.9915 4.95349
32 14.456 11.5424 11.3727
148.608 147 0.514986 0.0960955 0.991917 0 6.9915 4.95349
33 14.9908 10.7219 17.7677
150.429 141.496 0.519413 0.0937668 1 0.0297926 6.7062 5.01939
34 14.9908 10.4495 17.2181
150.429 141.496 0.519413 0.0937668 1 0.0297926 6.7062 5.01939
35 14.9908 10.6121 15.7455
150.429 141.496 0.519413 0.0937668 1 0.0297926 6.7062 5.01939
36 15.4885 10.757 18.2476
151.303 137.067 0.513399 0.0961879 1 0.0046668 6.4485 4.79445
37 15.4885 11.4268 15.8795
151.303 137.067 0.513399 0.0961879 1 0.0046668 6.4485 4.79445
38 15.4885 10.9463 14.959
151.303 137.067 0.513399 0.0961879 1 0.0046668 6.4485 4.79445
39 15.9561 11.6364 17.3399
147.584 130.679 0.546976 0.031337 0.957869 0 6.54039 4.82276
40 15.9561 11.3067 17.1363
147.584 130.679 0.546976 0.031337 0.957869 0 6.54039 4.82276
41 15.964 11.1439 18.5991
188.186 142.62 0.598543 0.00649322 0.976121 0.00231771 5.83486 2.23984
42 15.964 11.4914 19.3524
188.186 142.62 0.598543 0.00649322 0.976121 0.00231771 5.83486 2.23984
43 15.964 10.8606 22.397
188.186 142.62 0.598543 0.00649322 0.976121 0.00231771 5.83486 2.23984
44 15.964 11.3087 20.3018
188.186 142.62 0.598543 0.00649322 0.976121 0.00231771 5.83486 2.23984
45 15.964 11.8223 18.8329
188.186 142.62 0.598543 0.00649322 0.976121 0.00231771 5.83486 2.23984
46 15.964 12.6192 13.2874
188.186 142.62 0.598543 0.00649322 0.976121 0.00231771 5.83486 2.23984
47 15.964 12.1113 14.2907
188.186 142.62 0.598543 0.00649322 0.976121 0.00231771 5.83486 2.23984
48 15.964 12.0359 13.9479
188.186 142.62 0.598543 0.00649322 0.976121 0.00231771 5.83486 2.23984
49 15.964 11.9781 18.9925
188.186 142.62 0.598543 0.00649322 0.976121 0.00231771 5.83486 2.23984
50 15.964 11.5846 20.2671
188.186 142.62 0.598543 0.00649322 0.976121 0.00231771 5.83486 2.23984
51 15.964 11.9319 14.4339
188.186 142.62 0.598543 0.00649322 0.976121 0.00231771 5.83486 2.23984
52 15.964 12.496 15.3184
188.186 142.62 0.598543 0.00649322 0.976121 0.00231771 5.83486 2.23984
53 15.9682 12.6172 14.4465
188.953 140.799 0.592303 0.0036752 0.972678 0.0130431 5.92464 2.66117
54 15.9682 12.2995 11.4886
188.953 140.799 0.592303 0.0036752 0.972678 0.0130431 5.92464 2.66117
55 15.9682 11.0452 16.115
188.953 140.799 0.592303 0.0036752 0.972678 0.0130431 5.92464 2.66117
56 15.9682 10.9318 18.5765
188.953 140.799 0.592303 0.0036752 0.972678 0.0130431 5.92464 2.66117
57 15.9682 10.8865 23.6171
188.953 140.799 0.592303 0.0036752 0.972678 0.0130431 5.92464 2.66117
58 15.9682 10.7861 20.1398
188.953 140.799 0.592303 0.0036752 0.972678 0.0130431 5.92464 2.66117
59 15.9682 11.3416 17.1913
188.953 140.799 0.592303 0.0036752 0.972678 0.0130431 5.92464 2.66117
60 15.9682 11.1894 13.6327
188.953 140.799 0.592303 0.0036752 0.972678 0.0130431 5.92464 2.66117
61 15.9682 11.5371 12.9694
188.953 140.799 0.592303 0.0036752 0.972678 0.0130431 5.92464 2.66117
62 15.9689 12.3274 9.72466
192.708 143.246 0.599493 0 0.974832 0.00153737 5.82817 2.25921
63 15.9689 12.075 11.9071
192.708 143.246 0.599493 0 0.974832 0.00153737 5.82817 2.25921
64 15.9689 11.9079 11.7846
192.708 143.246 0.599493 0 0.974832 0.00153737 5.82817 2.25921
65 15.9689 11.6621 14.4757
192.708 143.246 0.599493 0 0.974832 0.00153737 5.82817 2.25921
66 15.9689 11.792 11.7447
192.708 143.246 0.599493 0 0.974832 0.00153737 5.82817 2.25921
67 15.9689 11.6953 13.0343
192.708 143.246 0.599493 0 0.974832 0.00153737 5.82817 2.25921
68 15.9689 11.9052 9.76381
192.708 143.246 0.599493 0 0.974832 0.00153737 5.82817 2.25921
69 15.9689 12.2533 9.47942
192.708 143.246 0.599493 0 0.974832 0.00153737 5.82817 2.25921
70 15.9689 12.1194 8.28895
192.708 143.246 0.599493 0 0.974832 0.00153737 5.82817 2.25921
71 15.9689 12.3308 6.15858
192.708 143.246 0.599493 0 0.974832 0.00153737 5.82817 2.25921
72 15.9689 12.075 11.3405
192.708 143.246 0.599493 0 0.974832 0.00153737 5.82817 2.25921
73 15.9703 11.9735 12.1083
189.296 138.267 0.595701 0.0221776 0.976567 0.0202823 5.8371 2.409
74 15.9703 11.6661 14.3491
189.296 138.267 0.595701 0.0221776 0.976567 0.0202823 5.8371 2.409
75 15.9703 11.4977 12.8174
189.296 138.267 0.595701 0.0221776 0.976567 0.0202823 5.8371 2.409
76 15.9703 11.2975 11.6044
189.296 138.267 0.595701 0.0221776 0.976567 0.0202823 5.8371 2.409
77 15.9703 11.7091 12.145
189.296 138.267 0.595701 0.0221776 0.976567 0.0202823 5.8371 2.409
78 15.9703 12.397 8.5259
189.296 138.267 0.595701 0.0221776 0.976567 0.0202823 5.8371 2.409
79 15.9703 12.4449 7.50323
189.296 138.267 0.595701 0.0221776 0.976567 0.0202823 5.8371 2.409
80 15.9703 12.1129 10.5467
189.296 138.267 0.595701 0.0221776 0.976567 0.0202823 5.8371 2.409
81 15.9703 11.5541 17.8423
189.296 138.267 0.595701 0.0221776 0.976567 0.0202823 5.8371 2.409
82 15.9703 11.8606 11.3879
189.296 138.267 0.595701 0.0221776 0.976567 0.0202823 5.8371 2.409
83 15.9703 12.271 11.2856
189.296 138.267 0.595701 0.0221776 0.976567 0.0202823 5.8371 2.409
84 15.9703 12.2698 10.0188
189.296 138.267 0.595701 0.0221776 0.976567 0.0202823 5.8371 2.409
85 15.9703 12.1559 11.1472
189.296 138.267 0.595701 0.0221776 0.976567 0.0202823 5.8371 2.409
86 15.9703 11.4267 12.1148
189.296 138.267 0.595701 0.0221776 0.976567 0.0202823 5.8371 2.409
87 15.9703 10.9374 13.4764
189.296 138.267 0.595701 0.0221776 0.976567 0.0202823 5.8371 2.409
88 15.9703 10.8132 15.5453
189.296 138.267 0.595701 0.0221776 0.976567 0.0202823 5.8371 2.409
89 15.9703 10.5973 16.1406
189.296 138.267 0.595701 0.0221776 0.976567 0.0202823 5.8371 2.409
90 15.9703 11.3536 13.9006
189.296 138.267 0.595701 0.0221776 0.976567 0.0202823 5.8371 2.409
91 15.9703 12.0125 11.2477
189.369 138.238 0.594868 0.0216553 0.975671 0.0203092 5.83055 2.40624
92 15.9703 11.5374 14.3947
189.369 138.238 0.594868 0.0216553 0.975671 0.0203092 5.83055 2.40624
93 15.9703 11.7717 10.6061
189.369 138.238 0.594868 0.0216553 0.975671 0.0203092 5.83055 2.40624
94 15.9703 11.0261 12.3476
189.369 138.238 0.594868 0.0216553 0.975671 0.0203092 5.83055 2.40624
95 15.9703 11.8702 8.15567
189.369 138.238 0.594868 0.0216553 0.975671 0.0203092 5.83055 2.40624
96 15.9703 11.3552 10.5539
189.369 138.238 0.594868 0.0216553 0.975671 0.0203092 5.83055 2.40624
97 15.9718 11.1821 13.0641
189.212 138.176 0.593758 0.0170222 0.971824 0.019404 5.82128 2.3619
98 15.9718 10.5602 13.6895
189.212 138.176 0.593758 0.0170222 0.971824 0.019404 5.82128 2.3619
99 15.9718 10.8245 12.4429
189.212 138.176 0.593758 0.0170222 0.971824 0.019404 5.82128 2.3619
100 15.9718 11.65 11.6323
189.212 138.176 0.593758 0.0170222 0.971824 0.019404 5.82128 2.3619
