0 30.968 4.20879 58.0316
149.886 109.704 0.0385103 0.2975 0.343517 0.181168 1.74666 7.68933
1 30.968 5.0403 62.2421
149.886 109.704 0.0385103 0.2975 0.343517 0.181168 1.74666 7.68933
2 37.5193 8.13102 114.777
149.096 113.884 0.0692071 0.320453 0.296967 0.206636 1.78641 7.15579
3 37.5193 10.0483 152.623
149.096 113.884 0.0692071 0.320453 0.296967 0.206636 1.78641 7.15579
4 38.1998 12.9588 203.043
149.509 113.366 0.0722303 0.294579 0.300867 0.224721 1.77009 7.0254
5 38.745 13.9616 216.39
145.333 111.909 0.108467 0.258165 0.284555 0.209755 2.02481 8.31759
6 38.7833 17.391 234.489
146.363 114.058 0.12625 0.27615 0.256683 0.212633 2.6986 6.23817
7 46.8454 17.2547 265.284
145.784 107.255 0.204834 0.223179 0.306148 0.15889 0.555549 7.71405
8 46.8454 19.2942 257.065
145.784 107.255 0.204834 0.223179 0.306148 0.15889 0.555549 7.71405
9 48.575 21.8699 366
135.043 107.189 0.251738 0.175367 0.176868 0.142699 2.96241 7.19089
10 48.575 23.7623 366.931
135.043 107.189 0.251738 0.175367 0.176868 0.142699 2.96241 7.19089
11 48.575 25.4986 285.823
135.043 107.189 0.251738 0.175367 0.176868 0.142699 2.96241 7.19089
12 48.575 25.4617 325.353
135.043 107.189 0.251738 0.175367 0.176868 0.142699 2.96241 7.19089
13 50.8275 28.633 273.691
135.352 107.72 0.245524 0.180488 0.171868 0.148367 2.92941 7.27553
14 50.9688 30.6394 320.839
134.684 106.861 0.254534 0.185662 0.172984 0.148725 2.85769 7.31174
15 51.0964 35.0357 275.303
132.48 109.117 0.22932 0.222811 0.111783 0.109604 3.08015 7.7968
16 51.3478 37.0604 268.547
126.988 111.291 0.333384 0.174078 0.0923578 0.115753 4.6794 6.8652
17 52.0827 36.8256 234.858
128.073 105.198 0.226385 0.242861 0.125692 0.0635494 3.03449 6.59948
18 52.0827 30.5651 233.152
128.073 105.198 0.226385 0.242861 0.125692 0.0635494 3.03449 6.59948
19 53.6728 33.2758 288.077
118.341 118.458 0.36136 0.243136 0.0613172 0.120822 3.02885 5.59276
20 55.0264 34.0477 283.754
152.694 115.064 0.369046 0.292216 0 0.121491 4.88402 6.16689
21 55.0264 33.0732 319.674
152.694 115.064 0.369046 0.292216 0 0.121491 4.88402 6.16689
22 55.0264 35.0571 280.138
152.694 115.064 0.369046 0.292216 0 0.121491 4.88402 6.16689
23 55.0264 37.942 254.816
152.694 115.064 0.369046 0.292216 0 0.121491 4.88402 6.16689
24 57.7235 38.9152 264.206
154.166 114.574 0.384065 0.252795 0.0119426 0.0911046 4.93579 5.98647
25 58.2447 37.5053 305.099
152.551 115.722 0.369336 0.262093 0.00621056 0.0967637 4.72905 5.91114
26 58.2447 39.5133 287.798
152.551 115.722 0.369336 0.262093 0.00621056 0.0967637 4.72905 5.91114
27 58.2447 36.2424 338.937
152.551 115.722 0.369336 0.262093 0.00621056 0.0967637 4.72905 5.91114
28 58.6094 36.4625 286.04
150.749 118.652 0.381831 0.281268 0 0.0818936 4.2223 6.09819
29 58.6094 37.1621 368.539
150.749 118.652 0.381831 0.281268 0 0.0818936 4.2223 6.09819
30 58.6094 38.8269 334.483
150.749 118.652 0.381831 0.281268 0 0.0818936 4.2223 6.09819
31 58.6094 36.2419 361.722
150.749 118.652 0.381831 0.281268 0 0.0818936 4.2223 6.09819
32 59.4129 35.1172 384.168
151.064 118.7 0.381838 0.282079 0.00100915 0.0794196 4.17042 6.00341
33 59.4129 33.3222 402.819
151.064 118.7 0.381838 0.282079 0.00100915 0.0794196 4.17042 6.00341
34 59.4129 34.1427 377.934
151.064 118.7 0.381838 0.282079 0.00100915 0.0794196 4.17042 6.00341
35 59.8898 37.5762 339.18
148.935 117.918 0.36739 0.280332 0 0.083876 4.36023 6.26937
36 59.8898 37.1019 394.664
148.935 117.918 0.36739 0.280332 0 0.083876 4.36023 6.26937
37 59.8898 37.3181 320.361
148.935 117.918 0.36739 0.280332 0 0.083876 4.36023 6.26937
38 59.8898 35.773 344.497
148.935 117.918 0.36739 0.280332 0 0.083876 4.36023 6.26937
39 59.8898 35.6593 362.532
148.935 117.918 0.36739 0.280332 0 0.083876 4.36023 6.26937
40 59.8898 37.353 320.874
148.935 117.918 0.36739 0.280332 0 0.083876 4.36023 6.26937
41 59.8898 35.1736 367.26
148.935 117.918 0.36739 0.280332 0 0.083876 4.36023 6.26937
42 60.3962 40.4445 309.155
148.799 117.937 0.369352 0.280464 0 0.0848781 4.37372 6.28871
43 60.3962 40.9344 326.662
148.799 117.937 0.369352 0.280464 0 0.0848781 4.37372 6.28871
44 60.3962 40.3587 313.876
148.799 117.937 0.369352 0.280464 0 0.0848781 4.37372 6.28871
45 60.3962 40.5134 318.594
148.799 117.937 0.369352 0.280464 0 0.0848781 4.37372 6.28871
46 60.3962 38.0429 327.813
148.799 117.937 0.369352 0.280464 0 0.0848781 4.37372 6.28871
47 60.3962 34.7451 325.545
148.799 117.937 0.369352 0.280464 0 0.0848781 4.37372 6.28871
48 60.3962 36.6807 296.786
148.799 117.937 0.369352 0.280464 0 0.0848781 4.37372 6.28871
49 60.3962 37.8066 264.83
148.799 117.937 0.369352 0.280464 0 0.0848781 4.37372 6.28871
50 60.3962 37.4143 278.199
148.799 117.937 0.369352 0.280464 0 0.0848781 4.37372 6.28871
51 60.3962 39.1976 304.464
148.799 117.937 0.369352 0.280464 0 0.0848781 4.37372 6.28871
52 60.3962 35.959 384.815
148.799 117.937 0.369352 0.280464 0 0.0848781 4.37372 6.28871
53 60.3962 36.9424 342.969
148.799 117.937 0.369352 0.280464 0 0.0848781 4.37372 6.28871
54 60.3962 35.3489 315.506
148.799 117.937 0.369352 0.280464 0 0.0848781 4.37372 6.28871
55 60.3962 35.7717 303.848
148.799 117.937 0.369352 0.280464 0 0.0848781 4.37372 6.28871
56 60.3962 39.1364 353.526
148.799 117.937 0.369352 0.280464 0 0.0848781 4.37372 6.28871
57 60.3962 41.6091 197.762
148.799 117.937 0.369352 0.280464 0 0.0848781 4.37372 6.28871
58 60.3962 38.4924 277.564
148.799 117.937 0.369352 0.280464 0 0.0848781 4.37372 6.28871
59 60.4081 41.861 278.576
148.884 117.676 0.367718 0.280832 0.000243832 0.0847893 4.39322 6.29681
60 60.4081 44.6523 239.493
148.884 117.676 0.367718 0.280832 0.000243832 0.0847893 4.39322 6.29681
61 60.4081 44.8716 180.084
148.884 117.676 0.367718 0.280832 0.000243832 0.0847893 4.39322 6.29681
62 60.4081 45.0835 180.827
148.884 117.676 0.367718 0.280832 0.000243832 0.0847893 4.39322 6.29681
63 60.4081 41.9232 236.428
148.884 117.676 0.367718 0.280832 0.000243832 0.0847893 4.39322 6.29681
64 60.4081 40.8441 176.33
148.884 117.676 0.367718 0.280832 0.000243832 0.0847893 4.39322 6.29681
65 60.4081 37.82 238.719
148.884 117.676 0.367718 0.280832 0.000243832 0.0847893 4.39322 6.29681
66 60.4081 35.4742 345.935
148.884 117.676 0.367718 0.280832 0.000243832 0.0847893 4.39322 6.29681
67 60.4081 36.161 434.82
148.884 117.676 0.367718 0.280832 0.000243832 0.0847893 4.39322 6.29681
68 60.4081 35.2695 434.997
148.884 117.676 0.367718 0.280832 0.000243832 0.0847893 4.39322 6.29681
69 60.4081 37.2027 414.356
148.884 117.676 0.367718 0.280832 0.000243832 0.0847893 4.39322 6.29681
70 60.4081 40.292 363.798
148.884 117.676 0.367718 0.280832 0.000243832 0.0847893 4.39322 6.29681
71 60.4081 40.3983 370.307
148.884 117.676 0.367718 0.280832 0.000243832 0.0847893 4.39322 6.29681
72 60.4081 37.7152 326.503
148.884 117.676 0.367718 0.280832 0.000243832 0.0847893 4.39322 6.29681
73 60.4081 39.2962 358.605
148.884 117.676 0.367718 0.280832 0.000243832 0.0847893 4.39322 6.29681
74 60.4081 34.3886 405.631
148.884 117.676 0.367718 0.280832 0.000243832 0.0847893 4.39322 6.29681
75 60.4081 34.1069 393.857
148.884 117.676 0.367718 0.280832 0.000243832 0.0847893 4.39322 6.29681
76 60.4081 35.0898 395.001
148.884 117.676 0.367718 0.280832 0.000243832 0.0847893 4.39322 6.29681
77 60.4081 38.5348 311.255
148.884 117.676 0.367718 0.280832 0.000243832 0.0847893 4.39322 6.29681
78 60.4081 34.5513 324.653
148.884 117.676 0.367718 0.280832 0.000243832 0.0847893 4.39322 6.29681
79 60.4081 33.1445 329.73
148.884 117.676 0.367718 0.280832 0.000243832 0.0847893 4.39322 6.29681
80 60.4081 32.7611 405.855
148.884 117.676 0.367718 0.280832 0.000243832 0.0847893 4.39322 6.29681
81 60.4081 35.5074 394.254
148.884 117.676 0.367718 0.280832 0.000243832 0.0847893 4.39322 6.29681
82 60.4081 37.4424 359.165
148.884 117.676 0.367718 0.280832 0.000243832 0.0847893 4.39322 6.29681
83 60.4081 37.9813 360.753
148.884 117.676 0.367718 0.280832 0.000243832 0.0847893 4.39322 6.29681
84 60.4081 35.2449 326.104
148.884 117.676 0.367718 0.280832 0.000243832 0.0847893 4.39322 6.29681
85 60.4081 35.5528 317.286
148.884 117.676 0.367718 0.280832 0.000243832 0.0847893 4.39322 6.29681
86 60.4081 38.1639 342.868
148.884 117.676 0.367718 0.280832 0.000243832 0.0847893 4.39322 6.29681
87 60.4081 38.691 406.807
148.884 117.676 0.367718 0.280832 0.000243832 0.0847893 4.39322 6.29681
88 60.4081 39.7802 383.928
148.884 117.676 0.367718 0.280832 0.000243832 0.0847893 4.39322 6.29681
89 60.4081 37.0488 345.332
148.884 117.676 0.367718 0.280832 0.000243832 0.0847893 4.39322 6.29681
90 60.4081 38.3789 347.701
148.884 117.676 0.367718 0.280832 0.000243832 0.0847893 4.39322 6.29681
91 60.4081 38.5676 403.81
148.884 117.676 0.367718 0.280832 0.000243832 0.0847893 4.39322 6.29681
92 60.4081 38.8473 398.098
148.884 117.676 0.367718 0.280832 0.000243832 0.0847893 4.39322 6.29681
93 60.4081 38.5959 369.353
148.884 117.676 0.367718 0.280832 0.000243832 0.0847893 4.39322 6.29681
94 60.4081 36.4916 447.671
148.884 117.676 0.367718 0.280832 0.000243832 0.0847893 4.39322 6.29681
95 60.4081 41.4144 260.186
148.884 117.676 0.367718 0.280832 0.000243832 0.0847893 4.39322 6.29681
96 60.4081 40.5789 255.633
148.884 117.676 0.367718 0.280832 0.000243832 0.0847893 4.39322 6.29681
97 60.4081 42.784 242.293
148.884 117.676 0.367718 0.280832 0.000243832 0.0847893 4.39322 6.29681
98 60.4081 42.4961 263.974
148.884 117.676 0.367718 0.280832 0.000243832 0.0847893 4.39322 6.29681
99 60.4081 34.6016 344.398
148.884 117.676 0.367718 0.280832 0.000243832 0.0847893 4.39322 6.29681
100 60.4081 37.2063 337.23
148.884 117.676 0.367718 0.280832 0.000243832 0.0847893 4.39322 6.29681
