0 5.73993 0.590496 2.23064
142.881 157.738 0.420385 0.0110626 0.810749 0.196865 7.83356 6.27082
1 5.73993 0.877668 3.51865
142.881 157.738 0.420385 0.0110626 0.810749 0.196865 7.83356 6.27082
2 5.73993 1.44813 5.57792
142.881 157.738 0.420385 0.0110626 0.810749 0.196865 7.83356 6.27082
3 7.13664 1.52335 6.33272
146.477 158.123 0.460365 0.0505639 0.836874 0.201692 7.6135 6.02298
4 7.13664 1.45136 4.71471
146.477 158.123 0.460365 0.0505639 0.836874 0.201692 7.6135 6.02298
5 7.13983 2.09432 6.73468
146.32 158.116 0.456105 0.0533855 0.836444 0.202071 7.65258 5.99739
6 7.13983 2.59206 6.76911
146.32 158.116 0.456105 0.0533855 0.836444 0.202071 7.65258 5.99739
7 7.13983 2.45164 6.86158
146.32 158.116 0.456105 0.0533855 0.836444 0.202071 7.65258 5.99739
8 8.62828 3.37858 7.37954
153.04 179.201 0.352225 0 0.996668 0.395606 5.70577 5.21012
9 8.62828 3.39054 7.13971
153.04 179.201 0.352225 0 0.996668 0.395606 5.70577 5.21012
10 8.62828 3.898 9.36121
153.04 179.201 0.352225 0 0.996668 0.395606 5.70577 5.21012
11 8.62828 3.54141 7.82533
153.04 179.201 0.352225 0 0.996668 0.395606 5.70577 5.21012
12 8.62828 4.18968 8.79391
153.04 179.201 0.352225 0 0.996668 0.395606 5.70577 5.21012
13 8.62828 4.25802 8.71919
153.04 179.201 0.352225 0 0.996668 0.395606 5.70577 5.21012
14 8.62828 4.25998 8.05983
153.04 179.201 0.352225 0 0.996668 0.395606 5.70577 5.21012
15 8.62828 4.89548 7.40434
153.04 179.201 0.352225 0 0.996668 0.395606 5.70577 5.21012
16 8.62828 4.53465 6.5108
153.04 179.201 0.352225 0 0.996668 0.395606 5.70577 5.21012
17 8.62828 5.38826 6.40228
153.04 179.201 0.352225 0 0.996668 0.395606 5.70577 5.21012
18 8.62828 5.6722 4.83692
153.04 179.201 0.352225 0 0.996668 0.395606 5.70577 5.21012
19 8.62934 5.46178 6.61024
153.38 179.546 0.346414 0 1 0.393361 5.69346 5.2936
20 8.62934 5.39485 6.0229
153.38 179.546 0.346414 0 1 0.393361 5.69346 5.2936
21 8.66574 5.04683 7.01902
152.654 172.824 0.345054 0 1 0.482424 5.17417 5.86555
22 8.70013 6.04774 3.85341
135.869 156.803 0.310596 0 1 0.590686 3.3387 4.47075
23 8.70016 5.26928 5.93883
136.291 156.473 0.315756 0 0.999341 0.590931 3.36447 4.46602
24 8.70016 4.99349 6.12889
136.291 156.473 0.315756 0 0.999341 0.590931 3.36447 4.46602
25 8.70016 4.4855 5.13164
136.291 156.473 0.315756 0 0.999341 0.590931 3.36447 4.46602
26 8.70016 4.71602 5.34577
136.291 156.473 0.315756 0 0.999341 0.590931 3.36447 4.46602
27 8.70016 4.14598 7.4211
136.291 156.473 0.315756 0 0.999341 0.590931 3.36447 4.46602
28 8.80219 5.14259 6.38504
139.291 164.66 0.28734 0 0.948313 0.535572 4.49765 4.13442
29 8.80219 5.00013 6.02525
139.291 164.66 0.28734 0 0.948313 0.535572 4.49765 4.13442
30 8.81685 5.45048 8.04667
139.475 163.794 0.274906 0 0.950687 0.538876 4.45744 4.06988
31 8.81685 5.37743 7.75533
139.475 163.794 0.274906 0 0.950687 0.538876 4.45744 4.06988
32 8.81685 5.2317 5.34406
139.475 163.794 0.274906 0 0.950687 0.538876 4.45744 4.06988
33 8.81685 5.24887 7.02327
139.475 163.794 0.274906 0 0.950687 0.538876 4.45744 4.06988
34 8.81685 5.81092 5.39549
139.475 163.794 0.274906 0 0.950687 0.538876 4.45744 4.06988
35 8.81685 4.93741 7.43868
139.475 163.794 0.274906 0 0.950687 0.538876 4.45744 4.06988
36 8.81685 5.29571 7.02797
139.475 163.794 0.274906 0 0.950687 0.538876 4.45744 4.06988
37 8.81685 5.95136 6.30961
139.475 163.794 0.274906 0 0.950687 0.538876 4.45744 4.06988
38 8.81685 5.36914 7.32414
139.475 163.794 0.274906 0 0.950687 0.538876 4.45744 4.06988
39 8.82344 5.6112 7.87742
137.053 158.63 0.268172 0 0.987254 0.557438 4.52557 3.62828
40 8.82344 5.66934 5.55125
137.053 158.63 0.268172 0 0.987254 0.557438 4.52557 3.62828
41 8.82344 4.87014 5.84042
137.053 158.63 0.268172 0 0.987254 0.557438 4.52557 3.62828
42 8.82344 5.23701 8.43933
137.053 158.63 0.268172 0 0.987254 0.557438 4.52557 3.62828
43 8.82344 5.81225 5.79059
137.053 158.63 0.268172 0 0.987254 0.557438 4.52557 3.62828
44 8.82344 5.17239 6.78682
137.053 158.63 0.268172 0 0.987254 0.557438 4.52557 3.62828
45 8.82344 4.66027 9.19621
137.053 158.63 0.268172 0 0.987254 0.557438 4.52557 3.62828
46 8.82344 5.31193 9.1488
137.053 158.63 0.268172 0 0.987254 0.557438 4.52557 3.62828
47 8.82344 5.7641 7.94085
137.053 158.63 0.268172 0 0.987254 0.557438 4.52557 3.62828
48 8.83463 5.83729 8.8207
127.929 155.501 0.233351 0 1 0.553763 4.38382 3.9626
49 8.83463 5.10737 7.5793
127.929 155.501 0.233351 0 1 0.553763 4.38382 3.9626
50 8.83463 5.0888 6.80403
127.929 155.501 0.233351 0 1 0.553763 4.38382 3.9626
51 8.83463 5.09527 5.23003
127.929 155.501 0.233351 0 1 0.553763 4.38382 3.9626
52 8.83463 5.53804 6.47091
127.929 155.501 0.233351 0 1 0.553763 4.38382 3.9626
53 8.83463 5.10812 7.38213
127.929 155.501 0.233351 0 1 0.553763 4.38382 3.9626
54 8.83463 5.31846 8.35982
127.929 155.501 0.233351 0 1 0.553763 4.38382 3.9626
55 8.83463 5.45041 7.99722
127.929 155.501 0.233351 0 1 0.553763 4.38382 3.9626
56 8.83463 5.17412 9.24278
127.929 155.501 0.233351 0 1 0.553763 4.38382 3.9626
57 8.83463 4.72885 7.99338
127.929 155.501 0.233351 0 1 0.553763 4.38382 3.9626
58 8.83463 4.93113 8.36314
127.929 155.501 0.233351 0 1 0.553763 4.38382 3.9626
59 8.83463 4.72373 6.82674
127.929 155.501 0.233351 0 1 0.553763 4.38382 3.9626
60 8.83463 4.72089 7.98357
127.929 155.501 0.233351 0 1 0.553763 4.38382 3.9626
61 8.83463 4.71646 8.98487
127.929 155.501 0.233351 0 1 0.553763 4.38382 3.9626
62 8.83463 5.16752 6.79982
127.929 155.501 0.233351 0 1 0.553763 4.38382 3.9626
63 10.061 5.21002 5.99134
117.049 169.814 0.347121 0 1 0.402399 4.82022 5.21802
64 10.0799 5.41988 7.02655
116.314 161.7 0.316881 0 1 0.481163 4.891 3.44187
65 10.0799 5.70629 6.44222
116.314 161.7 0.316881 0 1 0.481163 4.891 3.44187
66 10.0799 4.91068 9.39286
116.314 161.7 0.316881 0 1 0.481163 4.891 3.44187
67 10.1363 5.55849 8.97368
115.243 168.013 0.276245 0 1 0.520834 5.87677 3.49975
68 11.4696 5.64034 11.1264
113.478 157.816 0.347184 0 1 0.42721 4.30416 6.07328
69 11.4696 5.20228 10.7311
113.478 157.816 0.347184 0 1 0.42721 4.30416 6.07328
70 11.4696 5.63182 8.07915
113.478 157.816 0.347184 0 1 0.42721 4.30416 6.07328
71 11.4696 5.84416 9.33878
113.478 157.816 0.347184 0 1 0.42721 4.30416 6.07328
72 11.4777 5.35142 12.2777
113.271 159.156 0.323722 0 0.944129 0.421561 4.23401 6.08566
73 11.4777 5.98887 14.2092
113.271 159.156 0.323722 0 0.944129 0.421561 4.23401 6.08566
74 11.4777 5.77086 9.68925
113.271 159.156 0.323722 0 0.944129 0.421561 4.23401 6.08566
75 11.5091 5.77411 12.2798
114.778 157.242 0.272218 0 1 0.429441 3.99899 6.21429
76 11.5091 5.2733 16.124
114.778 157.242 0.272218 0 1 0.429441 3.99899 6.21429
77 11.5091 5.9994 13.9116
114.778 157.242 0.272218 0 1 0.429441 3.99899 6.21429
78 11.5091 5.83715 14.1332
114.778 157.242 0.272218 0 1 0.429441 3.99899 6.21429
79 11.5091 6.64788 12.7504
114.778 157.242 0.272218 0 1 0.429441 3.99899 6.21429
80 11.5091 5.85466 13.1609
114.778 157.242 0.272218 0 1 0.429441 3.99899 6.21429
81 11.5762 5.98954 13.5486
111.327 157.036 0.254498 0 1 0.444764 4.27692 5.91217
82 11.5762 6.20242 11.2766
111.327 157.036 0.254498 0 1 0.444764 4.27692 5.91217
83 11.587 6.47979 12.5407
112.069 156.765 0.251501 0 0.993915 0.452449 4.28393 5.85125
84 11.587 6.78418 9.24525
112.069 156.765 0.251501 0 0.993915 0.452449 4.28393 5.85125
85 11.587 5.69974 8.44179
112.069 156.765 0.251501 0 0.993915 0.452449 4.28393 5.85125
86 11.587 5.83349 8.44314
112.069 156.765 0.251501 0 0.993915 0.452449 4.28393 5.85125
87 11.587 5.11593 11.8325
112.069 156.765 0.251501 0 0.993915 0.452449 4.28393 5.85125
88 11.587 5.12013 12.3032
112.069 156.765 0.251501 0 0.993915 0.452449 4.28393 5.85125
89 11.587 5.98209 12.0649
112.069 156.765 0.251501 0 0.993915 0.452449 4.28393 5.85125
90 11.587 6.36609 13.1849
112.069 156.765 0.251501 0 0.993915 0.452449 4.28393 5.85125
91 11.587 6.37314 10.771
112.069 156.765 0.251501 0 0.993915 0.452449 4.28393 5.85125
92 11.587 6.52554 13.0101
112.069 156.765 0.251501 0 0.993915 0.452449 4.28393 5.85125
93 11.587 5.71486 10.8128
112.069 156.765 0.251501 0 0.993915 0.452449 4.28393 5.85125
94 11.5949 7.59712 9.09921
110.502 156.848 0.217485 0 0.980495 0.42144 4.43241 5.78978
95 11.5949 6.95566 13.2754
110.502 156.848 0.217485 0 0.980495 0.42144 4.43241 5.78978
96 11.5949 6.51605 15.4685
110.502 156.848 0.217485 0 0.980495 0.42144 4.43241 5.78978
97 11.5949 5.73849 13.8793
110.502 156.848 0.217485 0 0.980495 0.42144 4.43241 5.78978
98 11.5949 5.73 11.9098
110.502 156.848 0.217485 0 0.980495 0.42144 4.43241 5.78978
99 11.5949 5.45077 13.2259
110.502 156.848 0.217485 0 0.980495 0.42144 4.43241 5.78978
100 11.5949 5.50668 13.3282
110.502 156.848 0.217485 0 0.980495 0.42144 4.43241 5.78978
