0 31.1409 4.39868 53.1835
140.333 172.506 0.038539 0.101615 0.826185 0.213848 1.63921 5.15821
1 31.1409 5.3776 56.1184
140.333 172.506 0.038539 0.101615 0.826185 0.213848 1.63921 5.15821
2 31.1409 8.54447 101.608
140.333 172.506 0.038539 0.101615 0.826185 0.213848 1.63921 5.15821
3 31.1409 11.0722 119.809
140.333 172.506 0.038539 0.101615 0.826185 0.213848 1.63921 5.15821
4 31.1409 12.7513 134.92
140.333 172.506 0.038539 0.101615 0.826185 0.213848 1.63921 5.15821
5 31.1409 11.7248 118.98
140.333 172.506 0.038539 0.101615 0.826185 0.213848 1.63921 5.15821
6 31.1409 13.4379 111.408
140.333 172.506 0.038539 0.101615 0.826185 0.213848 1.63921 5.15821
7 34.9183 17.9602 152.951
150.65 161.009 0.0264835 0.138118 0.809163 0.178214 1.91431 5.15058
8 36.3551 19.0748 152.755
122.682 160.207 0.0402667 0.249089 0.628901 0.102501 0 5.02497
9 36.6531 18.3996 140.392
138.545 171.707 0.0218295 0.215134 0.681317 0.332586 2.6411 5.8487
10 36.6531 18.2937 120.425
138.545 171.707 0.0218295 0.215134 0.681317 0.332586 2.6411 5.8487
11 37.727 18.8441 142.374
119.111 158.794 0.0160666 0.21644 0.631136 0.106331 0 4.77249
12 37.727 23.0696 162.586
119.111 158.794 0.0160666 0.21644 0.631136 0.106331 0 4.77249
13 37.727 23.5431 148.651
119.111 158.794 0.0160666 0.21644 0.631136 0.106331 0 4.77249
14 37.727 21.1244 136.914
119.111 158.794 0.0160666 0.21644 0.631136 0.106331 0 4.77249
15 37.727 20.3471 141.075
119.111 158.794 0.0160666 0.21644 0.631136 0.106331 0 4.77249
16 38.4378 25.8828 146.854
118.468 156.923 0.022199 0.288697 0.608992 0.0375949 0 4.80757
17 38.4378 22.7497 134.313
118.468 156.923 0.022199 0.288697 0.608992 0.0375949 0 4.80757
18 38.4378 22.3373 138.174
118.468 156.923 0.022199 0.288697 0.608992 0.0375949 0 4.80757
19 39.7736 23.3948 149.101
135.43 152.562 0.0236123 0.349915 0.568306 0.119972 0 4.83628
20 39.7736 21.6014 129.521
135.43 152.562 0.0236123 0.349915 0.568306 0.119972 0 4.83628
21 40.8487 22.4016 166.934
132.236 151.619 0.021092 0.300358 0.532933 0.101756 0.629518 5.56472
22 40.8487 24.6422 193.696
132.236 151.619 0.021092 0.300358 0.532933 0.101756 0.629518 5.56472
23 40.8487 24.1446 210.581
132.236 151.619 0.021092 0.300358 0.532933 0.101756 0.629518 5.56472
24 40.8487 25.1728 220.197
132.236 151.619 0.021092 0.300358 0.532933 0.101756 0.629518 5.56472
25 40.8487 23.7303 197.099
132.236 151.619 0.021092 0.300358 0.532933 0.101756 0.629518 5.56472
26 40.8555 24.0749 171.516
134.484 148.482 0.0213689 0.309791 0.524774 0.0973421 0.59911 5.64224
27 40.8555 21.6536 180.087
134.484 148.482 0.0213689 0.309791 0.524774 0.0973421 0.59911 5.64224
28 40.8555 21.0251 157.992
134.484 148.482 0.0213689 0.309791 0.524774 0.0973421 0.59911 5.64224
29 40.8555 22.4595 152.324
134.484 148.482 0.0213689 0.309791 0.524774 0.0973421 0.59911 5.64224
30 40.8555 21.833 172.094
134.484 148.482 0.0213689 0.309791 0.524774 0.0973421 0.59911 5.64224
31 40.8555 22.3115 129.718
134.484 148.482 0.0213689 0.309791 0.524774 0.0973421 0.59911 5.64224
32 40.8555 26.5003 127.375
134.484 148.482 0.0213689 0.309791 0.524774 0.0973421 0.59911 5.64224
33 40.8555 26.6159 151.255
134.484 148.482 0.0213689 0.309791 0.524774 0.0973421 0.59911 5.64224
34 40.8555 27.7387 113.843
134.484 148.482 0.0213689 0.309791 0.524774 0.0973421 0.59911 5.64224
35 40.8555 25.5793 93.9034
134.484 148.482 0.0213689 0.309791 0.524774 0.0973421 0.59911 5.64224
36 40.8555 25.0345 140.881
134.484 148.482 0.0213689 0.309791 0.524774 0.0973421 0.59911 5.64224
37 40.8555 25.2699 156.154
134.484 148.482 0.0213689 0.309791 0.524774 0.0973421 0.59911 5.64224
38 40.857 29.23 104.734
134.11 148.297 0.0212154 0.308457 0.525658 0.0998361 0.579108 5.68904
39 40.857 28.7728 90.0233
134.11 148.297 0.0212154 0.308457 0.525658 0.0998361 0.579108 5.68904
40 40.857 27.5314 135.976
134.11 148.297 0.0212154 0.308457 0.525658 0.0998361 0.579108 5.68904
41 40.857 25.8811 147.567
134.11 148.297 0.0212154 0.308457 0.525658 0.0998361 0.579108 5.68904
42 40.857 26.8809 145.861
134.11 148.297 0.0212154 0.308457 0.525658 0.0998361 0.579108 5.68904
43 40.857 27.9041 117.514
134.11 148.297 0.0212154 0.308457 0.525658 0.0998361 0.579108 5.68904
44 40.9168 30.0955 100.09
134.478 148.214 0.0192448 0.306829 0.520938 0.0983089 0.61605 5.62564
45 40.9168 31.5364 84.6767
134.478 148.214 0.0192448 0.306829 0.520938 0.0983089 0.61605 5.62564
46 40.9168 29.4504 101.662
134.478 148.214 0.0192448 0.306829 0.520938 0.0983089 0.61605 5.62564
47 40.9168 29.1333 97.8821
134.478 148.214 0.0192448 0.306829 0.520938 0.0983089 0.61605 5.62564
48 40.9168 25.2221 108.157
134.478 148.214 0.0192448 0.306829 0.520938 0.0983089 0.61605 5.62564
49 40.9168 24.4169 124.786
134.478 148.214 0.0192448 0.306829 0.520938 0.0983089 0.61605 5.62564
50 40.9168 24.6086 170.358
134.478 148.214 0.0192448 0.306829 0.520938 0.0983089 0.61605 5.62564
51 40.9168 25.523 204.893
134.478 148.214 0.0192448 0.306829 0.520938 0.0983089 0.61605 5.62564
52 41.2259 24.0304 194.283
134.031 148.282 0.0211608 0.324993 0.512934 0.0675466 0.0442047 6.48402
53 41.2259 27.8468 111.73
134.031 148.282 0.0211608 0.324993 0.512934 0.0675466 0.0442047 6.48402
54 41.2259 25.6597 141.684
134.031 148.282 0.0211608 0.324993 0.512934 0.0675466 0.0442047 6.48402
55 41.2259 21.8728 142.052
134.031 148.282 0.0211608 0.324993 0.512934 0.0675466 0.0442047 6.48402
56 41.2311 21.0871 146.06
121.442 144.122 0.0256832 0.329835 0.522111 0.0988954 1.46795 5.5843
57 41.2311 24.3721 164.303
121.442 144.122 0.0256832 0.329835 0.522111 0.0988954 1.46795 5.5843
58 41.2311 25.6298 180.589
121.442 144.122 0.0256832 0.329835 0.522111 0.0988954 1.46795 5.5843
59 44.1283 24.6634 186.527
146.739 143.36 0.0157269 0.419542 0.578334 0 0 4.60755
60 44.1283 24.35 155.569
146.739 143.36 0.0157269 0.419542 0.578334 0 0 4.60755
61 44.1283 24.8699 161.397
146.739 143.36 0.0157269 0.419542 0.578334 0 0 4.60755
62 44.1283 23.2851 189.494
146.739 143.36 0.0157269 0.419542 0.578334 0 0 4.60755
63 44.1283 24.3437 193.702
146.739 143.36 0.0157269 0.419542 0.578334 0 0 4.60755
64 44.1407 24.1019 188.991
142.546 140.923 0.0133967 0.439308 0.577985 0.0226072 0.0619941 4.49518
65 44.1407 24.4237 188.512
142.546 140.923 0.0133967 0.439308 0.577985 0.0226072 0.0619941 4.49518
66 44.1407 26.4978 174.67
142.546 140.923 0.0133967 0.439308 0.577985 0.0226072 0.0619941 4.49518
67 44.1407 26.6976 181.791
142.546 140.923 0.0133967 0.439308 0.577985 0.0226072 0.0619941 4.49518
68 44.1407 27.2493 185.673
142.546 140.923 0.0133967 0.439308 0.577985 0.0226072 0.0619941 4.49518
69 44.1407 27.8211 168.811
142.546 140.923 0.0133967 0.439308 0.577985 0.0226072 0.0619941 4.49518
70 44.1407 23.0138 161.4
142.546 140.923 0.0133967 0.439308 0.577985 0.0226072 0.0619941 4.49518
71 44.1407 23.3138 179.963
142.546 140.923 0.0133967 0.439308 0.577985 0.0226072 0.0619941 4.49518
72 44.1407 25.5283 179.588
142.546 140.923 0.0133967 0.439308 0.577985 0.0226072 0.0619941 4.49518
73 44.1407 29.5096 136.647
142.546 140.923 0.0133967 0.439308 0.577985 0.0226072 0.0619941 4.49518
74 44.1407 27.9129 143.094
142.546 140.923 0.0133967 0.439308 0.577985 0.0226072 0.0619941 4.49518
75 44.1407 26.6867 135.987
142.546 140.923 0.0133967 0.439308 0.577985 0.0226072 0.0619941 4.49518
76 44.1407 30.1701 107.07
142.546 140.923 0.0133967 0.439308 0.577985 0.0226072 0.0619941 4.49518
77 44.1407 23.8068 182.928
142.546 140.923 0.0133967 0.439308 0.577985 0.0226072 0.0619941 4.49518
78 44.1407 24.6133 175.397
142.546 140.923 0.0133967 0.439308 0.577985 0.0226072 0.0619941 4.49518
79 44.1407 27.3459 146.706
142.546 140.923 0.0133967 0.439308 0.577985 0.0226072 0.0619941 4.49518
80 44.1407 28.4366 143.649
142.546 140.923 0.0133967 0.439308 0.577985 0.0226072 0.0619941 4.49518
81 44.1407 25.671 112.735
142.546 140.923 0.0133967 0.439308 0.577985 0.0226072 0.0619941 4.49518
82 44.1407 25.7405 127.221
142.546 140.923 0.0133967 0.439308 0.577985 0.0226072 0.0619941 4.49518
83 44.1407 28.2434 132.96
142.546 140.923 0.0133967 0.439308 0.577985 0.0226072 0.0619941 4.49518
84 44.1407 27.3501 98.9521
142.546 140.923 0.0133967 0.439308 0.577985 0.0226072 0.0619941 4.49518
85 44.1407 24.4391 171.863
142.546 140.923 0.0133967 0.439308 0.577985 0.0226072 0.0619941 4.49518
86 44.1407 25.7192 177.24
142.546 140.923 0.0133967 0.439308 0.577985 0.0226072 0.0619941 4.49518
87 44.1407 27.4771 135.221
142.546 140.923 0.0133967 0.439308 0.577985 0.0226072 0.0619941 4.49518
88 44.1407 24.8928 169.242
142.546 140.923 0.0133967 0.439308 0.577985 0.0226072 0.0619941 4.49518
89 44.1407 22.7164 125.892
142.546 140.923 0.0133967 0.439308 0.577985 0.0226072 0.0619941 4.49518
90 44.1407 22.5984 146.83
142.546 140.923 0.0133967 0.439308 0.577985 0.0226072 0.0619941 4.49518
91 44.1407 26.8393 177.12
142.546 140.923 0.0133967 0.439308 0.577985 0.0226072 0.0619941 4.49518
92 44.1407 26.9142 188.513
142.546 140.923 0.0133967 0.439308 0.577985 0.0226072 0.0619941 4.49518
93 44.1407 25.6932 153.615
142.546 140.923 0.0133967 0.439308 0.577985 0.0226072 0.0619941 4.49518
94 44.575 24.6981 174.165
146.982 143.605 0.0127878 0.419124 0.573863 0 0.0325319 4.5895
95 44.575 24.9625 174.344
146.982 143.605 0.0127878 0.419124 0.573863 0 0.0325319 4.5895
96 44.575 28.469 190.011
146.982 143.605 0.0127878 0.419124 0.573863 0 0.0325319 4.5895
97 44.575 24.7006 173.342
146.982 143.605 0.0127878 0.419124 0.573863 0 0.0325319 4.5895
98 44.575 25.1922 156.887
146.982 143.605 0.0127878 0.419124 0.573863 0 0.0325319 4.5895
99 44.575 25.9731 140.498
146.982 143.605 0.0127878 0.419124 0.573863 0 0.0325319 4.5895
100 44.575 26.1253 135.576
146.982 143.605 0.0127878 0.419124 0.573863 0 0.0325319 4.5895
