0 7.28942 0.614959 2.95269
106.353 156.197 0.235034 0.22871 0.818752 0.0485564 8.05135 7.68325
1 7.28942 0.6967 3.23202
106.353 156.197 0.235034 0.22871 0.818752 0.0485564 8.05135 7.68325
2 7.28942 1.06044 5.07272
106.353 156.197 0.235034 0.22871 0.818752 0.0485564 8.05135 7.68325
3 8.64336 1.6361 8.25674
100 155.907 0.228732 0.212648 0.741869 0.00307952 7.83982 7.45524
4 8.85581 2.86587 15.2616
102.994 155.265 0.252628 0.225907 0.81717 0.0375176 8.0525 8.1528
5 11.5467 2.87291 17.8524
106.653 142.519 0.294879 0.0513762 0.926936 0.173199 8.03767 8.4957
6 11.5467 3.24541 18.8198
106.653 142.519 0.294879 0.0513762 0.926936 0.173199 8.03767 8.4957
7 11.5467 3.74175 17.2417
106.653 142.519 0.294879 0.0513762 0.926936 0.173199 8.03767 8.4957
8 11.5467 3.67269 18.831
106.653 142.519 0.294879 0.0513762 0.926936 0.173199 8.03767 8.4957
9 11.5467 4.7952 25.8287
106.653 142.519 0.294879 0.0513762 0.926936 0.173199 8.03767 8.4957
10 11.5467 3.95364 20.8864
106.653 142.519 0.294879 0.0513762 0.926936 0.173199 8.03767 8.4957
11 11.5766 4.22403 21.5776
100 137.528 0.292606 0.229494 0.983422 0 6.58241 10
12 11.5766 4.60144 21.7047
100 137.528 0.292606 0.229494 0.983422 0 6.58241 10
13 11.5918 5.33418 23.2751
100 134.612 0.303181 0.235562 0.992387 0.00846893 6.60667 9.82361
14 11.5918 5.60864 20.1312
100 134.612 0.303181 0.235562 0.992387 0.00846893 6.60667 9.82361
15 11.5918 5.55249 21.4708
100 134.612 0.303181 0.235562 0.992387 0.00846893 6.60667 9.82361
16 11.5918 5.20777 17.0279
100 134.612 0.303181 0.235562 0.992387 0.00846893 6.60667 9.82361
17 11.6926 5.34422 20.3808
103.479 141.823 0.318931 0.212554 1 0.0131196 6.92343 9.37716
18 11.6926 6.56491 20.5637
103.479 141.823 0.318931 0.212554 1 0.0131196 6.92343 9.37716
19 11.6926 6.41482 24.3518
103.479 141.823 0.318931 0.212554 1 0.0131196 6.92343 9.37716
20 11.6926 5.97868 25.0902
103.479 141.823 0.318931 0.212554 1 0.0131196 6.92343 9.37716
21 11.6926 5.358 20.9031
103.479 141.823 0.318931 0.212554 1 0.0131196 6.92343 9.37716
22 11.6926 5.02383 15.6049
103.479 141.823 0.318931 0.212554 1 0.0131196 6.92343 9.37716
23 11.6926 5.48209 17.8771
103.479 141.823 0.318931 0.212554 1 0.0131196 6.92343 9.37716
24 11.6926 6.23118 17.9967
103.479 141.823 0.318931 0.212554 1 0.0131196 6.92343 9.37716
25 11.6926 5.25509 21.7989
103.479 141.823 0.318931 0.212554 1 0.0131196 6.92343 9.37716
26 12.9001 5.55576 16.9246
100 145.472 0.398344 0.289735 0.921514 0 5.26965 10
27 12.9001 5.18303 18.8823
100 145.472 0.398344 0.289735 0.921514 0 5.26965 10
28 12.9001 5.53012 22.9973
100 145.472 0.398344 0.289735 0.921514 0 5.26965 10
29 12.9001 5.79532 21.5756
100 145.472 0.398344 0.289735 0.921514 0 5.26965 10
30 12.9001 5.93954 20.7872
100 145.472 0.398344 0.289735 0.921514 0 5.26965 10
31 12.9001 6.80982 20.4579
100 145.472 0.398344 0.289735 0.921514 0 5.26965 10
32 12.9001 5.66907 22.2823
100 145.472 0.398344 0.289735 0.921514 0 5.26965 10
33 12.9001 6.03445 25.9929
100 145.472 0.398344 0.289735 0.921514 0 5.26965 10
34 12.9001 5.01315 25.8653
100 145.472 0.398344 0.289735 0.921514 0 5.26965 10
35 12.9001 6.31517 27.6989
100 145.472 0.398344 0.289735 0.921514 0 5.26965 10
36 12.9001 5.08226 23.7351
100 145.472 0.398344 0.289735 0.921514 0 5.26965 10
37 12.9001 4.57729 22.2556
100 145.472 0.398344 0.289735 0.921514 0 5.26965 10
38 12.9001 5.65682 22.2685
100 145.472 0.398344 0.289735 0.921514 0 5.26965 10
39 12.9001 5.87435 24.5361
100 145.472 0.398344 0.289735 0.921514 0 5.26965 10
40 12.9256 6.21327 27.4787
101.606 133.367 0.387862 0.237126 0.908681 0.0602718 4.95285 9.28858
41 12.9256 5.06187 22.0661
101.606 133.367 0.387862 0.237126 0.908681 0.0602718 4.95285 9.28858
42 12.9272 4.85593 23.4856
101.9 133.406 0.385449 0.238396 0.906826 0.0604976 4.96348 9.29095
43 12.9272 3.13667 20.0705
101.9 133.406 0.385449 0.238396 0.906826 0.0604976 4.96348 9.29095
44 12.9272 5.42984 20.6726
101.9 133.406 0.385449 0.238396 0.906826 0.0604976 4.96348 9.29095
45 12.9272 5.03273 24.5038
101.9 133.406 0.385449 0.238396 0.906826 0.0604976 4.96348 9.29095
46 12.9362 4.31289 24.0897
102.52 136.972 0.373169 0.23851 0.934992 0.0502673 4.89431 9.20845
47 12.9362 4.08578 19.0221
102.52 136.972 0.373169 0.23851 0.934992 0.0502673 4.89431 9.20845
48 12.9362 4.79742 20.9778
102.52 136.972 0.373169 0.23851 0.934992 0.0502673 4.89431 9.20845
49 12.9362 6.46143 24.1473
102.52 136.972 0.373169 0.23851 0.934992 0.0502673 4.89431 9.20845
50 12.9362 5.65739 22.9937
102.52 136.972 0.373169 0.23851 0.934992 0.0502673 4.89431 9.20845
51 12.9362 4.50243 21.2613
102.52 136.972 0.373169 0.23851 0.934992 0.0502673 4.89431 9.20845
52 12.9362 3.72233 21.5199
102.52 136.972 0.373169 0.23851 0.934992 0.0502673 4.89431 9.20845
53 12.9362 4.15428 23.4382
102.52 136.972 0.373169 0.23851 0.934992 0.0502673 4.89431 9.20845
54 12.9362 4.88694 27.8875
102.52 136.972 0.373169 0.23851 0.934992 0.0502673 4.89431 9.20845
55 12.9362 5.38322 24.4108
102.52 136.972 0.373169 0.23851 0.934992 0.0502673 4.89431 9.20845
56 12.9362 4.79054 23.2477
102.52 136.972 0.373169 0.23851 0.934992 0.0502673 4.89431 9.20845
57 12.9362 5.53832 18.5456
102.52 136.972 0.373169 0.23851 0.934992 0.0502673 4.89431 9.20845
58 12.9362 5.73417 19.755
102.52 136.972 0.373169 0.23851 0.934992 0.0502673 4.89431 9.20845
59 12.9362 5.14728 19.0354
102.52 136.972 0.373169 0.23851 0.934992 0.0502673 4.89431 9.20845
60 12.9362 4.93357 22.8339
102.52 136.972 0.373169 0.23851 0.934992 0.0502673 4.89431 9.20845
61 12.9362 6.28261 25.2879
102.52 136.972 0.373169 0.23851 0.934992 0.0502673 4.89431 9.20845
62 12.9362 5.14995 23.9172
102.52 136.972 0.373169 0.23851 0.934992 0.0502673 4.89431 9.20845
63 12.9362 5.93189 21.103
102.52 136.972 0.373169 0.23851 0.934992 0.0502673 4.89431 9.20845
64 12.9362 5.51486 24.785
102.52 136.972 0.373169 0.23851 0.934992 0.0502673 4.89431 9.20845
65 12.9486 5.51097 25.8327
130.871 129.689 0.407008 0.186692 0.97088 0.114598 4.3287 10
66 12.9486 4.15542 21.614
130.871 129.689 0.407008 0.186692 0.97088 0.114598 4.3287 10
67 12.9486 5.29052 22.2857
130.871 129.689 0.407008 0.186692 0.97088 0.114598 4.3287 10
68 12.9486 5.59726 18.3397
130.871 129.689 0.407008 0.186692 0.97088 0.114598 4.3287 10
69 12.9486 6.89769 20.5407
130.871 129.689 0.407008 0.186692 0.97088 0.114598 4.3287 10
70 12.9486 6.81767 22.9279
130.871 129.689 0.407008 0.186692 0.97088 0.114598 4.3287 10
71 12.9486 6.36636 23.8878
130.871 129.689 0.407008 0.186692 0.97088 0.114598 4.3287 10
72 12.9854 6.10484 22.9103
122.542 100 0.355496 0.193629 0.955074 0.111878 4.80456 10
73 12.9854 5.51749 24.3929
122.542 100 0.355496 0.193629 0.955074 0.111878 4.80456 10
74 12.9854 5.68853 26.4089
122.542 100 0.355496 0.193629 0.955074 0.111878 4.80456 10
75 12.9854 6.53917 20.8842
122.542 100 0.355496 0.193629 0.955074 0.111878 4.80456 10
76 12.9854 5.35845 21.0528
122.542 100 0.355496 0.193629 0.955074 0.111878 4.80456 10
77 12.9854 4.37562 22.1433
122.542 100 0.355496 0.193629 0.955074 0.111878 4.80456 10
78 12.9854 6.04038 23.6927
122.542 100 0.355496 0.193629 0.955074 0.111878 4.80456 10
79 12.9854 7.24922 25.1088
122.542 100 0.355496 0.193629 0.955074 0.111878 4.80456 10
80 12.9854 6.24965 27.4499
122.542 100 0.355496 0.193629 0.955074 0.111878 4.80456 10
81 12.9854 6.57704 24.3462
122.542 100 0.355496 0.193629 0.955074 0.111878 4.80456 10
82 12.9854 5.42802 22.0658
122.542 100 0.355496 0.193629 0.955074 0.111878 4.80456 10
83 12.9854 5.55404 26.2346
122.542 100 0.355496 0.193629 0.955074 0.111878 4.80456 10
84 12.9854 6.0316 23.9748
122.542 100 0.355496 0.193629 0.955074 0.111878 4.80456 10
85 12.9854 5.26137 20.3977
122.542 100 0.355496 0.193629 0.955074 0.111878 4.80456 10
86 12.9854 5.83697 21.6508
122.542 100 0.355496 0.193629 0.955074 0.111878 4.80456 10
87 12.9854 5.31595 22.5253
122.542 100 0.355496 0.193629 0.955074 0.111878 4.80456 10
88 12.9854 4.72964 22.0478
122.542 100 0.355496 0.193629 0.955074 0.111878 4.80456 10
89 12.9854 5.45681 25.2575
122.542 100 0.355496 0.193629 0.955074 0.111878 4.80456 10
90 12.9854 5.02871 27.6019
122.542 100 0.355496 0.193629 0.955074 0.111878 4.80456 10
91 12.9854 5.16337 26.0558
122.542 100 0.355496 0.193629 0.955074 0.111878 4.80456 10
92 12.9854 5.44761 27.0783
122.542 100 0.355496 0.193629 0.955074 0.111878 4.80456 10
93 12.9854 4.93954 23.6545
122.542 100 0.355496 0.193629 0.955074 0.111878 4.80456 10
94 12.9854 4.29988 16.114
122.542 100 0.355496 0.193629 0.955074 0.111878 4.80456 10
95 12.9899 4.86356 24.0376
123.441 100.251 0.347851 0.183112 0.943958 0.118126 4.63282 10
96 12.9899 5.1608 22.06
123.441 100.251 0.347851 0.183112 0.943958 0.118126 4.63282 10
97 12.9899 5.89145 23.8893
123.441 100.251 0.347851 0.183112 0.943958 0.118126 4.63282 10
98 12.9899 6.01794 22.149
123.441 100.251 0.347851 0.183112 0.943958 0.118126 4.63282 10
99 12.9899 6.56437 26.2509
123.441 100.251 0.347851 0.183112 0.943958 0.118126 4.63282 10
100 12.9899 5.6886 22.7044
123.441 100.251 0.347851 0.183112 0.943958 0.118126 4.63282 10
