0 20.0108 1.66543 16.698
172.626 114.408 0.687707 0.148269 0.0488405 0.0795883 3.64803 7.87938
1 20.0376 2.77868 29.5726
176.346 115.956 0.664305 0.151205 0 0.0963982 3.55793 9.22433
2 20.0376 3.4694 35.4411
176.346 115.956 0.664305 0.151205 0 0.0963982 3.55793 9.22433
3 20.0437 5.65095 60.3388
176.198 116.171 0.657476 0.150877 0 0.102359 3.60167 9.16304
4 20.9508 7.8679 77.0825
179.935 105.92 0.69002 0.122111 0.0598419 0.0315595 2.37628 7.7802
5 21.9854 9.56682 85.2694
164.433 107.999 0.584148 0.133497 0.0212242 0.0497169 4.2975 7.29032
6 21.9854 11.3063 94.0641
164.433 107.999 0.584148 0.133497 0.0212242 0.0497169 4.2975 7.29032
7 21.9854 12.3764 88.8379
164.433 107.999 0.584148 0.133497 0.0212242 0.0497169 4.2975 7.29032
8 22.4374 13.2698 86.3534
164.386 100.623 0.578184 0.14007 0 0 3.69566 6.92607
9 22.4374 14.565 74.5726
164.386 100.623 0.578184 0.14007 0 0 3.69566 6.92607
10 22.4374 15.5533 62.7233
164.386 100.623 0.578184 0.14007 0 0 3.69566 6.92607
11 22.4482 16.3259 60.5659
165.55 103.977 0.55384 0.139494 0.00129036 0.00968083 3.36477 6.9454
12 22.9189 17.0061 51.8512
158.323 100 0.546096 0.0994006 0 0.0187189 3.67193 7.26794
13 22.9189 16.5115 54.8589
158.323 100 0.546096 0.0994006 0 0.0187189 3.67193 7.26794
14 22.9189 15.9939 67.6278
158.323 100 0.546096 0.0994006 0 0.0187189 3.67193 7.26794
15 22.9189 17.3545 46.2833
158.323 100 0.546096 0.0994006 0 0.0187189 3.67193 7.26794
16 22.9189 17.2749 50.2987
158.323 100 0.546096 0.0994006 0 0.0187189 3.67193 7.26794
17 22.9189 17.0372 40.5416
158.323 100 0.546096 0.0994006 0 0.0187189 3.67193 7.26794
18 22.9189 17.2996 40.0742
158.323 100 0.546096 0.0994006 0 0.0187189 3.67193 7.26794
19 22.9189 16.4501 46.099
158.323 100 0.546096 0.0994006 0 0.0187189 3.67193 7.26794
20 22.9189 17.4409 37.0849
158.323 100 0.546096 0.0994006 0 0.0187189 3.67193 7.26794
21 22.9189 17.0709 45.6762
158.323 100 0.546096 0.0994006 0 0.0187189 3.67193 7.26794
22 22.9227 16.0725 50.9352
155.813 100.594 0.566966 0.0486856 0 0.0712989 3.40858 7.22962
23 22.9227 17.2612 39.6029
155.813 100.594 0.566966 0.0486856 0 0.0712989 3.40858 7.22962
24 22.9444 17.2407 43.4853
155.593 100.16 0.560096 0.113982 0 0.0301219 3.51195 6.46206
25 22.9604 16.3902 62.059
141.277 106.261 0.486434 0 0.0259794 0.157909 5.27733 7.41466
26 22.9604 16.6131 53.6078
141.277 106.261 0.486434 0 0.0259794 0.157909 5.27733 7.41466
27 22.9604 16.8243 47.7181
141.277 106.261 0.486434 0 0.0259794 0.157909 5.27733 7.41466
28 22.9604 16.5799 46.7736
141.277 106.261 0.486434 0 0.0259794 0.157909 5.27733 7.41466
29 22.9604 17.8806 31.0269
141.277 106.261 0.486434 0 0.0259794 0.157909 5.27733 7.41466
30 22.9646 16.6249 48.0333
141.271 106.431 0.490699 0.00159147 0.021562 0.15859 5.34169 7.45272
31 22.9646 16.7884 39.3067
141.271 106.431 0.490699 0.00159147 0.021562 0.15859 5.34169 7.45272
32 22.9646 17.6623 40.9324
141.271 106.431 0.490699 0.00159147 0.021562 0.15859 5.34169 7.45272
33 22.9646 18.0833 40.3961
141.271 106.431 0.490699 0.00159147 0.021562 0.15859 5.34169 7.45272
34 22.9646 17.8916 32.5799
141.271 106.431 0.490699 0.00159147 0.021562 0.15859 5.34169 7.45272
35 22.9646 18.6784 27.7625
141.271 106.431 0.490699 0.00159147 0.021562 0.15859 5.34169 7.45272
36 22.9646 18.8333 26.6013
141.271 106.431 0.490699 0.00159147 0.021562 0.15859 5.34169 7.45272
37 22.9861 18.9208 25.3934
143.021 100.313 0.506231 0 0 0.189123 6.57737 7.0335
38 22.9861 19.3076 20.1015
143.021 100.313 0.506231 0 0 0.189123 6.57737 7.0335
39 22.9861 18.4215 29.4129
143.021 100.313 0.506231 0 0 0.189123 6.57737 7.0335
40 22.9861 18.8081 29.1731
143.021 100.313 0.506231 0 0 0.189123 6.57737 7.0335
41 22.9861 18.7198 25.7221
143.021 100.313 0.506231 0 0 0.189123 6.57737 7.0335
42 23.9771 18.9565 26.4259
152.691 103.909 0.746536 0.00394458 0 0.104342 5.0777 4.52813
43 23.9771 17.9385 33.2671
152.691 103.909 0.746536 0.00394458 0 0.104342 5.0777 4.52813
44 24.448 18.499 33.5063
114.685 109.624 0.671657 0 0 0 6.34715 8.12861
45 24.4634 18.209 39.6772
112.632 109.984 0.718233 0 0 0 6.43128 7.56046
46 24.4634 16.9921 62.5856
112.632 109.984 0.718233 0 0 0 6.43128 7.56046
47 24.9567 17.0995 60.8607
120.717 107.588 0.638897 0.0452387 0.056769 0 5.62602 8.26327
48 24.9641 18.4959 55.1726
113.233 108.255 0.676041 0.011464 0 0.0284114 6.35879 8.43779
49 24.9655 18.4836 54.1746
110.257 105.388 0.688547 0.0332606 0.0217635 0 6.16023 7.58225
50 25.4659 19.5084 41.008
109.407 101.342 0.612248 0.0234401 0.0461189 0.0635081 7.05273 7.36859
51 25.4659 19.0612 51.7096
109.407 101.342 0.612248 0.0234401 0.0461189 0.0635081 7.05273 7.36859
52 25.4659 18.1975 49.9231
109.407 101.342 0.612248 0.0234401 0.0461189 0.0635081 7.05273 7.36859
53 25.4659 17.9829 59.0498
109.407 101.342 0.612248 0.0234401 0.0461189 0.0635081 7.05273 7.36859
54 25.4659 17.7923 47.2949
109.407 101.342 0.612248 0.0234401 0.0461189 0.0635081 7.05273 7.36859
55 25.4659 15.0606 63.5609
109.407 101.342 0.612248 0.0234401 0.0461189 0.0635081 7.05273 7.36859
56 25.4659 15.0931 87.2279
109.407 101.342 0.612248 0.0234401 0.0461189 0.0635081 7.05273 7.36859
57 25.4677 16.1871 85.6719
109.486 100.613 0.612464 0.0262474 0.0506078 0.0659501 7.00425 7.28924
58 25.4677 18.0635 68.011
109.486 100.613 0.612464 0.0262474 0.0506078 0.0659501 7.00425 7.28924
59 25.4677 18.6281 55.3583
109.486 100.613 0.612464 0.0262474 0.0506078 0.0659501 7.00425 7.28924
60 25.4677 18.0611 62.566
109.486 100.613 0.612464 0.0262474 0.0506078 0.0659501 7.00425 7.28924
61 25.4677 19.3749 49.941
109.486 100.613 0.612464 0.0262474 0.0506078 0.0659501 7.00425 7.28924
62 25.4677 19.8146 55.8776
109.486 100.613 0.612464 0.0262474 0.0506078 0.0659501 7.00425 7.28924
63 25.4695 19.8391 49.5229
108.614 100.853 0.599376 0.0193208 0.0369579 0.0853866 7.27059 7.35474
64 25.4695 18.0084 70.1587
108.614 100.853 0.599376 0.0193208 0.0369579 0.0853866 7.27059 7.35474
65 25.4711 19.101 66.8641
108.489 101.995 0.587093 0.0251736 0.0609084 0.0846807 7.1969 7.58898
66 25.4711 17.9208 83.1686
108.489 101.995 0.587093 0.0251736 0.0609084 0.0846807 7.1969 7.58898
67 25.4711 17.3969 82.5006
108.489 101.995 0.587093 0.0251736 0.0609084 0.0846807 7.1969 7.58898
68 25.4711 17.3682 81.2242
108.489 101.995 0.587093 0.0251736 0.0609084 0.0846807 7.1969 7.58898
69 25.474 17.8423 77.7378
110.22 100 0.546233 0.0312394 0.0538745 0.0998324 5.78392 8.55085
70 25.474 17.8208 85.1173
110.22 100 0.546233 0.0312394 0.0538745 0.0998324 5.78392 8.55085
71 25.474 19.9544 64.6501
110.22 100 0.546233 0.0312394 0.0538745 0.0998324 5.78392 8.55085
72 25.474 20.6038 44.902
110.22 100 0.546233 0.0312394 0.0538745 0.0998324 5.78392 8.55085
73 25.474 19.2272 57.4666
110.22 100 0.546233 0.0312394 0.0538745 0.0998324 5.78392 8.55085
74 25.474 19.1416 55.9153
110.22 100 0.546233 0.0312394 0.0538745 0.0998324 5.78392 8.55085
75 25.474 18.3836 63.8013
110.22 100 0.546233 0.0312394 0.0538745 0.0998324 5.78392 8.55085
76 25.474 18.3606 73.1407
110.22 100 0.546233 0.0312394 0.0538745 0.0998324 5.78392 8.55085
77 25.474 19.3153 65.7815
110.22 100 0.546233 0.0312394 0.0538745 0.0998324 5.78392 8.55085
78 25.5047 19.4719 61.0992
107.158 100 0.539517 0.0357711 0 0.121838 7.11402 7.35154
79 25.5047 19.8287 56.2877
107.158 100 0.539517 0.0357711 0 0.121838 7.11402 7.35154
80 25.5047 19.1743 51.7039
107.158 100 0.539517 0.0357711 0 0.121838 7.11402 7.35154
81 25.5047 17.838 73.1011
107.158 100 0.539517 0.0357711 0 0.121838 7.11402 7.35154
82 25.5047 19 61.9087
107.158 100 0.539517 0.0357711 0 0.121838 7.11402 7.35154
83 25.5047 18.2315 69.4344
107.158 100 0.539517 0.0357711 0 0.121838 7.11402 7.35154
84 25.5417 18.7227 56.7359
100 101.548 0.549209 0.08217 0 0.0985969 5.86307 8.85099
85 25.5417 19.2002 56.277
100 101.548 0.549209 0.08217 0 0.0985969 5.86307 8.85099
86 25.5417 19.4057 60.4913
100 101.548 0.549209 0.08217 0 0.0985969 5.86307 8.85099
87 25.5417 19.0662 71.9507
100 101.548 0.549209 0.08217 0 0.0985969 5.86307 8.85099
88 25.5417 20.0708 58.9121
100 101.548 0.549209 0.08217 0 0.0985969 5.86307 8.85099
89 25.5759 21.2237 44.1302
100 100 0.529842 0.0860582 0 0.116012 5.91799 8.48657
90 25.5759 21.1507 28.8913
100 100 0.529842 0.0860582 0 0.116012 5.91799 8.48657
91 25.5759 19.9091 31.8306
100 100 0.529842 0.0860582 0 0.116012 5.91799 8.48657
92 25.5759 19.6686 47.3125
100 100 0.529842 0.0860582 0 0.116012 5.91799 8.48657
93 25.5759 19.5885 55.5732
100 100 0.529842 0.0860582 0 0.116012 5.91799 8.48657
94 25.5759 20.6053 40.7228
100 100 0.529842 0.0860582 0 0.116012 5.91799 8.48657
95 25.5759 19.3775 56.6591
100 100 0.529842 0.0860582 0 0.116012 5.91799 8.48657
96 25.5759 20.7946 40.403
100 100 0.529842 0.0860582 0 0.116012 5.91799 8.48657
97 25.5759 19.6021 55.7087
100 100 0.529842 0.0860582 0 0.116012 5.91799 8.48657
98 25.5759 18.6547 81.0426
100 100 0.529842 0.0860582 0 0.116012 5.91799 8.48657
99 25.5759 18.5005 75.5091
100 100 0.529842 0.0860582 0 0.116012 5.91799 8.48657
100 25.5974 19.0956 62.1389
100 100 0.529491 0.0989203 0 0.110984 5.89462 8.67021
