0 14.4165 1.71057 17.3364
103.762 112.667 0.23297 0.368813 0.1208 0.991567 7.74269 5.24307
1 14.4165 1.78818 15.774
103.762 112.667 0.23297 0.368813 0.1208 0.991567 7.74269 5.24307
2 15.9166 3.02195 26.8767
104.827 112.923 0.23328 0.349517 0.0904291 0.948011 7.97165 4.91565
3 15.9166 3.01852 24.6803
104.827 112.923 0.23328 0.349517 0.0904291 0.948011 7.97165 4.91565
4 15.9469 5.03553 38.7868
107.093 113.139 0.200014 0.330807 0.131693 0.940184 8.04545 4.99781
5 15.9469 4.94465 39.2734
107.093 113.139 0.200014 0.330807 0.131693 0.940184 8.04545 4.99781
6 19.0367 6.83507 45.4801
100.663 112.905 0.216534 0.351568 0.0795605 0.963498 8.07139 4.9559
7 19.0367 6.93033 47.0249
100.663 112.905 0.216534 0.351568 0.0795605 0.963498 8.07139 4.9559
8 19.0367 7.16416 62.0656
100.663 112.905 0.216534 0.351568 0.0795605 0.963498 8.07139 4.9559
9 19.0367 7.67142 63.892
100.663 112.905 0.216534 0.351568 0.0795605 0.963498 8.07139 4.9559
10 19.0367 8.43361 57.7734
100.663 112.905 0.216534 0.351568 0.0795605 0.963498 8.07139 4.9559
11 19.0367 8.58116 54.5046
100.663 112.905 0.216534 0.351568 0.0795605 0.963498 8.07139 4.9559
12 19.0367 8.36566 51.204
100.663 112.905 0.216534 0.351568 0.0795605 0.963498 8.07139 4.9559
13 19.0367 9.0829 58.5981
100.663 112.905 0.216534 0.351568 0.0795605 0.963498 8.07139 4.9559
14 19.0367 7.71354 52.4114
100.663 112.905 0.216534 0.351568 0.0795605 0.963498 8.07139 4.9559
15 19.0367 9.5652 56.1415
100.663 112.905 0.216534 0.351568 0.0795605 0.963498 8.07139 4.9559
16 19.0367 7.83736 47.8008
100.663 112.905 0.216534 0.351568 0.0795605 0.963498 8.07139 4.9559
17 19.0367 7.94429 43.7098
100.663 112.905 0.216534 0.351568 0.0795605 0.963498 8.07139 4.9559
18 19.0367 6.42429 36.1501
100.663 112.905 0.216534 0.351568 0.0795605 0.963498 8.07139 4.9559
19 19.0367 7.70766 48.7288
100.663 112.905 0.216534 0.351568 0.0795605 0.963498 8.07139 4.9559
20 19.0367 7.66989 59.5114
100.663 112.905 0.216534 0.351568 0.0795605 0.963498 8.07139 4.9559
21 19.0367 7.71668 48.5811
100.663 112.905 0.216534 0.351568 0.0795605 0.963498 8.07139 4.9559
22 19.0367 6.63093 51.3197
100.663 112.905 0.216534 0.351568 0.0795605 0.963498 8.07139 4.9559
23 19.0367 6.25872 40.2901
100.663 112.905 0.216534 0.351568 0.0795605 0.963498 8.07139 4.9559
24 20.0111 7.41272 56.589
100 112.803 0.328031 0.351032 0 1 8.38388 6.26904
25 20.0111 7.31293 52.826
100 112.803 0.328031 0.351032 0 1 8.38388 6.26904
26 20.0111 7.52945 56.1692
100 112.803 0.328031 0.351032 0 1 8.38388 6.26904
27 20.0111 6.59449 48.9316
100 112.803 0.328031 0.351032 0 1 8.38388 6.26904
28 20.0111 5.84367 54.9158
100 112.803 0.328031 0.351032 0 1 8.38388 6.26904
29 20.0111 7.20367 58.3151
100 112.803 0.328031 0.351032 0 1 8.38388 6.26904
30 20.0111 5.77991 42.3224
100 112.803 0.328031 0.351032 0 1 8.38388 6.26904
31 20.0111 4.97836 40.9288
100 112.803 0.328031 0.351032 0 1 8.38388 6.26904
32 20.0111 4.61817 41.278
100 112.803 0.328031 0.351032 0 1 8.38388 6.26904
33 20.0111 6.33278 60.2525
100 112.803 0.328031 0.351032 0 1 8.38388 6.26904
34 20.0111 6.63475 56.7738
100 112.803 0.328031 0.351032 0 1 8.38388 6.26904
35 20.0111 5.69281 65.0963
100 112.803 0.328031 0.351032 0 1 8.38388 6.26904
36 20.0111 4.67867 51.7934
100 112.803 0.328031 0.351032 0 1 8.38388 6.26904
37 20.0111 5.54923 68.118
100 112.803 0.328031 0.351032 0 1 8.38388 6.26904
38 20.0111 6.01036 61.4318
100 112.803 0.328031 0.351032 0 1 8.38388 6.26904
39 20.0111 5.09336 49.8662
100 112.803 0.328031 0.351032 0 1 8.38388 6.26904
40 20.0111 6.89621 60.2883
100 112.803 0.328031 0.351032 0 1 8.38388 6.26904
41 20.0111 7.02352 57.7835
100 112.803 0.328031 0.351032 0 1 8.38388 6.26904
42 20.0557 7.35734 59.5876
100.498 110.709 0.312736 0.382791 0 1 8.32793 5.99925
43 20.0557 6.23209 60.2796
100.498 110.709 0.312736 0.382791 0 1 8.32793 5.99925
44 20.0557 5.50321 59.5249
100.498 110.709 0.312736 0.382791 0 1 8.32793 5.99925
45 20.0557 5.51674 49.1079
100.498 110.709 0.312736 0.382791 0 1 8.32793 5.99925
46 20.0557 5.52264 58.1821
100.498 110.709 0.312736 0.382791 0 1 8.32793 5.99925
47 20.0557 7.94225 55.6951
100.498 110.709 0.312736 0.382791 0 1 8.32793 5.99925
48 20.0557 7.94509 60.3132
100.498 110.709 0.312736 0.382791 0 1 8.32793 5.99925
49 20.0557 7.73654 59.6488
100.498 110.709 0.312736 0.382791 0 1 8.32793 5.99925
50 20.0557 6.43051 58.2129
100.498 110.709 0.312736 0.382791 0 1 8.32793 5.99925
51 20.0557 5.12871 54.7103
100.498 110.709 0.312736 0.382791 0 1 8.32793 5.99925
52 20.0557 6.46075 57.0776
100.498 110.709 0.312736 0.382791 0 1 8.32793 5.99925
53 20.0557 6.86186 58.5416
100.498 110.709 0.312736 0.382791 0 1 8.32793 5.99925
54 20.0557 6.80195 51.3456
100.498 110.709 0.312736 0.382791 0 1 8.32793 5.99925
55 20.0557 7.21869 55.2338
100.498 110.709 0.312736 0.382791 0 1 8.32793 5.99925
56 20.0557 7.36044 58.9711
100.498 110.709 0.312736 0.382791 0 1 8.32793 5.99925
57 20.0557 9.38483 52.9684
100.498 110.709 0.312736 0.382791 0 1 8.32793 5.99925
58 20.0557 8.52192 60.1221
100.498 110.709 0.312736 0.382791 0 1 8.32793 5.99925
59 20.0557 7.08785 59.0196
100.498 110.709 0.312736 0.382791 0 1 8.32793 5.99925
60 20.0557 8.44 58.2693
100.498 110.709 0.312736 0.382791 0 1 8.32793 5.99925
61 20.0557 7.09683 57.4417
100.498 110.709 0.312736 0.382791 0 1 8.32793 5.99925
62 20.0557 5.17144 55.4742
100.498 110.709 0.312736 0.382791 0 1 8.32793 5.99925
63 20.0557 6.52375 54.7671
100.498 110.709 0.312736 0.382791 0 1 8.32793 5.99925
64 20.0557 6.17021 60.0338
100.498 110.709 0.312736 0.382791 0 1 8.32793 5.99925
65 21.4649 6.67358 71.5922
100.493 110.188 0.330234 0.392359 0 1 8.2062 5.81388
66 21.4649 6.24129 60.8584
100.493 110.188 0.330234 0.392359 0 1 8.2062 5.81388
67 21.4649 6.4661 69.2886
100.493 110.188 0.330234 0.392359 0 1 8.2062 5.81388
68 21.4649 7.28597 73.6344
100.493 110.188 0.330234 0.392359 0 1 8.2062 5.81388
69 21.4649 6.3154 70.8167
100.493 110.188 0.330234 0.392359 0 1 8.2062 5.81388
70 21.4649 5.44071 65.8489
100.493 110.188 0.330234 0.392359 0 1 8.2062 5.81388
71 21.4649 5.50647 56.7022
100.493 110.188 0.330234 0.392359 0 1 8.2062 5.81388
72 21.4649 5.17626 56.9504
100.493 110.188 0.330234 0.392359 0 1 8.2062 5.81388
73 21.4649 7.30086 68.8965
100.493 110.188 0.330234 0.392359 0 1 8.2062 5.81388
74 21.4649 5.23382 58.8848
100.493 110.188 0.330234 0.392359 0 1 8.2062 5.81388
75 21.4649 6.21368 69.847
100.493 110.188 0.330234 0.392359 0 1 8.2062 5.81388
76 21.4649 5.78483 60.484
100.493 110.188 0.330234 0.392359 0 1 8.2062 5.81388
77 21.4649 6.41563 64.1555
100.493 110.188 0.330234 0.392359 0 1 8.2062 5.81388
78 21.4649 6.48981 65.7887
100.493 110.188 0.330234 0.392359 0 1 8.2062 5.81388
79 21.4649 7.28664 74.0694
100.493 110.188 0.330234 0.392359 0 1 8.2062 5.81388
80 21.4649 6.23466 66.7956
100.493 110.188 0.330234 0.392359 0 1 8.2062 5.81388
81 21.4649 6.53337 67.0828
100.493 110.188 0.330234 0.392359 0 1 8.2062 5.81388
82 21.4649 4.73418 53.4332
100.493 110.188 0.330234 0.392359 0 1 8.2062 5.81388
83 21.4649 5.57372 53.96
100.493 110.188 0.330234 0.392359 0 1 8.2062 5.81388
84 21.4649 5.84531 52.1143
100.493 110.188 0.330234 0.392359 0 1 8.2062 5.81388
85 21.4649 5.54725 62.0315
100.493 110.188 0.330234 0.392359 0 1 8.2062 5.81388
86 21.4649 7.51661 73.7675
100.493 110.188 0.330234 0.392359 0 1 8.2062 5.81388
87 21.4649 5.79282 65.0292
100.493 110.188 0.330234 0.392359 0 1 8.2062 5.81388
88 21.4649 5.65405 51.8635
100.493 110.188 0.330234 0.392359 0 1 8.2062 5.81388
89 21.4649 5.87903 63.5441
100.493 110.188 0.330234 0.392359 0 1 8.2062 5.81388
90 21.4649 5.81794 65.8841
100.493 110.188 0.330234 0.392359 0 1 8.2062 5.81388
91 21.4649 5.24354 57.8062
100.493 110.188 0.330234 0.392359 0 1 8.2062 5.81388
92 21.4657 5.61661 72.4146
100.516 110.176 0.330061 0.392638 0 1 8.20777 5.81173
93 21.4657 5.83117 66.0509
100.516 110.176 0.330061 0.392638 0 1 8.20777 5.81173
94 21.4657 6.31802 62.0071
100.516 110.176 0.330061 0.392638 0 1 8.20777 5.81173
95 21.4657 5.51332 57.3895
100.516 110.176 0.330061 0.392638 0 1 8.20777 5.81173
96 21.4657 5.67262 66.5419
100.516 110.176 0.330061 0.392638 0 1 8.20777 5.81173
97 21.4657 7.5254 87.1341
100.516 110.176 0.330061 0.392638 0 1 8.20777 5.81173
98 21.4657 7.52519 77.2688
100.516 110.176 0.330061 0.392638 0 1 8.20777 5.81173
99 21.4657 8.09234 78.0714
100.516 110.176 0.330061 0.392638 0 1 8.20777 5.81173
100 21.4657 6.34094 57.1407
100.516 110.176 0.330061 0.392638 0 1 8.20777 5.81173
