0 25.6058 1.39035 25.0994
178.964 143.044 0.0878884 0.546403 0.269285 0.900169 9.9621 5.44965
1 25.6058 2.49179 40.9408
178.964 143.044 0.0878884 0.546403 0.269285 0.900169 9.9621 5.44965
2 25.724 4.51878 72.3612
178.443 184.116 0.0296258 0.695872 0.430726 0.704437 6.55196 4.4602
3 25.724 6.18796 100.78
178.443 184.116 0.0296258 0.695872 0.430726 0.704437 6.55196 4.4602
4 25.7759 6.37444 98.2211
163.487 192.864 0.0399886 0.641428 0.304883 0.641428 6.25922 4.20667
5 25.8469 8.19456 123.455
160.158 191.667 0.0649446 0.608073 0.284763 0.608073 6.30168 4.12319
6 25.8747 8.15966 107.941
162.404 195.2 0.0665772 0.583515 0.322381 0.588316 6.59027 4.09746
7 25.8747 8.83686 117.618
162.404 195.2 0.0665772 0.583515 0.322381 0.588316 6.59027 4.09746
8 25.8747 10.8855 134.233
162.404 195.2 0.0665772 0.583515 0.322381 0.588316 6.59027 4.09746
9 25.8747 10.471 125.726
162.404 195.2 0.0665772 0.583515 0.322381 0.588316 6.59027 4.09746
10 25.8747 11.4227 122.04
162.404 195.2 0.0665772 0.583515 0.322381 0.588316 6.59027 4.09746
11 26.0016 12.3604 138.783
166.82 193.829 0.0577531 0.441025 0.294707 0.520431 6.35262 5.02889
12 26.0016 11.7809 120.293
166.82 193.829 0.0577531 0.441025 0.294707 0.520431 6.35262 5.02889
13 26.0016 10.3015 115.538
166.82 193.829 0.0577531 0.441025 0.294707 0.520431 6.35262 5.02889
14 26.0016 12.32 119.111
166.82 193.829 0.0577531 0.441025 0.294707 0.520431 6.35262 5.02889
15 26.0296 13.4442 117.227
166.67 190.683 0.0359662 0.411655 0.335104 0.493098 6.21406 5.3287
16 26.0296 13.3207 118.449
166.67 190.683 0.0359662 0.411655 0.335104 0.493098 6.21406 5.3287
17 26.1285 14.5048 113.043
162.035 189.112 0.187028 0.392206 0.187028 0.501982 7.65498 4.52942
18 26.1285 15.1965 128.027
162.035 189.112 0.187028 0.392206 0.187028 0.501982 7.65498 4.52942
19 26.1742 16.0603 130.926
176.069 194.851 0.041268 0.240923 0.243921 0.513307 6.43996 4.69787
20 26.1742 17.2639 122.066
176.069 194.851 0.041268 0.240923 0.243921 0.513307 6.43996 4.69787
21 26.3001 15.714 120.66
162.138 185.955 0.0892904 0.233396 0.267403 0.498662 6.80742 5.34123
22 26.3001 17.224 114.682
162.138 185.955 0.0892904 0.233396 0.267403 0.498662 6.80742 5.34123
23 26.3029 17.1147 110.28
164.598 188.952 0.0554196 0.384126 0.235392 0.384126 6.48085 6.32375
24 26.4865 17.1131 107.749
149.293 195.227 0.074028 0.333635 0.197632 0.333635 7.17277 5.92236
25 26.6393 18.0052 107.025
169.401 182.51 0.0491995 0.232743 0.0491995 0.300617 7.29774 5.45755
26 26.7934 18.5609 102.042
168.11 181.683 0.0543245 0.229237 0.0543245 0.289123 7.28038 5.4453
27 27.2967 17.4349 123.707
168.776 176.393 0.0701335 0.2191 0.0701335 0.266889 7.20513 5.89599
28 27.2967 18.0043 124.946
168.776 176.393 0.0701335 0.2191 0.0701335 0.266889 7.20513 5.89599
29 27.2967 17.6455 117.39
168.776 176.393 0.0701335 0.2191 0.0701335 0.266889 7.20513 5.89599
30 27.2967 17.5816 118.494
168.776 176.393 0.0701335 0.2191 0.0701335 0.266889 7.20513 5.89599
31 28.307 19.5885 105.923
179.738 159.081 0.0437628 0.171508 0.0437628 0.241853 6.93252 5.79747
32 28.307 21.597 79.7931
179.738 159.081 0.0437628 0.171508 0.0437628 0.241853 6.93252 5.79747
33 28.7329 20.2072 100.75
172.847 196.765 0.0661599 0.124126 0.0661599 0.186897 8.1773 7.01597
34 29.9705 20.4326 97.5884
160.726 168.444 0.0623205 0.149651 0.0623205 0.157848 8.11481 4.96373
35 29.9705 19.6846 101.089
160.726 168.444 0.0623205 0.149651 0.0623205 0.157848 8.11481 4.96373
36 31.0653 19.4964 117.889
159.572 169.386 0.0489782 0.140517 0.0489782 0.154269 7.80619 4.98722
37 31.0653 19.5885 114.317
159.572 169.386 0.0489782 0.140517 0.0489782 0.154269 7.80619 4.98722
38 31.0653 20.9955 92.9657
159.572 169.386 0.0489782 0.140517 0.0489782 0.154269 7.80619 4.98722
39 31.0653 21.511 83.2443
159.572 169.386 0.0489782 0.140517 0.0489782 0.154269 7.80619 4.98722
40 31.0653 19.885 120.016
159.572 169.386 0.0489782 0.140517 0.0489782 0.154269 7.80619 4.98722
41 31.0653 19.4569 122.469
159.572 169.386 0.0489782 0.140517 0.0489782 0.154269 7.80619 4.98722
42 31.0653 19.8234 112.478
159.572 169.386 0.0489782 0.140517 0.0489782 0.154269 7.80619 4.98722
43 31.0653 18.2651 122.002
159.572 169.386 0.0489782 0.140517 0.0489782 0.154269 7.80619 4.98722
44 31.0653 17.6785 144.618
159.572 169.386 0.0489782 0.140517 0.0489782 0.154269 7.80619 4.98722
45 31.0653 17.2063 156.429
159.572 169.386 0.0489782 0.140517 0.0489782 0.154269 7.80619 4.98722
46 31.0653 19.1532 109.508
159.572 169.386 0.0489782 0.140517 0.0489782 0.154269 7.80619 4.98722
47 33.0423 20.1442 118.672
164.751 164.694 0.0436053 0.150704 0.0436053 0.150704 7.32692 5.77604
48 33.0423 21.5536 86.4707
164.751 164.694 0.0436053 0.150704 0.0436053 0.150704 7.32692 5.77604
49 33.0423 21.0008 101.469
164.751 164.694 0.0436053 0.150704 0.0436053 0.150704 7.32692 5.77604
50 33.0423 21.218 94.563
164.751 164.694 0.0436053 0.150704 0.0436053 0.150704 7.32692 5.77604
51 33.0423 21.8259 86.6698
164.751 164.694 0.0436053 0.150704 0.0436053 0.150704 7.32692 5.77604
52 33.0423 20.7438 99.1106
164.751 164.694 0.0436053 0.150704 0.0436053 0.150704 7.32692 5.77604
53 33.0423 21.3964 92.6563
164.751 164.694 0.0436053 0.150704 0.0436053 0.150704 7.32692 5.77604
54 33.0423 21.5076 74.5509
164.751 164.694 0.0436053 0.150704 0.0436053 0.150704 7.32692 5.77604
55 33.0423 22.2486 72.2669
164.751 164.694 0.0436053 0.150704 0.0436053 0.150704 7.32692 5.77604
56 33.0423 20.1985 97.5124
164.751 164.694 0.0436053 0.150704 0.0436053 0.150704 7.32692 5.77604
57 33.0423 20.3758 94.2774
164.751 164.694 0.0436053 0.150704 0.0436053 0.150704 7.32692 5.77604
58 33.0423 19.5302 117.062
164.751 164.694 0.0436053 0.150704 0.0436053 0.150704 7.32692 5.77604
59 33.0423 21.282 90.3698
164.751 164.694 0.0436053 0.150704 0.0436053 0.150704 7.32692 5.77604
60 33.0423 19.2937 102.999
164.751 164.694 0.0436053 0.150704 0.0436053 0.150704 7.32692 5.77604
61 33.0423 19.8199 108.411
164.751 164.694 0.0436053 0.150704 0.0436053 0.150704 7.32692 5.77604
62 33.8597 18.3932 127.223
160.122 166.4 0.045035 0.141565 0.045035 0.149184 7.57303 5.23401
63 33.8597 18.6888 128.565
160.122 166.4 0.045035 0.141565 0.045035 0.149184 7.57303 5.23401
64 33.8597 18.8143 123.511
160.122 166.4 0.045035 0.141565 0.045035 0.149184 7.57303 5.23401
65 33.8597 18.3672 129.803
160.122 166.4 0.045035 0.141565 0.045035 0.149184 7.57303 5.23401
66 33.8597 20.0028 113.929
160.122 166.4 0.045035 0.141565 0.045035 0.149184 7.57303 5.23401
67 33.8597 19.5901 125.774
160.122 166.4 0.045035 0.141565 0.045035 0.149184 7.57303 5.23401
68 33.8597 22.1164 85.2145
160.122 166.4 0.045035 0.141565 0.045035 0.149184 7.57303 5.23401
69 33.8597 21.3037 94.0018
160.122 166.4 0.045035 0.141565 0.045035 0.149184 7.57303 5.23401
70 33.8597 21.5782 106.125
160.122 166.4 0.045035 0.141565 0.045035 0.149184 7.57303 5.23401
71 33.8597 22.739 89.4251
160.122 166.4 0.045035 0.141565 0.045035 0.149184 7.57303 5.23401
72 33.8597 21.8989 81.6615
160.122 166.4 0.045035 0.141565 0.045035 0.149184 7.57303 5.23401
73 33.8597 21.7899 80.9934
160.122 166.4 0.045035 0.141565 0.045035 0.149184 7.57303 5.23401
74 35.1301 24.0024 48.485
160.095 166.625 0.0454212 0.139685 0.0454212 0.149109 7.55462 5.27359
75 35.1301 22.2928 80.8291
160.095 166.625 0.0454212 0.139685 0.0454212 0.149109 7.55462 5.27359
76 35.1301 20.707 104.877
160.095 166.625 0.0454212 0.139685 0.0454212 0.149109 7.55462 5.27359
77 35.1301 21.3842 94.5313
160.095 166.625 0.0454212 0.139685 0.0454212 0.149109 7.55462 5.27359
78 35.1301 20.0819 119.368
160.095 166.625 0.0454212 0.139685 0.0454212 0.149109 7.55462 5.27359
79 35.1301 21.1798 96.0335
160.095 166.625 0.0454212 0.139685 0.0454212 0.149109 7.55462 5.27359
80 35.1301 19.5784 117.59
160.095 166.625 0.0454212 0.139685 0.0454212 0.149109 7.55462 5.27359
81 35.1301 17.9331 130.1
160.095 166.625 0.0454212 0.139685 0.0454212 0.149109 7.55462 5.27359
82 35.1301 19.5956 125.229
160.095 166.625 0.0454212 0.139685 0.0454212 0.149109 7.55462 5.27359
83 35.1301 18.4074 132.051
160.095 166.625 0.0454212 0.139685 0.0454212 0.149109 7.55462 5.27359
84 35.1301 19.1672 128.693
160.095 166.625 0.0454212 0.139685 0.0454212 0.149109 7.55462 5.27359
85 35.1301 17.3373 142.58
160.095 166.625 0.0454212 0.139685 0.0454212 0.149109 7.55462 5.27359
86 35.1301 18.5965 126.895
160.095 166.625 0.0454212 0.139685 0.0454212 0.149109 7.55462 5.27359
87 35.1301 18.5757 134.135
160.095 166.625 0.0454212 0.139685 0.0454212 0.149109 7.55462 5.27359
88 35.1301 17.5302 147.115
160.095 166.625 0.0454212 0.139685 0.0454212 0.149109 7.55462 5.27359
89 35.1301 19.984 121.047
160.095 166.625 0.0454212 0.139685 0.0454212 0.149109 7.55462 5.27359
90 35.1301 20.4072 107.296
160.095 166.625 0.0454212 0.139685 0.0454212 0.149109 7.55462 5.27359
91 35.1301 17.853 129.503
160.095 166.625 0.0454212 0.139685 0.0454212 0.149109 7.55462 5.27359
92 35.1301 19.0342 117.601
160.095 166.625 0.0454212 0.139685 0.0454212 0.149109 7.55462 5.27359
93 35.1301 21.9016 96.5285
160.095 166.625 0.0454212 0.139685 0.0454212 0.149109 7.55462 5.27359
94 35.1301 20.6163 112.41
160.095 166.625 0.0454212 0.139685 0.0454212 0.149109 7.55462 5.27359
95 35.1301 19.1386 112.058
160.095 166.625 0.0454212 0.139685 0.0454212 0.149109 7.55462 5.27359
96 35.1301 19.8053 121.102
160.095 166.625 0.0454212 0.139685 0.0454212 0.149109 7.55462 5.27359
97 35.1301 18.9866 124.44
160.095 166.625 0.0454212 0.139685 0.0454212 0.149109 7.55462 5.27359
98 35.1301 19.5384 113.721
160.095 166.625 0.0454212 0.139685 0.0454212 0.149109 7.55462 5.27359
99 35.1301 20.0362 96.6397
160.095 166.625 0.0454212 0.139685 0.0454212 0.149109 7.55462 5.27359
100 35.1301 20.8618 103.139
160.095 166.625 0.0454212 0.139685 0.0454212 0.149109 7.55462 5.27359
