0 6.83584 0.600249 2.57594
170.444 104.381 144.447 0.293519 0.10045 0.247883 0.4741 0.280102 0.255352 5.0803 3.19576 3.39532
1 7.30495 1.13777 4.97953
170.118 104.295 144.558 0.29327 0.101782 0.249669 0.474941 0.276878 0.252732 5.09196 3.24381 3.42966
2 12.2246 1.83229 8.49021
167.459 101.476 144.046 0.134745 0.0757648 0.340366 0.634561 0.107437 0.257571 5.84627 3.44148 4.10584
3 19.9715 2.91081 24.0804
174.751 184.8 122.845 0.0711292 0.118891 0.267854 0.380354 0.177069 0.663912 9.0549 5.16297 7.86071
4 20.4993 3.92223 36.6071
164.521 186.465 136.428 0.0767617 0.165508 0.298851 0.303208 0.226728 0.623865 9.9299 5.22982 7.0477
5 20.917 4.85172 43.7865
171.967 185.215 121.236 0.101521 0.178493 0.236735 0.361587 0.157052 0.683818 8.6738 5.18512 7.98198
6 20.917 6.08738 53.869
171.967 185.215 121.236 0.101521 0.178493 0.236735 0.361587 0.157052 0.683818 8.6738 5.18512 7.98198
7 20.917 6.73144 60.3545
171.967 185.215 121.236 0.101521 0.178493 0.236735 0.361587 0.157052 0.683818 8.6738 5.18512 7.98198
8 22.2584 8.61159 71.983
178.177 104.576 152.65 0.0396916 0.0931408 0.340275 0.444485 0.0607316 0.104311 5.85362 3.59821 2.76773
9 22.2597 8.73664 70.1789
178.12 104.64 152.598 0.0408472 0.0936925 0.339269 0.444773 0.0606329 0.105241 5.86077 3.60923 2.7752
10 22.2669 8.78265 70.3968
175.238 104.517 153.243 0.0532994 0.0664234 0.339384 0.458263 0.00767419 0.0973383 5.8504 3.2449 2.84177
11 22.2669 9.73566 65.6098
175.238 104.517 153.243 0.0532994 0.0664234 0.339384 0.458263 0.00767419 0.0973383 5.8504 3.2449 2.84177
12 22.2909 10.1593 64.4105
177.562 104.298 153.175 0.0460798 0.0951494 0.339536 0.44036 0.0628722 0.106823 5.8215 3.6394 2.67337
13 23.1051 11.3302 68.0306
170.261 187.735 124.889 0.119847 0.0051794 0.185348 0.0652996 0.339141 0.550504 8.49353 4.2539 7.54533
14 23.1051 11.6051 65.0417
170.261 187.735 124.889 0.119847 0.0051794 0.185348 0.0652996 0.339141 0.550504 8.49353 4.2539 7.54533
15 24.3143 13.219 69.6668
173.246 117.028 160.328 0.0401861 0.0960073 0.364568 0.378956 0.106018 0.0248575 4.57716 2.58742 3.07653
16 24.3143 12.3187 74.429
173.246 117.028 160.328 0.0401861 0.0960073 0.364568 0.378956 0.106018 0.0248575 4.57716 2.58742 3.07653
17 24.3457 13.8343 61.2699
173.343 116.69 159.593 0.0490936 0.097695 0.379811 0.377936 0.103217 0.0192428 4.63646 2.62337 3.04045
18 25.8086 14.3996 66.4347
171.732 112.085 153.385 0.0452003 0.182474 0.355662 0.335819 0.084152 0 4.96449 1.85055 4.41794
19 26.2434 13.6474 76.9779
169.681 106.018 162.324 0.120713 0.252119 0.314048 0.221369 0.13882 0 3.94024 2.59019 5.16627
20 26.2434 14.8675 75.018
169.681 106.018 162.324 0.120713 0.252119 0.314048 0.221369 0.13882 0 3.94024 2.59019 5.16627
21 26.3089 15.1825 83.1018
172.592 108.557 163.843 0.118987 0.289416 0.308323 0.198558 0.140953 0 3.96276 2.81985 5.11057
22 26.3089 14.3461 85.4669
172.592 108.557 163.843 0.118987 0.289416 0.308323 0.198558 0.140953 0 3.96276 2.81985 5.11057
23 26.3089 16.3295 81.5227
172.592 108.557 163.843 0.118987 0.289416 0.308323 0.198558 0.140953 0 3.96276 2.81985 5.11057
24 26.3089 16.134 89.03
172.592 108.557 163.843 0.118987 0.289416 0.308323 0.198558 0.140953 0 3.96276 2.81985 5.11057
25 26.4954 17.471 81.6122
172.571 105.244 162.326 0.117369 0.206447 0.322535 0.234258 0.144638 0 5.02057 3.13661 5.1297
26 26.4954 17.3563 86.0498
172.571 105.244 162.326 0.117369 0.206447 0.322535 0.234258 0.144638 0 5.02057 3.13661 5.1297
27 26.6415 17.8893 79.8447
179.686 107.067 157.468 0.0951035 0.233888 0.314657 0.230897 0.137521 0 5.3303 3.25645 5.04457
28 26.6415 18.8109 77.3466
179.686 107.067 157.468 0.0951035 0.233888 0.314657 0.230897 0.137521 0 5.3303 3.25645 5.04457
29 26.6415 19.1773 79.4046
179.686 107.067 157.468 0.0951035 0.233888 0.314657 0.230897 0.137521 0 5.3303 3.25645 5.04457
30 26.6415 20.3008 75.3268
179.686 107.067 157.468 0.0951035 0.233888 0.314657 0.230897 0.137521 0 5.3303 3.25645 5.04457
31 26.675 20.3116 75.4012
168.904 100 177.63 0.053886 0.3035 0.265431 0.167239 0.224488 0.0737144 4.1877 4.17432 4.01591
32 26.6953 20.7317 71.5264
166.014 105.383 175.866 0.0203588 0.296833 0.327366 0.194033 0.260828 0.127386 3.66453 4.14959 4.42215
33 27.0916 22.3489 46.895
167.804 100.084 177.724 0.043663 0.298512 0.267676 0.165258 0.228071 0.0649848 4.14107 4.1497 3.98171
34 27.0916 20.7572 65.613
167.804 100.084 177.724 0.043663 0.298512 0.267676 0.165258 0.228071 0.0649848 4.14107 4.1497 3.98171
35 27.0916 20.8727 69.4353
167.804 100.084 177.724 0.043663 0.298512 0.267676 0.165258 0.228071 0.0649848 4.14107 4.1497 3.98171
36 27.0916 21.1475 63.6238
167.804 100.084 177.724 0.043663 0.298512 0.267676 0.165258 0.228071 0.0649848 4.14107 4.1497 3.98171
37 27.0916 19.2932 83.6761
167.804 100.084 177.724 0.043663 0.298512 0.267676 0.165258 0.228071 0.0649848 4.14107 4.1497 3.98171
38 27.1027 18.7326 77.3769
167.073 100.395 177.968 0.0437962 0.297946 0.269223 0.164707 0.23483 0.0727667 4.14542 4.12555 4.03173
39 27.1027 19.3789 81.407
167.073 100.395 177.968 0.0437962 0.297946 0.269223 0.164707 0.23483 0.0727667 4.14542 4.12555 4.03173
40 27.1027 20.7415 58.3104
167.073 100.395 177.968 0.0437962 0.297946 0.269223 0.164707 0.23483 0.0727667 4.14542 4.12555 4.03173
41 27.1027 20.4623 69.3417
167.073 100.395 177.968 0.0437962 0.297946 0.269223 0.164707 0.23483 0.0727667 4.14542 4.12555 4.03173
42 27.1027 19.228 82.2818
167.073 100.395 177.968 0.0437962 0.297946 0.269223 0.164707 0.23483 0.0727667 4.14542 4.12555 4.03173
43 27.2279 20.1608 70.0595
170.084 101.714 180.142 0.0124252 0.272458 0.28495 0.210419 0.275982 0 3.92219 3.9336 3.2906
44 27.2279 20.1109 64.2489
170.084 101.714 180.142 0.0124252 0.272458 0.28495 0.210419 0.275982 0 3.92219 3.9336 3.2906
45 27.2279 19.4426 78.6789
170.084 101.714 180.142 0.0124252 0.272458 0.28495 0.210419 0.275982 0 3.92219 3.9336 3.2906
46 27.2279 18.5715 91.8381
170.084 101.714 180.142 0.0124252 0.272458 0.28495 0.210419 0.275982 0 3.92219 3.9336 3.2906
47 27.2279 19.9464 68.3909
170.084 101.714 180.142 0.0124252 0.272458 0.28495 0.210419 0.275982 0 3.92219 3.9336 3.2906
48 27.2279 20.9766 65.2651
170.084 101.714 180.142 0.0124252 0.272458 0.28495 0.210419 0.275982 0 3.92219 3.9336 3.2906
49 27.2279 18.6361 89.4304
170.084 101.714 180.142 0.0124252 0.272458 0.28495 0.210419 0.275982 0 3.92219 3.9336 3.2906
50 27.2279 21.4941 61.4698
170.084 101.714 180.142 0.0124252 0.272458 0.28495 0.210419 0.275982 0 3.92219 3.9336 3.2906
51 27.2279 21.1059 66.7637
170.084 101.714 180.142 0.0124252 0.272458 0.28495 0.210419 0.275982 0 3.92219 3.9336 3.2906
52 27.2323 20.7094 70.5124
170.093 101.721 180.166 0.0124684 0.272517 0.284852 0.210735 0.276017 0.000305832 3.92053 3.93386 3.29231
53 27.2323 20.3792 77.7159
170.093 101.721 180.166 0.0124684 0.272517 0.284852 0.210735 0.276017 0.000305832 3.92053 3.93386 3.29231
54 27.2323 18.9387 86.8937
170.093 101.721 180.166 0.0124684 0.272517 0.284852 0.210735 0.276017 0.000305832 3.92053 3.93386 3.29231
55 27.2323 20.6894 68.9145
170.093 101.721 180.166 0.0124684 0.272517 0.284852 0.210735 0.276017 0.000305832 3.92053 3.93386 3.29231
56 27.3047 19.5998 69.1949
169.898 101.757 180.178 0.013399 0.275852 0.28429 0.211043 0.270979 0 3.95559 3.94747 3.23243
57 27.4699 20.2102 58.8552
169.364 101.935 180.572 0.00835495 0.275205 0.284253 0.212649 0.276835 0 3.92321 3.97012 3.19919
58 27.4699 19.8754 76.8112
169.364 101.935 180.572 0.00835495 0.275205 0.284253 0.212649 0.276835 0 3.92321 3.97012 3.19919
59 27.4699 20.5639 63.6655
169.364 101.935 180.572 0.00835495 0.275205 0.284253 0.212649 0.276835 0 3.92321 3.97012 3.19919
60 27.4699 19.9774 69.1567
169.364 101.935 180.572 0.00835495 0.275205 0.284253 0.212649 0.276835 0 3.92321 3.97012 3.19919
61 27.4699 20.3064 65.0442
169.364 101.935 180.572 0.00835495 0.275205 0.284253 0.212649 0.276835 0 3.92321 3.97012 3.19919
62 27.4699 18.3272 82.6107
169.364 101.935 180.572 0.00835495 0.275205 0.284253 0.212649 0.276835 0 3.92321 3.97012 3.19919
63 27.4699 18.4741 76.0866
169.364 101.935 180.572 0.00835495 0.275205 0.284253 0.212649 0.276835 0 3.92321 3.97012 3.19919
64 27.4699 17.1113 92.0703
169.364 101.935 180.572 0.00835495 0.275205 0.284253 0.212649 0.276835 0 3.92321 3.97012 3.19919
65 27.4699 18.1335 83.9357
169.364 101.935 180.572 0.00835495 0.275205 0.284253 0.212649 0.276835 0 3.92321 3.97012 3.19919
66 27.4699 18.2928 93.4247
169.364 101.935 180.572 0.00835495 0.275205 0.284253 0.212649 0.276835 0 3.92321 3.97012 3.19919
67 27.4699 18.5672 87.594
169.364 101.935 180.572 0.00835495 0.275205 0.284253 0.212649 0.276835 0 3.92321 3.97012 3.19919
68 27.4699 20.1265 77.0708
169.364 101.935 180.572 0.00835495 0.275205 0.284253 0.212649 0.276835 0 3.92321 3.97012 3.19919
69 27.4699 17.6115 105.432
169.364 101.935 180.572 0.00835495 0.275205 0.284253 0.212649 0.276835 0 3.92321 3.97012 3.19919
70 27.5411 19.1662 97.177
170.379 101.913 179.48 0.0161129 0.278978 0.27732 0.209733 0.276176 0.00712082 3.95946 3.94747 3.17299
71 27.5411 19.3342 95.6907
170.379 101.913 179.48 0.0161129 0.278978 0.27732 0.209733 0.276176 0.00712082 3.95946 3.94747 3.17299
72 27.5411 19.1153 88.7672
170.379 101.913 179.48 0.0161129 0.278978 0.27732 0.209733 0.276176 0.00712082 3.95946 3.94747 3.17299
73 27.5522 18.4605 79.9187
170.384 101.854 179.472 0.0169275 0.279339 0.277586 0.208918 0.277279 0.00672427 3.95906 3.94559 3.17048
74 27.5522 20.2704 72.7694
170.384 101.854 179.472 0.0169275 0.279339 0.277586 0.208918 0.277279 0.00672427 3.95906 3.94559 3.17048
75 27.5522 18.9391 86.0887
170.384 101.854 179.472 0.0169275 0.279339 0.277586 0.208918 0.277279 0.00672427 3.95906 3.94559 3.17048
76 27.5522 18.0916 89.3293
170.384 101.854 179.472 0.0169275 0.279339 0.277586 0.208918 0.277279 0.00672427 3.95906 3.94559 3.17048
77 27.8544 19.1651 82.3382
169.181 102.047 180.206 0.0100878 0.27486 0.284756 0.215508 0.276763 0 3.96025 3.97393 3.1638
78 27.8544 20.1575 65.6195
169.181 102.047 180.206 0.0100878 0.27486 0.284756 0.215508 0.276763 0 3.96025 3.97393 3.1638
79 27.8803 18.6024 78.788
169.422 101.516 180.161 0.0144007 0.275882 0.283554 0.209236 0.278256 0.000593504 3.89987 3.95194 3.17306
80 27.8803 18.1718 75.0315
169.422 101.516 180.161 0.0144007 0.275882 0.283554 0.209236 0.278256 0.000593504 3.89987 3.95194 3.17306
81 27.8803 18.9614 72.7599
169.422 101.516 180.161 0.0144007 0.275882 0.283554 0.209236 0.278256 0.000593504 3.89987 3.95194 3.17306
82 27.8803 19.4163 77.6067
169.422 101.516 180.161 0.0144007 0.275882 0.283554 0.209236 0.278256 0.000593504 3.89987 3.95194 3.17306
83 27.8803 17.7104 85.6833
169.422 101.516 180.161 0.0144007 0.275882 0.283554 0.209236 0.278256 0.000593504 3.89987 3.95194 3.17306
84 27.8803 18.686 83.4951
169.422 101.516 180.161 0.0144007 0.275882 0.283554 0.209236 0.278256 0.000593504 3.89987 3.95194 3.17306
85 27.8803 19.0613 84.9787
169.422 101.516 180.161 0.0144007 0.275882 0.283554 0.209236 0.278256 0.000593504 3.89987 3.95194 3.17306
86 27.8803 19.7684 75.8184
169.422 101.516 180.161 0.0144007 0.275882 0.283554 0.209236 0.278256 0.000593504 3.89987 3.95194 3.17306
87 27.8803 19.4632 81.1734
169.422 101.516 180.161 0.0144007 0.275882 0.283554 0.209236 0.278256 0.000593504 3.89987 3.95194 3.17306
88 27.8803 19.2763 79.4312
169.422 101.516 180.161 0.0144007 0.275882 0.283554 0.209236 0.278256 0.000593504 3.89987 3.95194 3.17306
89 28.6636 19.2633 80.0663
169.113 102.299 180.146 0.00997736 0.275507 0.286373 0.215661 0.276682 0.00152055 3.96048 3.95604 3.13
90 28.6636 19.3962 77.9826
169.113 102.299 180.146 0.00997736 0.275507 0.286373 0.215661 0.276682 0.00152055 3.96048 3.95604 3.13
91 28.6636 19.0689 73.424
169.113 102.299 180.146 0.00997736 0.275507 0.286373 0.215661 0.276682 0.00152055 3.96048 3.95604 3.13
92 28.6636 17.9239 84.9901
169.113 102.299 180.146 0.00997736 0.275507 0.286373 0.215661 0.276682 0.00152055 3.96048 3.95604 3.13
93 28.6636 18.0235 91.6545
169.113 102.299 180.146 0.00997736 0.275507 0.286373 0.215661 0.276682 0.00152055 3.96048 3.95604 3.13
94 28.6636 17.9255 87.5536
169.113 102.299 180.146 0.00997736 0.275507 0.286373 0.215661 0.276682 0.00152055 3.96048 3.95604 3.13
95 28.6636 18.1723 69.2842
169.113 102.299 180.146 0.00997736 0.275507 0.286373 0.215661 0.276682 0.00152055 3.96048 3.95604 3.13
96 28.6636 18.3725 83.6732
169.113 102.299 180.146 0.00997736 0.275507 0.286373 0.215661 0.276682 0.00152055 3.96048 3.95604 3.13
97 28.6636 16.7195 92.858
169.113 102.299 180.146 0.00997736 0.275507 0.286373 0.215661 0.276682 0.00152055 3.96048 3.95604 3.13
98 28.6636 20.6024 74.2682
169.113 102.299 180.146 0.00997736 0.275507 0.286373 0.215661 0.276682 0.00152055 3.96048 3.95604 3.13
99 28.6636 18.4212 89.0218
169.113 102.299 180.146 0.00997736 0.275507 0.286373 0.215661 0.276682 0.00152055 3.96048 3.95604 3.13
100 28.6636 19.7662 79.415
169.113 102.299 180.146 0.00997736 0.275507 0.286373 0.215661 0.276682 0.00152055 3.96048 3.95604 3.13
