0 14.2944 2.98209 15.3322
131.649 110.016 0.441565 0.211807 0 0 1.84571 4.68716
1 15.7325 4.24504 23.2113
134.346 106.659 0.449516 0.243556 0 0 2.07573 5.572
2 15.7341 5.26368 30.8328
133.493 106.917 0.461535 0.25183 0 0 2.11644 5.54751
3 15.7352 6.97526 39.4741
132.786 106.525 0.459139 0.251491 0 0 2.04644 5.60159
4 18.6165 8.67805 40.6211
133.455 100 0.449467 0.296391 0 0 1.77172 5.36847
5 18.6165 8.63166 41.4471
133.455 100 0.449467 0.296391 0 0 1.77172 5.36847
6 18.6165 7.83411 43.8593
133.455 100 0.449467 0.296391 0 0 1.77172 5.36847
7 18.6165 8.17535 39.6612
133.455 100 0.449467 0.296391 0 0 1.77172 5.36847
8 20.415 9.95635 43.8883
100 110.125 0.300994 0.418645 0 0 8.67325 4.28854
9 20.415 9.27327 52.2489
100 110.125 0.300994 0.418645 0 0 8.67325 4.28854
10 20.415 8.90495 45.2175
100 110.125 0.300994 0.418645 0 0 8.67325 4.28854
11 20.415 10.3251 49.1159
100 110.125 0.300994 0.418645 0 0 8.67325 4.28854
12 21.5797 11.3328 54.4696
100 100 0.270157 0.502437 0 0 6.0503 3.92659
13 21.5797 11.1842 58.1298
100 100 0.270157 0.502437 0 0 6.0503 3.92659
14 21.5797 12.3289 55.1939
100 100 0.270157 0.502437 0 0 6.0503 3.92659
15 21.5797 12.1165 54.7076
100 100 0.270157 0.502437 0 0 6.0503 3.92659
16 21.5797 12.3028 46.2975
100 100 0.270157 0.502437 0 0 6.0503 3.92659
17 21.5797 10.7461 55.6519
100 100 0.270157 0.502437 0 0 6.0503 3.92659
18 21.5797 10.4151 68.9571
100 100 0.270157 0.502437 0 0 6.0503 3.92659
19 21.5797 11.8467 53.3136
100 100 0.270157 0.502437 0 0 6.0503 3.92659
20 21.5797 11.8053 47.3937
100 100 0.270157 0.502437 0 0 6.0503 3.92659
21 21.5797 12.4623 43.8502
100 100 0.270157 0.502437 0 0 6.0503 3.92659
22 21.5797 13.0831 42.0214
100 100 0.270157 0.502437 0 0 6.0503 3.92659
23 21.5797 13.1924 44.3292
100 100 0.270157 0.502437 0 0 6.0503 3.92659
24 21.5797 13.5385 44.341
100 100 0.270157 0.502437 0 0 6.0503 3.92659
25 21.6249 12.5971 47.9074
100.559 101.461 0.27909 0.498278 0 0 5.93118 3.98217
26 21.6249 13.6495 46.8143
100.559 101.461 0.27909 0.498278 0 0 5.93118 3.98217
27 21.6249 14.3693 42.2244
100.559 101.461 0.27909 0.498278 0 0 5.93118 3.98217
28 21.6249 14.9647 30.5164
100.559 101.461 0.27909 0.498278 0 0 5.93118 3.98217
29 21.6249 15.0726 28.5433
100.559 101.461 0.27909 0.498278 0 0 5.93118 3.98217
30 21.6249 14.3335 32.9668
100.559 101.461 0.27909 0.498278 0 0 5.93118 3.98217
31 21.6249 13.2593 40.2165
100.559 101.461 0.27909 0.498278 0 0 5.93118 3.98217
32 21.6249 12.277 68.0944
100.559 101.461 0.27909 0.498278 0 0 5.93118 3.98217
33 21.6249 12.7503 54.8167
100.559 101.461 0.27909 0.498278 0 0 5.93118 3.98217
34 21.6249 12.6286 61.743
100.559 101.461 0.27909 0.498278 0 0 5.93118 3.98217
35 21.6249 13.1234 48.2422
100.559 101.461 0.27909 0.498278 0 0 5.93118 3.98217
36 21.6249 14.0436 54.8788
100.559 101.461 0.27909 0.498278 0 0 5.93118 3.98217
37 21.6249 15.4119 42.7877
100.559 101.461 0.27909 0.498278 0 0 5.93118 3.98217
38 21.6249 13.3113 51.0193
100.559 101.461 0.27909 0.498278 0 0 5.93118 3.98217
39 21.6249 13.8161 44.6446
100.559 101.461 0.27909 0.498278 0 0 5.93118 3.98217
40 21.6249 14.3921 39.6467
100.559 101.461 0.27909 0.498278 0 0 5.93118 3.98217
41 21.6249 14.9816 45.7414
100.559 101.461 0.27909 0.498278 0 0 5.93118 3.98217
42 21.6249 12.3822 64.8727
100.559 101.461 0.27909 0.498278 0 0 5.93118 3.98217
43 21.6249 11.8239 72.8942
100.559 101.461 0.27909 0.498278 0 0 5.93118 3.98217
44 21.6249 11.1091 60.6751
100.559 101.461 0.27909 0.498278 0 0 5.93118 3.98217
45 21.6249 11.1082 60.6154
100.559 101.461 0.27909 0.498278 0 0 5.93118 3.98217
46 21.6249 11.455 61.975
100.559 101.461 0.27909 0.498278 0 0 5.93118 3.98217
47 21.6249 12.1552 69.51
100.559 101.461 0.27909 0.498278 0 0 5.93118 3.98217
48 21.6249 11.3741 64.746
100.559 101.461 0.27909 0.498278 0 0 5.93118 3.98217
49 21.6249 11.377 61.188
100.559 101.461 0.27909 0.498278 0 0 5.93118 3.98217
50 21.6249 11.4613 70.4406
100.559 101.461 0.27909 0.498278 0 0 5.93118 3.98217
51 21.6249 12.2372 58.3444
100.559 101.461 0.27909 0.498278 0 0 5.93118 3.98217
52 21.6249 10.9082 64.77
100.559 101.461 0.27909 0.498278 0 0 5.93118 3.98217
53 21.6249 13.058 67.6835
100.559 101.461 0.27909 0.498278 0 0 5.93118 3.98217
54 21.6249 13.5406 55.9002
100.559 101.461 0.27909 0.498278 0 0 5.93118 3.98217
55 21.6249 13.6968 42.0401
100.559 101.461 0.27909 0.498278 0 0 5.93118 3.98217
56 21.6249 14.517 49.9946
100.559 101.461 0.27909 0.498278 0 0 5.93118 3.98217
57 21.6347 15.0467 45.5489
101.009 102.831 0.275097 0.493442 0 0 6.106 4.14999
58 21.6347 14.003 46.3856
101.009 102.831 0.275097 0.493442 0 0 6.106 4.14999
59 21.6347 13.8502 47.0143
101.009 102.831 0.275097 0.493442 0 0 6.106 4.14999
60 21.6347 12.6539 59.6142
101.009 102.831 0.275097 0.493442 0 0 6.106 4.14999
61 21.6347 12.2817 55.7132
101.009 102.831 0.275097 0.493442 0 0 6.106 4.14999
62 21.6347 10.8677 68.6581
101.009 102.831 0.275097 0.493442 0 0 6.106 4.14999
63 21.6347 12.2964 48.6724
101.009 102.831 0.275097 0.493442 0 0 6.106 4.14999
64 21.6347 11.5819 64.0972
101.009 102.831 0.275097 0.493442 0 0 6.106 4.14999
65 21.6347 12.0865 58.7819
101.009 102.831 0.275097 0.493442 0 0 6.106 4.14999
66 21.6347 11.7853 61.6425
101.009 102.831 0.275097 0.493442 0 0 6.106 4.14999
67 21.6347 10.1334 69.1632
101.009 102.831 0.275097 0.493442 0 0 6.106 4.14999
68 21.6347 10.8968 56.8724
101.009 102.831 0.275097 0.493442 0 0 6.106 4.14999
69 21.6347 11.7208 55.1781
101.009 102.831 0.275097 0.493442 0 0 6.106 4.14999
70 21.6347 11.5672 68.8105
101.009 102.831 0.275097 0.493442 0 0 6.106 4.14999
71 21.6347 12.2189 64.9013
101.009 102.831 0.275097 0.493442 0 0 6.106 4.14999
72 21.6347 12.7897 64.9362
101.009 102.831 0.275097 0.493442 0 0 6.106 4.14999
73 21.6347 13.1916 61.3955
101.009 102.831 0.275097 0.493442 0 0 6.106 4.14999
74 21.6347 12.1132 63.618
101.009 102.831 0.275097 0.493442 0 0 6.106 4.14999
75 21.6415 13.6622 58.836
100 100.866 0.278931 0.496299 0 0 6.00869 4.00885
76 21.6415 13.0843 59.8725
100 100.866 0.278931 0.496299 0 0 6.00869 4.00885
77 21.6415 14.2093 47.251
100 100.866 0.278931 0.496299 0 0 6.00869 4.00885
78 21.6415 12.9105 51.6527
100 100.866 0.278931 0.496299 0 0 6.00869 4.00885
79 21.6415 13.5565 46.6712
100 100.866 0.278931 0.496299 0 0 6.00869 4.00885
80 21.6415 12.9867 45.8496
100 100.866 0.278931 0.496299 0 0 6.00869 4.00885
81 21.6415 12.9976 63.8804
100 100.866 0.278931 0.496299 0 0 6.00869 4.00885
82 21.6415 12.7641 55.0753
100 100.866 0.278931 0.496299 0 0 6.00869 4.00885
83 21.6415 13.2168 49.8643
100 100.866 0.278931 0.496299 0 0 6.00869 4.00885
84 21.6415 12.9933 56.9023
100 100.866 0.278931 0.496299 0 0 6.00869 4.00885
85 21.7643 13.7249 56.1647
100.573 108.718 0.283586 0.471321 0 0 6.38067 3.27544
86 21.7643 11.7312 68.4141
100.573 108.718 0.283586 0.471321 0 0 6.38067 3.27544
87 21.7643 11.9705 68.3744
100.573 108.718 0.283586 0.471321 0 0 6.38067 3.27544
88 21.7643 11.716 64.9575
100.573 108.718 0.283586 0.471321 0 0 6.38067 3.27544
89 21.7643 12.8726 54.3834
100.573 108.718 0.283586 0.471321 0 0 6.38067 3.27544
90 21.7643 12.7183 65.3833
100.573 108.718 0.283586 0.471321 0 0 6.38067 3.27544
91 21.7643 11.9095 61.6164
100.573 108.718 0.283586 0.471321 0 0 6.38067 3.27544
92 21.7643 11.687 55.147
100.573 108.718 0.283586 0.471321 0 0 6.38067 3.27544
93 21.7643 11.9812 62.1823
100.573 108.718 0.283586 0.471321 0 0 6.38067 3.27544
94 21.7643 11.9793 57.2616
100.573 108.718 0.283586 0.471321 0 0 6.38067 3.27544
95 21.7643 12.389 63.5471
100.573 108.718 0.283586 0.471321 0 0 6.38067 3.27544
96 21.7716 13.133 51.285
100 114.547 0.265848 0.452055 0 0 7.58955 2.90583
97 21.7716 12.3393 52.3476
100 114.547 0.265848 0.452055 0 0 7.58955 2.90583
98 21.7716 11.8997 57.5202
100 114.547 0.265848 0.452055 0 0 7.58955 2.90583
99 21.7716 12.4781 47.4572
100 114.547 0.265848 0.452055 0 0 7.58955 2.90583
100 21.7716 12.1276 55.4427
100 114.547 0.265848 0.452055 0 0 7.58955 2.90583
