0 0.25 0.05104 0.00539992
193.086 155.235 0.367231 0.206714 0.846704 0.734787 0.0864435 2.85667
1 2.82961 0.122928 0.164818
192.784 153.9 0.42078 0.199516 0.88844 0.713505 0 1.58862
2 2.83867 0.206556 0.312539
200 154.918 0.210877 0.219028 0.865197 0.706903 0 2.81591
3 2.83867 0.41093 0.702777
200 154.918 0.210877 0.219028 0.865197 0.706903 0 2.81591
4 2.83867 0.617358 1.18548
200 154.918 0.210877 0.219028 0.865197 0.706903 0 2.81591
5 2.83935 0.597689 1.12791
200 144.565 0.641902 0.214828 0.814751 0.59636 0 4.4239
6 2.83935 0.55788 1.01509
200 144.565 0.641902 0.214828 0.814751 0.59636 0 4.4239
7 2.84415 0.777339 1.34947
200 155.016 0.600764 0.14945 0.783763 0.72819 0 1.10389
8 2.84415 0.953192 1.53188
200 155.016 0.600764 0.14945 0.783763 0.72819 0 1.10389
9 2.84415 1.20042 1.7265
200 155.016 0.600764 0.14945 0.783763 0.72819 0 1.10389
10 2.84415 1.25816 1.74775
200 155.016 0.600764 0.14945 0.783763 0.72819 0 1.10389
11 2.84415 1.35286 1.77042
200 155.016 0.600764 0.14945 0.783763 0.72819 0 1.10389
12 2.84415 1.3314 1.67017
200 155.016 0.600764 0.14945 0.783763 0.72819 0 1.10389
13 2.84415 1.19262 1.53207
200 155.016 0.600764 0.14945 0.783763 0.72819 0 1.10389
14 2.84415 1.21197 1.6873
200 155.016 0.600764 0.14945 0.783763 0.72819 0 1.10389
15 2.84456 1.46909 1.72211
200 161.74 0 0.146181 0.978283 0.909551 0 5.92841
16 2.84456 1.45138 1.72449
200 161.74 0 0.146181 0.978283 0.909551 0 5.92841
17 2.84456 1.53087 1.69311
200 161.74 0 0.146181 0.978283 0.909551 0 5.92841
18 5.13776 1.39416 1.9232
200 156.86 0.388623 0.00702778 0.854164 0.497521 0.217565 1.17913
19 5.13776 1.52718 1.9014
200 156.86 0.388623 0.00702778 0.854164 0.497521 0.217565 1.17913
20 5.13776 1.51045 2.10135
200 156.86 0.388623 0.00702778 0.854164 0.497521 0.217565 1.17913
21 5.13776 1.76786 2.9063
200 156.86 0.388623 0.00702778 0.854164 0.497521 0.217565 1.17913
22 5.13776 1.83283 2.97453
200 156.86 0.388623 0.00702778 0.854164 0.497521 0.217565 1.17913
23 5.13776 1.66702 2.93402
200 156.86 0.388623 0.00702778 0.854164 0.497521 0.217565 1.17913
24 5.13776 1.87692 2.90726
200 156.86 0.388623 0.00702778 0.854164 0.497521 0.217565 1.17913
25 5.13776 1.80397 3.15612
200 156.86 0.388623 0.00702778 0.854164 0.497521 0.217565 1.17913
26 5.13776 1.63821 3.2375
200 156.86 0.388623 0.00702778 0.854164 0.497521 0.217565 1.17913
27 5.13776 1.65204 2.73071
200 156.86 0.388623 0.00702778 0.854164 0.497521 0.217565 1.17913
28 5.13776 1.77041 2.86469
200 156.86 0.388623 0.00702778 0.854164 0.497521 0.217565 1.17913
29 5.13859 1.90227 3.39033
198.039 153.037 0.379067 0.0149897 0.840686 0.508759 0.0240137 0.611568
30 5.13859 1.81798 3.09537
198.039 153.037 0.379067 0.0149897 0.840686 0.508759 0.0240137 0.611568
31 5.13859 1.79388 2.90305
198.039 153.037 0.379067 0.0149897 0.840686 0.508759 0.0240137 0.611568
32 5.13859 2.31253 3.43503
198.039 153.037 0.379067 0.0149897 0.840686 0.508759 0.0240137 0.611568
33 5.13859 2.4135 2.99028
198.039 153.037 0.379067 0.0149897 0.840686 0.508759 0.0240137 0.611568
34 5.13859 2.25061 2.86386
198.039 153.037 0.379067 0.0149897 0.840686 0.508759 0.0240137 0.611568
35 5.13859 2.14715 2.83215
198.039 153.037 0.379067 0.0149897 0.840686 0.508759 0.0240137 0.611568
36 5.13859 2.17731 3.23311
198.039 153.037 0.379067 0.0149897 0.840686 0.508759 0.0240137 0.611568
37 5.13859 2.26942 2.9971
198.039 153.037 0.379067 0.0149897 0.840686 0.508759 0.0240137 0.611568
38 5.13859 2.23364 3.4949
198.039 153.037 0.379067 0.0149897 0.840686 0.508759 0.0240137 0.611568
39 5.14647 2.20903 3.35815
200 151.73 0.421953 0.00611613 0.848019 0.517337 0.40532 0.490231
40 5.14647 2.06986 2.73778
200 151.73 0.421953 0.00611613 0.848019 0.517337 0.40532 0.490231
41 5.14647 2.02799 3.38352
200 151.73 0.421953 0.00611613 0.848019 0.517337 0.40532 0.490231
42 5.14647 2.05796 3.10778
200 151.73 0.421953 0.00611613 0.848019 0.517337 0.40532 0.490231
43 5.14647 2.07007 2.61386
200 151.73 0.421953 0.00611613 0.848019 0.517337 0.40532 0.490231
44 5.14647 2.42499 3.00641
200 151.73 0.421953 0.00611613 0.848019 0.517337 0.40532 0.490231
45 5.14648 2.11509 2.74256
200 151.743 0.421896 0.00617117 0.847975 0.517425 0.404368 0.490738
46 5.14648 1.85383 2.86554
200 151.743 0.421896 0.00617117 0.847975 0.517425 0.404368 0.490738
47 5.14648 2.02455 3.54571
200 151.743 0.421896 0.00617117 0.847975 0.517425 0.404368 0.490738
48 5.14648 1.90201 2.90401
200 151.743 0.421896 0.00617117 0.847975 0.517425 0.404368 0.490738
49 5.14648 1.85455 3.21436
200 151.743 0.421896 0.00617117 0.847975 0.517425 0.404368 0.490738
50 5.14854 2.24464 3.28715
200 166.935 0.384859 0.00223864 0.678914 0.490383 0.716657 1.98679
51 5.14854 2.01513 2.90053
200 166.935 0.384859 0.00223864 0.678914 0.490383 0.716657 1.98679
52 5.14854 1.81943 2.83956
200 166.935 0.384859 0.00223864 0.678914 0.490383 0.716657 1.98679
53 5.14854 1.90644 2.9632
200 166.935 0.384859 0.00223864 0.678914 0.490383 0.716657 1.98679
54 5.14854 1.91347 2.93875
200 166.935 0.384859 0.00223864 0.678914 0.490383 0.716657 1.98679
55 5.14854 2.04741 3.17453
200 166.935 0.384859 0.00223864 0.678914 0.490383 0.716657 1.98679
56 5.14854 2.20061 2.84192
200 166.935 0.384859 0.00223864 0.678914 0.490383 0.716657 1.98679
57 5.14854 1.8432 3.03619
200 166.935 0.384859 0.00223864 0.678914 0.490383 0.716657 1.98679
58 5.14854 1.75484 3.16052
200 166.935 0.384859 0.00223864 0.678914 0.490383 0.716657 1.98679
59 5.14854 2.02678 2.89021
200 166.935 0.384859 0.00223864 0.678914 0.490383 0.716657 1.98679
60 5.14969 1.9654 3.56454
199.995 166.856 0.385679 0.00255195 0.678325 0.491691 0.69732 1.99598
61 5.14969 1.77601 2.85487
199.995 166.856 0.385679 0.00255195 0.678325 0.491691 0.69732 1.99598
62 5.14969 2.04067 3.35695
199.995 166.856 0.385679 0.00255195 0.678325 0.491691 0.69732 1.99598
63 5.14969 2.03489 3.28257
199.995 166.856 0.385679 0.00255195 0.678325 0.491691 0.69732 1.99598
64 5.14969 1.96207 3.36623
199.995 166.856 0.385679 0.00255195 0.678325 0.491691 0.69732 1.99598
65 5.14969 1.77154 3.41455
199.995 166.856 0.385679 0.00255195 0.678325 0.491691 0.69732 1.99598
66 5.14969 1.77978 3.63428
199.995 166.856 0.385679 0.00255195 0.678325 0.491691 0.69732 1.99598
67 5.14969 1.89062 3.54252
199.995 166.856 0.385679 0.00255195 0.678325 0.491691 0.69732 1.99598
68 5.14969 1.98731 3.57087
199.995 166.856 0.385679 0.00255195 0.678325 0.491691 0.69732 1.99598
69 5.14969 1.86976 2.83082
199.995 166.856 0.385679 0.00255195 0.678325 0.491691 0.69732 1.99598
70 5.14969 1.83077 3.11712
199.995 166.856 0.385679 0.00255195 0.678325 0.491691 0.69732 1.99598
71 5.14969 1.791 3.13421
199.995 166.856 0.385679 0.00255195 0.678325 0.491691 0.69732 1.99598
72 5.14969 1.89201 2.65034
199.995 166.856 0.385679 0.00255195 0.678325 0.491691 0.69732 1.99598
73 5.14969 2.07796 3.50102
199.995 166.856 0.385679 0.00255195 0.678325 0.491691 0.69732 1.99598
74 5.14969 2.01266 2.88345
199.995 166.856 0.385679 0.00255195 0.678325 0.491691 0.69732 1.99598
75 5.14969 1.85198 2.9554
199.995 166.856 0.385679 0.00255195 0.678325 0.491691 0.69732 1.99598
76 5.14969 1.71335 2.9645
199.995 166.856 0.385679 0.00255195 0.678325 0.491691 0.69732 1.99598
77 5.14969 1.75248 3.18125
199.995 166.856 0.385679 0.00255195 0.678325 0.491691 0.69732 1.99598
78 5.14969 1.78403 3.30522
199.995 166.856 0.385679 0.00255195 0.678325 0.491691 0.69732 1.99598
79 5.14969 1.88464 2.50369
199.995 166.856 0.385679 0.00255195 0.678325 0.491691 0.69732 1.99598
80 5.14969 1.81699 2.91751
199.995 166.856 0.385679 0.00255195 0.678325 0.491691 0.69732 1.99598
81 5.14969 1.99845 3.16265
199.995 166.856 0.385679 0.00255195 0.678325 0.491691 0.69732 1.99598
82 5.14969 1.89255 2.7907
199.995 166.856 0.385679 0.00255195 0.678325 0.491691 0.69732 1.99598
83 5.14969 2.03384 3.1364
199.995 166.856 0.385679 0.00255195 0.678325 0.491691 0.69732 1.99598
84 5.14969 1.76897 2.93444
199.995 166.856 0.385679 0.00255195 0.678325 0.491691 0.69732 1.99598
85 5.14969 1.67294 3.14542
199.995 166.856 0.385679 0.00255195 0.678325 0.491691 0.69732 1.99598
86 5.14969 1.91465 3.44331
199.995 166.856 0.385679 0.00255195 0.678325 0.491691 0.69732 1.99598
87 5.14969 1.81421 2.9342
199.995 166.856 0.385679 0.00255195 0.678325 0.491691 0.69732 1.99598
88 5.14969 1.93043 3.45265
199.995 166.856 0.385679 0.00255195 0.678325 0.491691 0.69732 1.99598
89 5.14969 1.89867 2.93743
199.995 166.856 0.385679 0.00255195 0.678325 0.491691 0.69732 1.99598
90 5.14969 1.58683 2.88707
199.995 166.856 0.385679 0.00255195 0.678325 0.491691 0.69732 1.99598
91 5.14969 1.71397 3.12043
199.995 166.856 0.385679 0.00255195 0.678325 0.491691 0.69732 1.99598
92 5.14969 1.79643 3.11023
199.995 166.856 0.385679 0.00255195 0.678325 0.491691 0.69732 1.99598
93 5.14969 1.84862 3.13343
199.995 166.856 0.385679 0.00255195 0.678325 0.491691 0.69732 1.99598
94 5.14969 1.82814 3.09744
199.995 166.856 0.385679 0.00255195 0.678325 0.491691 0.69732 1.99598
95 5.14969 1.83449 2.46725
199.995 166.856 0.385679 0.00255195 0.678325 0.491691 0.69732 1.99598
96 5.14969 1.67501 2.96126
199.995 166.856 0.385679 0.00255195 0.678325 0.491691 0.69732 1.99598
97 5.14969 1.76385 2.89899
199.995 166.856 0.385679 0.00255195 0.678325 0.491691 0.69732 1.99598
98 5.14969 1.70708 3.02938
199.995 166.856 0.385679 0.00255195 0.678325 0.491691 0.69732 1.99598
99 5.14969 1.71453 2.80702
199.995 166.856 0.385679 0.00255195 0.678325 0.491691 0.69732 1.99598
100 5.14969 1.67785 3.08892
199.995 166.856 0.385679 0.00255195 0.678325 0.491691 0.69732 1.99598
