0 3.15087 0.958177 0.67764
105.162 126.407 0.696242 0.244811 0.747907 0.0174658 0.0096655 1.81576
1 3.15087 1.22882 0.85863
105.162 126.407 0.696242 0.244811 0.747907 0.0174658 0.0096655 1.81576
2 3.15087 1.50141 1.10404
105.162 126.407 0.696242 0.244811 0.747907 0.0174658 0.0096655 1.81576
3 3.15087 1.44195 0.944282
105.162 126.407 0.696242 0.244811 0.747907 0.0174658 0.0096655 1.81576
4 3.70892 1.73804 1.07078
128.567 122.377 0.393952 0.299252 0.459566 0.986676 6.28401 1.39426
5 3.70892 1.7782 1.14792
128.567 122.377 0.393952 0.299252 0.459566 0.986676 6.28401 1.39426
6 3.70892 1.87821 1.49883
128.567 122.377 0.393952 0.299252 0.459566 0.986676 6.28401 1.39426
7 3.70892 2.05148 1.2898
128.567 122.377 0.393952 0.299252 0.459566 0.986676 6.28401 1.39426
8 3.70892 2.17334 1.22132
128.567 122.377 0.393952 0.299252 0.459566 0.986676 6.28401 1.39426
9 3.75103 2.23337 1.75601
124.962 127.409 0.437397 0.249454 0.488275 0.922402 5.63976 1.39761
10 3.75103 1.98811 1.49583
124.962 127.409 0.437397 0.249454 0.488275 0.922402 5.63976 1.39761
11 4.24039 2.15394 1.69305
125.28 130.872 0.456069 0.27093 0.554157 0.928524 5.21051 1.06228
12 4.7414 2.57818 1.64104
132.324 124.856 0.458643 0.276751 0.480731 0.900673 5.72058 0.982942
13 4.7414 2.73761 1.79274
132.324 124.856 0.458643 0.276751 0.480731 0.900673 5.72058 0.982942
14 5.91121 3.19234 2.21877
197.841 118.526 0.594707 0.175962 0.639074 0.154384 7.36062 7.26667
15 5.91121 3.09274 2.20354
197.841 118.526 0.594707 0.175962 0.639074 0.154384 7.36062 7.26667
16 5.91121 3.06544 2.95557
197.841 118.526 0.594707 0.175962 0.639074 0.154384 7.36062 7.26667
17 7.82038 3.18073 4.6517
109.77 126.135 0.477164 0.371969 0.675051 0.0247979 0.81534 1.4201
18 7.82038 3.43204 5.02023
109.77 126.135 0.477164 0.371969 0.675051 0.0247979 0.81534 1.4201
19 7.87783 4.20243 6.34664
195.125 115.049 0.569742 0.257665 0.818177 0.153905 7.4557 5.82555
20 8.84532 4.53403 6.68799
110.122 125.717 0.478213 0.368654 0.671683 0.0221984 0.796596 1.45602
21 8.84532 4.36471 5.2924
110.122 125.717 0.478213 0.368654 0.671683 0.0221984 0.796596 1.45602
22 8.84532 4.64374 5.68293
110.122 125.717 0.478213 0.368654 0.671683 0.0221984 0.796596 1.45602
23 8.84532 4.17487 5.70887
110.122 125.717 0.478213 0.368654 0.671683 0.0221984 0.796596 1.45602
24 8.84532 4.04858 6.07754
110.122 125.717 0.478213 0.368654 0.671683 0.0221984 0.796596 1.45602
25 8.84532 4.55566 6.94657
110.122 125.717 0.478213 0.368654 0.671683 0.0221984 0.796596 1.45602
26 8.84532 4.60779 6.90329
110.122 125.717 0.478213 0.368654 0.671683 0.0221984 0.796596 1.45602
27 8.84532 3.6454 6.58897
110.122 125.717 0.478213 0.368654 0.671683 0.0221984 0.796596 1.45602
28 8.96273 4.11085 7.46674
107.604 119.43 0.442775 0.290347 0.685496 0.0668981 1.05259 1.84265
29 8.96273 4.36317 7.19207
107.604 119.43 0.442775 0.290347 0.685496 0.0668981 1.05259 1.84265
30 9.38248 4.2369 8.17925
117.242 118.684 0.487306 0.375563 0.640772 0.00396639 1.63352 1.29828
31 9.38248 4.37115 9.58221
117.242 118.684 0.487306 0.375563 0.640772 0.00396639 1.63352 1.29828
32 9.38248 4.32828 8.10615
117.242 118.684 0.487306 0.375563 0.640772 0.00396639 1.63352 1.29828
33 9.38248 4.40287 9.85663
117.242 118.684 0.487306 0.375563 0.640772 0.00396639 1.63352 1.29828
34 9.38248 3.7735 8.19277
117.242 118.684 0.487306 0.375563 0.640772 0.00396639 1.63352 1.29828
35 9.38248 4.09463 7.8723
117.242 118.684 0.487306 0.375563 0.640772 0.00396639 1.63352 1.29828
36 9.38248 4.48184 7.19404
117.242 118.684 0.487306 0.375563 0.640772 0.00396639 1.63352 1.29828
37 9.38248 4.32694 7.70946
117.242 118.684 0.487306 0.375563 0.640772 0.00396639 1.63352 1.29828
38 9.38248 5.01723 8.88491
117.242 118.684 0.487306 0.375563 0.640772 0.00396639 1.63352 1.29828
39 9.38248 5.14708 9.76393
117.242 118.684 0.487306 0.375563 0.640772 0.00396639 1.63352 1.29828
40 9.38248 4.86389 10.1005
117.242 118.684 0.487306 0.375563 0.640772 0.00396639 1.63352 1.29828
41 9.38248 4.42633 7.55091
117.242 118.684 0.487306 0.375563 0.640772 0.00396639 1.63352 1.29828
42 9.38248 4.69974 7.61207
117.242 118.684 0.487306 0.375563 0.640772 0.00396639 1.63352 1.29828
43 9.38248 4.4957 7.4018
117.242 118.684 0.487306 0.375563 0.640772 0.00396639 1.63352 1.29828
44 9.38248 4.11776 7.173
117.242 118.684 0.487306 0.375563 0.640772 0.00396639 1.63352 1.29828
45 9.85471 4.57693 9.1634
116.876 115.424 0.503864 0.394109 0.66126 0.0101494 1.49503 1.52189
46 9.85471 4.43284 9.85025
116.876 115.424 0.503864 0.394109 0.66126 0.0101494 1.49503 1.52189
47 9.85471 4.30647 6.96187
116.876 115.424 0.503864 0.394109 0.66126 0.0101494 1.49503 1.52189
48 9.85471 4.2576 7.83946
116.876 115.424 0.503864 0.394109 0.66126 0.0101494 1.49503 1.52189
49 9.85471 4.14402 6.88102
116.876 115.424 0.503864 0.394109 0.66126 0.0101494 1.49503 1.52189
50 9.85471 4.76657 9.03828
116.876 115.424 0.503864 0.394109 0.66126 0.0101494 1.49503 1.52189
51 9.85471 4.12345 7.62171
116.876 115.424 0.503864 0.394109 0.66126 0.0101494 1.49503 1.52189
52 9.85471 4.29072 6.84412
116.876 115.424 0.503864 0.394109 0.66126 0.0101494 1.49503 1.52189
53 9.85471 3.68456 9.27899
116.876 115.424 0.503864 0.394109 0.66126 0.0101494 1.49503 1.52189
54 9.85471 3.9888 8.12551
116.876 115.424 0.503864 0.394109 0.66126 0.0101494 1.49503 1.52189
55 9.85471 4.48746 8.22958
116.876 115.424 0.503864 0.394109 0.66126 0.0101494 1.49503 1.52189
56 9.85471 4.49143 10.2666
116.876 115.424 0.503864 0.394109 0.66126 0.0101494 1.49503 1.52189
57 9.85471 4.11489 10.1892
116.876 115.424 0.503864 0.394109 0.66126 0.0101494 1.49503 1.52189
58 9.85471 3.976 10.6752
116.876 115.424 0.503864 0.394109 0.66126 0.0101494 1.49503 1.52189
59 9.85471 4.24539 11.0053
116.876 115.424 0.503864 0.394109 0.66126 0.0101494 1.49503 1.52189
60 9.85471 4.32453 10.2713
116.876 115.424 0.503864 0.394109 0.66126 0.0101494 1.49503 1.52189
61 9.85597 3.86968 10.3378
102.713 110.307 0.494718 0.404851 0.5804 0.0143676 2.04257 0.880906
62 9.85597 4.22576 10.2506
102.713 110.307 0.494718 0.404851 0.5804 0.0143676 2.04257 0.880906
63 9.85597 4.42876 9.43161
102.713 110.307 0.494718 0.404851 0.5804 0.0143676 2.04257 0.880906
64 9.85597 4.28993 7.47217
102.713 110.307 0.494718 0.404851 0.5804 0.0143676 2.04257 0.880906
65 9.85597 4.60191 8.68496
102.713 110.307 0.494718 0.404851 0.5804 0.0143676 2.04257 0.880906
66 9.85803 4.73309 9.22349
102.457 110.291 0.49435 0.404746 0.581078 0.00892713 2.03592 0.860291
67 9.85803 4.17756 8.04944
102.457 110.291 0.49435 0.404746 0.581078 0.00892713 2.03592 0.860291
68 9.85803 4.58578 8.51966
102.457 110.291 0.49435 0.404746 0.581078 0.00892713 2.03592 0.860291
69 9.85803 4.37412 8.53313
102.457 110.291 0.49435 0.404746 0.581078 0.00892713 2.03592 0.860291
70 9.85803 4.14947 8.2934
102.457 110.291 0.49435 0.404746 0.581078 0.00892713 2.03592 0.860291
71 9.85803 4.16926 9.82274
102.457 110.291 0.49435 0.404746 0.581078 0.00892713 2.03592 0.860291
72 9.85803 4.21406 11.0672
102.457 110.291 0.49435 0.404746 0.581078 0.00892713 2.03592 0.860291
73 9.85803 3.74765 9.81954
102.457 110.291 0.49435 0.404746 0.581078 0.00892713 2.03592 0.860291
74 9.85803 4.20231 10.5177
102.457 110.291 0.49435 0.404746 0.581078 0.00892713 2.03592 0.860291
75 9.85803 3.91052 11.583
102.457 110.291 0.49435 0.404746 0.581078 0.00892713 2.03592 0.860291
76 9.85803 4.06043 10.9427
102.457 110.291 0.49435 0.404746 0.581078 0.00892713 2.03592 0.860291
77 9.85803 3.70822 10.7283
102.457 110.291 0.49435 0.404746 0.581078 0.00892713 2.03592 0.860291
78 9.85803 4.29154 11.0708
102.457 110.291 0.49435 0.404746 0.581078 0.00892713 2.03592 0.860291
79 9.85803 4.18058 10.7201
102.457 110.291 0.49435 0.404746 0.581078 0.00892713 2.03592 0.860291
80 9.85803 4.6135 11.836
102.457 110.291 0.49435 0.404746 0.581078 0.00892713 2.03592 0.860291
81 9.85803 4.21461 10.1737
102.457 110.291 0.49435 0.404746 0.581078 0.00892713 2.03592 0.860291
82 9.85803 4.29958 10.55
102.457 110.291 0.49435 0.404746 0.581078 0.00892713 2.03592 0.860291
83 9.85803 3.09513 8.34867
102.457 110.291 0.49435 0.404746 0.581078 0.00892713 2.03592 0.860291
84 9.8581 3.83874 11.8143
102.845 109.266 0.496552 0.404144 0.574974 0.00156084 2.01627 0.971852
85 9.8581 4.1923 11.9662
102.845 109.266 0.496552 0.404144 0.574974 0.00156084 2.01627 0.971852
86 9.8581 4.14946 10.5229
102.845 109.266 0.496552 0.404144 0.574974 0.00156084 2.01627 0.971852
87 9.8581 4.03276 10.4096
102.845 109.266 0.496552 0.404144 0.574974 0.00156084 2.01627 0.971852
88 9.8581 3.6807 7.65132
102.845 109.266 0.496552 0.404144 0.574974 0.00156084 2.01627 0.971852
89 9.8581 3.99467 11.628
102.845 109.266 0.496552 0.404144 0.574974 0.00156084 2.01627 0.971852
90 9.8581 3.13508 11.5793
102.845 109.266 0.496552 0.404144 0.574974 0.00156084 2.01627 0.971852
91 9.8581 3.29478 12.3148
102.845 109.266 0.496552 0.404144 0.574974 0.00156084 2.01627 0.971852
92 9.8581 3.51658 10.7958
102.845 109.266 0.496552 0.404144 0.574974 0.00156084 2.01627 0.971852
93 9.8581 3.34684 10.1553
102.845 109.266 0.496552 0.404144 0.574974 0.00156084 2.01627 0.971852
94 9.8581 3.61312 8.97918
102.845 109.266 0.496552 0.404144 0.574974 0.00156084 2.01627 0.971852
95 9.8581 3.40618 9.89919
102.845 109.266 0.496552 0.404144 0.574974 0.00156084 2.01627 0.971852
96 9.8581 4.04136 12.4657
102.845 109.266 0.496552 0.404144 0.574974 0.00156084 2.01627 0.971852
97 9.8581 4.33025 14.2911
102.845 109.266 0.496552 0.404144 0.574974 0.00156084 2.01627 0.971852
98 9.86511 4.89746 15.3028
104.843 112.151 0.484455 0.40278 0.583386 0.000181198 1.72176 1.01731
99 9.86629 4.54206 13.065
105.353 112.276 0.485867 0.400078 0.587958 0 1.69568 1.0019
100 9.86629 4.37575 9.82178
105.353 112.276 0.485867 0.400078 0.587958 0 1.69568 1.0019
