0 1.57865 0.16124 0.0502392
176.231 150.717 0.139498 0.0474343 0.837426 0.0943354 1.07863 8.82976
1 7.34286 0.327152 1.07341
159.575 110.319 0.293946 0.0591617 0.138504 0.296629 10 2.8939
2 9.39544 0.832327 4.94679
102.679 126.365 0 0.135397 0.778825 0.182817 2.99865 6.98429
3 17.0284 1.86914 15.7137
191.52 153.838 0.0494591 0 0.911509 0.117996 0.528188 9.52341
4 26.2774 3.22123 39.633
163.466 110.928 0.192713 0.188238 0.154611 0.323137 9.21105 4.13352
5 26.2774 5.26391 73.2836
163.466 110.928 0.192713 0.188238 0.154611 0.323137 9.21105 4.13352
6 26.287 7.12939 95.0099
157.715 110.411 0.236366 0.126403 0.0377106 0.221253 10 3.95
7 26.7589 8.79105 117.306
171.542 103.853 0.244366 0 0.0822346 0.192931 10 1.92898
8 26.7589 10.4569 115.22
171.542 103.853 0.244366 0 0.0822346 0.192931 10 1.92898
9 26.7589 11.9252 127.668
171.542 103.853 0.244366 0 0.0822346 0.192931 10 1.92898
10 26.7777 12.91 119.993
163.725 107.496 0.129465 0.132723 0.0799102 0.32416 9.93826 3.49166
11 26.9114 11.9441 128.019
164.259 101.433 0.144973 0.148049 0.0602383 0.287831 10 4.12955
12 26.9114 12.4754 121.264
164.259 101.433 0.144973 0.148049 0.0602383 0.287831 10 4.12955
13 26.9114 14.1447 110.941
164.259 101.433 0.144973 0.148049 0.0602383 0.287831 10 4.12955
14 27.0026 16.636 111.028
159.527 106.723 0.121957 0.112654 0.0833056 0.320319 10 3.77434
15 27.0026 15.1307 116.696
159.527 106.723 0.121957 0.112654 0.0833056 0.320319 10 3.77434
16 27.3604 16.9958 108.948
162.395 127.194 0.116792 0.132944 0 0.273912 9.0269 4.96073
17 27.3604 16.5137 101.049
162.395 127.194 0.116792 0.132944 0 0.273912 9.0269 4.96073
18 27.3604 17.2972 110.498
162.395 127.194 0.116792 0.132944 0 0.273912 9.0269 4.96073
19 27.4438 17.321 105.543
150.03 119.171 0.088616 0.135861 0.077734 0.292369 9.06488 5.61818
20 27.4438 16.9485 126.976
150.03 119.171 0.088616 0.135861 0.077734 0.292369 9.06488 5.61818
21 27.4693 17.039 117.19
175.667 111.456 0.0363171 0.144083 0.208154 0.249546 9.61436 6.53572
22 27.7015 15.8389 121.718
166.562 107.889 0.0899518 0.155361 0.00906412 0.121809 8.85729 4.23091
23 27.7015 15.7467 114.283
166.562 107.889 0.0899518 0.155361 0.00906412 0.121809 8.85729 4.23091
24 27.7015 16.1333 108.653
166.562 107.889 0.0899518 0.155361 0.00906412 0.121809 8.85729 4.23091
25 27.8857 16.6124 122.246
164.762 100 0.0740374 0.155519 0.0184713 0.164332 8.24423 5.04767
26 27.8857 18.2258 95.8366
164.762 100 0.0740374 0.155519 0.0184713 0.164332 8.24423 5.04767
27 27.8857 18.9439 81.5779
164.762 100 0.0740374 0.155519 0.0184713 0.164332 8.24423 5.04767
28 27.8857 19.1119 82.0548
164.762 100 0.0740374 0.155519 0.0184713 0.164332 8.24423 5.04767
29 28.4981 17.9223 103.028
156.214 123.718 0.103771 0.118844 0.0416087 0.149499 9.88788 5.92251
30 28.7355 19.6216 94.0081
175.144 110.935 0.0349283 0.153923 0.208128 0.183679 9.02796 6.90041
31 28.7355 19.5248 95.9539
175.144 110.935 0.0349283 0.153923 0.208128 0.183679 9.02796 6.90041
32 28.7355 19.4403 101.239
175.144 110.935 0.0349283 0.153923 0.208128 0.183679 9.02796 6.90041
33 28.7355 21.1091 89.8042
175.144 110.935 0.0349283 0.153923 0.208128 0.183679 9.02796 6.90041
34 31.2257 21.4538 82.051
172.738 109.392 0.0709631 0.135333 0 0.145411 8.80108 6.06551
35 31.2257 19.5077 98.0815
172.738 109.392 0.0709631 0.135333 0 0.145411 8.80108 6.06551
36 31.2257 20.94 76.2743
172.738 109.392 0.0709631 0.135333 0 0.145411 8.80108 6.06551
37 36.6479 20.2186 94.8251
149.187 113.155 0.0803617 0.142466 0 0.101911 9.49594 6.49823
38 36.6479 19.9614 84.5296
149.187 113.155 0.0803617 0.142466 0 0.101911 9.49594 6.49823
39 36.6479 20.4649 84.6739
149.187 113.155 0.0803617 0.142466 0 0.101911 9.49594 6.49823
40 36.6479 17.4523 134.585
149.187 113.155 0.0803617 0.142466 0 0.101911 9.49594 6.49823
41 36.6479 16.1707 126.082
149.187 113.155 0.0803617 0.142466 0 0.101911 9.49594 6.49823
42 36.6479 15.6137 143.465
149.187 113.155 0.0803617 0.142466 0 0.101911 9.49594 6.49823
43 36.6479 18.0358 124.024
149.187 113.155 0.0803617 0.142466 0 0.101911 9.49594 6.49823
44 36.6479 16.9932 148.592
149.187 113.155 0.0803617 0.142466 0 0.101911 9.49594 6.49823
45 36.6479 18.6341 126.331
149.187 113.155 0.0803617 0.142466 0 0.101911 9.49594 6.49823
46 36.6479 18.4489 131.024
149.187 113.155 0.0803617 0.142466 0 0.101911 9.49594 6.49823
47 36.6479 19.6742 124.79
149.187 113.155 0.0803617 0.142466 0 0.101911 9.49594 6.49823
48 36.6479 20.4197 115.97
149.187 113.155 0.0803617 0.142466 0 0.101911 9.49594 6.49823
49 36.6479 20.268 122.046
149.187 113.155 0.0803617 0.142466 0 0.101911 9.49594 6.49823
50 38.5219 19.7838 120.36
146.731 113.739 0.0749817 0.13931 0.00668941 0.124305 9.36313 6.50419
51 38.5219 21.9402 97.887
146.731 113.739 0.0749817 0.13931 0.00668941 0.124305 9.36313 6.50419
52 38.5219 21.7672 87.4389
146.731 113.739 0.0749817 0.13931 0.00668941 0.124305 9.36313 6.50419
53 38.5219 22.0746 91.2981
146.731 113.739 0.0749817 0.13931 0.00668941 0.124305 9.36313 6.50419
54 38.5219 21.2101 105.647
146.731 113.739 0.0749817 0.13931 0.00668941 0.124305 9.36313 6.50419
55 38.5219 20.6633 113.174
146.731 113.739 0.0749817 0.13931 0.00668941 0.124305 9.36313 6.50419
56 38.5219 20.445 110.333
146.731 113.739 0.0749817 0.13931 0.00668941 0.124305 9.36313 6.50419
57 38.5219 17.8232 138.235
146.731 113.739 0.0749817 0.13931 0.00668941 0.124305 9.36313 6.50419
58 38.5219 18.3128 155.02
146.731 113.739 0.0749817 0.13931 0.00668941 0.124305 9.36313 6.50419
59 38.5219 19.2081 136.847
146.731 113.739 0.0749817 0.13931 0.00668941 0.124305 9.36313 6.50419
60 38.9929 19.1103 139.132
146.619 114.013 0.0767937 0.135928 0.000652606 0.141072 9.37073 6.45474
61 38.9929 20.0703 125.999
146.619 114.013 0.0767937 0.135928 0.000652606 0.141072 9.37073 6.45474
62 38.9929 18.5762 128.93
146.619 114.013 0.0767937 0.135928 0.000652606 0.141072 9.37073 6.45474
63 38.9929 18.5322 142.248
146.619 114.013 0.0767937 0.135928 0.000652606 0.141072 9.37073 6.45474
64 38.9929 20.2211 136.749
146.619 114.013 0.0767937 0.135928 0.000652606 0.141072 9.37073 6.45474
65 38.9929 20.7232 137.294
146.619 114.013 0.0767937 0.135928 0.000652606 0.141072 9.37073 6.45474
66 38.9929 18.736 143.421
146.619 114.013 0.0767937 0.135928 0.000652606 0.141072 9.37073 6.45474
67 38.9929 19.9257 144.183
146.619 114.013 0.0767937 0.135928 0.000652606 0.141072 9.37073 6.45474
68 38.9929 22.079 113.673
146.619 114.013 0.0767937 0.135928 0.000652606 0.141072 9.37073 6.45474
69 38.9929 19.419 132.801
146.619 114.013 0.0767937 0.135928 0.000652606 0.141072 9.37073 6.45474
70 38.9929 20.1916 128.094
146.619 114.013 0.0767937 0.135928 0.000652606 0.141072 9.37073 6.45474
71 38.9929 18.908 143.239
146.619 114.013 0.0767937 0.135928 0.000652606 0.141072 9.37073 6.45474
72 38.9929 20.8251 123.324
146.619 114.013 0.0767937 0.135928 0.000652606 0.141072 9.37073 6.45474
73 38.9929 20.215 125.251
146.619 114.013 0.0767937 0.135928 0.000652606 0.141072 9.37073 6.45474
74 38.9929 19.8835 144.354
146.619 114.013 0.0767937 0.135928 0.000652606 0.141072 9.37073 6.45474
75 38.9929 20.2603 110.965
146.619 114.013 0.0767937 0.135928 0.000652606 0.141072 9.37073 6.45474
76 38.9929 18.2046 147.532
146.619 114.013 0.0767937 0.135928 0.000652606 0.141072 9.37073 6.45474
77 38.9929 18.4781 147.695
146.619 114.013 0.0767937 0.135928 0.000652606 0.141072 9.37073 6.45474
78 38.9929 18.739 140.317
146.619 114.013 0.0767937 0.135928 0.000652606 0.141072 9.37073 6.45474
79 38.9929 18.3013 149.126
146.619 114.013 0.0767937 0.135928 0.000652606 0.141072 9.37073 6.45474
80 38.9929 19.439 124.199
146.619 114.013 0.0767937 0.135928 0.000652606 0.141072 9.37073 6.45474
81 38.9929 17.8586 157.123
146.619 114.013 0.0767937 0.135928 0.000652606 0.141072 9.37073 6.45474
82 38.9929 18.6949 171.234
146.619 114.013 0.0767937 0.135928 0.000652606 0.141072 9.37073 6.45474
83 38.9929 17.5652 158.808
146.619 114.013 0.0767937 0.135928 0.000652606 0.141072 9.37073 6.45474
84 38.9929 18.6546 144.81
146.619 114.013 0.0767937 0.135928 0.000652606 0.141072 9.37073 6.45474
85 38.9929 20.9553 131.425
146.619 114.013 0.0767937 0.135928 0.000652606 0.141072 9.37073 6.45474
86 38.9929 22.6043 119.366
146.619 114.013 0.0767937 0.135928 0.000652606 0.141072 9.37073 6.45474
87 38.9929 22.2488 110.485
146.619 114.013 0.0767937 0.135928 0.000652606 0.141072 9.37073 6.45474
88 38.9929 19.5792 137.025
146.619 114.013 0.0767937 0.135928 0.000652606 0.141072 9.37073 6.45474
89 38.9929 19.5548 148.506
146.619 114.013 0.0767937 0.135928 0.000652606 0.141072 9.37073 6.45474
90 38.9929 19.6516 154.675
146.619 114.013 0.0767937 0.135928 0.000652606 0.141072 9.37073 6.45474
91 38.9929 19.0714 145.683
146.619 114.013 0.0767937 0.135928 0.000652606 0.141072 9.37073 6.45474
92 38.9929 20.098 149.688
146.619 114.013 0.0767937 0.135928 0.000652606 0.141072 9.37073 6.45474
93 38.9929 18.9418 134.719
146.619 114.013 0.0767937 0.135928 0.000652606 0.141072 9.37073 6.45474
94 38.9929 19.809 132.02
146.619 114.013 0.0767937 0.135928 0.000652606 0.141072 9.37073 6.45474
95 38.9929 20.6635 133.515
146.619 114.013 0.0767937 0.135928 0.000652606 0.141072 9.37073 6.45474
96 38.9929 19.1779 147.536
146.619 114.013 0.0767937 0.135928 0.000652606 0.141072 9.37073 6.45474
97 38.9929 19.7551 149.021
146.619 114.013 0.0767937 0.135928 0.000652606 0.141072 9.37073 6.45474
98 38.9929 17.8595 184.713
146.619 114.013 0.0767937 0.135928 0.000652606 0.141072 9.37073 6.45474
99 38.9929 18.4034 169.14
146.619 114.013 0.0767937 0.135928 0.000652606 0.141072 9.37073 6.45474
100 38.9929 17.7024 149.834
146.619 114.013 0.0767937 0.135928 0.000652606 0.141072 9.37073 6.45474
