0 21.7614 1.61098 23.2852
147.553 146.596 0.370472 0.0289609 0.350397 0.375297 6.61658 7.03824
1 25.6942 3.57872 55.0958
158.838 147.286 0.285464 0.449241 0.0143443 0.399548 6.87548 4.85343
2 25.6943 4.91847 72.8868
161.06 149.005 0.278422 0.444451 0.01173 0.394253 7.17682 4.60254
3 25.8313 7.27892 100.467
139.235 145.713 0.315888 0.0143116 0.409295 0.245383 7.75564 6.80874
4 25.9044 9.35714 120.681
185.14 183.424 0.341809 0.189011 0.321156 0.00935878 6.16677 9.9746
5 26.933 10.354 127.921
196.349 192.024 0.253027 0.2433 0.136334 0.0123476 6.8543 8.32344
6 27.0818 12.422 133.026
196.275 191.823 0.258986 0.239726 0.116524 0.0218832 6.90903 8.08097
7 27.5101 13.2744 132.202
182.917 187.816 0.182285 0.372023 0.149717 0 7.64942 7.9368
8 27.5101 14.2795 143.915
182.917 187.816 0.182285 0.372023 0.149717 0 7.64942 7.9368
9 27.5101 15.2255 128.563
182.917 187.816 0.182285 0.372023 0.149717 0 7.64942 7.9368
10 27.5101 16.1849 130.131
182.917 187.816 0.182285 0.372023 0.149717 0 7.64942 7.9368
11 27.5101 17.5591 120.227
182.917 187.816 0.182285 0.372023 0.149717 0 7.64942 7.9368
12 27.5101 17.7046 115.879
182.917 187.816 0.182285 0.372023 0.149717 0 7.64942 7.9368
13 29.1933 17.616 127.12
181.882 183.949 0.200975 0.338643 0.128317 0 7.83408 7.82463
14 29.1933 17.5381 128.539
181.882 183.949 0.200975 0.338643 0.128317 0 7.83408 7.82463
15 30.1273 18.8381 117.99
193.979 195.56 0.226582 0.273905 0 0.0969438 9.09548 8.10682
16 30.1273 19.3697 106.588
193.979 195.56 0.226582 0.273905 0 0.0969438 9.09548 8.10682
17 30.1273 20.1462 95.9938
193.979 195.56 0.226582 0.273905 0 0.0969438 9.09548 8.10682
18 30.1273 20.0396 91.2606
193.979 195.56 0.226582 0.273905 0 0.0969438 9.09548 8.10682
19 30.1273 20.4015 85.1663
193.979 195.56 0.226582 0.273905 0 0.0969438 9.09548 8.10682
20 30.1273 19.0981 90.3007
193.979 195.56 0.226582 0.273905 0 0.0969438 9.09548 8.10682
21 30.1273 19.6989 78.2705
193.979 195.56 0.226582 0.273905 0 0.0969438 9.09548 8.10682
22 30.3218 20.439 81.027
193.888 195.203 0.226073 0.272892 0 0.0993099 9.03967 8.12346
23 30.3218 20.9877 80.099
193.888 195.203 0.226073 0.272892 0 0.0993099 9.03967 8.12346
24 30.3218 21.3757 72.9037
193.888 195.203 0.226073 0.272892 0 0.0993099 9.03967 8.12346
25 30.4498 21.2504 75.0505
179.016 178.673 0.189975 0.344383 0.0806439 0 5.97787 7.69666
26 30.4498 21.0252 86.4226
179.016 178.673 0.189975 0.344383 0.0806439 0 5.97787 7.69666
27 30.4498 21.5418 79.389
179.016 178.673 0.189975 0.344383 0.0806439 0 5.97787 7.69666
28 30.4498 22.563 66.5411
179.016 178.673 0.189975 0.344383 0.0806439 0 5.97787 7.69666
29 30.4498 22.9368 69.4728
179.016 178.673 0.189975 0.344383 0.0806439 0 5.97787 7.69666
30 30.4498 22.444 63.4679
179.016 178.673 0.189975 0.344383 0.0806439 0 5.97787 7.69666
31 30.4498 22.4842 82.6739
179.016 178.673 0.189975 0.344383 0.0806439 0 5.97787 7.69666
32 30.4498 22.5597 80.7901
179.016 178.673 0.189975 0.344383 0.0806439 0 5.97787 7.69666
33 30.4498 23.3341 62.9661
179.016 178.673 0.189975 0.344383 0.0806439 0 5.97787 7.69666
34 30.4498 23.1668 59.9041
179.016 178.673 0.189975 0.344383 0.0806439 0 5.97787 7.69666
35 30.4498 22.7997 70.441
179.016 178.673 0.189975 0.344383 0.0806439 0 5.97787 7.69666
36 30.4498 23.2819 62.9949
179.016 178.673 0.189975 0.344383 0.0806439 0 5.97787 7.69666
37 30.4498 21.4003 95.5186
179.016 178.673 0.189975 0.344383 0.0806439 0 5.97787 7.69666
38 30.4498 22.3309 89.0712
179.016 178.673 0.189975 0.344383 0.0806439 0 5.97787 7.69666
39 30.5866 22.4769 73.1856
178.006 178.087 0.192248 0.342926 0.0811921 0.00413419 6.00975 7.54365
40 30.5866 22.7729 69.6709
178.006 178.087 0.192248 0.342926 0.0811921 0.00413419 6.00975 7.54365
41 30.5866 22.9899 59.8568
178.006 178.087 0.192248 0.342926 0.0811921 0.00413419 6.00975 7.54365
42 32.7313 22.5773 81.4565
188.54 175.837 0.221137 0.340059 0.0280554 0.0286966 10 7.3877
43 32.7313 21.6249 96.2561
188.54 175.837 0.221137 0.340059 0.0280554 0.0286966 10 7.3877
44 32.7313 22.0662 85.0803
188.54 175.837 0.221137 0.340059 0.0280554 0.0286966 10 7.3877
45 32.7313 22.3272 83.673
188.54 175.837 0.221137 0.340059 0.0280554 0.0286966 10 7.3877
46 32.7313 23.1096 72.9713
188.54 175.837 0.221137 0.340059 0.0280554 0.0286966 10 7.3877
47 32.7313 23.7013 55.5791
188.54 175.837 0.221137 0.340059 0.0280554 0.0286966 10 7.3877
48 32.7313 21.8896 87.4681
188.54 175.837 0.221137 0.340059 0.0280554 0.0286966 10 7.3877
49 32.7313 21.8256 91.975
188.54 175.837 0.221137 0.340059 0.0280554 0.0286966 10 7.3877
50 32.7313 21.8967 98.5292
188.54 175.837 0.221137 0.340059 0.0280554 0.0286966 10 7.3877
51 32.7313 20.4196 104.816
188.54 175.837 0.221137 0.340059 0.0280554 0.0286966 10 7.3877
52 32.7313 20.0691 100.445
188.54 175.837 0.221137 0.340059 0.0280554 0.0286966 10 7.3877
53 32.7313 20.7262 109.801
188.54 175.837 0.221137 0.340059 0.0280554 0.0286966 10 7.3877
54 32.7313 19.8555 109.011
188.54 175.837 0.221137 0.340059 0.0280554 0.0286966 10 7.3877
55 32.7313 19.6904 121.29
188.54 175.837 0.221137 0.340059 0.0280554 0.0286966 10 7.3877
56 32.9768 19.3067 133.311
192.496 183.906 0.223331 0.351037 0.0206306 0 9.60803 7.79867
57 32.9768 19.6345 124.904
192.496 183.906 0.223331 0.351037 0.0206306 0 9.60803 7.79867
58 32.9768 20.2195 119.842
192.496 183.906 0.223331 0.351037 0.0206306 0 9.60803 7.79867
59 32.9768 22.2177 96.3904
192.496 183.906 0.223331 0.351037 0.0206306 0 9.60803 7.79867
60 32.9768 22.3481 90.171
192.496 183.906 0.223331 0.351037 0.0206306 0 9.60803 7.79867
61 32.9768 22.5553 82.9011
192.496 183.906 0.223331 0.351037 0.0206306 0 9.60803 7.79867
62 32.9768 22.2646 76.6134
192.496 183.906 0.223331 0.351037 0.0206306 0 9.60803 7.79867
63 32.9768 23.2214 72.7364
192.496 183.906 0.223331 0.351037 0.0206306 0 9.60803 7.79867
64 32.9768 23.5247 61.4172
192.496 183.906 0.223331 0.351037 0.0206306 0 9.60803 7.79867
65 32.9768 23.4952 69.9249
192.496 183.906 0.223331 0.351037 0.0206306 0 9.60803 7.79867
66 32.9768 23.998 69.549
192.496 183.906 0.223331 0.351037 0.0206306 0 9.60803 7.79867
67 32.9768 24.0478 57.8976
192.496 183.906 0.223331 0.351037 0.0206306 0 9.60803 7.79867
68 32.9768 23.2844 70.7778
192.496 183.906 0.223331 0.351037 0.0206306 0 9.60803 7.79867
69 32.9768 22.75 82.6331
192.496 183.906 0.223331 0.351037 0.0206306 0 9.60803 7.79867
70 32.9768 22.4714 80.1311
192.496 183.906 0.223331 0.351037 0.0206306 0 9.60803 7.79867
71 32.9768 22.2679 92.2857
192.496 183.906 0.223331 0.351037 0.0206306 0 9.60803 7.79867
72 32.9768 22.5733 96.3654
192.496 183.906 0.223331 0.351037 0.0206306 0 9.60803 7.79867
73 32.9768 22.618 84.2169
192.496 183.906 0.223331 0.351037 0.0206306 0 9.60803 7.79867
74 32.9768 21.9623 102.75
192.496 183.906 0.223331 0.351037 0.0206306 0 9.60803 7.79867
75 32.9768 21.5075 107.996
192.496 183.906 0.223331 0.351037 0.0206306 0 9.60803 7.79867
76 32.9768 20.9934 106.974
192.496 183.906 0.223331 0.351037 0.0206306 0 9.60803 7.79867
77 32.9768 21.3259 100.942
192.496 183.906 0.223331 0.351037 0.0206306 0 9.60803 7.79867
78 33.2889 21.7021 102.06
173.991 177.251 0.190575 0.357541 0.097958 0.00405907 5.75672 7.29412
79 33.2889 22.4361 88.5217
173.991 177.251 0.190575 0.357541 0.097958 0.00405907 5.75672 7.29412
80 33.2889 23.141 83.2928
173.991 177.251 0.190575 0.357541 0.097958 0.00405907 5.75672 7.29412
81 33.2889 23.0084 86.7458
173.991 177.251 0.190575 0.357541 0.097958 0.00405907 5.75672 7.29412
82 33.2889 21.3634 104.401
173.991 177.251 0.190575 0.357541 0.097958 0.00405907 5.75672 7.29412
83 33.2889 21.2945 106.383
173.991 177.251 0.190575 0.357541 0.097958 0.00405907 5.75672 7.29412
84 33.2889 22.2421 104.341
173.991 177.251 0.190575 0.357541 0.097958 0.00405907 5.75672 7.29412
85 33.2889 21.0114 118.643
173.991 177.251 0.190575 0.357541 0.097958 0.00405907 5.75672 7.29412
86 33.2889 22.6255 90.5505
173.991 177.251 0.190575 0.357541 0.097958 0.00405907 5.75672 7.29412
87 33.2889 22.0792 94.554
173.991 177.251 0.190575 0.357541 0.097958 0.00405907 5.75672 7.29412
88 33.2889 21.6222 100.62
173.991 177.251 0.190575 0.357541 0.097958 0.00405907 5.75672 7.29412
89 33.2889 22.8224 77.9263
173.991 177.251 0.190575 0.357541 0.097958 0.00405907 5.75672 7.29412
90 33.2889 23.1943 71.3835
173.991 177.251 0.190575 0.357541 0.097958 0.00405907 5.75672 7.29412
91 33.2889 23.6867 62.5664
173.991 177.251 0.190575 0.357541 0.097958 0.00405907 5.75672 7.29412
92 33.2889 22.3062 83.4708
173.991 177.251 0.190575 0.357541 0.097958 0.00405907 5.75672 7.29412
93 33.2889 22.3922 81.139
173.991 177.251 0.190575 0.357541 0.097958 0.00405907 5.75672 7.29412
94 33.2889 21.482 103.172
173.991 177.251 0.190575 0.357541 0.097958 0.00405907 5.75672 7.29412
95 33.2889 22.4531 79.0855
173.991 177.251 0.190575 0.357541 0.097958 0.00405907 5.75672 7.29412
96 33.2889 21.7543 101.344
173.991 177.251 0.190575 0.357541 0.097958 0.00405907 5.75672 7.29412
97 33.2889 22.1983 91.4561
173.991 177.251 0.190575 0.357541 0.097958 0.00405907 5.75672 7.29412
98 33.2889 21.5471 108.203
173.991 177.251 0.190575 0.357541 0.097958 0.00405907 5.75672 7.29412
99 33.2889 21.526 104.664
173.991 177.251 0.190575 0.357541 0.097958 0.00405907 5.75672 7.29412
100 33.2889 21.2534 96.5231
173.991 177.251 0.190575 0.357541 0.097958 0.00405907 5.75672 7.29412
