0 15.1574 1.57544 10.8706
145.491 109.923 0.308298 0.0412576 0.0233795 0.573419 9.74394 1.13962
1 15.1574 2.34645 16.5496
145.491 109.923 0.308298 0.0412576 0.0233795 0.573419 9.74394 1.13962
2 15.1574 3.87148 30.8575
145.491 109.923 0.308298 0.0412576 0.0233795 0.573419 9.74394 1.13962
3 15.1574 5.43913 38.8543
145.491 109.923 0.308298 0.0412576 0.0233795 0.573419 9.74394 1.13962
4 16.7448 7.09678 49.1056
149.576 103.934 0.306723 0.164853 0.0683239 0.560844 10 1.40849
5 17.0535 8.41563 49.5064
150.868 111.331 0.333279 0.0621931 0.103683 0.518284 9.86305 0.80381
6 19.5824 9.23656 49.8295
154.387 100 0.44104 0.00771179 0 0.49893 9.42163 2.09395
7 21.1299 10.7831 57.4853
156.538 100 0.469657 0 0.0137963 0.535882 8.96315 2.30023
8 21.1911 11.8641 56.2524
154.011 100 0.436834 0.0586943 0.0117983 0.495801 9.42461 2.188
9 21.6102 13.6045 51.8899
136.86 113.719 0.437001 0.0402554 0.045425 0.48205 9.11248 2.60309
10 21.6102 14.677 46.4267
136.86 113.719 0.437001 0.0402554 0.045425 0.48205 9.11248 2.60309
11 21.6617 14.7361 39.4936
148.082 109.897 0.439028 0.0256874 0.0514179 0.560495 9.92812 2.06765
12 21.6617 13.5614 44.519
148.082 109.897 0.439028 0.0256874 0.0514179 0.560495 9.92812 2.06765
13 21.6617 12.7207 57.3153
148.082 109.897 0.439028 0.0256874 0.0514179 0.560495 9.92812 2.06765
14 21.6617 13.2445 50.9008
148.082 109.897 0.439028 0.0256874 0.0514179 0.560495 9.92812 2.06765
15 21.6617 14.2846 41.2235
148.082 109.897 0.439028 0.0256874 0.0514179 0.560495 9.92812 2.06765
16 21.6617 15.7 38.8948
148.082 109.897 0.439028 0.0256874 0.0514179 0.560495 9.92812 2.06765
17 22.1699 15.6051 39.3785
136.46 110.674 0.427732 0.0556259 0.0172732 0.366862 8.69073 3.23942
18 22.1699 15.6234 41.5582
136.46 110.674 0.427732 0.0556259 0.0172732 0.366862 8.69073 3.23942
19 22.1699 14.4729 47.8735
136.46 110.674 0.427732 0.0556259 0.0172732 0.366862 8.69073 3.23942
20 24.188 14.3675 51.4366
142.155 111.876 0.48188 0.0397142 0.0370398 0.265032 8.73913 3.64065
21 24.188 16.0796 39.5563
142.155 111.876 0.48188 0.0397142 0.0370398 0.265032 8.73913 3.64065
22 24.188 15.1431 59.8031
142.155 111.876 0.48188 0.0397142 0.0370398 0.265032 8.73913 3.64065
23 24.188 14.4398 71.5485
142.155 111.876 0.48188 0.0397142 0.0370398 0.265032 8.73913 3.64065
24 24.188 15.901 52.1958
142.155 111.876 0.48188 0.0397142 0.0370398 0.265032 8.73913 3.64065
25 24.188 14.3656 60.268
142.155 111.876 0.48188 0.0397142 0.0370398 0.265032 8.73913 3.64065
26 24.188 13.7382 70.2466
142.155 111.876 0.48188 0.0397142 0.0370398 0.265032 8.73913 3.64065
27 24.188 13.9837 62.8117
142.155 111.876 0.48188 0.0397142 0.0370398 0.265032 8.73913 3.64065
28 25.6321 13.979 78.1017
136.491 112.483 0.493287 0.0532679 0.0394502 0.265322 8.59081 3.81223
29 25.663 15.9253 61.7546
137.25 112.135 0.497194 0.0453494 0.0413533 0.26472 8.73535 3.84342
30 25.663 15.8243 58.2915
137.25 112.135 0.497194 0.0453494 0.0413533 0.26472 8.73535 3.84342
31 25.663 15.8686 56.674
137.25 112.135 0.497194 0.0453494 0.0413533 0.26472 8.73535 3.84342
32 25.663 16.0648 57.474
137.25 112.135 0.497194 0.0453494 0.0413533 0.26472 8.73535 3.84342
33 25.663 15.7197 58.6358
137.25 112.135 0.497194 0.0453494 0.0413533 0.26472 8.73535 3.84342
34 25.663 16.6295 63.3763
137.25 112.135 0.497194 0.0453494 0.0413533 0.26472 8.73535 3.84342
35 25.663 17.1287 44.4469
137.25 112.135 0.497194 0.0453494 0.0413533 0.26472 8.73535 3.84342
36 25.663 16.8267 45.8173
137.25 112.135 0.497194 0.0453494 0.0413533 0.26472 8.73535 3.84342
37 25.663 16.1757 65.1382
137.25 112.135 0.497194 0.0453494 0.0413533 0.26472 8.73535 3.84342
38 25.7042 16.7668 61.6789
131.709 104.235 0.490546 0.0676268 0.0150112 0.248027 8.40708 4.88927
39 25.7042 16.1647 59.3991
131.709 104.235 0.490546 0.0676268 0.0150112 0.248027 8.40708 4.88927
40 25.7042 16.0835 66.1675
131.709 104.235 0.490546 0.0676268 0.0150112 0.248027 8.40708 4.88927
41 25.7042 14.6807 67.6624
131.709 104.235 0.490546 0.0676268 0.0150112 0.248027 8.40708 4.88927
42 25.7042 15.6171 56.2254
131.709 104.235 0.490546 0.0676268 0.0150112 0.248027 8.40708 4.88927
43 25.7042 15.4936 58.7032
131.709 104.235 0.490546 0.0676268 0.0150112 0.248027 8.40708 4.88927
44 25.7042 16.8037 63.2313
131.709 104.235 0.490546 0.0676268 0.0150112 0.248027 8.40708 4.88927
45 25.7042 15.7485 70.6725
131.709 104.235 0.490546 0.0676268 0.0150112 0.248027 8.40708 4.88927
46 25.7042 16.1129 68.92
131.709 104.235 0.490546 0.0676268 0.0150112 0.248027 8.40708 4.88927
47 25.7209 16.0826 69.1942
127.567 110.966 0.504281 0.0855181 0 0.227752 8.11538 4.73447
48 25.7209 15.0459 65.631
127.567 110.966 0.504281 0.0855181 0 0.227752 8.11538 4.73447
49 25.7209 16.8451 66.1403
127.567 110.966 0.504281 0.0855181 0 0.227752 8.11538 4.73447
50 25.7209 17.9719 53.4473
127.567 110.966 0.504281 0.0855181 0 0.227752 8.11538 4.73447
51 25.7209 17.8679 45.2408
127.567 110.966 0.504281 0.0855181 0 0.227752 8.11538 4.73447
52 25.7209 17.2925 57.0217
127.567 110.966 0.504281 0.0855181 0 0.227752 8.11538 4.73447
53 25.7209 14.5193 56.0277
127.567 110.966 0.504281 0.0855181 0 0.227752 8.11538 4.73447
54 25.7209 15.092 67.0789
127.567 110.966 0.504281 0.0855181 0 0.227752 8.11538 4.73447
55 25.7209 15.3741 63.7065
127.567 110.966 0.504281 0.0855181 0 0.227752 8.11538 4.73447
56 25.7209 16.4941 60.5746
127.567 110.966 0.504281 0.0855181 0 0.227752 8.11538 4.73447
57 25.7209 16.6341 64.1668
127.567 110.966 0.504281 0.0855181 0 0.227752 8.11538 4.73447
58 25.7209 17.1684 64.39
127.567 110.966 0.504281 0.0855181 0 0.227752 8.11538 4.73447
59 25.7209 17.038 63.8318
127.567 110.966 0.504281 0.0855181 0 0.227752 8.11538 4.73447
60 25.7209 16.679 53.096
127.567 110.966 0.504281 0.0855181 0 0.227752 8.11538 4.73447
61 25.7209 16.2979 49.7565
127.567 110.966 0.504281 0.0855181 0 0.227752 8.11538 4.73447
62 25.7209 16.6304 49.4394
127.567 110.966 0.504281 0.0855181 0 0.227752 8.11538 4.73447
63 25.7209 16.5457 49.5307
127.567 110.966 0.504281 0.0855181 0 0.227752 8.11538 4.73447
64 25.7209 17.7669 56.5151
127.567 110.966 0.504281 0.0855181 0 0.227752 8.11538 4.73447
65 25.7209 17.2258 49.7683
127.567 110.966 0.504281 0.0855181 0 0.227752 8.11538 4.73447
66 25.7209 17.1839 50.5778
127.567 110.966 0.504281 0.0855181 0 0.227752 8.11538 4.73447
67 25.7209 16.3451 59.3558
127.567 110.966 0.504281 0.0855181 0 0.227752 8.11538 4.73447
68 25.7209 16.6223 52.1911
127.567 110.966 0.504281 0.0855181 0 0.227752 8.11538 4.73447
69 25.7356 16.1382 78.3424
124.531 116.503 0.508078 0.0732184 0.0151552 0.256327 8.68133 5.03331
70 25.7356 15.3197 64.0008
124.531 116.503 0.508078 0.0732184 0.0151552 0.256327 8.68133 5.03331
71 25.7356 16.1135 70.8579
124.531 116.503 0.508078 0.0732184 0.0151552 0.256327 8.68133 5.03331
72 25.7356 16.3702 72.9733
124.531 116.503 0.508078 0.0732184 0.0151552 0.256327 8.68133 5.03331
73 25.799 16.6503 69.6081
121.874 119.417 0.509114 0.0824762 0.0141246 0.259665 8.39647 4.34044
74 25.799 16.1812 65.4783
121.874 119.417 0.509114 0.0824762 0.0141246 0.259665 8.39647 4.34044
75 25.799 16.8445 64.1222
121.874 119.417 0.509114 0.0824762 0.0141246 0.259665 8.39647 4.34044
76 25.799 16.7815 53.4376
121.874 119.417 0.509114 0.0824762 0.0141246 0.259665 8.39647 4.34044
77 25.799 17.29 56.0477
121.874 119.417 0.509114 0.0824762 0.0141246 0.259665 8.39647 4.34044
78 25.799 16.6199 65.9862
121.874 119.417 0.509114 0.0824762 0.0141246 0.259665 8.39647 4.34044
79 25.799 16.0723 85.8035
121.874 119.417 0.509114 0.0824762 0.0141246 0.259665 8.39647 4.34044
80 25.799 16.3433 66.893
121.874 119.417 0.509114 0.0824762 0.0141246 0.259665 8.39647 4.34044
81 25.799 16.7771 50.6952
121.874 119.417 0.509114 0.0824762 0.0141246 0.259665 8.39647 4.34044
82 25.799 16.201 65.7537
121.874 119.417 0.509114 0.0824762 0.0141246 0.259665 8.39647 4.34044
83 25.799 14.7931 55.8639
121.874 119.417 0.509114 0.0824762 0.0141246 0.259665 8.39647 4.34044
84 25.799 15.937 76.6535
121.874 119.417 0.509114 0.0824762 0.0141246 0.259665 8.39647 4.34044
85 25.799 16.2923 67.8167
121.874 119.417 0.509114 0.0824762 0.0141246 0.259665 8.39647 4.34044
86 25.799 17.9774 64.9088
121.874 119.417 0.509114 0.0824762 0.0141246 0.259665 8.39647 4.34044
87 25.799 14.8559 64.8265
121.874 119.417 0.509114 0.0824762 0.0141246 0.259665 8.39647 4.34044
88 25.799 15.8155 63.7382
121.874 119.417 0.509114 0.0824762 0.0141246 0.259665 8.39647 4.34044
89 25.799 15.693 69.3336
121.874 119.417 0.509114 0.0824762 0.0141246 0.259665 8.39647 4.34044
90 25.799 15.1646 66.1149
121.874 119.417 0.509114 0.0824762 0.0141246 0.259665 8.39647 4.34044
91 25.799 16.2803 56.4839
121.874 119.417 0.509114 0.0824762 0.0141246 0.259665 8.39647 4.34044
92 25.799 14.8573 71.8995
121.874 119.417 0.509114 0.0824762 0.0141246 0.259665 8.39647 4.34044
93 25.799 15.9545 69.8018
121.874 119.417 0.509114 0.0824762 0.0141246 0.259665 8.39647 4.34044
94 25.799 14.962 72.178
121.874 119.417 0.509114 0.0824762 0.0141246 0.259665 8.39647 4.34044
95 25.799 15.4429 80.8518
121.874 119.417 0.509114 0.0824762 0.0141246 0.259665 8.39647 4.34044
96 25.799 15.4018 84.3236
121.874 119.417 0.509114 0.0824762 0.0141246 0.259665 8.39647 4.34044
97 25.8359 15.7486 86.5036
125.115 118.176 0.515203 0.0842955 0.000850244 0.251285 8.70896 4.95047
98 25.8359 15.7029 63.3472
125.115 118.176 0.515203 0.0842955 0.000850244 0.251285 8.70896 4.95047
99 25.8359 16.8842 54.6872
125.115 118.176 0.515203 0.0842955 0.000850244 0.251285 8.70896 4.95047
100 25.8359 16.3753 65.4763
125.115 118.176 0.515203 0.0842955 0.000850244 0.251285 8.70896 4.95047
