0 20.9113 1.02045 10.5546
189.565 101.914 113.911 0.226343 0.305402 0.247874 0.90169 0.400574 0.227265 6.71125 5.24692 7.38189
1 20.9113 1.78982 16.6785
189.565 101.914 113.911 0.226343 0.305402 0.247874 0.90169 0.400574 0.227265 6.71125 5.24692 7.38189
2 20.9113 2.89674 26.5332
189.565 101.914 113.911 0.226343 0.305402 0.247874 0.90169 0.400574 0.227265 6.71125 5.24692 7.38189
3 24.5654 4.2887 44.4012
189.59 111.212 109.963 0.150546 0.455638 0.108599 0.86314 0.384265 0.249205 6.79346 5.26575 8.06259
4 24.5654 5.93796 60.7173
189.59 111.212 109.963 0.150546 0.455638 0.108599 0.86314 0.384265 0.249205 6.79346 5.26575 8.06259
5 24.5654 7.35256 79.0934
189.59 111.212 109.963 0.150546 0.455638 0.108599 0.86314 0.384265 0.249205 6.79346 5.26575 8.06259
6 25.0451 8.78787 94.21
190.652 100 126.847 0.176001 0.470707 0.167084 0.862103 0.379168 0.101847 8.08972 5.61624 8.39705
7 25.0451 9.80572 100.787
190.652 100 126.847 0.176001 0.470707 0.167084 0.862103 0.379168 0.101847 8.08972 5.61624 8.39705
8 25.5319 10.3768 101.514
200 100 126.953 0.112743 0.423897 0.169047 0.848192 0.373028 0.119728 8.02009 6.34537 9.13675
9 25.5319 11.4426 95.4238
200 100 126.953 0.112743 0.423897 0.169047 0.848192 0.373028 0.119728 8.02009 6.34537 9.13675
10 25.5319 12.1624 99.0011
200 100 126.953 0.112743 0.423897 0.169047 0.848192 0.373028 0.119728 8.02009 6.34537 9.13675
11 25.5344 12.5799 105.882
200 100 119.779 0.142272 0.462776 0.155621 0.916566 0.418228 0.152698 8.19461 6.49065 9.34166
12 25.5344 13.1443 100.939
200 100 119.779 0.142272 0.462776 0.155621 0.916566 0.418228 0.152698 8.19461 6.49065 9.34166
13 25.5344 14.071 97.2154
200 100 119.779 0.142272 0.462776 0.155621 0.916566 0.418228 0.152698 8.19461 6.49065 9.34166
14 25.5392 14.6242 86.9248
200 102.763 120.097 0.109661 0.431322 0.180295 0.851569 0.332373 0.0988245 8.58368 5.82392 9.0245
15 25.5392 15.3779 96.0378
200 102.763 120.097 0.109661 0.431322 0.180295 0.851569 0.332373 0.0988245 8.58368 5.82392 9.0245
16 25.5427 14.2032 86.2428
196.603 102.74 126.875 0.110465 0.410588 0.191796 0.846417 0.367812 0.100629 8.08072 6.23396 8.78661
17 25.5427 15.063 88.7944
196.603 102.74 126.875 0.110465 0.410588 0.191796 0.846417 0.367812 0.100629 8.08072 6.23396 8.78661
18 25.5427 15.9918 85.3308
196.603 102.74 126.875 0.110465 0.410588 0.191796 0.846417 0.367812 0.100629 8.08072 6.23396 8.78661
19 25.5427 16.371 85.9754
196.603 102.74 126.875 0.110465 0.410588 0.191796 0.846417 0.367812 0.100629 8.08072 6.23396 8.78661
20 25.5529 16.7438 88.1518
193.468 103.383 124.853 0.100908 0.456948 0.233773 0.816356 0.353515 0.0737605 9.21609 6.455 9.01766
21 25.5529 15.8662 87.4141
193.468 103.383 124.853 0.100908 0.456948 0.233773 0.816356 0.353515 0.0737605 9.21609 6.455 9.01766
22 25.5529 17.2169 87.2568
193.468 103.383 124.853 0.100908 0.456948 0.233773 0.816356 0.353515 0.0737605 9.21609 6.455 9.01766
23 25.5529 17.7992 79.6055
193.468 103.383 124.853 0.100908 0.456948 0.233773 0.816356 0.353515 0.0737605 9.21609 6.455 9.01766
24 25.5593 16.8847 80.6302
196.167 102.773 128.144 0.0516019 0.413145 0.205706 0.84006 0.410352 0.0657821 8.34082 6.67711 8.84585
25 25.5593 17.3661 72.9263
196.167 102.773 128.144 0.0516019 0.413145 0.205706 0.84006 0.410352 0.0657821 8.34082 6.67711 8.84585
26 25.5601 16.6924 77.1705
193.348 103.758 122.149 0.0584356 0.415393 0.185167 0.841872 0.348812 0.0909164 8.98519 5.49266 9.54112
27 25.5695 16.3699 69.6213
195.456 100 135.78 0.0725507 0.493101 0.172756 0.811243 0.364983 0.075074 9.3832 6.98494 9.685
28 25.5695 16.4213 69.3901
195.456 100 135.78 0.0725507 0.493101 0.172756 0.811243 0.364983 0.075074 9.3832 6.98494 9.685
29 25.5711 17.1286 79.632
194.864 100.013 135.997 0.0533102 0.495858 0.147093 0.819653 0.38109 0.0596945 9.37584 7.34661 9.74918
30 25.573 16.7867 77.2797
191.019 100 133.481 0.0576889 0.526816 0.130276 0.829587 0.307755 0.0666327 8.52496 7.53847 8.76374
31 25.573 17.0213 65.9231
191.019 100 133.481 0.0576889 0.526816 0.130276 0.829587 0.307755 0.0666327 8.52496 7.53847 8.76374
32 25.5752 17.4454 74.2622
193.889 100 135.202 0.054561 0.504389 0.161495 0.804216 0.383504 0.0665665 9.29209 6.87696 9.70809
33 25.5752 16.3513 74.7353
193.889 100 135.202 0.054561 0.504389 0.161495 0.804216 0.383504 0.0665665 9.29209 6.87696 9.70809
34 25.5766 16.7845 81.3814
194.517 100.143 135.549 0.0396055 0.501626 0.162258 0.802508 0.380152 0.0690574 9.08865 6.85357 9.84158
35 25.5766 16.6904 74.9031
194.517 100.143 135.549 0.0396055 0.501626 0.162258 0.802508 0.380152 0.0690574 9.08865 6.85357 9.84158
36 25.5766 16.4733 74.7656
194.517 100.143 135.549 0.0396055 0.501626 0.162258 0.802508 0.380152 0.0690574 9.08865 6.85357 9.84158
37 25.5766 16.541 72.8334
194.517 100.143 135.549 0.0396055 0.501626 0.162258 0.802508 0.380152 0.0690574 9.08865 6.85357 9.84158
38 25.5766 16.2906 75.6703
194.517 100.143 135.549 0.0396055 0.501626 0.162258 0.802508 0.380152 0.0690574 9.08865 6.85357 9.84158
39 25.5766 14.6119 67.3505
194.517 100.143 135.549 0.0396055 0.501626 0.162258 0.802508 0.380152 0.0690574 9.08865 6.85357 9.84158
40 25.5766 15.9093 71.4424
194.517 100.143 135.549 0.0396055 0.501626 0.162258 0.802508 0.380152 0.0690574 9.08865 6.85357 9.84158
41 25.5766 16.0373 71.9151
194.517 100.143 135.549 0.0396055 0.501626 0.162258 0.802508 0.380152 0.0690574 9.08865 6.85357 9.84158
42 25.5766 17.3895 72.974
194.517 100.143 135.549 0.0396055 0.501626 0.162258 0.802508 0.380152 0.0690574 9.08865 6.85357 9.84158
43 25.5808 15.6585 65.5516
199.229 107.633 136.079 0.0744346 0.470851 0.259546 0.759925 0.3916 0.108008 8.5919 7.15249 8.54995
44 25.5808 15.7521 72.9959
199.229 107.633 136.079 0.0744346 0.470851 0.259546 0.759925 0.3916 0.108008 8.5919 7.15249 8.54995
45 25.5808 14.4297 67.5419
199.229 107.633 136.079 0.0744346 0.470851 0.259546 0.759925 0.3916 0.108008 8.5919 7.15249 8.54995
46 25.5808 15.461 79.2057
199.229 107.633 136.079 0.0744346 0.470851 0.259546 0.759925 0.3916 0.108008 8.5919 7.15249 8.54995
47 25.5808 15.826 74.8036
199.229 107.633 136.079 0.0744346 0.470851 0.259546 0.759925 0.3916 0.108008 8.5919 7.15249 8.54995
48 25.5808 15.0699 84.4015
199.229 107.633 136.079 0.0744346 0.470851 0.259546 0.759925 0.3916 0.108008 8.5919 7.15249 8.54995
49 25.5808 15.5565 79.0162
199.229 107.633 136.079 0.0744346 0.470851 0.259546 0.759925 0.3916 0.108008 8.5919 7.15249 8.54995
50 25.5808 14.4752 82.8825
199.229 107.633 136.079 0.0744346 0.470851 0.259546 0.759925 0.3916 0.108008 8.5919 7.15249 8.54995
51 25.5888 13.0743 65.678
197.089 102.008 129.844 0.0581591 0.525769 0.297395 0.842838 0.269875 0.0713492 10 6.63582 8.83115
52 25.5888 11.8895 69.4089
197.089 102.008 129.844 0.0581591 0.525769 0.297395 0.842838 0.269875 0.0713492 10 6.63582 8.83115
53 25.5888 13.6131 71.7486
197.089 102.008 129.844 0.0581591 0.525769 0.297395 0.842838 0.269875 0.0713492 10 6.63582 8.83115
54 25.5888 14.541 76.5713
197.089 102.008 129.844 0.0581591 0.525769 0.297395 0.842838 0.269875 0.0713492 10 6.63582 8.83115
55 25.5891 14.4089 86.2531
200 101.221 131.182 0.0770301 0.541276 0.311497 0.837839 0.26309 0.0640754 10 6.73003 9.08041
56 25.5891 15.7247 89.2746
200 101.221 131.182 0.0770301 0.541276 0.311497 0.837839 0.26309 0.0640754 10 6.73003 9.08041
57 25.5891 16.021 81.6685
200 101.221 131.182 0.0770301 0.541276 0.311497 0.837839 0.26309 0.0640754 10 6.73003 9.08041
58 25.5919 16.4109 79.8284
198.458 103.47 129.239 0.0533427 0.530412 0.30429 0.849032 0.279466 0.0688893 10 6.53219 8.69821
59 25.5972 15.0742 85.1752
200 100 135.877 0.0526566 0.576124 0.339268 0.845636 0.240985 0.000461231 10 6.53514 8.57525
60 25.5972 14.8158 83.5989
200 100 135.877 0.0526566 0.576124 0.339268 0.845636 0.240985 0.000461231 10 6.53514 8.57525
61 25.5972 15.4401 81.8512
200 100 135.877 0.0526566 0.576124 0.339268 0.845636 0.240985 0.000461231 10 6.53514 8.57525
62 25.5972 15.459 88.5276
200 100 135.877 0.0526566 0.576124 0.339268 0.845636 0.240985 0.000461231 10 6.53514 8.57525
63 25.5972 14.7218 80.5827
200 100 135.877 0.0526566 0.576124 0.339268 0.845636 0.240985 0.000461231 10 6.53514 8.57525
64 25.5972 15.8715 78.9929
200 100 135.877 0.0526566 0.576124 0.339268 0.845636 0.240985 0.000461231 10 6.53514 8.57525
65 25.5972 15.9353 73.7395
200 100 135.877 0.0526566 0.576124 0.339268 0.845636 0.240985 0.000461231 10 6.53514 8.57525
66 25.607 16.3684 81.8336
200 103.832 131.427 0.0720752 0.579833 0.347104 0.888695 0.273351 0.0537597 10 6.36754 9.44168
67 25.607 15.2129 72.9494
200 103.832 131.427 0.0720752 0.579833 0.347104 0.888695 0.273351 0.0537597 10 6.36754 9.44168
68 25.6075 16.2359 83.7996
198.936 104.179 131.933 0.0795451 0.579341 0.342944 0.876137 0.26937 0.060754 9.8997 6.31576 9.42878
69 25.6075 16.8221 80.0143
198.936 104.179 131.933 0.0795451 0.579341 0.342944 0.876137 0.26937 0.060754 9.8997 6.31576 9.42878
70 25.6075 16.2022 81.7485
198.936 104.179 131.933 0.0795451 0.579341 0.342944 0.876137 0.26937 0.060754 9.8997 6.31576 9.42878
71 25.6192 15.7822 78.3711
200 107.607 131.422 0.0743915 0.579071 0.384053 0.850272 0.231395 0 10 6.54679 8.25554
72 25.6192 15.4339 79.9758
200 107.607 131.422 0.0743915 0.579071 0.384053 0.850272 0.231395 0 10 6.54679 8.25554
73 25.6192 16.0591 84.4217
200 107.607 131.422 0.0743915 0.579071 0.384053 0.850272 0.231395 0 10 6.54679 8.25554
74 25.6192 16.9057 70.6577
200 107.607 131.422 0.0743915 0.579071 0.384053 0.850272 0.231395 0 10 6.54679 8.25554
75 25.6192 17.8573 80.5719
200 107.607 131.422 0.0743915 0.579071 0.384053 0.850272 0.231395 0 10 6.54679 8.25554
76 25.6192 18.3901 62.3704
200 107.607 131.422 0.0743915 0.579071 0.384053 0.850272 0.231395 0 10 6.54679 8.25554
77 25.6192 17.3454 62.6323
200 107.607 131.422 0.0743915 0.579071 0.384053 0.850272 0.231395 0 10 6.54679 8.25554
78 25.6192 16.2608 78.7918
200 107.607 131.422 0.0743915 0.579071 0.384053 0.850272 0.231395 0 10 6.54679 8.25554
79 25.6192 17.1974 74.3384
200 107.607 131.422 0.0743915 0.579071 0.384053 0.850272 0.231395 0 10 6.54679 8.25554
80 25.6192 17.7778 66.6885
200 107.607 131.422 0.0743915 0.579071 0.384053 0.850272 0.231395 0 10 6.54679 8.25554
81 25.6192 17.2375 68.3775
200 107.607 131.422 0.0743915 0.579071 0.384053 0.850272 0.231395 0 10 6.54679 8.25554
82 25.6192 17.2941 72.5441
200 107.607 131.422 0.0743915 0.579071 0.384053 0.850272 0.231395 0 10 6.54679 8.25554
83 25.6192 17.1279 70.3596
200 107.607 131.422 0.0743915 0.579071 0.384053 0.850272 0.231395 0 10 6.54679 8.25554
84 25.6192 15.0014 86.8891
200 107.607 131.422 0.0743915 0.579071 0.384053 0.850272 0.231395 0 10 6.54679 8.25554
85 25.6192 15.2237 94.0542
200 107.607 131.422 0.0743915 0.579071 0.384053 0.850272 0.231395 0 10 6.54679 8.25554
86 25.6192 15.5628 91.3207
200 107.607 131.422 0.0743915 0.579071 0.384053 0.850272 0.231395 0 10 6.54679 8.25554
87 25.6259 15.1528 82.6084
197.12 101.485 135.843 0.0400762 0.579632 0.369414 0.828728 0.22806 0.0210072 9.86451 6.57069 8.74432
88 25.6259 15.4617 77.9561
197.12 101.485 135.843 0.0400762 0.579632 0.369414 0.828728 0.22806 0.0210072 9.86451 6.57069 8.74432
89 25.6259 16.8471 74.2251
197.12 101.485 135.843 0.0400762 0.579632 0.369414 0.828728 0.22806 0.0210072 9.86451 6.57069 8.74432
90 25.6259 16.2065 72.367
197.12 101.485 135.843 0.0400762 0.579632 0.369414 0.828728 0.22806 0.0210072 9.86451 6.57069 8.74432
91 25.6259 16.6177 73.8916
197.12 101.485 135.843 0.0400762 0.579632 0.369414 0.828728 0.22806 0.0210072 9.86451 6.57069 8.74432
92 25.6259 16.3549 75.2808
197.12 101.485 135.843 0.0400762 0.579632 0.369414 0.828728 0.22806 0.0210072 9.86451 6.57069 8.74432
93 25.6259 16.3608 71.9899
197.12 101.485 135.843 0.0400762 0.579632 0.369414 0.828728 0.22806 0.0210072 9.86451 6.57069 8.74432
94 25.6259 16.3248 68.9594
197.12 101.485 135.843 0.0400762 0.579632 0.369414 0.828728 0.22806 0.0210072 9.86451 6.57069 8.74432
95 25.6259 15.342 79.5017
197.12 101.485 135.843 0.0400762 0.579632 0.369414 0.828728 0.22806 0.0210072 9.86451 6.57069 8.74432
96 25.6259 14.9746 82.9152
197.12 101.485 135.843 0.0400762 0.579632 0.369414 0.828728 0.22806 0.0210072 9.86451 6.57069 8.74432
97 25.6259 16.3348 78.2888
197.12 101.485 135.843 0.0400762 0.579632 0.369414 0.828728 0.22806 0.0210072 9.86451 6.57069 8.74432
98 25.6259 17.3773 76.6842
197.12 101.485 135.843 0.0400762 0.579632 0.369414 0.828728 0.22806 0.0210072 9.86451 6.57069 8.74432
99 25.6259 16.3104 78.7539
197.12 101.485 135.843 0.0400762 0.579632 0.369414 0.828728 0.22806 0.0210072 9.86451 6.57069 8.74432
100 25.6259 15.3431 87.6058
197.12 101.485 135.843 0.0400762 0.579632 0.369414 0.828728 0.22806 0.0210072 9.86451 6.57069 8.74432
