0 20.044 3.28357 32.8455
162.984 159.149 0.158017 0.409087 0.861936 0.44003 1.8104 2.8749
1 20.044 4.9274 51.8272
162.984 159.149 0.158017 0.409087 0.861936 0.44003 1.8104 2.8749
2 20.071 5.21402 58.1688
164.768 122.279 0.307388 0.20632 0.0810631 0.401906 6.21057 9.91634
3 20.071 4.77178 42.7002
164.768 122.279 0.307388 0.20632 0.0810631 0.401906 6.21057 9.91634
4 20.071 5.71709 54.9686
164.768 122.279 0.307388 0.20632 0.0810631 0.401906 6.21057 9.91634
5 26.6482 8.30904 86.3112
154.391 119.308 0.258546 0.14487 0.0526059 0.234477 5.57909 9.25653
6 26.9876 9.80427 111.587
155.492 119.963 0.263164 0.166054 0.0471148 0.224076 5.16645 8.99205
7 27.1616 12.6999 142.159
154.693 117.883 0.264226 0.149735 0.0529017 0.224114 5.52221 9.16642
8 27.1616 13.1954 147.551
154.693 117.883 0.264226 0.149735 0.0529017 0.224114 5.52221 9.16642
9 27.2341 12.8823 147.809
150.368 114.22 0.294251 0.167169 0 0.241141 5.4543 9.252
10 27.2341 12.1533 136.063
150.368 114.22 0.294251 0.167169 0 0.241141 5.4543 9.252
11 27.4729 11.9052 113.099
153.45 122.071 0.284432 0.157179 0.113377 0.214053 5.29083 9.20947
12 27.4729 12.881 127.478
153.45 122.071 0.284432 0.157179 0.113377 0.214053 5.29083 9.20947
13 27.4729 14.31 132.976
153.45 122.071 0.284432 0.157179 0.113377 0.214053 5.29083 9.20947
14 27.4729 13.7205 118.333
153.45 122.071 0.284432 0.157179 0.113377 0.214053 5.29083 9.20947
15 28.1454 13.4388 124.475
152.979 126.469 0.272238 0.147189 0.110713 0.212789 5.30069 9.1521
16 28.1454 15.5302 115.84
152.979 126.469 0.272238 0.147189 0.110713 0.212789 5.30069 9.1521
17 28.1454 13.9397 107.59
152.979 126.469 0.272238 0.147189 0.110713 0.212789 5.30069 9.1521
18 28.5793 15.2639 93.4094
152.874 126.304 0.274811 0.148915 0.114807 0.221013 5.3279 9.23083
19 28.5793 16.0846 104.627
152.874 126.304 0.274811 0.148915 0.114807 0.221013 5.3279 9.23083
20 28.5793 17.48 85.9426
152.874 126.304 0.274811 0.148915 0.114807 0.221013 5.3279 9.23083
21 28.5793 16.2002 94.71
152.874 126.304 0.274811 0.148915 0.114807 0.221013 5.3279 9.23083
22 28.5793 16.8845 100.915
152.874 126.304 0.274811 0.148915 0.114807 0.221013 5.3279 9.23083
23 28.5793 19.3233 99.7745
152.874 126.304 0.274811 0.148915 0.114807 0.221013 5.3279 9.23083
24 28.5793 20.3409 89.6535
152.874 126.304 0.274811 0.148915 0.114807 0.221013 5.3279 9.23083
25 28.5793 17.0935 98.2663
152.874 126.304 0.274811 0.148915 0.114807 0.221013 5.3279 9.23083
26 28.5793 17.2794 95.2032
152.874 126.304 0.274811 0.148915 0.114807 0.221013 5.3279 9.23083
27 28.5793 18.3844 121.079
152.874 126.304 0.274811 0.148915 0.114807 0.221013 5.3279 9.23083
28 28.5793 17.4628 122.025
152.874 126.304 0.274811 0.148915 0.114807 0.221013 5.3279 9.23083
29 28.5793 18.259 105.749
152.874 126.304 0.274811 0.148915 0.114807 0.221013 5.3279 9.23083
30 28.5793 15.4704 118.328
152.874 126.304 0.274811 0.148915 0.114807 0.221013 5.3279 9.23083
31 28.5793 16.128 130.783
152.874 126.304 0.274811 0.148915 0.114807 0.221013 5.3279 9.23083
32 28.5793 16.9873 119.345
152.874 126.304 0.274811 0.148915 0.114807 0.221013 5.3279 9.23083
33 28.5793 14.2597 113.121
152.874 126.304 0.274811 0.148915 0.114807 0.221013 5.3279 9.23083
34 28.5793 16.7874 68.5908
152.874 126.304 0.274811 0.148915 0.114807 0.221013 5.3279 9.23083
35 28.5793 16.259 84.9133
152.874 126.304 0.274811 0.148915 0.114807 0.221013 5.3279 9.23083
36 28.5793 16.6471 101.813
152.874 126.304 0.274811 0.148915 0.114807 0.221013 5.3279 9.23083
37 28.5793 15.8676 108.243
152.874 126.304 0.274811 0.148915 0.114807 0.221013 5.3279 9.23083
38 28.5793 14.999 105.321
152.874 126.304 0.274811 0.148915 0.114807 0.221013 5.3279 9.23083
39 28.5793 14.8466 93.5152
152.874 126.304 0.274811 0.148915 0.114807 0.221013 5.3279 9.23083
40 28.5793 15.844 103.079
152.874 126.304 0.274811 0.148915 0.114807 0.221013 5.3279 9.23083
41 28.5793 18.4706 102.296
152.874 126.304 0.274811 0.148915 0.114807 0.221013 5.3279 9.23083
42 28.5793 18.8881 106.451
152.874 126.304 0.274811 0.148915 0.114807 0.221013 5.3279 9.23083
43 28.5793 20.4255 84.3396
152.874 126.304 0.274811 0.148915 0.114807 0.221013 5.3279 9.23083
44 28.5793 16.2342 107.748
152.874 126.304 0.274811 0.148915 0.114807 0.221013 5.3279 9.23083
45 28.5793 17.6224 108.674
152.874 126.304 0.274811 0.148915 0.114807 0.221013 5.3279 9.23083
46 28.5793 16.415 86.8962
152.874 126.304 0.274811 0.148915 0.114807 0.221013 5.3279 9.23083
47 28.5793 14.5364 121.641
152.874 126.304 0.274811 0.148915 0.114807 0.221013 5.3279 9.23083
48 28.5793 17.7202 115.945
152.874 126.304 0.274811 0.148915 0.114807 0.221013 5.3279 9.23083
49 28.5793 17.2502 118.743
152.874 126.304 0.274811 0.148915 0.114807 0.221013 5.3279 9.23083
50 28.5793 18.3908 110.276
152.874 126.304 0.274811 0.148915 0.114807 0.221013 5.3279 9.23083
51 28.5793 19.1477 107.988
152.874 126.304 0.274811 0.148915 0.114807 0.221013 5.3279 9.23083
52 28.5793 16.596 133.218
152.874 126.304 0.274811 0.148915 0.114807 0.221013 5.3279 9.23083
53 28.5793 16.8627 127.815
152.874 126.304 0.274811 0.148915 0.114807 0.221013 5.3279 9.23083
54 28.5793 18.43 115.133
152.874 126.304 0.274811 0.148915 0.114807 0.221013 5.3279 9.23083
55 28.5793 15.1238 111.339
152.874 126.304 0.274811 0.148915 0.114807 0.221013 5.3279 9.23083
56 28.5793 16.5792 117.2
152.874 126.304 0.274811 0.148915 0.114807 0.221013 5.3279 9.23083
57 28.5793 15.6438 117.195
152.874 126.304 0.274811 0.148915 0.114807 0.221013 5.3279 9.23083
58 28.5793 18.0473 108.857
152.874 126.304 0.274811 0.148915 0.114807 0.221013 5.3279 9.23083
59 28.5793 18.0049 105.632
152.874 126.304 0.274811 0.148915 0.114807 0.221013 5.3279 9.23083
60 28.5793 19.3631 100.917
152.874 126.304 0.274811 0.148915 0.114807 0.221013 5.3279 9.23083
61 28.5793 17.4533 140.226
152.874 126.304 0.274811 0.148915 0.114807 0.221013 5.3279 9.23083
62 28.5793 16.8116 122.298
152.874 126.304 0.274811 0.148915 0.114807 0.221013 5.3279 9.23083
63 28.5793 17.1827 121.023
152.874 126.304 0.274811 0.148915 0.114807 0.221013 5.3279 9.23083
64 28.5793 19.0976 73.2353
152.874 126.304 0.274811 0.148915 0.114807 0.221013 5.3279 9.23083
65 28.5793 19.6021 79.8898
152.874 126.304 0.274811 0.148915 0.114807 0.221013 5.3279 9.23083
66 28.5793 16.9234 98.7198
152.874 126.304 0.274811 0.148915 0.114807 0.221013 5.3279 9.23083
67 28.5793 18.1317 99.4175
152.874 126.304 0.274811 0.148915 0.114807 0.221013 5.3279 9.23083
68 28.5793 15.0911 118.945
152.874 126.304 0.274811 0.148915 0.114807 0.221013 5.3279 9.23083
69 28.5793 16.4624 107.418
152.874 126.304 0.274811 0.148915 0.114807 0.221013 5.3279 9.23083
70 28.5793 17.9955 112.824
152.874 126.304 0.274811 0.148915 0.114807 0.221013 5.3279 9.23083
71 28.5793 19.5775 93.5633
152.874 126.304 0.274811 0.148915 0.114807 0.221013 5.3279 9.23083
72 28.5793 20.2981 90.4652
152.874 126.304 0.274811 0.148915 0.114807 0.221013 5.3279 9.23083
73 28.5793 20.8142 83.7718
152.874 126.304 0.274811 0.148915 0.114807 0.221013 5.3279 9.23083
74 28.5793 17.9958 104.123
152.874 126.304 0.274811 0.148915 0.114807 0.221013 5.3279 9.23083
75 28.5793 15.0033 90.0653
152.874 126.304 0.274811 0.148915 0.114807 0.221013 5.3279 9.23083
76 28.5793 15.3546 114.257
152.874 126.304 0.274811 0.148915 0.114807 0.221013 5.3279 9.23083
77 28.5793 16.4281 100.506
152.874 126.304 0.274811 0.148915 0.114807 0.221013 5.3279 9.23083
78 28.5793 15.5111 115.114
152.874 126.304 0.274811 0.148915 0.114807 0.221013 5.3279 9.23083
79 28.5793 15.4765 113.559
152.874 126.304 0.274811 0.148915 0.114807 0.221013 5.3279 9.23083
80 28.5793 15.5584 85.8982
152.874 126.304 0.274811 0.148915 0.114807 0.221013 5.3279 9.23083
81 28.5793 17.2486 95.6129
152.874 126.304 0.274811 0.148915 0.114807 0.221013 5.3279 9.23083
82 28.5793 17.484 93.8495
152.874 126.304 0.274811 0.148915 0.114807 0.221013 5.3279 9.23083
83 28.5793 17.0752 93.1893
152.874 126.304 0.274811 0.148915 0.114807 0.221013 5.3279 9.23083
84 28.5793 17.6664 99.147
152.874 126.304 0.274811 0.148915 0.114807 0.221013 5.3279 9.23083
85 28.5793 18.0362 98.7697
152.874 126.304 0.274811 0.148915 0.114807 0.221013 5.3279 9.23083
86 28.5793 18.7802 106.911
152.874 126.304 0.274811 0.148915 0.114807 0.221013 5.3279 9.23083
87 28.5793 17.4655 106.673
152.874 126.304 0.274811 0.148915 0.114807 0.221013 5.3279 9.23083
88 28.5793 16.9501 125.27
152.874 126.304 0.274811 0.148915 0.114807 0.221013 5.3279 9.23083
89 28.5793 16.1513 112.633
152.874 126.304 0.274811 0.148915 0.114807 0.221013 5.3279 9.23083
90 28.5793 14.8769 127.78
152.874 126.304 0.274811 0.148915 0.114807 0.221013 5.3279 9.23083
91 28.5793 16.046 133.59
152.874 126.304 0.274811 0.148915 0.114807 0.221013 5.3279 9.23083
92 28.5793 17.8301 116.195
152.874 126.304 0.274811 0.148915 0.114807 0.221013 5.3279 9.23083
93 28.5793 18.8073 122.244
152.874 126.304 0.274811 0.148915 0.114807 0.221013 5.3279 9.23083
94 28.5793 19.1572 106.677
152.874 126.304 0.274811 0.148915 0.114807 0.221013 5.3279 9.23083
95 28.5793 17.6711 96.8621
152.874 126.304 0.274811 0.148915 0.114807 0.221013 5.3279 9.23083
96 28.5793 17.5432 94.832
152.874 126.304 0.274811 0.148915 0.114807 0.221013 5.3279 9.23083
97 28.5793 17.1164 111.852
152.874 126.304 0.274811 0.148915 0.114807 0.221013 5.3279 9.23083
98 28.5793 18.3604 110.024
152.874 126.304 0.274811 0.148915 0.114807 0.221013 5.3279 9.23083
99 28.5793 18.1422 108.434
152.874 126.304 0.274811 0.148915 0.114807 0.221013 5.3279 9.23083
100 28.5793 18.3579 115.83
152.874 126.304 0.274811 0.148915 0.114807 0.221013 5.3279 9.23083
