0 3.04548 0.49739 1.15177
165.684 155.88 0.146008 0.49651 0.56087 0.0247137 7.98144 4.0439
1 21.4481 1.72273 22.9879
140.125 131.537 0.101945 0.367405 0.0125244 0.146446 2.07433 6.9478
2 21.4503 3.51028 48.5059
140.273 130.784 0.0929584 0.352917 0.0561439 0.173581 2.30615 6.90541
3 21.4503 4.10028 54.0952
140.273 130.784 0.0929584 0.352917 0.0561439 0.173581 2.30615 6.90541
4 21.4503 5.26419 63.6477
140.273 130.784 0.0929584 0.352917 0.0561439 0.173581 2.30615 6.90541
5 26.1916 7.48887 89.5032
141.311 131.004 0.115845 0.33396 0.10327 0.164231 1.95739 6.79379
6 26.328 12.7119 137.649
141.496 129.709 0.11661 0.320356 0.10147 0.164586 1.88453 6.9057
7 26.328 14.5952 138.401
141.496 129.709 0.11661 0.320356 0.10147 0.164586 1.88453 6.9057
8 27.532 13.9848 159.452
177.451 158.359 0.140301 0.12357 0.224166 0 6.13547 2.5994
9 27.532 15.9926 158.417
177.451 158.359 0.140301 0.12357 0.224166 0 6.13547 2.5994
10 27.532 12.9381 161.75
177.451 158.359 0.140301 0.12357 0.224166 0 6.13547 2.5994
11 27.532 15.3129 164.984
177.451 158.359 0.140301 0.12357 0.224166 0 6.13547 2.5994
12 27.532 18.7712 131.245
177.451 158.359 0.140301 0.12357 0.224166 0 6.13547 2.5994
13 27.532 16.2787 127.46
177.451 158.359 0.140301 0.12357 0.224166 0 6.13547 2.5994
14 27.532 13.9651 156.44
177.451 158.359 0.140301 0.12357 0.224166 0 6.13547 2.5994
15 27.532 14.6359 125.268
177.451 158.359 0.140301 0.12357 0.224166 0 6.13547 2.5994
16 27.6221 17.4779 126.812
179.067 159.868 0.140362 0.120275 0.207618 0.00773533 5.96108 2.60498
17 27.6221 20.5045 113.557
179.067 159.868 0.140362 0.120275 0.207618 0.00773533 5.96108 2.60498
18 27.6221 14.7912 133.341
179.067 159.868 0.140362 0.120275 0.207618 0.00773533 5.96108 2.60498
19 27.6221 17.8931 107.707
179.067 159.868 0.140362 0.120275 0.207618 0.00773533 5.96108 2.60498
20 27.7784 17.3778 116.628
170.936 162.362 0.187811 0.157032 0.0306217 0.0243506 6.06264 4.02737
21 28.2773 16.5439 156.369
170.511 162.078 0.190356 0.160898 0.0372213 0.0253995 6.04662 3.99124
22 28.2773 14.7863 159.683
170.511 162.078 0.190356 0.160898 0.0372213 0.0253995 6.04662 3.99124
23 28.2773 15.9988 152.336
170.511 162.078 0.190356 0.160898 0.0372213 0.0253995 6.04662 3.99124
24 28.2773 15.2134 130.614
170.511 162.078 0.190356 0.160898 0.0372213 0.0253995 6.04662 3.99124
25 28.2773 15.41 114.447
170.511 162.078 0.190356 0.160898 0.0372213 0.0253995 6.04662 3.99124
26 28.2773 16.7076 142.779
170.511 162.078 0.190356 0.160898 0.0372213 0.0253995 6.04662 3.99124
27 28.2773 19.1701 114.299
170.511 162.078 0.190356 0.160898 0.0372213 0.0253995 6.04662 3.99124
28 28.2773 15.0273 152.898
170.511 162.078 0.190356 0.160898 0.0372213 0.0253995 6.04662 3.99124
29 28.2773 15.5212 165.513
170.511 162.078 0.190356 0.160898 0.0372213 0.0253995 6.04662 3.99124
30 28.7717 15.7724 149.452
170.106 163.237 0.197157 0.165944 0.0422897 0.0318274 5.96222 3.90937
31 29.0886 15.1705 157.733
170.695 163.992 0.198233 0.174925 0.0437942 0.0305994 6.03852 3.93527
32 29.0886 16.7145 136.421
170.695 163.992 0.198233 0.174925 0.0437942 0.0305994 6.03852 3.93527
33 29.0886 14.7018 162.125
170.695 163.992 0.198233 0.174925 0.0437942 0.0305994 6.03852 3.93527
34 29.0886 17.1712 142.485
170.695 163.992 0.198233 0.174925 0.0437942 0.0305994 6.03852 3.93527
35 29.0886 17.8709 142.869
170.695 163.992 0.198233 0.174925 0.0437942 0.0305994 6.03852 3.93527
36 29.0886 17.4308 149.697
170.695 163.992 0.198233 0.174925 0.0437942 0.0305994 6.03852 3.93527
37 29.0886 17.494 117.456
170.695 163.992 0.198233 0.174925 0.0437942 0.0305994 6.03852 3.93527
38 29.0886 18.1168 135.747
170.695 163.992 0.198233 0.174925 0.0437942 0.0305994 6.03852 3.93527
39 29.1186 19.4074 116.74
170.364 161.966 0.196909 0.143466 0.0451276 0.0865822 5.97613 3.66262
40 29.1186 16.7679 132.562
170.364 161.966 0.196909 0.143466 0.0451276 0.0865822 5.97613 3.66262
41 29.1186 16.61 136.73
170.364 161.966 0.196909 0.143466 0.0451276 0.0865822 5.97613 3.66262
42 29.1186 15.4152 152.065
170.364 161.966 0.196909 0.143466 0.0451276 0.0865822 5.97613 3.66262
43 29.3725 17.4033 154.389
170.532 163.769 0.197444 0.176688 0.0426794 0.0323841 6.04007 3.94691
44 29.3725 17.8177 135.466
170.532 163.769 0.197444 0.176688 0.0426794 0.0323841 6.04007 3.94691
45 29.3725 19.6484 140.566
170.532 163.769 0.197444 0.176688 0.0426794 0.0323841 6.04007 3.94691
46 29.3725 19.5627 140.303
170.532 163.769 0.197444 0.176688 0.0426794 0.0323841 6.04007 3.94691
47 29.3725 17.214 170.02
170.532 163.769 0.197444 0.176688 0.0426794 0.0323841 6.04007 3.94691
48 29.3725 16.6451 158.078
170.532 163.769 0.197444 0.176688 0.0426794 0.0323841 6.04007 3.94691
49 29.3725 17.1268 159.764
170.532 163.769 0.197444 0.176688 0.0426794 0.0323841 6.04007 3.94691
50 29.3725 14.8424 149.382
170.532 163.769 0.197444 0.176688 0.0426794 0.0323841 6.04007 3.94691
51 29.3725 16.098 155.153
170.532 163.769 0.197444 0.176688 0.0426794 0.0323841 6.04007 3.94691
52 29.4127 14.2151 164.393
170.799 163.49 0.197441 0.174646 0.0413955 0.0327325 6.07646 3.95471
53 29.4127 16.1644 144.872
170.799 163.49 0.197441 0.174646 0.0413955 0.0327325 6.07646 3.95471
54 29.4127 17.9461 145.605
170.799 163.49 0.197441 0.174646 0.0413955 0.0327325 6.07646 3.95471
55 29.4127 17.4846 140.927
170.799 163.49 0.197441 0.174646 0.0413955 0.0327325 6.07646 3.95471
56 29.4127 17.6709 134.428
170.799 163.49 0.197441 0.174646 0.0413955 0.0327325 6.07646 3.95471
57 29.4127 20.6701 118.138
170.799 163.49 0.197441 0.174646 0.0413955 0.0327325 6.07646 3.95471
58 29.4127 19.6686 136.852
170.799 163.49 0.197441 0.174646 0.0413955 0.0327325 6.07646 3.95471
59 29.4127 19.2338 128.62
170.799 163.49 0.197441 0.174646 0.0413955 0.0327325 6.07646 3.95471
60 29.4127 17.6163 143.685
170.799 163.49 0.197441 0.174646 0.0413955 0.0327325 6.07646 3.95471
61 29.4127 18.503 153.227
170.799 163.49 0.197441 0.174646 0.0413955 0.0327325 6.07646 3.95471
62 29.4127 20.0955 133.644
170.799 163.49 0.197441 0.174646 0.0413955 0.0327325 6.07646 3.95471
63 29.4127 20.4984 134.869
170.799 163.49 0.197441 0.174646 0.0413955 0.0327325 6.07646 3.95471
64 29.4127 19.2382 137.479
170.799 163.49 0.197441 0.174646 0.0413955 0.0327325 6.07646 3.95471
65 29.4127 16.6352 162.15
170.799 163.49 0.197441 0.174646 0.0413955 0.0327325 6.07646 3.95471
66 29.4127 18.6828 142.902
170.799 163.49 0.197441 0.174646 0.0413955 0.0327325 6.07646 3.95471
67 29.4127 20.0208 114.233
170.799 163.49 0.197441 0.174646 0.0413955 0.0327325 6.07646 3.95471
68 29.4127 18.578 148.793
170.799 163.49 0.197441 0.174646 0.0413955 0.0327325 6.07646 3.95471
69 29.4127 19.0701 129.841
170.799 163.49 0.197441 0.174646 0.0413955 0.0327325 6.07646 3.95471
70 29.4127 16.2065 175.583
170.799 163.49 0.197441 0.174646 0.0413955 0.0327325 6.07646 3.95471
71 29.4127 17.5295 161.563
170.799 163.49 0.197441 0.174646 0.0413955 0.0327325 6.07646 3.95471
72 29.4127 20.3017 121.934
170.799 163.49 0.197441 0.174646 0.0413955 0.0327325 6.07646 3.95471
73 29.4127 17.4374 150.141
170.799 163.49 0.197441 0.174646 0.0413955 0.0327325 6.07646 3.95471
74 29.4127 16.024 166.078
170.799 163.49 0.197441 0.174646 0.0413955 0.0327325 6.07646 3.95471
75 29.4127 16.0318 151.032
170.799 163.49 0.197441 0.174646 0.0413955 0.0327325 6.07646 3.95471
76 29.4127 19.6224 135.818
170.799 163.49 0.197441 0.174646 0.0413955 0.0327325 6.07646 3.95471
77 29.4127 17.0265 164.632
170.799 163.49 0.197441 0.174646 0.0413955 0.0327325 6.07646 3.95471
78 29.4127 18.6303 144.546
170.799 163.49 0.197441 0.174646 0.0413955 0.0327325 6.07646 3.95471
79 29.4127 18.1917 115.949
170.799 163.49 0.197441 0.174646 0.0413955 0.0327325 6.07646 3.95471
80 29.4127 14.8906 183.383
170.799 163.49 0.197441 0.174646 0.0413955 0.0327325 6.07646 3.95471
81 29.4127 19.5286 142.352
170.799 163.49 0.197441 0.174646 0.0413955 0.0327325 6.07646 3.95471
82 29.4127 18.7438 158.826
170.799 163.49 0.197441 0.174646 0.0413955 0.0327325 6.07646 3.95471
83 29.4127 15.7481 174.84
170.799 163.49 0.197441 0.174646 0.0413955 0.0327325 6.07646 3.95471
84 29.4127 17.2935 162.308
170.799 163.49 0.197441 0.174646 0.0413955 0.0327325 6.07646 3.95471
85 29.4127 19.5764 115.919
170.799 163.49 0.197441 0.174646 0.0413955 0.0327325 6.07646 3.95471
86 29.4127 18.6091 116.515
170.799 163.49 0.197441 0.174646 0.0413955 0.0327325 6.07646 3.95471
87 29.4127 19.7034 139.225
170.799 163.49 0.197441 0.174646 0.0413955 0.0327325 6.07646 3.95471
88 29.4127 18.78 142.34
170.799 163.49 0.197441 0.174646 0.0413955 0.0327325 6.07646 3.95471
89 29.4127 17.5549 155.133
170.799 163.49 0.197441 0.174646 0.0413955 0.0327325 6.07646 3.95471
90 29.4127 18.0581 153.553
170.799 163.49 0.197441 0.174646 0.0413955 0.0327325 6.07646 3.95471
91 29.4127 17.5059 171.227
170.799 163.49 0.197441 0.174646 0.0413955 0.0327325 6.07646 3.95471
92 29.4127 15.3416 180.936
170.799 163.49 0.197441 0.174646 0.0413955 0.0327325 6.07646 3.95471
93 29.4127 18.6877 132.109
170.799 163.49 0.197441 0.174646 0.0413955 0.0327325 6.07646 3.95471
94 29.4127 15.2452 167.42
170.799 163.49 0.197441 0.174646 0.0413955 0.0327325 6.07646 3.95471
95 29.4127 13.9288 164.05
170.799 163.49 0.197441 0.174646 0.0413955 0.0327325 6.07646 3.95471
96 29.4127 14.8391 161.86
170.799 163.49 0.197441 0.174646 0.0413955 0.0327325 6.07646 3.95471
97 29.4127 16.9629 154.848
170.799 163.49 0.197441 0.174646 0.0413955 0.0327325 6.07646 3.95471
98 29.4127 16.297 173.37
170.799 163.49 0.197441 0.174646 0.0413955 0.0327325 6.07646 3.95471
99 29.4127 19.0195 158.263
170.799 163.49 0.197441 0.174646 0.0413955 0.0327325 6.07646 3.95471
100 29.4127 15.695 170.8
170.799 163.49 0.197441 0.174646 0.0413955 0.0327325 6.07646 3.95471
