0 26.1993 1.66134 23.2427
165.718 187.418 0.16695 0.346614 0.201918 0.346614 6.82478 0.323747
1 26.1993 2.96223 39.8493
165.718 187.418 0.16695 0.346614 0.201918 0.346614 6.82478 0.323747
2 26.2846 5.39899 80.8737
157.027 186.974 0.101621 0.29569 0.285317 0.29569 7.46582 1.00399
3 26.2846 7.83371 115.026
157.027 186.974 0.101621 0.29569 0.285317 0.29569 7.46582 1.00399
4 26.4931 9.21353 125.844
167.04 200 0.0793955 0.201851 0.218486 0.249206 7.37637 2.58638
5 26.4986 9.66421 118.681
166.052 199.637 0.0527022 0.20209 0.19812 0.262401 7.46659 2.49254
6 26.8055 11.0115 143.564
176.888 189.204 0.0709988 0.176438 0.130186 0.301795 7.65102 3.95198
7 26.8055 11.2904 134.35
176.888 189.204 0.0709988 0.176438 0.130186 0.301795 7.65102 3.95198
8 26.8055 12.9922 128.077
176.888 189.204 0.0709988 0.176438 0.130186 0.301795 7.65102 3.95198
9 26.8055 13.5841 131.862
176.888 189.204 0.0709988 0.176438 0.130186 0.301795 7.65102 3.95198
10 26.8055 14.1283 128.096
176.888 189.204 0.0709988 0.176438 0.130186 0.301795 7.65102 3.95198
11 26.8055 15.3343 122.099
176.888 189.204 0.0709988 0.176438 0.130186 0.301795 7.65102 3.95198
12 26.8055 15.0973 120.795
176.888 189.204 0.0709988 0.176438 0.130186 0.301795 7.65102 3.95198
13 26.958 15.5716 124.521
151.49 187.038 0.0590655 0.133573 0.140287 0.379278 7.12665 5.35545
14 26.958 14.8286 116.495
151.49 187.038 0.0590655 0.133573 0.140287 0.379278 7.12665 5.35545
15 26.958 14.8621 112.333
151.49 187.038 0.0590655 0.133573 0.140287 0.379278 7.12665 5.35545
16 27.0087 15.2006 119.824
177.459 178.481 0.0620805 0.164728 0.0620805 0.241266 7.20493 3.60609
17 27.0087 18.0764 106.82
177.459 178.481 0.0620805 0.164728 0.0620805 0.241266 7.20493 3.60609
18 27.1839 18.0181 103.84
179.054 192.618 0.065805 0.209109 0.0893671 0.302142 8.30334 6.3506
19 27.2777 18.1321 99.3587
178.285 192.696 0.0580717 0.161902 0.0931845 0.352128 8.12348 6.40421
20 27.2777 17.1579 115.884
178.285 192.696 0.0580717 0.161902 0.0931845 0.352128 8.12348 6.40421
21 27.3575 17.7781 109.059
178.389 191.609 0.0442686 0.137281 0.106266 0.359065 7.98141 6.36422
22 27.8045 18.4581 105.831
177.278 194.185 0.0535685 0.132962 0.119301 0.360448 8.23115 6.59892
23 27.8045 18.5776 100.563
177.278 194.185 0.0535685 0.132962 0.119301 0.360448 8.23115 6.59892
24 27.8045 18.7482 108.553
177.278 194.185 0.0535685 0.132962 0.119301 0.360448 8.23115 6.59892
25 27.8045 18.0106 111.813
177.278 194.185 0.0535685 0.132962 0.119301 0.360448 8.23115 6.59892
26 27.8045 17.6071 111.115
177.278 194.185 0.0535685 0.132962 0.119301 0.360448 8.23115 6.59892
27 27.8045 20.9915 89.8379
177.278 194.185 0.0535685 0.132962 0.119301 0.360448 8.23115 6.59892
28 30.0295 20.2333 100.429
172.427 191.831 0.0526389 0.138805 0.16105 0.284429 9.02742 7.10121
29 30.0295 22.1642 71.9499
172.427 191.831 0.0526389 0.138805 0.16105 0.284429 9.02742 7.10121
30 30.0295 20.2487 89.2655
172.427 191.831 0.0526389 0.138805 0.16105 0.284429 9.02742 7.10121
31 30.0295 19.6891 99.1757
172.427 191.831 0.0526389 0.138805 0.16105 0.284429 9.02742 7.10121
32 30.0295 19.7166 105.273
172.427 191.831 0.0526389 0.138805 0.16105 0.284429 9.02742 7.10121
33 30.0295 19.1278 107.622
172.427 191.831 0.0526389 0.138805 0.16105 0.284429 9.02742 7.10121
34 30.0295 19.8128 93.2937
172.427 191.831 0.0526389 0.138805 0.16105 0.284429 9.02742 7.10121
35 30.0295 18.4487 101.923
172.427 191.831 0.0526389 0.138805 0.16105 0.284429 9.02742 7.10121
36 30.9143 21.3619 89.3164
134.093 177.79 0.0687516 0.16557 0.099964 0.299579 8.97563 7.51642
37 30.9143 21.7823 84.5499
134.093 177.79 0.0687516 0.16557 0.099964 0.299579 8.97563 7.51642
38 30.9143 20.3545 92.2722
134.093 177.79 0.0687516 0.16557 0.099964 0.299579 8.97563 7.51642
39 30.9143 20.9832 90.0414
134.093 177.79 0.0687516 0.16557 0.099964 0.299579 8.97563 7.51642
40 30.9143 22.1947 75.1563
134.093 177.79 0.0687516 0.16557 0.099964 0.299579 8.97563 7.51642
41 30.9143 20.8334 102.799
134.093 177.79 0.0687516 0.16557 0.099964 0.299579 8.97563 7.51642
42 30.9143 20.5127 103.343
134.093 177.79 0.0687516 0.16557 0.099964 0.299579 8.97563 7.51642
43 30.9143 20.2097 110.765
134.093 177.79 0.0687516 0.16557 0.099964 0.299579 8.97563 7.51642
44 30.9143 19.4217 117.199
134.093 177.79 0.0687516 0.16557 0.099964 0.299579 8.97563 7.51642
45 30.9143 20.949 93.5963
134.093 177.79 0.0687516 0.16557 0.099964 0.299579 8.97563 7.51642
46 30.9143 19.6986 108.958
134.093 177.79 0.0687516 0.16557 0.099964 0.299579 8.97563 7.51642
47 30.9143 19.9161 98.7009
134.093 177.79 0.0687516 0.16557 0.099964 0.299579 8.97563 7.51642
48 30.9143 19.0269 119.627
134.093 177.79 0.0687516 0.16557 0.099964 0.299579 8.97563 7.51642
49 30.9143 21.0806 87.4777
134.093 177.79 0.0687516 0.16557 0.099964 0.299579 8.97563 7.51642
50 31.4409 22.0462 85.5762
172.329 200 0.0881138 0.202715 0.107357 0.202715 10 6.89223
51 34.1967 21.7516 104.535
172.215 200 0.0949569 0.199068 0.0994184 0.199068 10 6.93898
52 34.1967 22.0208 94.1811
172.215 200 0.0949569 0.199068 0.0994184 0.199068 10 6.93898
53 34.1967 20.8345 98.1341
172.215 200 0.0949569 0.199068 0.0994184 0.199068 10 6.93898
54 34.1967 21.2754 109.717
172.215 200 0.0949569 0.199068 0.0994184 0.199068 10 6.93898
55 34.1967 21.476 114.067
172.215 200 0.0949569 0.199068 0.0994184 0.199068 10 6.93898
56 34.1967 20.4735 124.987
172.215 200 0.0949569 0.199068 0.0994184 0.199068 10 6.93898
57 34.1967 20.6105 110.692
172.215 200 0.0949569 0.199068 0.0994184 0.199068 10 6.93898
58 34.543 22.1441 88.25
171.2 199.161 0.0958674 0.188632 0.0958674 0.188632 10 6.65299
59 34.543 21.0654 106.119
171.2 199.161 0.0958674 0.188632 0.0958674 0.188632 10 6.65299
60 34.543 20.892 113.067
171.2 199.161 0.0958674 0.188632 0.0958674 0.188632 10 6.65299
61 34.543 21.8889 109.928
171.2 199.161 0.0958674 0.188632 0.0958674 0.188632 10 6.65299
62 36.5341 22.7767 101.362
167.31 200 0.0843011 0.176173 0.111255 0.176173 10 6.50234
63 36.5341 22.5354 103.53
167.31 200 0.0843011 0.176173 0.111255 0.176173 10 6.50234
64 36.5341 22.5724 92.7446
167.31 200 0.0843011 0.176173 0.111255 0.176173 10 6.50234
65 36.5341 21.6199 113.437
167.31 200 0.0843011 0.176173 0.111255 0.176173 10 6.50234
66 36.5341 20.3856 118.288
167.31 200 0.0843011 0.176173 0.111255 0.176173 10 6.50234
67 36.5341 21.0961 106.54
167.31 200 0.0843011 0.176173 0.111255 0.176173 10 6.50234
68 36.5341 22.4358 109.145
167.31 200 0.0843011 0.176173 0.111255 0.176173 10 6.50234
69 36.5341 22.0915 95.777
167.31 200 0.0843011 0.176173 0.111255 0.176173 10 6.50234
70 36.5341 23.9704 82.2277
167.31 200 0.0843011 0.176173 0.111255 0.176173 10 6.50234
71 36.5341 22.8548 110.313
167.31 200 0.0843011 0.176173 0.111255 0.176173 10 6.50234
72 36.5341 22.3016 114.185
167.31 200 0.0843011 0.176173 0.111255 0.176173 10 6.50234
73 36.5341 21.6122 114.875
167.31 200 0.0843011 0.176173 0.111255 0.176173 10 6.50234
74 36.5341 22.794 94.126
167.31 200 0.0843011 0.176173 0.111255 0.176173 10 6.50234
75 36.5341 21.9413 114.885
167.31 200 0.0843011 0.176173 0.111255 0.176173 10 6.50234
76 36.5341 21.8364 107.096
167.31 200 0.0843011 0.176173 0.111255 0.176173 10 6.50234
77 36.5341 21.5309 116.724
167.31 200 0.0843011 0.176173 0.111255 0.176173 10 6.50234
78 36.5341 21.2938 107.609
167.31 200 0.0843011 0.176173 0.111255 0.176173 10 6.50234
79 36.5341 22.8062 86.797
167.31 200 0.0843011 0.176173 0.111255 0.176173 10 6.50234
80 36.5341 22.6073 97.1661
167.31 200 0.0843011 0.176173 0.111255 0.176173 10 6.50234
81 36.5341 22.5789 84.5842
167.31 200 0.0843011 0.176173 0.111255 0.176173 10 6.50234
82 36.5341 19.9319 130.871
167.31 200 0.0843011 0.176173 0.111255 0.176173 10 6.50234
83 36.5341 22.2125 100.106
167.31 200 0.0843011 0.176173 0.111255 0.176173 10 6.50234
84 36.5341 22.7706 80.6525
167.31 200 0.0843011 0.176173 0.111255 0.176173 10 6.50234
85 36.5341 21.0519 119.805
167.31 200 0.0843011 0.176173 0.111255 0.176173 10 6.50234
86 36.5341 22.9113 86.7877
167.31 200 0.0843011 0.176173 0.111255 0.176173 10 6.50234
87 36.5341 21.3798 123.587
167.31 200 0.0843011 0.176173 0.111255 0.176173 10 6.50234
88 36.5341 21.0686 127.041
167.31 200 0.0843011 0.176173 0.111255 0.176173 10 6.50234
89 36.5341 21.5408 111.845
167.31 200 0.0843011 0.176173 0.111255 0.176173 10 6.50234
90 36.5341 22.1659 97.899
167.31 200 0.0843011 0.176173 0.111255 0.176173 10 6.50234
91 36.5341 22.3553 101.101
167.31 200 0.0843011 0.176173 0.111255 0.176173 10 6.50234
92 36.5341 23.2762 89.1812
167.31 200 0.0843011 0.176173 0.111255 0.176173 10 6.50234
93 36.5341 23.0974 84.252
167.31 200 0.0843011 0.176173 0.111255 0.176173 10 6.50234
94 36.5341 22.7235 101.416
167.31 200 0.0843011 0.176173 0.111255 0.176173 10 6.50234
95 36.5341 22.7336 93.7249
167.31 200 0.0843011 0.176173 0.111255 0.176173 10 6.50234
96 36.5341 22.7306 90.0833
167.31 200 0.0843011 0.176173 0.111255 0.176173 10 6.50234
97 36.5341 22.5432 101.562
167.31 200 0.0843011 0.176173 0.111255 0.176173 10 6.50234
98 36.5341 22.0663 104.193
167.31 200 0.0843011 0.176173 0.111255 0.176173 10 6.50234
99 36.5341 20.6734 122.934
167.31 200 0.0843011 0.176173 0.111255 0.176173 10 6.50234
100 36.5341 19.4017 138.476
167.31 200 0.0843011 0.176173 0.111255 0.176173 10 6.50234
