0 2.64989 0.524942 0.535775
175.358 194.114 0.408979 0.477417 0.0134585 0.412963 8.47033 5.15725
1 2.64989 0.733581 0.814031
175.358 194.114 0.408979 0.477417 0.0134585 0.412963 8.47033 5.15725
2 2.64989 0.966448 0.934406
175.358 194.114 0.408979 0.477417 0.0134585 0.412963 8.47033 5.15725
3 3.10357 1.05156 1.11991
188.824 185.551 0.276024 0.506629 0 0.413316 9.46309 5.85977
4 3.10357 1.05002 1.03335
188.824 185.551 0.276024 0.506629 0 0.413316 9.46309 5.85977
5 3.10357 1.0497 0.897937
188.824 185.551 0.276024 0.506629 0 0.413316 9.46309 5.85977
6 3.10357 1.20093 1.09958
188.824 185.551 0.276024 0.506629 0 0.413316 9.46309 5.85977
7 3.10357 1.22248 1.08474
188.824 185.551 0.276024 0.506629 0 0.413316 9.46309 5.85977
8 3.10357 1.17943 0.890939
188.824 185.551 0.276024 0.506629 0 0.413316 9.46309 5.85977
9 3.10357 1.40323 0.847934
188.824 185.551 0.276024 0.506629 0 0.413316 9.46309 5.85977
10 3.62335 1.69437 1.06475
192.976 184.635 0.198152 0.483139 0.0175169 0.624361 8.68073 3.1589
11 4.12762 1.68579 1.40362
178.443 189.218 0.208425 0.56761 0 0.413711 9.99955 6.11716
12 4.12762 1.37942 1.69648
178.443 189.218 0.208425 0.56761 0 0.413711 9.99955 6.11716
13 4.12762 1.23082 1.74452
178.443 189.218 0.208425 0.56761 0 0.413711 9.99955 6.11716
14 4.12762 1.45688 1.80855
178.443 189.218 0.208425 0.56761 0 0.413711 9.99955 6.11716
15 4.12762 1.35751 1.63437
178.443 189.218 0.208425 0.56761 0 0.413711 9.99955 6.11716
16 4.16457 1.97161 1.8865
195.652 178.103 0.207661 0.52226 0 0.565258 9.0162 2.51024
17 5.1571 1.78387 2.64406
200 177.67 0.21693 0.535345 0 0.482405 8.58891 2.67934
18 5.1571 1.76268 2.39307
200 177.67 0.21693 0.535345 0 0.482405 8.58891 2.67934
19 5.1571 1.78314 3.15946
200 177.67 0.21693 0.535345 0 0.482405 8.58891 2.67934
20 5.1571 2.02498 3.02349
200 177.67 0.21693 0.535345 0 0.482405 8.58891 2.67934
21 5.1571 2.08887 2.93999
200 177.67 0.21693 0.535345 0 0.482405 8.58891 2.67934
22 5.1571 1.90185 2.64166
200 177.67 0.21693 0.535345 0 0.482405 8.58891 2.67934
23 5.17074 1.63701 3.34557
177.64 181.728 0.20475 0.527743 0 0.493734 9.96038 4.89967
24 5.17074 2.00298 3.49342
177.64 181.728 0.20475 0.527743 0 0.493734 9.96038 4.89967
25 5.17074 1.83656 2.92603
177.64 181.728 0.20475 0.527743 0 0.493734 9.96038 4.89967
26 5.17074 2.08925 3.09047
177.64 181.728 0.20475 0.527743 0 0.493734 9.96038 4.89967
27 5.17074 1.69643 2.87535
177.64 181.728 0.20475 0.527743 0 0.493734 9.96038 4.89967
28 5.17074 1.7333 3.01258
177.64 181.728 0.20475 0.527743 0 0.493734 9.96038 4.89967
29 5.17074 1.63511 2.63385
177.64 181.728 0.20475 0.527743 0 0.493734 9.96038 4.89967
30 5.17074 1.85408 3.25716
177.64 181.728 0.20475 0.527743 0 0.493734 9.96038 4.89967
31 5.17074 2.26841 3.40726
177.64 181.728 0.20475 0.527743 0 0.493734 9.96038 4.89967
32 5.17074 2.16444 2.5924
177.64 181.728 0.20475 0.527743 0 0.493734 9.96038 4.89967
33 5.17074 1.94527 3.18705
177.64 181.728 0.20475 0.527743 0 0.493734 9.96038 4.89967
34 5.17074 1.91919 2.70153
177.64 181.728 0.20475 0.527743 0 0.493734 9.96038 4.89967
35 5.17074 2.02832 2.92578
177.64 181.728 0.20475 0.527743 0 0.493734 9.96038 4.89967
36 5.17074 1.86161 2.72922
177.64 181.728 0.20475 0.527743 0 0.493734 9.96038 4.89967
37 5.17074 1.90815 2.82427
177.64 181.728 0.20475 0.527743 0 0.493734 9.96038 4.89967
38 5.17074 1.8481 2.60769
177.64 181.728 0.20475 0.527743 0 0.493734 9.96038 4.89967
39 5.17885 2.00444 2.97209
177.649 182.582 0.203591 0.525824 0.00330072 0.487143 9.95182 4.82797
40 5.17885 1.87984 2.28567
177.649 182.582 0.203591 0.525824 0.00330072 0.487143 9.95182 4.82797
41 5.17885 1.94366 2.97555
177.649 182.582 0.203591 0.525824 0.00330072 0.487143 9.95182 4.82797
42 5.17885 2.08631 2.28617
177.649 182.582 0.203591 0.525824 0.00330072 0.487143 9.95182 4.82797
43 5.17885 1.92362 2.48451
177.649 182.582 0.203591 0.525824 0.00330072 0.487143 9.95182 4.82797
44 5.17885 1.92607 2.57326
177.649 182.582 0.203591 0.525824 0.00330072 0.487143 9.95182 4.82797
45 5.17885 1.90833 2.48698
177.649 182.582 0.203591 0.525824 0.00330072 0.487143 9.95182 4.82797
46 5.17885 1.61875 2.68355
177.649 182.582 0.203591 0.525824 0.00330072 0.487143 9.95182 4.82797
47 5.17885 1.80182 2.61794
177.649 182.582 0.203591 0.525824 0.00330072 0.487143 9.95182 4.82797
48 5.17885 1.51467 2.91535
177.649 182.582 0.203591 0.525824 0.00330072 0.487143 9.95182 4.82797
49 5.17885 1.88177 2.64736
177.649 182.582 0.203591 0.525824 0.00330072 0.487143 9.95182 4.82797
50 5.17885 2.33384 3.29318
177.649 182.582 0.203591 0.525824 0.00330072 0.487143 9.95182 4.82797
51 5.17885 2.2738 2.9326
177.649 182.582 0.203591 0.525824 0.00330072 0.487143 9.95182 4.82797
52 5.17885 2.37907 2.53064
177.649 182.582 0.203591 0.525824 0.00330072 0.487143 9.95182 4.82797
53 5.17885 2.4858 2.60945
177.649 182.582 0.203591 0.525824 0.00330072 0.487143 9.95182 4.82797
54 5.17885 2.06562 3.10337
177.649 182.582 0.203591 0.525824 0.00330072 0.487143 9.95182 4.82797
55 5.17885 2.12287 3.01284
177.649 182.582 0.203591 0.525824 0.00330072 0.487143 9.95182 4.82797
56 5.17885 2.16942 2.89153
177.649 182.582 0.203591 0.525824 0.00330072 0.487143 9.95182 4.82797
57 5.17885 2.36051 3.48574
177.649 182.582 0.203591 0.525824 0.00330072 0.487143 9.95182 4.82797
58 5.17885 1.84612 3.05878
177.649 182.582 0.203591 0.525824 0.00330072 0.487143 9.95182 4.82797
59 5.17885 1.72406 2.649
177.649 182.582 0.203591 0.525824 0.00330072 0.487143 9.95182 4.82797
60 5.17885 2.09133 2.47726
177.649 182.582 0.203591 0.525824 0.00330072 0.487143 9.95182 4.82797
61 5.17885 1.94815 3.19873
177.649 182.582 0.203591 0.525824 0.00330072 0.487143 9.95182 4.82797
62 5.17885 1.96599 3.03683
177.649 182.582 0.203591 0.525824 0.00330072 0.487143 9.95182 4.82797
63 5.17885 2.27735 3.2992
177.649 182.582 0.203591 0.525824 0.00330072 0.487143 9.95182 4.82797
64 5.17885 2.46034 3.45705
177.649 182.582 0.203591 0.525824 0.00330072 0.487143 9.95182 4.82797
65 5.17885 2.05349 2.88097
177.649 182.582 0.203591 0.525824 0.00330072 0.487143 9.95182 4.82797
66 5.17885 1.72009 2.76648
177.649 182.582 0.203591 0.525824 0.00330072 0.487143 9.95182 4.82797
67 5.17885 1.71899 2.77631
177.649 182.582 0.203591 0.525824 0.00330072 0.487143 9.95182 4.82797
68 5.22266 2.11115 3.2329
177.916 162.239 0.204168 0.499147 0 0.512167 9.37638 5.33671
69 5.22266 2.25506 3.06447
177.916 162.239 0.204168 0.499147 0 0.512167 9.37638 5.33671
70 5.22266 2.00664 3.10942
177.916 162.239 0.204168 0.499147 0 0.512167 9.37638 5.33671
71 5.76507 2.14116 3.48855
170.807 159.255 0.19896 0.49285 0.0126369 0.457978 9.86114 5.31975
72 5.76507 1.85071 3.4452
170.807 159.255 0.19896 0.49285 0.0126369 0.457978 9.86114 5.31975
73 5.76507 1.91343 3.09244
170.807 159.255 0.19896 0.49285 0.0126369 0.457978 9.86114 5.31975
74 5.76507 1.85864 2.76344
170.807 159.255 0.19896 0.49285 0.0126369 0.457978 9.86114 5.31975
75 5.76507 2.01712 3.28059
170.807 159.255 0.19896 0.49285 0.0126369 0.457978 9.86114 5.31975
76 5.76507 2.16599 3.81066
170.807 159.255 0.19896 0.49285 0.0126369 0.457978 9.86114 5.31975
77 5.76507 2.06278 3.1598
170.807 159.255 0.19896 0.49285 0.0126369 0.457978 9.86114 5.31975
78 5.76507 1.85682 2.74746
170.807 159.255 0.19896 0.49285 0.0126369 0.457978 9.86114 5.31975
79 5.76507 1.9937 2.7199
170.807 159.255 0.19896 0.49285 0.0126369 0.457978 9.86114 5.31975
80 5.76507 1.998 3.30692
170.807 159.255 0.19896 0.49285 0.0126369 0.457978 9.86114 5.31975
81 5.76507 2.18823 2.82323
170.807 159.255 0.19896 0.49285 0.0126369 0.457978 9.86114 5.31975
82 5.76507 2.25494 3.55408
170.807 159.255 0.19896 0.49285 0.0126369 0.457978 9.86114 5.31975
83 5.76507 1.87903 3.63865
170.807 159.255 0.19896 0.49285 0.0126369 0.457978 9.86114 5.31975
84 5.76507 2.16474 4.53233
170.807 159.255 0.19896 0.49285 0.0126369 0.457978 9.86114 5.31975
85 5.76507 2.40856 4.06263
170.807 159.255 0.19896 0.49285 0.0126369 0.457978 9.86114 5.31975
86 5.76507 2.38978 3.70695
170.807 159.255 0.19896 0.49285 0.0126369 0.457978 9.86114 5.31975
87 5.76507 2.38504 3.38304
170.807 159.255 0.19896 0.49285 0.0126369 0.457978 9.86114 5.31975
88 5.76507 2.05266 3.32232
170.807 159.255 0.19896 0.49285 0.0126369 0.457978 9.86114 5.31975
89 5.76507 2.22184 3.80678
170.807 159.255 0.19896 0.49285 0.0126369 0.457978 9.86114 5.31975
90 5.76507 2.1975 3.73933
170.807 159.255 0.19896 0.49285 0.0126369 0.457978 9.86114 5.31975
91 5.76507 2.42834 3.85931
170.807 159.255 0.19896 0.49285 0.0126369 0.457978 9.86114 5.31975
92 5.76507 2.3665 4.08481
170.807 159.255 0.19896 0.49285 0.0126369 0.457978 9.86114 5.31975
93 5.76507 2.31539 3.49225
170.807 159.255 0.19896 0.49285 0.0126369 0.457978 9.86114 5.31975
94 5.76507 2.40209 4.22376
170.807 159.255 0.19896 0.49285 0.0126369 0.457978 9.86114 5.31975
95 5.76507 1.70543 3.66904
170.807 159.255 0.19896 0.49285 0.0126369 0.457978 9.86114 5.31975
96 5.76507 1.68261 3.84352
170.807 159.255 0.19896 0.49285 0.0126369 0.457978 9.86114 5.31975
97 5.76507 1.99827 4.20342
170.807 159.255 0.19896 0.49285 0.0126369 0.457978 9.86114 5.31975
98 5.76507 2.14193 4.29585
170.807 159.255 0.19896 0.49285 0.0126369 0.457978 9.86114 5.31975
99 5.76507 1.76427 3.61471
170.807 159.255 0.19896 0.49285 0.0126369 0.457978 9.86114 5.31975
100 5.76507 1.70726 3.14433
170.807 159.255 0.19896 0.49285 0.0126369 0.457978 9.86114 5.31975
