0 5.80416 0.912583 2.05514
161.079 146.671 0.281906 0.402035 0.835971 0.310808 4.11127 5.98012
1 5.80416 1.16588 2.3275
161.079 146.671 0.281906 0.402035 0.835971 0.310808 4.11127 5.98012
2 6.31351 1.47722 3.3032
163.031 135.948 0.296856 0.350079 0.768115 0.294587 4.45472 5.72853
3 6.82003 2.12786 5.64235
162.924 136.541 0.289179 0.34793 0.776353 0.279811 4.52298 5.68429
4 6.82003 2.75104 8.21067
162.924 136.541 0.289179 0.34793 0.776353 0.279811 4.52298 5.68429
5 7.77632 3.32974 8.22922
150.87 100 0.0833528 0.220999 0.345847 0.381141 2.33867 1.17895
6 7.77632 3.51923 7.25972
150.87 100 0.0833528 0.220999 0.345847 0.381141 2.33867 1.17895
7 7.77632 3.40462 6.46598
150.87 100 0.0833528 0.220999 0.345847 0.381141 2.33867 1.17895
8 8.31755 4.02919 7.59892
186.721 149.107 0.362093 0.382295 0.58687 0.0297806 4.75518 6.97039
9 8.31755 4.31016 7.1501
186.721 149.107 0.362093 0.382295 0.58687 0.0297806 4.75518 6.97039
10 8.31785 4.16017 7.47867
185.579 149.261 0.359787 0.380304 0.58737 0.0299828 4.7965 6.92712
11 8.31785 4.40464 6.6904
185.579 149.261 0.359787 0.380304 0.58737 0.0299828 4.7965 6.92712
12 8.89652 4.60555 7.37215
150.132 108.101 0.176684 0.218195 0.264188 0.289971 0.640551 1.07697
13 8.89652 4.6095 9.13321
150.132 108.101 0.176684 0.218195 0.264188 0.289971 0.640551 1.07697
14 8.89652 5.02601 8.91412
150.132 108.101 0.176684 0.218195 0.264188 0.289971 0.640551 1.07697
15 8.89652 5.05078 9.08326
150.132 108.101 0.176684 0.218195 0.264188 0.289971 0.640551 1.07697
16 8.89652 4.23824 9.68824
150.132 108.101 0.176684 0.218195 0.264188 0.289971 0.640551 1.07697
17 8.89652 4.49197 10.4924
150.132 108.101 0.176684 0.218195 0.264188 0.289971 0.640551 1.07697
18 8.89652 4.64219 10.7034
150.132 108.101 0.176684 0.218195 0.264188 0.289971 0.640551 1.07697
19 8.90093 4.54725 8.73146
150.058 108.233 0.177505 0.217924 0.261752 0.291555 0.667834 1.10238
20 9.40187 5.24931 8.40934
150.724 108.698 0.183356 0.214557 0.264222 0.290347 0.593497 1.14544
21 10.3956 5.29603 11.4186
146.231 111.271 0.232786 0.261259 0.150406 0.175645 2.63186 1.53996
22 10.3956 5.61658 11.1834
146.231 111.271 0.232786 0.261259 0.150406 0.175645 2.63186 1.53996
23 10.4345 6.32535 11.7319
152.158 112.014 0.0978524 0.272242 0.400803 0.162613 0 0.557693
24 10.8748 6.47798 13.541
168.134 102.426 0.247863 0.247892 0.184713 0.293283 3.52624 1.51349
25 10.963 6.18796 11.1602
146.088 112.976 0.243438 0.257028 0.167533 0.17405 2.74022 1.45779
26 10.963 6.67143 9.39291
146.088 112.976 0.243438 0.257028 0.167533 0.17405 2.74022 1.45779
27 10.963 6.35807 10.7033
146.088 112.976 0.243438 0.257028 0.167533 0.17405 2.74022 1.45779
28 11.0243 6.25452 12.5736
145.993 112.993 0.251975 0.260908 0.167977 0.175272 2.82358 1.40371
29 11.4065 6.24539 12.8188
143.885 116.132 0.220291 0.30045 0.247914 0.162234 3.12248 0.961563
30 11.4185 6.37175 16.7048
141.609 112.653 0.21573 0.303807 0.228146 0.166719 3.04144 0.912866
31 11.9226 6.66903 16.5399
142.091 113.284 0.296172 0.276748 0.116193 0.0122237 2.36215 2.26497
32 11.9226 6.00697 12.3855
142.091 113.284 0.296172 0.276748 0.116193 0.0122237 2.36215 2.26497
33 12.9155 5.94719 17.5673
148.791 106.353 0.28015 0.284907 0.145419 0 2.27565 2.12422
34 12.9155 6.12958 17.639
148.791 106.353 0.28015 0.284907 0.145419 0 2.27565 2.12422
35 12.9155 6.45485 19.8283
148.791 106.353 0.28015 0.284907 0.145419 0 2.27565 2.12422
36 12.9155 6.91546 17.6504
148.791 106.353 0.28015 0.284907 0.145419 0 2.27565 2.12422
37 12.9155 7.09603 17.4654
148.791 106.353 0.28015 0.284907 0.145419 0 2.27565 2.12422
38 12.9155 7.54338 12.5859
148.791 106.353 0.28015 0.284907 0.145419 0 2.27565 2.12422
39 12.9155 6.90718 16.3622
148.791 106.353 0.28015 0.284907 0.145419 0 2.27565 2.12422
40 12.9155 7.1356 19.7414
148.791 106.353 0.28015 0.284907 0.145419 0 2.27565 2.12422
41 12.9155 7.27254 16.8411
148.791 106.353 0.28015 0.284907 0.145419 0 2.27565 2.12422
42 12.9155 7.57323 17.6463
148.791 106.353 0.28015 0.284907 0.145419 0 2.27565 2.12422
43 12.9155 6.29172 17.6946
148.791 106.353 0.28015 0.284907 0.145419 0 2.27565 2.12422
44 12.9155 6.31508 21.4628
148.791 106.353 0.28015 0.284907 0.145419 0 2.27565 2.12422
45 12.9155 7.00389 18.7164
148.791 106.353 0.28015 0.284907 0.145419 0 2.27565 2.12422
46 12.9155 6.41385 20.6077
148.791 106.353 0.28015 0.284907 0.145419 0 2.27565 2.12422
47 12.9155 6.86923 18.325
148.791 106.353 0.28015 0.284907 0.145419 0 2.27565 2.12422
48 12.9155 6.83176 19.0333
148.791 106.353 0.28015 0.284907 0.145419 0 2.27565 2.12422
49 12.9155 7.1107 16.8611
148.791 106.353 0.28015 0.284907 0.145419 0 2.27565 2.12422
50 12.9155 6.89895 19.8863
148.791 106.353 0.28015 0.284907 0.145419 0 2.27565 2.12422
51 12.9155 6.13321 19.2
148.791 106.353 0.28015 0.284907 0.145419 0 2.27565 2.12422
52 12.9155 6.88296 19.0599
148.791 106.353 0.28015 0.284907 0.145419 0 2.27565 2.12422
53 12.9155 6.69962 19.8645
148.791 106.353 0.28015 0.284907 0.145419 0 2.27565 2.12422
54 12.9155 6.8095 18.6284
148.791 106.353 0.28015 0.284907 0.145419 0 2.27565 2.12422
55 12.9155 6.67371 18.0388
148.791 106.353 0.28015 0.284907 0.145419 0 2.27565 2.12422
56 12.9155 6.58498 18.0424
148.791 106.353 0.28015 0.284907 0.145419 0 2.27565 2.12422
57 12.9155 7.28712 17.6911
148.791 106.353 0.28015 0.284907 0.145419 0 2.27565 2.12422
58 12.9155 7.08713 16.6411
148.791 106.353 0.28015 0.284907 0.145419 0 2.27565 2.12422
59 12.9155 7.88569 18.2638
148.791 106.353 0.28015 0.284907 0.145419 0 2.27565 2.12422
60 12.9155 7.10353 18.3103
148.791 106.353 0.28015 0.284907 0.145419 0 2.27565 2.12422
61 12.9155 7.69382 17.9638
148.791 106.353 0.28015 0.284907 0.145419 0 2.27565 2.12422
62 12.9155 8.06449 14.6645
148.791 106.353 0.28015 0.284907 0.145419 0 2.27565 2.12422
63 12.9155 7.86082 15.2257
148.791 106.353 0.28015 0.284907 0.145419 0 2.27565 2.12422
64 12.9155 6.86057 17.6704
148.791 106.353 0.28015 0.284907 0.145419 0 2.27565 2.12422
65 12.9155 7.19428 15.9414
148.791 106.353 0.28015 0.284907 0.145419 0 2.27565 2.12422
66 12.9155 7.52891 18.1657
148.791 106.353 0.28015 0.284907 0.145419 0 2.27565 2.12422
67 12.943 8.60908 11.6374
140.381 100 0.28399 0.294391 0.13526 0.000135262 0.223359 3.47841
68 12.943 8.96827 8.92707
140.381 100 0.28399 0.294391 0.13526 0.000135262 0.223359 3.47841
69 12.943 8.35897 9.50766
140.381 100 0.28399 0.294391 0.13526 0.000135262 0.223359 3.47841
70 12.943 8.2564 12.4086
140.381 100 0.28399 0.294391 0.13526 0.000135262 0.223359 3.47841
71 12.943 7.98499 15.7043
140.381 100 0.28399 0.294391 0.13526 0.000135262 0.223359 3.47841
72 12.943 7.45032 16.3365
140.381 100 0.28399 0.294391 0.13526 0.000135262 0.223359 3.47841
73 12.943 6.68861 19.6217
140.381 100 0.28399 0.294391 0.13526 0.000135262 0.223359 3.47841
74 12.943 5.89188 18.9432
140.381 100 0.28399 0.294391 0.13526 0.000135262 0.223359 3.47841
75 12.943 6.56832 18.8462
140.381 100 0.28399 0.294391 0.13526 0.000135262 0.223359 3.47841
76 12.943 6.88082 17.0423
140.381 100 0.28399 0.294391 0.13526 0.000135262 0.223359 3.47841
77 12.943 6.3969 17.3154
140.381 100 0.28399 0.294391 0.13526 0.000135262 0.223359 3.47841
78 12.943 6.75331 20.2308
140.381 100 0.28399 0.294391 0.13526 0.000135262 0.223359 3.47841
79 12.943 6.87017 19.0046
140.381 100 0.28399 0.294391 0.13526 0.000135262 0.223359 3.47841
80 13.3787 7.54174 19.567
140.849 104.091 0.272162 0.266606 0.146707 0 0.604065 4.04709
81 13.3787 7.24604 17.7387
140.849 104.091 0.272162 0.266606 0.146707 0 0.604065 4.04709
82 13.3787 8.2889 15.7876
140.849 104.091 0.272162 0.266606 0.146707 0 0.604065 4.04709
83 13.3787 7.66077 16.7357
140.849 104.091 0.272162 0.266606 0.146707 0 0.604065 4.04709
84 13.3787 6.41605 21.2737
140.849 104.091 0.272162 0.266606 0.146707 0 0.604065 4.04709
85 13.3787 6.19991 22.1785
140.849 104.091 0.272162 0.266606 0.146707 0 0.604065 4.04709
86 13.3787 6.29721 22.1165
140.849 104.091 0.272162 0.266606 0.146707 0 0.604065 4.04709
87 13.3787 6.64407 17.5915
140.849 104.091 0.272162 0.266606 0.146707 0 0.604065 4.04709
88 13.3787 6.67751 18.3268
140.849 104.091 0.272162 0.266606 0.146707 0 0.604065 4.04709
89 13.3787 5.99608 20.0935
140.849 104.091 0.272162 0.266606 0.146707 0 0.604065 4.04709
90 13.3787 6.68195 22.5758
140.849 104.091 0.272162 0.266606 0.146707 0 0.604065 4.04709
91 13.3787 6.73496 20.2334
140.849 104.091 0.272162 0.266606 0.146707 0 0.604065 4.04709
92 13.3787 7.74411 18.5897
140.849 104.091 0.272162 0.266606 0.146707 0 0.604065 4.04709
93 13.3787 7.01825 18.77
140.849 104.091 0.272162 0.266606 0.146707 0 0.604065 4.04709
94 13.3787 6.8334 20.6273
140.849 104.091 0.272162 0.266606 0.146707 0 0.604065 4.04709
95 13.3787 7.57413 16.6298
140.849 104.091 0.272162 0.266606 0.146707 0 0.604065 4.04709
96 13.3787 7.31471 17.1865
140.849 104.091 0.272162 0.266606 0.146707 0 0.604065 4.04709
97 13.3787 7.18919 16.5814
140.849 104.091 0.272162 0.266606 0.146707 0 0.604065 4.04709
98 13.3787 7.4515 17.7265
140.849 104.091 0.272162 0.266606 0.146707 0 0.604065 4.04709
99 13.3787 7.65177 16.9637
140.849 104.091 0.272162 0.266606 0.146707 0 0.604065 4.04709
100 13.3787 7.88348 17.5988
140.849 104.091 0.272162 0.266606 0.146707 0 0.604065 4.04709
