0 4.3291 0.371455 0.87521
182.63 105.654 0.699487 0.0584708 0.551736 0.0150338 0.396967 9.7043
1 4.3291 0.377705 0.871684
182.63 105.654 0.699487 0.0584708 0.551736 0.0150338 0.396967 9.7043
2 4.3291 0.39465 0.864079
182.63 105.654 0.699487 0.0584708 0.551736 0.0150338 0.396967 9.7043
3 4.36307 0.75753 1.92422
182.843 106.058 0.698341 0.061588 0.552735 0.0183851 0.474386 9.73545
4 4.56771 1.02859 2.96585
171.292 106.97 0.294929 0.17286 0.256411 0.314814 1.80016 3.12575
5 4.56771 0.973331 2.57318
171.292 106.97 0.294929 0.17286 0.256411 0.314814 1.80016 3.12575
6 19.0478 2.26247 18.9754
115.219 146.141 0.240513 0.343407 0.37769 0.16581 5.02421 4.5963
7 23.4204 3.15262 41.6783
113.244 152.788 0.18984 0.358919 0.317431 0.0591395 4.71777 4.40769
8 23.4204 5.1598 70.6881
113.244 152.788 0.18984 0.358919 0.317431 0.0591395 4.71777 4.40769
9 25.8924 6.97156 105.851
118.162 160.498 0.207951 0.278722 0.293933 0.0572457 3.89282 4.47129
10 25.975 8.4196 116.662
132.951 154.785 0.166254 0.221753 0.300109 0 4.59428 4.45609
11 26.0971 9.05717 123.125
125.755 151.735 0.167803 0.274577 0.324322 0.0172283 4.22706 3.43233
12 26.1128 11.2226 134.513
137.342 147.612 0.110959 0.200443 0.344639 0 4.47829 4.48517
13 26.4343 12.9692 144.929
136.606 163.514 0.166081 0.208024 0.27181 0.0192153 5.16668 4.19675
14 26.9046 13.6565 146.719
149.062 156.509 0.0811504 0.197399 0.392044 0.00105059 4.54744 4.69165
15 27.8079 16.9487 134.416
130.124 156.307 0.0725642 0.229813 0.286464 0 4.56485 4.42702
16 28.4486 16.9224 136.908
126.137 140.842 0.242732 0.246522 0.177072 0 7.13114 2.91575
17 28.4486 14.301 133.842
126.137 140.842 0.242732 0.246522 0.177072 0 7.13114 2.91575
18 28.4486 15.6148 126.691
126.137 140.842 0.242732 0.246522 0.177072 0 7.13114 2.91575
19 28.4486 17.3798 112.455
126.137 140.842 0.242732 0.246522 0.177072 0 7.13114 2.91575
20 28.8449 18.7952 108.353
125.738 140.356 0.242268 0.248074 0.187261 0 7.11741 2.87841
21 28.8449 19.2395 95.0708
125.738 140.356 0.242268 0.248074 0.187261 0 7.11741 2.87841
22 28.8449 17.4813 107.419
125.738 140.356 0.242268 0.248074 0.187261 0 7.11741 2.87841
23 28.8449 19.4093 93.7199
125.738 140.356 0.242268 0.248074 0.187261 0 7.11741 2.87841
24 28.8449 22.4715 55.8315
125.738 140.356 0.242268 0.248074 0.187261 0 7.11741 2.87841
25 28.8449 23.8327 22.2607
125.738 140.356 0.242268 0.248074 0.187261 0 7.11741 2.87841
26 29.0988 21.9033 69.0453
125.407 138.094 0.234798 0.235457 0.181075 0.0131438 7.23155 2.93453
27 29.0988 22.7789 49.8753
125.407 138.094 0.234798 0.235457 0.181075 0.0131438 7.23155 2.93453
28 29.0988 21.3998 70.566
125.407 138.094 0.234798 0.235457 0.181075 0.0131438 7.23155 2.93453
29 29.0988 21.4247 59.3914
125.407 138.094 0.234798 0.235457 0.181075 0.0131438 7.23155 2.93453
30 29.0988 20.997 64.4333
125.407 138.094 0.234798 0.235457 0.181075 0.0131438 7.23155 2.93453
31 29.0988 18.9967 90.7755
125.407 138.094 0.234798 0.235457 0.181075 0.0131438 7.23155 2.93453
32 29.0988 20.1727 70.4353
125.407 138.094 0.234798 0.235457 0.181075 0.0131438 7.23155 2.93453
33 29.367 17.8912 112.627
125.692 138.144 0.233341 0.235667 0.178307 0.0115676 7.20372 2.95429
34 29.367 18.7962 127.577
125.692 138.144 0.233341 0.235667 0.178307 0.0115676 7.20372 2.95429
35 29.367 20.3203 106.967
125.692 138.144 0.233341 0.235667 0.178307 0.0115676 7.20372 2.95429
36 29.367 19.9235 106.417
125.692 138.144 0.233341 0.235667 0.178307 0.0115676 7.20372 2.95429
37 30.1311 18.7102 122.733
143.966 146.257 0.162182 0.24146 0.155722 0.00692311 6.53767 3.05405
38 30.5717 19.4716 122.045
120.647 147.592 0.16126 0.252034 0.168948 0.0784628 7.37273 3.61024
39 30.5717 19.9655 109.583
120.647 147.592 0.16126 0.252034 0.168948 0.0784628 7.37273 3.61024
40 30.5717 19.2864 104.849
120.647 147.592 0.16126 0.252034 0.168948 0.0784628 7.37273 3.61024
41 30.5717 19.3249 134.612
120.647 147.592 0.16126 0.252034 0.168948 0.0784628 7.37273 3.61024
42 30.5717 20.0515 96.4559
120.647 147.592 0.16126 0.252034 0.168948 0.0784628 7.37273 3.61024
43 30.5717 20.6139 97.5674
120.647 147.592 0.16126 0.252034 0.168948 0.0784628 7.37273 3.61024
44 30.5717 21.0368 83.6783
120.647 147.592 0.16126 0.252034 0.168948 0.0784628 7.37273 3.61024
45 30.6437 19.7629 107.116
120.744 146.85 0.159339 0.25149 0.168846 0.0858966 7.37719 3.6462
46 30.6437 21.842 98.7481
120.744 146.85 0.159339 0.25149 0.168846 0.0858966 7.37719 3.6462
47 30.6437 21.022 113.624
120.744 146.85 0.159339 0.25149 0.168846 0.0858966 7.37719 3.6462
48 30.6437 20.9564 74.1361
120.744 146.85 0.159339 0.25149 0.168846 0.0858966 7.37719 3.6462
49 30.6437 21.3158 66.787
120.744 146.85 0.159339 0.25149 0.168846 0.0858966 7.37719 3.6462
50 30.6437 22.5716 51.5624
120.744 146.85 0.159339 0.25149 0.168846 0.0858966 7.37719 3.6462
51 30.6437 20.1647 96.2175
120.744 146.85 0.159339 0.25149 0.168846 0.0858966 7.37719 3.6462
52 30.6437 20.8818 77.3976
120.744 146.85 0.159339 0.25149 0.168846 0.0858966 7.37719 3.6462
53 30.6437 20.6354 93.9135
120.744 146.85 0.159339 0.25149 0.168846 0.0858966 7.37719 3.6462
54 30.6437 22.1987 95.4954
120.744 146.85 0.159339 0.25149 0.168846 0.0858966 7.37719 3.6462
55 30.6437 20.4422 126.646
120.744 146.85 0.159339 0.25149 0.168846 0.0858966 7.37719 3.6462
56 30.6437 19.4723 134.792
120.744 146.85 0.159339 0.25149 0.168846 0.0858966 7.37719 3.6462
57 30.6437 20.159 125.849
120.744 146.85 0.159339 0.25149 0.168846 0.0858966 7.37719 3.6462
58 30.6437 21.2177 118.283
120.744 146.85 0.159339 0.25149 0.168846 0.0858966 7.37719 3.6462
59 30.6437 20.6611 111.252
120.744 146.85 0.159339 0.25149 0.168846 0.0858966 7.37719 3.6462
60 30.6437 22.6098 91.0661
120.744 146.85 0.159339 0.25149 0.168846 0.0858966 7.37719 3.6462
61 30.6437 22.7745 68.1056
120.744 146.85 0.159339 0.25149 0.168846 0.0858966 7.37719 3.6462
62 30.6437 24.8179 27.9971
120.744 146.85 0.159339 0.25149 0.168846 0.0858966 7.37719 3.6462
63 30.6437 25.6347 35.3702
120.744 146.85 0.159339 0.25149 0.168846 0.0858966 7.37719 3.6462
64 30.6437 20.326 92.7124
120.744 146.85 0.159339 0.25149 0.168846 0.0858966 7.37719 3.6462
65 30.6437 21.6114 72.345
120.744 146.85 0.159339 0.25149 0.168846 0.0858966 7.37719 3.6462
66 30.6437 21.8528 71.1622
120.744 146.85 0.159339 0.25149 0.168846 0.0858966 7.37719 3.6462
67 30.6437 21.8006 83.2443
120.744 146.85 0.159339 0.25149 0.168846 0.0858966 7.37719 3.6462
68 30.6437 20.514 85.698
120.744 146.85 0.159339 0.25149 0.168846 0.0858966 7.37719 3.6462
69 30.6437 19.8485 96.2815
120.744 146.85 0.159339 0.25149 0.168846 0.0858966 7.37719 3.6462
70 30.6437 20.3236 71.7145
120.744 146.85 0.159339 0.25149 0.168846 0.0858966 7.37719 3.6462
71 30.6437 20.0737 83.4258
120.744 146.85 0.159339 0.25149 0.168846 0.0858966 7.37719 3.6462
72 30.6437 21.706 48.9956
120.744 146.85 0.159339 0.25149 0.168846 0.0858966 7.37719 3.6462
73 30.6437 22.9408 26.6993
120.744 146.85 0.159339 0.25149 0.168846 0.0858966 7.37719 3.6462
74 30.6437 21.0105 62.9611
120.744 146.85 0.159339 0.25149 0.168846 0.0858966 7.37719 3.6462
75 30.6437 22.6846 52.2267
120.744 146.85 0.159339 0.25149 0.168846 0.0858966 7.37719 3.6462
76 30.6437 22.655 46.5431
120.744 146.85 0.159339 0.25149 0.168846 0.0858966 7.37719 3.6462
77 30.6437 21.9922 68.8375
120.744 146.85 0.159339 0.25149 0.168846 0.0858966 7.37719 3.6462
78 30.6437 21.6497 69.47
120.744 146.85 0.159339 0.25149 0.168846 0.0858966 7.37719 3.6462
79 30.6437 22.6903 44.082
120.744 146.85 0.159339 0.25149 0.168846 0.0858966 7.37719 3.6462
80 30.6437 22.1524 65.9718
120.744 146.85 0.159339 0.25149 0.168846 0.0858966 7.37719 3.6462
81 30.6437 21.2503 69.9394
120.744 146.85 0.159339 0.25149 0.168846 0.0858966 7.37719 3.6462
82 30.6437 21.8678 87.4949
120.744 146.85 0.159339 0.25149 0.168846 0.0858966 7.37719 3.6462
83 30.6437 24.3599 44.4995
120.744 146.85 0.159339 0.25149 0.168846 0.0858966 7.37719 3.6462
84 30.6437 20.5199 128.357
120.744 146.85 0.159339 0.25149 0.168846 0.0858966 7.37719 3.6462
85 30.6437 20.6923 117.765
120.744 146.85 0.159339 0.25149 0.168846 0.0858966 7.37719 3.6462
86 30.6437 24.9116 33.6913
120.744 146.85 0.159339 0.25149 0.168846 0.0858966 7.37719 3.6462
87 30.6437 22.4731 83.307
120.744 146.85 0.159339 0.25149 0.168846 0.0858966 7.37719 3.6462
88 30.6437 22.2125 78.2339
120.744 146.85 0.159339 0.25149 0.168846 0.0858966 7.37719 3.6462
89 30.6437 21.3103 92.9264
120.744 146.85 0.159339 0.25149 0.168846 0.0858966 7.37719 3.6462
90 30.6437 23.633 65.4836
120.744 146.85 0.159339 0.25149 0.168846 0.0858966 7.37719 3.6462
91 30.6437 21.9713 89.9721
120.744 146.85 0.159339 0.25149 0.168846 0.0858966 7.37719 3.6462
92 30.6437 23.2869 62.52
120.744 146.85 0.159339 0.25149 0.168846 0.0858966 7.37719 3.6462
93 30.6437 21.4011 84.3917
120.744 146.85 0.159339 0.25149 0.168846 0.0858966 7.37719 3.6462
94 30.6437 21.4071 99.2653
120.744 146.85 0.159339 0.25149 0.168846 0.0858966 7.37719 3.6462
95 30.6437 20.1012 111.409
120.744 146.85 0.159339 0.25149 0.168846 0.0858966 7.37719 3.6462
96 30.6437 20.6575 96.8644
120.744 146.85 0.159339 0.25149 0.168846 0.0858966 7.37719 3.6462
97 30.6437 21.8236 81.5617
120.744 146.85 0.159339 0.25149 0.168846 0.0858966 7.37719 3.6462
98 31.0256 21.404 113.696
123.967 140.677 0.167507 0.273786 0.156465 0.0516946 7.07431 3.79748
99 31.0256 23.3402 60.1183
123.967 140.677 0.167507 0.273786 0.156465 0.0516946 7.07431 3.79748
100 31.0256 24.5346 46.4551
123.967 140.677 0.167507 0.273786 0.156465 0.0516946 7.07431 3.79748
