0 8.99236 1.635 8.80868
104.717 134.897 0.294477 0.0178288 0.465877 0.537112 9.33437 4.29744
1 8.99236 2.65457 12.7554
104.717 134.897 0.294477 0.0178288 0.465877 0.537112 9.33437 4.29744
2 10.1605 3.18707 14.5214
188.256 154.14 0.431593 0 0.745611 0.355199 8.84508 0.66808
3 10.1605 3.17415 16.3063
188.256 154.14 0.431593 0 0.745611 0.355199 8.84508 0.66808
4 10.1605 4.12478 17.0013
188.256 154.14 0.431593 0 0.745611 0.355199 8.84508 0.66808
5 10.1618 4.12377 16.7216
188.343 153.908 0.431287 0 0.744887 0.354912 8.84713 0.658778
6 10.1618 4.62086 16.9963
188.343 153.908 0.431287 0 0.744887 0.354912 8.84713 0.658778
7 10.1618 5.33368 17.2254
188.343 153.908 0.431287 0 0.744887 0.354912 8.84713 0.658778
8 10.2513 6.34569 17.6166
196.443 158.293 0.407269 0.0197022 0.856334 0.309693 8.94299 0.186193
9 11.5854 5.95873 18.2463
183.728 135.997 0.52191 0.0205687 0.737553 0.381581 7.88492 1.60994
10 11.7022 6.55266 15.4462
194.922 145.969 0.43246 0.190671 0.664554 0.165051 6.04232 1.14516
11 12.9507 7.62846 13.2603
100 139.201 0.435616 0.0389367 0.366593 0.43503 8.09534 3.73102
12 12.9514 7.33797 12.8953
100 138.839 0.435377 0.0368754 0.366983 0.435049 8.10209 3.78328
13 12.9514 6.52349 13.8506
100 138.839 0.435377 0.0368754 0.366983 0.435049 8.10209 3.78328
14 12.9514 5.36695 18.0443
100 138.839 0.435377 0.0368754 0.366983 0.435049 8.10209 3.78328
15 12.9514 5.75679 18.205
100 138.839 0.435377 0.0368754 0.366983 0.435049 8.10209 3.78328
16 12.9514 6.24878 21.2493
100 138.839 0.435377 0.0368754 0.366983 0.435049 8.10209 3.78328
17 13.0418 6.23977 20.7381
100 135.752 0.377946 0.072958 0.499359 0.313854 9.19839 3.9124
18 14.5087 7.11915 21.7182
100 131.825 0.347421 0.0209415 0.479967 0.365517 9.21596 4.1713
19 14.5087 6.99837 23.3921
100 131.825 0.347421 0.0209415 0.479967 0.365517 9.21596 4.1713
20 16.2629 7.60959 31.3779
100 136.179 0.321307 0.111589 0.503699 0.305258 9.23575 4.25584
21 16.2629 7.4376 36.7436
100 136.179 0.321307 0.111589 0.503699 0.305258 9.23575 4.25584
22 16.2629 8.81113 32.0576
100 136.179 0.321307 0.111589 0.503699 0.305258 9.23575 4.25584
23 16.2629 8.68979 27.9322
100 136.179 0.321307 0.111589 0.503699 0.305258 9.23575 4.25584
24 16.2629 8.96756 23.57
100 136.179 0.321307 0.111589 0.503699 0.305258 9.23575 4.25584
25 17.5471 8.59316 27.5213
113.62 125.507 0.231205 0.000971846 0.477825 0.322735 9.97275 7.05641
26 17.5541 10.5441 24.5954
113.347 126.103 0.217959 0 0.486588 0.321358 9.95187 7.17183
27 17.6458 10.8336 27.676
105.744 128.803 0.256707 0.0895921 0.561858 0.28144 9.2725 4.13922
28 17.6458 9.69061 26.3182
105.744 128.803 0.256707 0.0895921 0.561858 0.28144 9.2725 4.13922
29 17.6532 10.2835 28.0331
111.153 120.213 0.227671 0.00519219 0.478244 0.342553 9.89116 6.99491
30 17.6532 9.66912 20.6064
111.153 120.213 0.227671 0.00519219 0.478244 0.342553 9.89116 6.99491
31 17.6532 10.0807 27.3537
111.153 120.213 0.227671 0.00519219 0.478244 0.342553 9.89116 6.99491
32 17.6532 10.8928 25.3545
111.153 120.213 0.227671 0.00519219 0.478244 0.342553 9.89116 6.99491
33 17.6532 9.59786 31.3203
111.153 120.213 0.227671 0.00519219 0.478244 0.342553 9.89116 6.99491
34 17.6532 10.6206 33.7635
111.153 120.213 0.227671 0.00519219 0.478244 0.342553 9.89116 6.99491
35 17.6532 9.16113 24.7899
111.153 120.213 0.227671 0.00519219 0.478244 0.342553 9.89116 6.99491
36 17.6532 8.86717 27.9716
111.153 120.213 0.227671 0.00519219 0.478244 0.342553 9.89116 6.99491
37 17.6532 9.30089 20.8663
111.153 120.213 0.227671 0.00519219 0.478244 0.342553 9.89116 6.99491
38 17.8079 9.2527 26.236
100 103.015 0.242549 0.11011 0.542563 0.267533 9.88359 7.06644
39 17.8079 9.16696 29.9741
100 103.015 0.242549 0.11011 0.542563 0.267533 9.88359 7.06644
40 17.8079 9.15499 27.5846
100 103.015 0.242549 0.11011 0.542563 0.267533 9.88359 7.06644
41 17.8252 8.78018 28.4765
100.148 102.961 0.231597 0.120671 0.543798 0.2594 9.92263 7.1882
42 17.8252 9.40099 28.9799
100.148 102.961 0.231597 0.120671 0.543798 0.2594 9.92263 7.1882
43 17.8252 11.4187 27.9854
100.148 102.961 0.231597 0.120671 0.543798 0.2594 9.92263 7.1882
44 17.8252 11.3263 30.1921
100.148 102.961 0.231597 0.120671 0.543798 0.2594 9.92263 7.1882
45 17.8252 11.7842 36.4632
100.148 102.961 0.231597 0.120671 0.543798 0.2594 9.92263 7.1882
46 17.8252 11.3066 36.2664
100.148 102.961 0.231597 0.120671 0.543798 0.2594 9.92263 7.1882
47 17.8252 11.4566 38.4697
100.148 102.961 0.231597 0.120671 0.543798 0.2594 9.92263 7.1882
48 17.8252 10.8725 36.3939
100.148 102.961 0.231597 0.120671 0.543798 0.2594 9.92263 7.1882
49 17.8252 10.8427 28.921
100.148 102.961 0.231597 0.120671 0.543798 0.2594 9.92263 7.1882
50 17.8252 9.14734 33.819
100.148 102.961 0.231597 0.120671 0.543798 0.2594 9.92263 7.1882
51 17.8252 8.5167 29.6115
100.148 102.961 0.231597 0.120671 0.543798 0.2594 9.92263 7.1882
52 17.8252 8.13874 30.2672
100.148 102.961 0.231597 0.120671 0.543798 0.2594 9.92263 7.1882
53 17.8252 9.47992 30.8572
100.148 102.961 0.231597 0.120671 0.543798 0.2594 9.92263 7.1882
54 17.8252 9.41527 35.9166
100.148 102.961 0.231597 0.120671 0.543798 0.2594 9.92263 7.1882
55 17.8252 8.71346 34.7621
100.148 102.961 0.231597 0.120671 0.543798 0.2594 9.92263 7.1882
56 17.8252 7.95246 29.1663
100.148 102.961 0.231597 0.120671 0.543798 0.2594 9.92263 7.1882
57 17.8901 9.37638 29.8163
100 104.208 0.279937 0.143469 0.544112 0.246294 9.53663 6.61391
58 17.8901 9.5116 34.5872
100 104.208 0.279937 0.143469 0.544112 0.246294 9.53663 6.61391
59 17.8901 9.3568 35.2329
100 104.208 0.279937 0.143469 0.544112 0.246294 9.53663 6.61391
60 17.8901 9.52459 32.4113
100 104.208 0.279937 0.143469 0.544112 0.246294 9.53663 6.61391
61 17.8901 9.2477 28.2219
100 104.208 0.279937 0.143469 0.544112 0.246294 9.53663 6.61391
62 17.8901 7.96856 27.3306
100 104.208 0.279937 0.143469 0.544112 0.246294 9.53663 6.61391
63 17.9033 7.85371 35.9815
100 102.711 0.27249 0.13849 0.543022 0.251835 9.55678 6.56474
64 17.9033 8.54353 42.8224
100 102.711 0.27249 0.13849 0.543022 0.251835 9.55678 6.56474
65 17.9033 9.19316 34.8798
100 102.711 0.27249 0.13849 0.543022 0.251835 9.55678 6.56474
66 17.9033 8.66029 35.1249
100 102.711 0.27249 0.13849 0.543022 0.251835 9.55678 6.56474
67 18.1309 10.0142 35.0892
100 103.143 0.297199 0.170767 0.514562 0.228692 9.62576 6.87091
68 18.1309 9.57621 27.7777
100 103.143 0.297199 0.170767 0.514562 0.228692 9.62576 6.87091
69 18.1309 8.9953 38.5679
100 103.143 0.297199 0.170767 0.514562 0.228692 9.62576 6.87091
70 18.1309 8.42717 27.9111
100 103.143 0.297199 0.170767 0.514562 0.228692 9.62576 6.87091
71 18.1309 10.5255 24.4537
100 103.143 0.297199 0.170767 0.514562 0.228692 9.62576 6.87091
72 18.1309 8.74714 32.7701
100 103.143 0.297199 0.170767 0.514562 0.228692 9.62576 6.87091
73 18.1309 8.39091 34.5073
100 103.143 0.297199 0.170767 0.514562 0.228692 9.62576 6.87091
74 18.1309 9.70212 34.0865
100 103.143 0.297199 0.170767 0.514562 0.228692 9.62576 6.87091
75 18.1384 9.45538 35.2165
100 103.36 0.30086 0.168595 0.515056 0.230992 9.63179 6.87887
76 18.1384 9.6403 25.0657
100 103.36 0.30086 0.168595 0.515056 0.230992 9.63179 6.87887
77 18.1384 9.72158 25.911
100 103.36 0.30086 0.168595 0.515056 0.230992 9.63179 6.87887
78 18.1384 9.66321 24.0957
100 103.36 0.30086 0.168595 0.515056 0.230992 9.63179 6.87887
79 18.1384 10.7707 27.2523
100 103.36 0.30086 0.168595 0.515056 0.230992 9.63179 6.87887
80 18.1384 10.3774 28.2023
100 103.36 0.30086 0.168595 0.515056 0.230992 9.63179 6.87887
81 18.1384 9.19266 23.9171
100 103.36 0.30086 0.168595 0.515056 0.230992 9.63179 6.87887
82 18.1384 10.3524 24.1615
100 103.36 0.30086 0.168595 0.515056 0.230992 9.63179 6.87887
83 18.1384 10.494 24.073
100 103.36 0.30086 0.168595 0.515056 0.230992 9.63179 6.87887
84 18.1384 10.4873 31.1996
100 103.36 0.30086 0.168595 0.515056 0.230992 9.63179 6.87887
85 18.1384 8.87863 28.8784
100 103.36 0.30086 0.168595 0.515056 0.230992 9.63179 6.87887
86 18.1384 10.1159 30.5799
100 103.36 0.30086 0.168595 0.515056 0.230992 9.63179 6.87887
87 18.1384 9.02494 31.1791
100 103.36 0.30086 0.168595 0.515056 0.230992 9.63179 6.87887
88 18.1384 10.364 33.8938
100 103.36 0.30086 0.168595 0.515056 0.230992 9.63179 6.87887
89 18.1384 10.903 31.585
100 103.36 0.30086 0.168595 0.515056 0.230992 9.63179 6.87887
90 18.1384 9.78183 35.9659
100 103.36 0.30086 0.168595 0.515056 0.230992 9.63179 6.87887
91 18.1384 8.54936 25.1357
100 103.36 0.30086 0.168595 0.515056 0.230992 9.63179 6.87887
92 18.1384 8.47576 27.6398
100 103.36 0.30086 0.168595 0.515056 0.230992 9.63179 6.87887
93 18.1384 8.65909 33.0884
100 103.36 0.30086 0.168595 0.515056 0.230992 9.63179 6.87887
94 18.1384 9.36551 27.8914
100 103.36 0.30086 0.168595 0.515056 0.230992 9.63179 6.87887
95 18.1396 10.0931 33.48
100.019 102.885 0.298258 0.170089 0.513201 0.230123 9.6149 6.88587
96 18.1396 11.6931 29.1502
100.019 102.885 0.298258 0.170089 0.513201 0.230123 9.6149 6.88587
97 18.1396 10.5514 24.87
100.019 102.885 0.298258 0.170089 0.513201 0.230123 9.6149 6.88587
98 18.1396 9.16183 31.9795
100.019 102.885 0.298258 0.170089 0.513201 0.230123 9.6149 6.88587
99 18.1396 8.50069 37.4811
100.019 102.885 0.298258 0.170089 0.513201 0.230123 9.6149 6.88587
100 18.1396 9.8484 32.5327
100.019 102.885 0.298258 0.170089 0.513201 0.230123 9.6149 6.88587
