0 34.0584 5.84617 82.9651
129.563 139.971 0.34018 0.106878 0.338204 0.303833 2.82245 4.9379
1 34.0584 7.75977 125.983
129.563 139.971 0.34018 0.106878 0.338204 0.303833 2.82245 4.9379
2 34.0584 10.9829 154.155
129.563 139.971 0.34018 0.106878 0.338204 0.303833 2.82245 4.9379
3 40.4003 12.9604 211.941
136.993 149.248 0.36559 0.109367 0.209112 0.257718 3.06133 3.96192
4 40.4003 14.3609 184.158
136.993 149.248 0.36559 0.109367 0.209112 0.257718 3.06133 3.96192
5 46.4781 18.1543 250.228
139.016 150.235 0.353756 0.113618 0.1975 0.257386 2.69188 4.11898
6 46.4781 18.617 249.096
139.016 150.235 0.353756 0.113618 0.1975 0.257386 2.69188 4.11898
7 46.9666 19.7378 248.869
138.78 150.026 0.349639 0.110842 0.198963 0.258053 2.64476 3.96537
8 46.9666 21.2717 279.094
138.78 150.026 0.349639 0.110842 0.198963 0.258053 2.64476 3.96537
9 47.3754 22.9622 270.538
138.783 150.041 0.349789 0.110811 0.198924 0.258215 2.64382 3.96355
10 47.3754 24.4847 268.426
138.783 150.041 0.349789 0.110811 0.198924 0.258215 2.64382 3.96355
11 48.3112 25.4454 251.748
138.579 151.083 0.360015 0.0999019 0.164923 0.248078 2.23353 4.07338
12 48.3112 26.4933 288.539
138.579 151.083 0.360015 0.0999019 0.164923 0.248078 2.23353 4.07338
13 50.3974 28.1206 297.816
138.485 150.389 0.339347 0.108793 0.195707 0.26045 2.67755 3.97241
14 50.3974 29.2116 251.073
138.485 150.389 0.339347 0.108793 0.195707 0.26045 2.67755 3.97241
15 50.3974 26.3586 260.864
138.485 150.389 0.339347 0.108793 0.195707 0.26045 2.67755 3.97241
16 50.3974 28.9374 257.644
138.485 150.389 0.339347 0.108793 0.195707 0.26045 2.67755 3.97241
17 50.3974 30.7291 200.429
138.485 150.389 0.339347 0.108793 0.195707 0.26045 2.67755 3.97241
18 50.3974 30.1354 182.797
138.485 150.389 0.339347 0.108793 0.195707 0.26045 2.67755 3.97241
19 50.3974 30.9928 201.485
138.485 150.389 0.339347 0.108793 0.195707 0.26045 2.67755 3.97241
20 50.3974 30.224 247.52
138.485 150.389 0.339347 0.108793 0.195707 0.26045 2.67755 3.97241
21 50.3974 29.21 244.297
138.485 150.389 0.339347 0.108793 0.195707 0.26045 2.67755 3.97241
22 50.3974 30.8599 249.412
138.485 150.389 0.339347 0.108793 0.195707 0.26045 2.67755 3.97241
23 50.3974 30.5526 259.622
138.485 150.389 0.339347 0.108793 0.195707 0.26045 2.67755 3.97241
24 50.3974 30.5517 279.17
138.485 150.389 0.339347 0.108793 0.195707 0.26045 2.67755 3.97241
25 50.3974 33.3997 294.767
138.485 150.389 0.339347 0.108793 0.195707 0.26045 2.67755 3.97241
26 50.3974 33.3211 207.042
138.485 150.389 0.339347 0.108793 0.195707 0.26045 2.67755 3.97241
27 50.3974 32.6954 251.463
138.485 150.389 0.339347 0.108793 0.195707 0.26045 2.67755 3.97241
28 50.3974 33.2819 257.202
138.485 150.389 0.339347 0.108793 0.195707 0.26045 2.67755 3.97241
29 51.8923 34.0729 264.055
140.671 147.486 0.323234 0.13107 0.0278883 0.209727 2.88725 4.35103
30 54.4585 32.3482 283.499
141.155 145.44 0.370821 0.137011 0 0.150604 3.3137 4.45061
31 54.4585 30.3577 269.256
141.155 145.44 0.370821 0.137011 0 0.150604 3.3137 4.45061
32 54.4585 32.986 235.29
141.155 145.44 0.370821 0.137011 0 0.150604 3.3137 4.45061
33 54.4585 32.8327 313.835
141.155 145.44 0.370821 0.137011 0 0.150604 3.3137 4.45061
34 54.4585 30.6708 256.179
141.155 145.44 0.370821 0.137011 0 0.150604 3.3137 4.45061
35 55.1542 31.9876 266.005
146.934 146.889 0.358224 0.212031 0.0674315 0.129978 2.90375 4.57804
36 55.1542 33.7895 275.832
146.934 146.889 0.358224 0.212031 0.0674315 0.129978 2.90375 4.57804
37 55.1542 34.5901 249.665
146.934 146.889 0.358224 0.212031 0.0674315 0.129978 2.90375 4.57804
38 55.4376 35.5997 329.997
163.901 161.594 0.373318 0.324118 0 0.0735772 4.47896 4.94179
39 57.4452 38.8466 322.401
165.322 160.075 0.400101 0.247843 0.01555 0.090795 4.3247 5.06254
40 58.2205 38.8213 350.921
164.662 159.692 0.406449 0.251586 0.00719744 0.102009 4.48466 5.15237
41 58.2205 37.883 273.081
164.662 159.692 0.406449 0.251586 0.00719744 0.102009 4.48466 5.15237
42 58.2205 38.2117 345.914
164.662 159.692 0.406449 0.251586 0.00719744 0.102009 4.48466 5.15237
43 58.2205 40.5441 296.803
164.662 159.692 0.406449 0.251586 0.00719744 0.102009 4.48466 5.15237
44 58.2205 38.4701 340.573
164.662 159.692 0.406449 0.251586 0.00719744 0.102009 4.48466 5.15237
45 58.2205 38.8196 352.843
164.662 159.692 0.406449 0.251586 0.00719744 0.102009 4.48466 5.15237
46 58.2309 37.6914 305.883
165.483 159.629 0.407342 0.247252 0.00371874 0.0995726 4.48218 5.25077
47 58.2309 39.415 227.84
165.483 159.629 0.407342 0.247252 0.00371874 0.0995726 4.48218 5.25077
48 58.2309 37.9744 275.505
165.483 159.629 0.407342 0.247252 0.00371874 0.0995726 4.48218 5.25077
49 58.2309 37.4996 329.069
165.483 159.629 0.407342 0.247252 0.00371874 0.0995726 4.48218 5.25077
50 58.2309 37.5108 352.285
165.483 159.629 0.407342 0.247252 0.00371874 0.0995726 4.48218 5.25077
51 58.2309 34.5784 323.921
165.483 159.629 0.407342 0.247252 0.00371874 0.0995726 4.48218 5.25077
52 58.2309 38.2256 293.007
165.483 159.629 0.407342 0.247252 0.00371874 0.0995726 4.48218 5.25077
53 58.2309 38.1408 296.461
165.483 159.629 0.407342 0.247252 0.00371874 0.0995726 4.48218 5.25077
54 58.2309 41.0633 257.641
165.483 159.629 0.407342 0.247252 0.00371874 0.0995726 4.48218 5.25077
55 58.2309 41.2287 173.205
165.483 159.629 0.407342 0.247252 0.00371874 0.0995726 4.48218 5.25077
56 58.2309 40.3187 229.667
165.483 159.629 0.407342 0.247252 0.00371874 0.0995726 4.48218 5.25077
57 58.2309 39.1758 233.589
165.483 159.629 0.407342 0.247252 0.00371874 0.0995726 4.48218 5.25077
58 58.2309 37.3611 283.158
165.483 159.629 0.407342 0.247252 0.00371874 0.0995726 4.48218 5.25077
59 58.2309 36.608 273.397
165.483 159.629 0.407342 0.247252 0.00371874 0.0995726 4.48218 5.25077
60 58.2309 38.9726 206.245
165.483 159.629 0.407342 0.247252 0.00371874 0.0995726 4.48218 5.25077
61 58.2309 38.5387 250.786
165.483 159.629 0.407342 0.247252 0.00371874 0.0995726 4.48218 5.25077
62 58.2309 38.4785 251.916
165.483 159.629 0.407342 0.247252 0.00371874 0.0995726 4.48218 5.25077
63 58.2309 36.2241 275.666
165.483 159.629 0.407342 0.247252 0.00371874 0.0995726 4.48218 5.25077
64 58.2309 35.7255 262.418
165.483 159.629 0.407342 0.247252 0.00371874 0.0995726 4.48218 5.25077
65 58.2309 32.5229 334.16
165.483 159.629 0.407342 0.247252 0.00371874 0.0995726 4.48218 5.25077
66 58.7692 32.4297 327.446
159.246 151.925 0.403345 0.252614 0 0.0987471 4.48354 5.20447
67 58.7692 27.5492 386.434
159.246 151.925 0.403345 0.252614 0 0.0987471 4.48354 5.20447
68 58.7692 26.8633 365.692
159.246 151.925 0.403345 0.252614 0 0.0987471 4.48354 5.20447
69 58.7692 30.363 394.712
159.246 151.925 0.403345 0.252614 0 0.0987471 4.48354 5.20447
70 58.7692 32.5238 410.755
159.246 151.925 0.403345 0.252614 0 0.0987471 4.48354 5.20447
71 58.7692 37.1306 361.353
159.246 151.925 0.403345 0.252614 0 0.0987471 4.48354 5.20447
72 58.7692 36.7807 350.592
159.246 151.925 0.403345 0.252614 0 0.0987471 4.48354 5.20447
73 58.7692 34.4331 399.608
159.246 151.925 0.403345 0.252614 0 0.0987471 4.48354 5.20447
74 58.7692 35.488 299.347
159.246 151.925 0.403345 0.252614 0 0.0987471 4.48354 5.20447
75 58.7692 37.3259 297.231
159.246 151.925 0.403345 0.252614 0 0.0987471 4.48354 5.20447
76 58.7692 39.5442 242.668
159.246 151.925 0.403345 0.252614 0 0.0987471 4.48354 5.20447
77 58.7692 38.7196 262.056
159.246 151.925 0.403345 0.252614 0 0.0987471 4.48354 5.20447
78 62.8351 35.7444 356.189
147.349 155.936 0.364992 0.313141 0 0.0191913 5.5818 6.19553
79 62.8351 37.0321 336.103
147.349 155.936 0.364992 0.313141 0 0.0191913 5.5818 6.19553
80 62.8351 38.4633 327.817
147.349 155.936 0.364992 0.313141 0 0.0191913 5.5818 6.19553
81 62.8351 37.3399 352.771
147.349 155.936 0.364992 0.313141 0 0.0191913 5.5818 6.19553
82 62.8351 36.5667 260.171
147.349 155.936 0.364992 0.313141 0 0.0191913 5.5818 6.19553
83 62.8351 38.9504 307.399
147.349 155.936 0.364992 0.313141 0 0.0191913 5.5818 6.19553
84 62.8351 37.8164 258.924
147.349 155.936 0.364992 0.313141 0 0.0191913 5.5818 6.19553
85 62.8351 37.704 338.778
147.349 155.936 0.364992 0.313141 0 0.0191913 5.5818 6.19553
86 62.8351 36.3387 336.804
147.349 155.936 0.364992 0.313141 0 0.0191913 5.5818 6.19553
87 62.8351 32.3161 383.29
147.349 155.936 0.364992 0.313141 0 0.0191913 5.5818 6.19553
88 62.8351 36.9817 436.039
147.349 155.936 0.364992 0.313141 0 0.0191913 5.5818 6.19553
89 62.8351 33.5 396.445
147.349 155.936 0.364992 0.313141 0 0.0191913 5.5818 6.19553
90 62.8351 35.4654 343.41
147.349 155.936 0.364992 0.313141 0 0.0191913 5.5818 6.19553
91 62.8351 36.0593 340.955
147.349 155.936 0.364992 0.313141 0 0.0191913 5.5818 6.19553
92 62.8351 33.6673 325.741
147.349 155.936 0.364992 0.313141 0 0.0191913 5.5818 6.19553
93 62.8351 37.3426 339.995
147.349 155.936 0.364992 0.313141 0 0.0191913 5.5818 6.19553
94 62.8351 36.841 369.345
147.349 155.936 0.364992 0.313141 0 0.0191913 5.5818 6.19553
95 62.8351 38.9502 404.472
147.349 155.936 0.364992 0.313141 0 0.0191913 5.5818 6.19553
96 62.8351 36.5642 456.526
147.349 155.936 0.364992 0.313141 0 0.0191913 5.5818 6.19553
97 62.8351 37.868 359.442
147.349 155.936 0.364992 0.313141 0 0.0191913 5.5818 6.19553
98 62.8351 37.5137 407.872
147.349 155.936 0.364992 0.313141 0 0.0191913 5.5818 6.19553
99 62.8351 38.7481 450.295
147.349 155.936 0.364992 0.313141 0 0.0191913 5.5818 6.19553
100 62.8351 36.9646 481.514
147.349 155.936 0.364992 0.313141 0 0.0191913 5.5818 6.19553
