0 16.8545 4.59179 13.6589
103.185 115.998 0.519109 0.1358 0.821283 0.119732 9.93729 1.1856
1 16.8545 5.8655 21.3006
103.185 115.998 0.519109 0.1358 0.821283 0.119732 9.93729 1.1856
2 17.3655 7.13193 34.7428
102.191 109.686 0.570748 0.101546 0.897505 0.25106 9.17752 0.798635
3 17.3655 7.41591 32.1517
102.191 109.686 0.570748 0.101546 0.897505 0.25106 9.17752 0.798635
4 19.4114 8.73876 39.2453
100 115.386 0.482605 0.156003 0.808952 0.102574 9.94906 1.2418
5 20.9836 10.5589 44.1701
100 105.013 0.493502 0.167612 0.951884 0.150634 9.7109 0.827586
6 20.9836 10.7086 40.0404
100 105.013 0.493502 0.167612 0.951884 0.150634 9.7109 0.827586
7 20.9926 11.6192 41.4935
102.967 103.547 0.482291 0.178043 0.923035 0.155209 9.92284 0.569067
8 21.0255 13.1664 40.2975
105.066 103.429 0.477809 0.192825 0.917792 0.152592 10 0.343841
9 21.0255 13.395 43.5847
105.066 103.429 0.477809 0.192825 0.917792 0.152592 10 0.343841
10 21.0629 14.2098 49.4687
103.626 100.229 0.4756 0.196698 0.80824 0.176085 9.52862 0.598536
11 21.9135 14.9605 40.9281
102.484 100 0.555606 0.134592 1 0.116898 9.66673 0
12 21.9135 15.3095 35.6718
102.484 100 0.555606 0.134592 1 0.116898 9.66673 0
13 23.2314 14.6148 43.6931
100 100 0.470585 0.295981 0.904943 0.0121274 9.49697 0.0423482
14 23.2314 14.916 44.1142
100 100 0.470585 0.295981 0.904943 0.0121274 9.49697 0.0423482
15 23.2314 15.4174 46.642
100 100 0.470585 0.295981 0.904943 0.0121274 9.49697 0.0423482
16 23.2314 13.2776 61.1389
100 100 0.470585 0.295981 0.904943 0.0121274 9.49697 0.0423482
17 23.2314 14.0334 62.4664
100 100 0.470585 0.295981 0.904943 0.0121274 9.49697 0.0423482
18 23.2314 13.9279 58.5842
100 100 0.470585 0.295981 0.904943 0.0121274 9.49697 0.0423482
19 23.6388 14.5895 50.1836
100 101.431 0.516285 0.281367 0.886182 0 9.6384 0
20 23.6388 14.6367 45.5128
100 101.431 0.516285 0.281367 0.886182 0 9.6384 0
21 23.6388 13.6557 54.3308
100 101.431 0.516285 0.281367 0.886182 0 9.6384 0
22 23.6388 14.1388 53.2461
100 101.431 0.516285 0.281367 0.886182 0 9.6384 0
23 23.6388 14.3239 53.4027
100 101.431 0.516285 0.281367 0.886182 0 9.6384 0
24 23.6388 14.7146 48.4945
100 101.431 0.516285 0.281367 0.886182 0 9.6384 0
25 24.2359 15.27 42.3045
100 100 0.513942 0.297681 0.884543 0 8.75313 2.03006
26 24.2359 16.5083 46.1001
100 100 0.513942 0.297681 0.884543 0 8.75313 2.03006
27 24.2359 16.7419 41.4808
100 100 0.513942 0.297681 0.884543 0 8.75313 2.03006
28 24.2436 16.7886 42.613
100.659 100.35 0.50976 0.300147 0.88254 0 8.73541 2.03106
29 24.2436 17.4002 31.7298
100.659 100.35 0.50976 0.300147 0.88254 0 8.73541 2.03106
30 24.2436 17.1094 42.7259
100.659 100.35 0.50976 0.300147 0.88254 0 8.73541 2.03106
31 24.2436 16.4059 48.4067
100.659 100.35 0.50976 0.300147 0.88254 0 8.73541 2.03106
32 24.2436 16.4099 49.3863
100.659 100.35 0.50976 0.300147 0.88254 0 8.73541 2.03106
33 24.7487 17.3768 41.9542
100.816 100.475 0.508113 0.300848 0.881082 0.00304845 8.73796 2.05483
34 24.7487 15.3847 51.2013
100.816 100.475 0.508113 0.300848 0.881082 0.00304845 8.73796 2.05483
35 24.7487 14.5676 48.1411
100.816 100.475 0.508113 0.300848 0.881082 0.00304845 8.73796 2.05483
36 24.7487 14.0444 52.8597
100.816 100.475 0.508113 0.300848 0.881082 0.00304845 8.73796 2.05483
37 24.7487 14.6747 57.6487
100.816 100.475 0.508113 0.300848 0.881082 0.00304845 8.73796 2.05483
38 24.7487 14.5812 61.5036
100.816 100.475 0.508113 0.300848 0.881082 0.00304845 8.73796 2.05483
39 24.7487 13.7356 58.6459
100.816 100.475 0.508113 0.300848 0.881082 0.00304845 8.73796 2.05483
40 24.7487 14.7489 52.8298
100.816 100.475 0.508113 0.300848 0.881082 0.00304845 8.73796 2.05483
41 24.7487 14.9673 50.5877
100.816 100.475 0.508113 0.300848 0.881082 0.00304845 8.73796 2.05483
42 24.7487 15.5407 37.4625
100.816 100.475 0.508113 0.300848 0.881082 0.00304845 8.73796 2.05483
43 24.7487 15.8994 32.5266
100.816 100.475 0.508113 0.300848 0.881082 0.00304845 8.73796 2.05483
44 24.7487 16.6285 39.9746
100.816 100.475 0.508113 0.300848 0.881082 0.00304845 8.73796 2.05483
45 24.7487 13.3764 58.6394
100.816 100.475 0.508113 0.300848 0.881082 0.00304845 8.73796 2.05483
46 24.7487 13.4039 54.2837
100.816 100.475 0.508113 0.300848 0.881082 0.00304845 8.73796 2.05483
47 24.7487 14.0943 69.2315
100.816 100.475 0.508113 0.300848 0.881082 0.00304845 8.73796 2.05483
48 24.7487 13.6007 72.8259
100.816 100.475 0.508113 0.300848 0.881082 0.00304845 8.73796 2.05483
49 24.7487 13.1003 73.4901
100.816 100.475 0.508113 0.300848 0.881082 0.00304845 8.73796 2.05483
50 24.7487 14.5884 62.6901
100.816 100.475 0.508113 0.300848 0.881082 0.00304845 8.73796 2.05483
51 24.7487 15.0916 55.5606
100.816 100.475 0.508113 0.300848 0.881082 0.00304845 8.73796 2.05483
52 24.7487 14.4778 68.0827
100.816 100.475 0.508113 0.300848 0.881082 0.00304845 8.73796 2.05483
53 24.7487 16.431 46.9063
100.816 100.475 0.508113 0.300848 0.881082 0.00304845 8.73796 2.05483
54 24.7487 15.7892 65.777
100.816 100.475 0.508113 0.300848 0.881082 0.00304845 8.73796 2.05483
55 24.7487 15.4934 65.4172
100.816 100.475 0.508113 0.300848 0.881082 0.00304845 8.73796 2.05483
56 24.7487 17.2723 48.4931
100.816 100.475 0.508113 0.300848 0.881082 0.00304845 8.73796 2.05483
57 24.7487 17.0758 42.8793
100.816 100.475 0.508113 0.300848 0.881082 0.00304845 8.73796 2.05483
58 24.7487 16.7362 39.8464
100.816 100.475 0.508113 0.300848 0.881082 0.00304845 8.73796 2.05483
59 24.7487 18.3401 29.492
100.816 100.475 0.508113 0.300848 0.881082 0.00304845 8.73796 2.05483
60 24.7487 18.2563 34.0502
100.816 100.475 0.508113 0.300848 0.881082 0.00304845 8.73796 2.05483
61 24.7487 17.9827 31.7682
100.816 100.475 0.508113 0.300848 0.881082 0.00304845 8.73796 2.05483
62 24.7487 17.9991 36.7466
100.816 100.475 0.508113 0.300848 0.881082 0.00304845 8.73796 2.05483
63 24.7487 16.1206 38.5187
100.816 100.475 0.508113 0.300848 0.881082 0.00304845 8.73796 2.05483
64 24.7487 15.7632 55.1563
100.816 100.475 0.508113 0.300848 0.881082 0.00304845 8.73796 2.05483
65 24.7487 14.9215 64.0117
100.816 100.475 0.508113 0.300848 0.881082 0.00304845 8.73796 2.05483
66 24.7487 14.4406 52.6142
100.816 100.475 0.508113 0.300848 0.881082 0.00304845 8.73796 2.05483
67 24.7487 14.6997 63.5046
100.816 100.475 0.508113 0.300848 0.881082 0.00304845 8.73796 2.05483
68 24.7487 14.8321 57.9028
100.816 100.475 0.508113 0.300848 0.881082 0.00304845 8.73796 2.05483
69 24.7487 15.7103 59.9636
100.816 100.475 0.508113 0.300848 0.881082 0.00304845 8.73796 2.05483
70 24.7487 16.005 58.5814
100.816 100.475 0.508113 0.300848 0.881082 0.00304845 8.73796 2.05483
71 24.7487 15.3289 57.2271
100.816 100.475 0.508113 0.300848 0.881082 0.00304845 8.73796 2.05483
72 24.7487 15.1055 49.9358
100.816 100.475 0.508113 0.300848 0.881082 0.00304845 8.73796 2.05483
73 24.7487 15.7533 52.8173
100.816 100.475 0.508113 0.300848 0.881082 0.00304845 8.73796 2.05483
74 24.7487 14.2463 53.6668
100.816 100.475 0.508113 0.300848 0.881082 0.00304845 8.73796 2.05483
75 24.7487 15.1266 58.1555
100.816 100.475 0.508113 0.300848 0.881082 0.00304845 8.73796 2.05483
76 24.7487 15.8017 44.2432
100.816 100.475 0.508113 0.300848 0.881082 0.00304845 8.73796 2.05483
77 24.7487 15.3414 47.4596
100.816 100.475 0.508113 0.300848 0.881082 0.00304845 8.73796 2.05483
78 24.7487 14.6015 50.424
100.816 100.475 0.508113 0.300848 0.881082 0.00304845 8.73796 2.05483
79 24.7487 15.3948 63.4534
100.816 100.475 0.508113 0.300848 0.881082 0.00304845 8.73796 2.05483
80 24.7487 15.7075 63.8271
100.816 100.475 0.508113 0.300848 0.881082 0.00304845 8.73796 2.05483
81 24.7487 16.6718 47.4417
100.816 100.475 0.508113 0.300848 0.881082 0.00304845 8.73796 2.05483
82 24.7487 17.2934 39.1855
100.816 100.475 0.508113 0.300848 0.881082 0.00304845 8.73796 2.05483
83 24.7487 17.2872 49.8963
100.816 100.475 0.508113 0.300848 0.881082 0.00304845 8.73796 2.05483
84 24.7487 15.843 47.1107
100.816 100.475 0.508113 0.300848 0.881082 0.00304845 8.73796 2.05483
85 24.7487 15.097 49.5213
100.816 100.475 0.508113 0.300848 0.881082 0.00304845 8.73796 2.05483
86 24.7487 14.7353 45.1079
100.816 100.475 0.508113 0.300848 0.881082 0.00304845 8.73796 2.05483
87 24.7487 15.1939 43.2629
100.816 100.475 0.508113 0.300848 0.881082 0.00304845 8.73796 2.05483
88 24.7487 15.4326 55.0351
100.816 100.475 0.508113 0.300848 0.881082 0.00304845 8.73796 2.05483
89 24.7487 15.3898 50.279
100.816 100.475 0.508113 0.300848 0.881082 0.00304845 8.73796 2.05483
90 24.7487 14.8451 54.9269
100.816 100.475 0.508113 0.300848 0.881082 0.00304845 8.73796 2.05483
91 24.7487 14.418 51.0648
100.816 100.475 0.508113 0.300848 0.881082 0.00304845 8.73796 2.05483
92 24.7487 15.1674 42.596
100.816 100.475 0.508113 0.300848 0.881082 0.00304845 8.73796 2.05483
93 24.7487 16.1011 37.7735
100.816 100.475 0.508113 0.300848 0.881082 0.00304845 8.73796 2.05483
94 24.7487 14.7175 49.5031
100.816 100.475 0.508113 0.300848 0.881082 0.00304845 8.73796 2.05483
95 24.7487 15.3606 59.6877
100.816 100.475 0.508113 0.300848 0.881082 0.00304845 8.73796 2.05483
96 24.7487 14.1102 61.6822
100.816 100.475 0.508113 0.300848 0.881082 0.00304845 8.73796 2.05483
97 24.7487 14.4709 62.2205
100.816 100.475 0.508113 0.300848 0.881082 0.00304845 8.73796 2.05483
98 24.7487 15.2766 48.3025
100.816 100.475 0.508113 0.300848 0.881082 0.00304845 8.73796 2.05483
99 24.7487 14.9897 58.3668
100.816 100.475 0.508113 0.300848 0.881082 0.00304845 8.73796 2.05483
100 24.7487 14.4936 56.3761
100.816 100.475 0.508113 0.300848 0.881082 0.00304845 8.73796 2.05483
