0 25.6157 2.96421 46.6097
146.905 155.154 0.29054 0.465696 0.107011 0.153333 4.09021 9.03768
1 25.6157 4.17819 68.8076
146.905 155.154 0.29054 0.465696 0.107011 0.153333 4.09021 9.03768
2 26.6815 9.84459 140.626
163.642 200 0.13419 0.201867 0.135336 0.219545 0.438417 8.19479
3 26.6815 9.88304 129.224
163.642 200 0.13419 0.201867 0.135336 0.219545 0.438417 8.19479
4 26.6815 12.5772 143.363
163.642 200 0.13419 0.201867 0.135336 0.219545 0.438417 8.19479
5 27.6646 14.1927 139.252
163.71 197.954 0.163156 0.199551 0.117703 0.218131 0.725581 8.0136
6 28.3884 16.2284 134.019
163.107 197.024 0.167402 0.229223 0.127909 0.200165 0.546961 8.34267
7 28.3884 13.6795 143.63
163.107 197.024 0.167402 0.229223 0.127909 0.200165 0.546961 8.34267
8 28.3884 16.0312 117.715
163.107 197.024 0.167402 0.229223 0.127909 0.200165 0.546961 8.34267
9 28.3884 13.2238 141.878
163.107 197.024 0.167402 0.229223 0.127909 0.200165 0.546961 8.34267
10 28.3884 16.3311 120.4
163.107 197.024 0.167402 0.229223 0.127909 0.200165 0.546961 8.34267
11 28.3884 18.763 118.135
163.107 197.024 0.167402 0.229223 0.127909 0.200165 0.546961 8.34267
12 28.3884 18.1047 130.143
163.107 197.024 0.167402 0.229223 0.127909 0.200165 0.546961 8.34267
13 28.3884 17.9892 119.843
163.107 197.024 0.167402 0.229223 0.127909 0.200165 0.546961 8.34267
14 28.9442 20.4776 88.8529
162.82 197.938 0.173067 0.204832 0.11833 0.197783 0.623463 8.32701
15 28.9442 19.9344 101.179
162.82 197.938 0.173067 0.204832 0.11833 0.197783 0.623463 8.32701
16 28.9442 20.6613 102.005
162.82 197.938 0.173067 0.204832 0.11833 0.197783 0.623463 8.32701
17 28.9442 19.0962 108.312
162.82 197.938 0.173067 0.204832 0.11833 0.197783 0.623463 8.32701
18 28.9442 19.081 116.673
162.82 197.938 0.173067 0.204832 0.11833 0.197783 0.623463 8.32701
19 28.9442 19.3641 111.805
162.82 197.938 0.173067 0.204832 0.11833 0.197783 0.623463 8.32701
20 28.9442 21.3738 86.4526
162.82 197.938 0.173067 0.204832 0.11833 0.197783 0.623463 8.32701
21 28.9442 19.7207 109.191
162.82 197.938 0.173067 0.204832 0.11833 0.197783 0.623463 8.32701
22 28.9442 18.5727 131.355
162.82 197.938 0.173067 0.204832 0.11833 0.197783 0.623463 8.32701
23 28.9442 20.7838 106.183
162.82 197.938 0.173067 0.204832 0.11833 0.197783 0.623463 8.32701
24 28.9442 21.0435 108.528
162.82 197.938 0.173067 0.204832 0.11833 0.197783 0.623463 8.32701
25 28.9442 22.3218 96.0352
162.82 197.938 0.173067 0.204832 0.11833 0.197783 0.623463 8.32701
26 28.9442 19.7092 105.677
162.82 197.938 0.173067 0.204832 0.11833 0.197783 0.623463 8.32701
27 28.9442 21.352 107.846
162.82 197.938 0.173067 0.204832 0.11833 0.197783 0.623463 8.32701
28 28.9442 21.0446 113.078
162.82 197.938 0.173067 0.204832 0.11833 0.197783 0.623463 8.32701
29 28.9442 21.024 95.0183
162.82 197.938 0.173067 0.204832 0.11833 0.197783 0.623463 8.32701
30 28.9442 22.5259 70.3553
162.82 197.938 0.173067 0.204832 0.11833 0.197783 0.623463 8.32701
31 28.9442 23.703 59.7353
162.82 197.938 0.173067 0.204832 0.11833 0.197783 0.623463 8.32701
32 28.9442 21.7849 99.6707
162.82 197.938 0.173067 0.204832 0.11833 0.197783 0.623463 8.32701
33 28.9442 22.298 84.7938
162.82 197.938 0.173067 0.204832 0.11833 0.197783 0.623463 8.32701
34 28.9442 24.3329 54.4998
162.82 197.938 0.173067 0.204832 0.11833 0.197783 0.623463 8.32701
35 28.9442 23.7708 62.6819
162.82 197.938 0.173067 0.204832 0.11833 0.197783 0.623463 8.32701
36 28.9442 20.5945 79.6832
162.82 197.938 0.173067 0.204832 0.11833 0.197783 0.623463 8.32701
37 28.9442 20.3348 98.398
162.82 197.938 0.173067 0.204832 0.11833 0.197783 0.623463 8.32701
38 28.9442 21.8268 84.4008
162.82 197.938 0.173067 0.204832 0.11833 0.197783 0.623463 8.32701
39 28.9442 21.0098 78.0304
162.82 197.938 0.173067 0.204832 0.11833 0.197783 0.623463 8.32701
40 28.9442 20.26 102.155
162.82 197.938 0.173067 0.204832 0.11833 0.197783 0.623463 8.32701
41 28.9442 21.6098 76.8866
162.82 197.938 0.173067 0.204832 0.11833 0.197783 0.623463 8.32701
42 28.9442 23.4233 48.7184
162.82 197.938 0.173067 0.204832 0.11833 0.197783 0.623463 8.32701
43 28.9442 21.8075 89.9697
162.82 197.938 0.173067 0.204832 0.11833 0.197783 0.623463 8.32701
44 29.0725 20.3962 105.899
164.207 199.281 0.173171 0.191524 0.126925 0.206614 0.76776 8.7869
45 29.0725 20.3892 99.0867
164.207 199.281 0.173171 0.191524 0.126925 0.206614 0.76776 8.7869
46 29.0725 20.5359 104.311
164.207 199.281 0.173171 0.191524 0.126925 0.206614 0.76776 8.7869
47 29.0725 20.6735 105.263
164.207 199.281 0.173171 0.191524 0.126925 0.206614 0.76776 8.7869
48 29.0725 22.3393 75.5062
164.207 199.281 0.173171 0.191524 0.126925 0.206614 0.76776 8.7869
49 29.0725 20.8332 103.294
164.207 199.281 0.173171 0.191524 0.126925 0.206614 0.76776 8.7869
50 29.0725 20.9791 86.7328
164.207 199.281 0.173171 0.191524 0.126925 0.206614 0.76776 8.7869
51 29.0725 21.6051 74.6978
164.207 199.281 0.173171 0.191524 0.126925 0.206614 0.76776 8.7869
52 29.0725 24.1808 51.7615
164.207 199.281 0.173171 0.191524 0.126925 0.206614 0.76776 8.7869
53 29.0725 22.9873 47.9187
164.207 199.281 0.173171 0.191524 0.126925 0.206614 0.76776 8.7869
54 29.0725 22.4738 66.0237
164.207 199.281 0.173171 0.191524 0.126925 0.206614 0.76776 8.7869
55 29.0725 22.2716 73.3068
164.207 199.281 0.173171 0.191524 0.126925 0.206614 0.76776 8.7869
56 29.0725 20.4305 94.6781
164.207 199.281 0.173171 0.191524 0.126925 0.206614 0.76776 8.7869
57 29.2507 19.9901 97.811
165.382 199.371 0.174727 0.194521 0.1183 0.210275 0.690246 8.79691
58 29.2507 20.031 104.37
165.382 199.371 0.174727 0.194521 0.1183 0.210275 0.690246 8.79691
59 29.2507 21.7048 86.5329
165.382 199.371 0.174727 0.194521 0.1183 0.210275 0.690246 8.79691
60 29.2507 20.0398 93.1461
165.382 199.371 0.174727 0.194521 0.1183 0.210275 0.690246 8.79691
61 29.2507 19.073 97.024
165.382 199.371 0.174727 0.194521 0.1183 0.210275 0.690246 8.79691
62 29.2507 20.1277 99.2712
165.382 199.371 0.174727 0.194521 0.1183 0.210275 0.690246 8.79691
63 29.2507 20.345 86.1583
165.382 199.371 0.174727 0.194521 0.1183 0.210275 0.690246 8.79691
64 29.2507 20.202 102.769
165.382 199.371 0.174727 0.194521 0.1183 0.210275 0.690246 8.79691
65 29.2507 20.7739 76.2261
165.382 199.371 0.174727 0.194521 0.1183 0.210275 0.690246 8.79691
66 29.2507 20.5602 109.685
165.382 199.371 0.174727 0.194521 0.1183 0.210275 0.690246 8.79691
67 29.2507 20.4212 113.047
165.382 199.371 0.174727 0.194521 0.1183 0.210275 0.690246 8.79691
68 29.2507 21.6062 110.406
165.382 199.371 0.174727 0.194521 0.1183 0.210275 0.690246 8.79691
69 29.2507 22.7687 88.9968
165.382 199.371 0.174727 0.194521 0.1183 0.210275 0.690246 8.79691
70 29.2507 19.3778 109.347
165.382 199.371 0.174727 0.194521 0.1183 0.210275 0.690246 8.79691
71 29.2507 17.8638 121.435
165.382 199.371 0.174727 0.194521 0.1183 0.210275 0.690246 8.79691
72 29.2507 21.0648 88.2627
165.382 199.371 0.174727 0.194521 0.1183 0.210275 0.690246 8.79691
73 29.4194 21.7038 88.127
156.367 198.711 0.17903 0.228184 0.0789622 0.174448 0.034047 8.87667
74 29.4624 23.1518 78.5884
156.745 197.858 0.185082 0.242902 0.066798 0.153686 0.203256 9.03812
75 29.4624 24.216 57.9603
156.745 197.858 0.185082 0.242902 0.066798 0.153686 0.203256 9.03812
76 29.4624 22.56 92.8792
156.745 197.858 0.185082 0.242902 0.066798 0.153686 0.203256 9.03812
77 29.5707 23.671 68.6197
155.901 198.014 0.18127 0.226012 0.0792449 0.172343 0.0236589 8.97576
78 29.5707 25.2141 33.278
155.901 198.014 0.18127 0.226012 0.0792449 0.172343 0.0236589 8.97576
79 29.5707 24.2656 44.0167
155.901 198.014 0.18127 0.226012 0.0792449 0.172343 0.0236589 8.97576
80 29.5707 22.2707 86.4749
155.901 198.014 0.18127 0.226012 0.0792449 0.172343 0.0236589 8.97576
81 29.5707 21.185 73.0748
155.901 198.014 0.18127 0.226012 0.0792449 0.172343 0.0236589 8.97576
82 29.5707 19.1846 121.829
155.901 198.014 0.18127 0.226012 0.0792449 0.172343 0.0236589 8.97576
83 29.5707 20.5989 105.166
155.901 198.014 0.18127 0.226012 0.0792449 0.172343 0.0236589 8.97576
84 29.5707 20.3513 98.7471
155.901 198.014 0.18127 0.226012 0.0792449 0.172343 0.0236589 8.97576
85 29.5707 21.7655 84.2404
155.901 198.014 0.18127 0.226012 0.0792449 0.172343 0.0236589 8.97576
86 29.5707 22.6998 60.2168
155.901 198.014 0.18127 0.226012 0.0792449 0.172343 0.0236589 8.97576
87 29.5707 22.2849 66.2112
155.901 198.014 0.18127 0.226012 0.0792449 0.172343 0.0236589 8.97576
88 29.5707 21.8876 79.4843
155.901 198.014 0.18127 0.226012 0.0792449 0.172343 0.0236589 8.97576
89 29.5707 22.4983 65.0838
155.901 198.014 0.18127 0.226012 0.0792449 0.172343 0.0236589 8.97576
90 29.5707 21.3162 88.6705
155.901 198.014 0.18127 0.226012 0.0792449 0.172343 0.0236589 8.97576
91 29.5707 23.0254 55.1031
155.901 198.014 0.18127 0.226012 0.0792449 0.172343 0.0236589 8.97576
92 29.5707 20.9807 90.1023
155.901 198.014 0.18127 0.226012 0.0792449 0.172343 0.0236589 8.97576
93 29.5707 19.8324 106.2
155.901 198.014 0.18127 0.226012 0.0792449 0.172343 0.0236589 8.97576
94 29.5707 20.6117 104.039
155.901 198.014 0.18127 0.226012 0.0792449 0.172343 0.0236589 8.97576
95 29.5707 20.5058 107.426
155.901 198.014 0.18127 0.226012 0.0792449 0.172343 0.0236589 8.97576
96 29.5707 16.1378 133.226
155.901 198.014 0.18127 0.226012 0.0792449 0.172343 0.0236589 8.97576
97 29.6557 16.1516 144.613
155.621 198.03 0.178868 0.229889 0.0869013 0.168566 0 8.99107
98 29.6557 14.6547 139.712
155.621 198.03 0.178868 0.229889 0.0869013 0.168566 0 8.99107
99 29.6557 20.2134 108.282
155.621 198.03 0.178868 0.229889 0.0869013 0.168566 0 8.99107
100 29.6557 19.1789 122.181
155.621 198.03 0.178868 0.229889 0.0869013 0.168566 0 8.99107
