0 0 0 0 0 0 0 0 0 0 0 0 0 0 0 0 0 0 0 0 
0 0 0 0 0 0 0 0 0 0 0 0 0 0 0 0 0 0 0 0 
0 0 0 0 0 0 0 0 0 0 0 0 0 0 0 0 0 0 0 0 
0 0 0 0 0 0 0 0 0 0 0 0 0 0 0 0 0 0 0 0 
0 0 0 0 0 0 0 0 0 0 0 0 0 0 0 0 0 0 0 0 
0 0 0 0 0 0 0 0 0 0 0 0 0 0 0 0 0 0 0 0 
0 0 0 0 0 0 0 0 0 0 0 0 0 0 0 0 0 0 0 0 
0 0 0 0 0 0 0 0 0 0 0 0 0 0 0 0 0 0 0 0 
0 0 0 0 0 0 0 0 0 0 0 0 0 0 0 0 0 0 0 0 
0 0 0 0 0 0 0 0 0 0 0 0 0 0 0 0 0 0 0 0 
0 0 0 0 0 0 0 0 0 0 0 0 0 0 0 0 0 0 0 0 
0 0 0 0 0 0 0 0 0 0 0 0 0 0 0 0 0 0 0 0 
0 0 0 0 0 0 0 0 0 0 0 0 0 0 0 0 0 0 0 0 
0 0 0 0 0 0 0 0 0 0 0 0 0 0 0 0 0 0 0 0 
0 0 0 0 0 0 0 0 0 0 0 0 0 0 0 0 0 0 0 0 
0 0 0 0 0 0 0 0 0 0 0 0 0 0 0 0 0 0 0 0 
0 0 0 0 0 0 0 0 0 0 0 0 0 0 0 0 0 0 0 0 
0 0 0 0 0 0 0 0 0 0 0 0 0 0 0 0 0 0 0 0 
0 0 0 0 0 0 0 0 0 0 0 0 0 0 0 0 0 0 0 0 
0 0 0 0 0 0 0 0 0 0 0 0 0 0 0 0 0 0 0 0 

0 0 0 0 0 0 0 0 0 0 0 0 0 0 0 0 0 0 0 0 
0 0 0 0 0 0 0 0 0 0 0 0 0 0 0 0 0 0 0 0 
0 0 0 0 0 0 0 0 0 0 0 0 0 0 0 0 0 0 22 0 
0 0 0 0 0 0 0 0 0 0 0 0 0 0 0 0 0 0 15 0 
0 0 0 0 0 0 0 0 0 0 0 0 0 0 0 0 0 1 0 0 
0 0 0 0 0 0 0 0 0 0 0 0 0 0 0 0 0 0 0 0 
0 0 0 0 0 0 0 0 0 0 0 0 0 0 0 0 0 0 0 0 
0 0 0 0 0 0 0 0 0 0 0 0 0 0 0 0 0 0 0 0 
0 0 0 0 0 0 0 0 0 0 0 0 0 0 0 0 0 0 0 0 
0 0 0 0 0 0 0 0 0 0 0 0 0 0 0 0 0 0 0 0 
0 0 0 0 0 0 0 0 0 0 0 0 0 0 0 0 0 0 0 0 
0 0 0 0 0 0 0 0 0 0 0 0 0 0 0 0 0 0 0 0 
0 0 0 0 0 0 0 0 0 0 0 0 0 0 0 0 0 0 0 0 
0 0 0 0 0 0 0 0 0 0 0 0 0 0 0 0 0 0 107 0 
0 0 0 0 0 0 0 0 0 0 0 0 0 0 0 0 0 0 125 125 
0 0 0 0 0 0 0 0 0 0 0 0 0 0 0 0 0 26 125 125 
0 0 0 0 0 0 0 0 0 0 0 0 0 0 0 0 0 104 125 125 
0 0 0 0 0 0 0 0 0 0 0 0 0 0 36 16 0 0 125 125 
0 0 0 0 0 0 0 0 0 0 66 51 64 58 57 60 68 67 105 125 
0 0 0 0 0 0 0 0 0 0 125 125 125 125 125 125 125 125 125 125 

0 0 0 0 0 0 0 0 0 0 0 0 0 0 0 0 0 0 74 0 
0 0 0 0 0 0 0 0 0 0 0 0 0 0 0 0 72 113 0 0 
0 0 0 0 0 0 0 0 0 0 0 0 0 0 0 0 125 125 76 125 
0 0 0 0 0 0 0 0 0 0 0 0 0 0 0 0 121 125 66 16 
0 0 0 0 0 0 0 0 0 0 0 0 0 0 0 0 114 116 84 2 
0 0 0 0 0 0 0 0 0 0 0 0 0 0 0 0 125 125 58 0 
0 0 0 0 0 0 0 0 0 0 0 0 0 0 0 0 125 125 0 0 
0 0 0 0 0 0 0 0 0 0 0 0 0 0 0 24 125 125 39 0 
0 0 0 0 0 0 0 0 0 0 0 0 0 0 0 59 125 125 125 7 
0 0 0 0 0 0 0 0 0 0 0 0 0 0 0 119 125 125 125 36 
0 0 0 0 0 0 0 0 0 0 0 0 0 0 0 125 125 125 125 0 
0 0 0 0 0 0 0 0 0 0 0 0 0 0 37 125 125 125 125 77 
0 0 0 0 0 0 0 0 0 0 0 0 0 0 102 125 125 125 125 125 
0 0 0 0 0 0 0 0 0 0 0 0 0 0 125 125 125 125 125 23 
0 0 0 0 0 0 0 0 0 0 0 0 0 61 125 125 125 125 125 0 
0 0 0 0 0 0 0 0 0 0 0 0 0 125 125 125 125 125 125 0 
0 0 0 0 0 0 0 0 0 0 0 0 7 125 125 125 125 125 125 0 
0 0 0 0 0 0 0 0 0 0 0 0 0 0 125 125 125 125 113 0 
0 0 0 0 0 0 0 0 0 0 0 0 84 69 123 84 103 93 87 125 
0 0 0 0 0 0 0 0 25 7 20 49 100 106 108 111 115 125 125 125 

0 0 0 0 0 0 0 0 0 0 0 0 0 0 0 0 0 0 70 1 
0 0 0 0 0 0 0 0 0 0 0 0 0 0 0 125 125 125 125 125 
0 0 0 0 0 0 0 0 0 0 0 0 0 0 35 125 125 125 88 59 
0 0 0 0 0 0 0 0 0 0 0 0 0 0 125 125 125 125 71 14 
0 0 0 0 0 0 0 0 0 0 0 0 0 0 125 125 125 125 52 8 
0 0 0 0 0 0 0 0 0 0 0 0 0 41 125 125 125 125 89 3 
0 0 0 0 0 0 0 0 0 0 0 0 0 106 125 125 125 125 125 0 
0 0 0 0 0 0 0 0 0 0 0 0 0 125 125 125 125 125 125 0 
0 0 0 0 0 0 0 0 0 0 0 0 0 125 125 125 125 125 125 0 
0 0 0 0 0 0 0 0 0 0 0 0 75 125 125 125 125 125 125 0 
0 0 0 0 0 0 0 0 0 0 0 0 125 125 125 125 125 125 122 0 
0 0 0 0 0 0 0 0 0 0 0 46 125 125 125 125 125 125 44 0 
0 0 0 0 0 0 0 0 0 0 0 125 125 125 125 125 125 125 0 0 
0 0 0 0 0 0 0 0 0 0 56 125 125 125 125 125 125 125 0 0 
0 0 0 0 0 0 0 0 0 3 125 125 125 125 125 125 125 125 0 0 
0 0 0 0 0 0 0 0 0 114 125 125 125 125 125 125 125 58 0 0 
0 0 0 0 0 0 0 0 71 125 125 125 125 125 125 125 125 26 0 0 
0 0 0 0 0 0 0 52 125 125 125 125 125 125 125 125 125 0 0 0 
0 0 0 0 0 0 0 0 0 0 0 0 125 125 125 125 78 93 79 125 
0 0 0 0 0 0 0 0 26 25 57 49 42 74 88 93 68 108 125 125 

0 0 0 0 0 0 0 0 0 0 0 0 0 0 0 0 0 0 61 12 
0 0 0 0 0 0 0 0 0 0 0 0 0 70 125 125 125 125 120 0 
0 0 0 0 0 0 0 0 0 0 0 0 0 125 125 125 125 125 125 0 
0 0 0 0 0 0 0 0 0 0 0 0 33 125 125 125 125 125 56 0 
0 0 0 0 0 0 0 0 0 0 0 0 125 125 125 125 125 125 54 0 
0 0 0 0 0 0 0 0 0 0 0 0 125 125 125 125 125 125 20 0 
0 0 0 0 0 0 0 0 0 0 0 90 125 125 125 125 125 125 0 0 
0 0 0 0 0 0 0 0 0 0 0 125 125 125 125 125 125 125 0 0 
0 0 0 0 0 0 0 0 0 0 9 125 125 125 125 125 125 111 0 0 
0 0 0 0 0 0 0 0 0 0 125 125 125 125 125 125 125 40 0 0 
0 0 0 0 0 0 0 0 0 0 125 125 125 125 125 125 125 0 0 0 
0 0 0 0 0 0 0 0 0 119 125 125 125 125 125 125 125 0 0 0 
0 0 0 0 0 0 0 0 43 125 125 125 125 125 125 125 106 0 0 0 
0 0 0 0 0 0 0 0 125 125 125 125 125 125 125 125 69 0 0 0 
0 0 0 0 0 0 0 111 125 125 125 125 125 125 125 125 11 0 0 0 
0 0 0 0 0 0 71 125 125 125 125 125 125 125 125 125 0 0 0 0 
0 0 0 0 0 36 125 125 125 125 125 125 125 125 125 101 0 0 0 0 
0 0 0 0 5 125 125 125 125 125 125 125 125 125 125 55 40 52 19 0 
0 0 0 0 125 125 125 125 125 125 125 125 125 125 125 81 63 33 24 0 
0 0 0 125 125 0 0 0 33 52 71 55 96 78 107 110 80 42 125 0 

0 0 0 0 0 0 0 0 0 0 0 0 0 0 0 0 0 0 0 0 
