0 4.38488 0.467381 1.77353
109.464 118.101 0.0782253 0.40742 0.309748 0.664797 7.34354 9.19991
1 7.21291 1.04753 4.56911
113.548 103.749 0.0553642 0.4234 0.315525 0.688825 7.13129 9.50691
2 8.62856 1.98903 10.1602
112.135 103.535 0.0656414 0.423048 0.311344 0.697797 7.10081 9.35889
3 8.65862 2.91281 14.6002
108.252 119.469 0.0812567 0.398876 0.29636 0.682137 7.00873 9.13929
4 11.503 3.34381 18.8495
108.736 130.105 0.00352425 0.379611 0.280141 0.663203 7.62978 9.1222
5 11.503 3.21586 15.9315
108.736 130.105 0.00352425 0.379611 0.280141 0.663203 7.62978 9.1222
6 12.9443 3.85438 20.3654
200 133.315 0.305622 0.496721 0.201854 0.155781 9.43224 3.23447
7 12.9443 4.48284 19.6126
200 133.315 0.305622 0.496721 0.201854 0.155781 9.43224 3.23447
8 13.1178 4.92192 23.5434
195.555 115.556 0.375107 0.316027 0.168513 0.0852093 9.75914 4.90977
9 16.1963 6.52409 28.6669
187.426 100 0.315594 0.315898 0.180745 0 9.44547 3.99022
10 17.1693 6.39391 33.3276
179.858 100 0.271341 0.215957 0.22318 0 8.82241 4.61711
11 17.9231 7.58199 43.7311
185.063 100 0.296865 0.2999 0.144879 0.00588975 9.88253 4.66155
12 17.9231 9.93311 46.958
185.063 100 0.296865 0.2999 0.144879 0.00588975 9.88253 4.66155
13 17.9231 9.30398 52.2795
185.063 100 0.296865 0.2999 0.144879 0.00588975 9.88253 4.66155
14 17.9231 10.1292 53.9485
185.063 100 0.296865 0.2999 0.144879 0.00588975 9.88253 4.66155
15 17.9231 10.3738 56.6477
185.063 100 0.296865 0.2999 0.144879 0.00588975 9.88253 4.66155
16 17.9231 10.0432 46.4501
185.063 100 0.296865 0.2999 0.144879 0.00588975 9.88253 4.66155
17 17.9231 9.46716 45.1544
185.063 100 0.296865 0.2999 0.144879 0.00588975 9.88253 4.66155
18 18.055 10.5636 46.8579
176.671 100 0.3041 0.275451 0 0 10 3.40362
19 18.055 9.97205 44.9341
176.671 100 0.3041 0.275451 0 0 10 3.40362
20 18.055 11.3769 48.0135
176.671 100 0.3041 0.275451 0 0 10 3.40362
21 18.055 11.6535 36.5406
176.671 100 0.3041 0.275451 0 0 10 3.40362
22 18.0836 12.2008 36.1643
176.669 100 0.303135 0.276176 0 0.000227041 9.98712 3.40339
23 18.0836 11.4442 34.1966
176.669 100 0.303135 0.276176 0 0.000227041 9.98712 3.40339
24 18.287 12.7463 35.2074
167.826 100 0.283562 0.288967 0.0255524 0 9.30586 3.92283
25 20.347 13.3014 39.2209
178.801 100 0.381248 0.40541 0 0 8.19183 4.1956
26 20.3563 11.2602 56.8668
178.805 100.469 0.377024 0.40484 0.000369873 0 8.16077 4.24516
27 20.3563 11.4796 55.9868
178.805 100.469 0.377024 0.40484 0.000369873 0 8.16077 4.24516
28 20.3563 10.4232 46.1465
178.805 100.469 0.377024 0.40484 0.000369873 0 8.16077 4.24516
29 20.4695 11.2253 55.7035
180.613 100 0.37522 0.373662 0 0.00299578 7.96584 4.30617
30 20.5115 9.07538 59.8647
180.769 100 0.370317 0.366126 0 0 8.06951 4.37545
31 20.5115 9.69147 52.2347
180.769 100 0.370317 0.366126 0 0 8.06951 4.37545
32 20.5115 10.0533 55.6563
180.769 100 0.370317 0.366126 0 0 8.06951 4.37545
33 20.5115 10.5005 51.7827
180.769 100 0.370317 0.366126 0 0 8.06951 4.37545
34 20.5115 10.5034 45.9539
180.769 100 0.370317 0.366126 0 0 8.06951 4.37545
35 20.5115 9.83511 49.2033
180.769 100 0.370317 0.366126 0 0 8.06951 4.37545
36 21.6036 10.435 59.0615
171.934 101.482 0.40656 0.2933 0 0 8.64262 4.77158
37 21.6036 10.5025 53.1314
171.934 101.482 0.40656 0.2933 0 0 8.64262 4.77158
38 21.6036 9.7793 55.939
171.934 101.482 0.40656 0.2933 0 0 8.64262 4.77158
39 21.6036 10.909 56.8163
171.934 101.482 0.40656 0.2933 0 0 8.64262 4.77158
40 21.6036 12.9219 48.068
171.934 101.482 0.40656 0.2933 0 0 8.64262 4.77158
41 21.6584 13.8177 53.3171
169.548 100.627 0.337553 0.391158 0 0.120671 8.17104 4.4562
42 21.92 11.7788 63.9129
176.868 102.955 0.321812 0.381792 0.054533 0 6.62991 4.24928
43 21.92 12.648 49.7606
176.868 102.955 0.321812 0.381792 0.054533 0 6.62991 4.24928
44 21.92 10.8318 53.7204
176.868 102.955 0.321812 0.381792 0.054533 0 6.62991 4.24928
45 21.92 8.24341 54.4346
176.868 102.955 0.321812 0.381792 0.054533 0 6.62991 4.24928
46 21.92 9.54989 51.0638
176.868 102.955 0.321812 0.381792 0.054533 0 6.62991 4.24928
47 21.92 8.16369 46.731
176.868 102.955 0.321812 0.381792 0.054533 0 6.62991 4.24928
48 21.92 7.80333 47.1552
176.868 102.955 0.321812 0.381792 0.054533 0 6.62991 4.24928
49 21.92 9.17923 44.0865
176.868 102.955 0.321812 0.381792 0.054533 0 6.62991 4.24928
50 21.92 10.1122 53.2537
176.868 102.955 0.321812 0.381792 0.054533 0 6.62991 4.24928
51 21.92 10.6899 55.4764
176.868 102.955 0.321812 0.381792 0.054533 0 6.62991 4.24928
52 21.92 8.41048 44.3574
176.868 102.955 0.321812 0.381792 0.054533 0 6.62991 4.24928
53 21.92 9.5462 51.1883
176.868 102.955 0.321812 0.381792 0.054533 0 6.62991 4.24928
54 21.92 9.92307 66.7917
176.868 102.955 0.321812 0.381792 0.054533 0 6.62991 4.24928
55 21.92 10.2598 59.3178
176.868 102.955 0.321812 0.381792 0.054533 0 6.62991 4.24928
56 21.92 10.1402 59.1637
176.868 102.955 0.321812 0.381792 0.054533 0 6.62991 4.24928
57 21.92 9.75416 68.0764
176.868 102.955 0.321812 0.381792 0.054533 0 6.62991 4.24928
58 21.92 8.54333 60.6041
176.868 102.955 0.321812 0.381792 0.054533 0 6.62991 4.24928
59 21.92 8.82621 69.8644
176.868 102.955 0.321812 0.381792 0.054533 0 6.62991 4.24928
60 21.92 8.95298 63.5851
176.868 102.955 0.321812 0.381792 0.054533 0 6.62991 4.24928
61 21.92 10.4363 68.3389
176.868 102.955 0.321812 0.381792 0.054533 0 6.62991 4.24928
62 21.92 10.756 69.5546
176.868 102.955 0.321812 0.381792 0.054533 0 6.62991 4.24928
63 21.92 11.6781 61.9458
176.868 102.955 0.321812 0.381792 0.054533 0 6.62991 4.24928
64 23.0858 12.387 53.0058
181.001 102.906 0.343586 0.428096 0 0 6.12702 3.13377
65 23.0858 11.8288 57.3704
181.001 102.906 0.343586 0.428096 0 0 6.12702 3.13377
66 23.0858 11.1105 55.8018
181.001 102.906 0.343586 0.428096 0 0 6.12702 3.13377
67 23.0858 11.2015 61.6685
181.001 102.906 0.343586 0.428096 0 0 6.12702 3.13377
68 23.0858 9.3052 63.4653
181.001 102.906 0.343586 0.428096 0 0 6.12702 3.13377
69 23.0858 9.03387 53.647
181.001 102.906 0.343586 0.428096 0 0 6.12702 3.13377
70 23.0858 10.6314 68.6827
181.001 102.906 0.343586 0.428096 0 0 6.12702 3.13377
71 23.0858 10.3364 72.0738
181.001 102.906 0.343586 0.428096 0 0 6.12702 3.13377
72 23.0858 7.71141 59.5104
181.001 102.906 0.343586 0.428096 0 0 6.12702 3.13377
73 23.0858 8.3242 68.8946
181.001 102.906 0.343586 0.428096 0 0 6.12702 3.13377
74 23.0858 7.3965 59.8767
181.001 102.906 0.343586 0.428096 0 0 6.12702 3.13377
75 23.0858 8.16723 65.5629
181.001 102.906 0.343586 0.428096 0 0 6.12702 3.13377
76 23.0858 8.34758 66.8482
181.001 102.906 0.343586 0.428096 0 0 6.12702 3.13377
77 23.0858 8.68252 66.467
181.001 102.906 0.343586 0.428096 0 0 6.12702 3.13377
78 23.0858 7.58757 67.5732
181.001 102.906 0.343586 0.428096 0 0 6.12702 3.13377
79 23.0858 8.48131 77.1094
181.001 102.906 0.343586 0.428096 0 0 6.12702 3.13377
80 23.0858 5.70466 59.81
181.001 102.906 0.343586 0.428096 0 0 6.12702 3.13377
81 23.0858 8.78308 66.5341
181.001 102.906 0.343586 0.428096 0 0 6.12702 3.13377
82 23.1139 9.80335 81.1976
180.294 102.827 0.345628 0.422767 0 0 6.08468 3.10958
83 23.1139 9.27414 67.7092
180.294 102.827 0.345628 0.422767 0 0 6.08468 3.10958
84 23.1139 7.335 64.142
180.294 102.827 0.345628 0.422767 0 0 6.08468 3.10958
85 23.1139 9.02051 60.2594
180.294 102.827 0.345628 0.422767 0 0 6.08468 3.10958
86 23.1139 9.69056 56.2052
180.294 102.827 0.345628 0.422767 0 0 6.08468 3.10958
87 23.1139 9.47337 60.5918
180.294 102.827 0.345628 0.422767 0 0 6.08468 3.10958
88 23.1139 9.14998 73.4409
180.294 102.827 0.345628 0.422767 0 0 6.08468 3.10958
89 23.1139 7.8069 76.3924
180.294 102.827 0.345628 0.422767 0 0 6.08468 3.10958
90 23.1139 8.2471 79.914
180.294 102.827 0.345628 0.422767 0 0 6.08468 3.10958
91 23.1139 6.46204 61.3008
180.294 102.827 0.345628 0.422767 0 0 6.08468 3.10958
92 23.1139 6.66387 57.4369
180.294 102.827 0.345628 0.422767 0 0 6.08468 3.10958
93 23.1139 9.7648 59.6856
180.294 102.827 0.345628 0.422767 0 0 6.08468 3.10958
94 23.1139 10.4605 54.8831
180.294 102.827 0.345628 0.422767 0 0 6.08468 3.10958
95 23.1139 8.86167 56.2636
180.294 102.827 0.345628 0.422767 0 0 6.08468 3.10958
96 23.1139 7.81658 56.6415
180.294 102.827 0.345628 0.422767 0 0 6.08468 3.10958
97 23.1139 8.39933 68.6416
180.294 102.827 0.345628 0.422767 0 0 6.08468 3.10958
98 23.1139 9.10652 72.9116
180.294 102.827 0.345628 0.422767 0 0 6.08468 3.10958
99 23.1139 7.08432 64.6459
180.294 102.827 0.345628 0.422767 0 0 6.08468 3.10958
100 23.1139 8.9339 64.0033
180.294 102.827 0.345628 0.422767 0 0 6.08468 3.10958
