0 4.33805 0.304403 0.907747
191.256 102.244 0.00408272 0.117438 0.618209 0.755073 3.44733 5.85652
1 9.96544 1.36434 8.00973
141.046 163.115 0.299456 0 0.0900872 0.257511 0.525959 1.20232
2 9.96544 2.14781 11.7519
141.046 163.115 0.299456 0 0.0900872 0.257511 0.525959 1.20232
3 12.7949 3.00319 18.6029
141.468 166.865 0.270609 0 0.142449 0.31011 0.055516 1.7548
4 12.7949 1.7199 13.4714
141.468 166.865 0.270609 0 0.142449 0.31011 0.055516 1.7548
5 12.7949 2.8676 21.6196
141.468 166.865 0.270609 0 0.142449 0.31011 0.055516 1.7548
6 12.8111 2.9482 22.3031
172.965 168.785 0.582007 0 0.144205 0.266442 0.663048 3.10664
7 15.6427 3.44395 27.0478
150.45 166.004 0.317832 0 0.175408 0.437355 0 2.01489
8 15.6427 3.59228 30.0294
150.45 166.004 0.317832 0 0.175408 0.437355 0 2.01489
9 15.6427 3.41014 27.7294
150.45 166.004 0.317832 0 0.175408 0.437355 0 2.01489
10 15.6427 3.27555 27.1198
150.45 166.004 0.317832 0 0.175408 0.437355 0 2.01489
11 15.6427 2.77088 29.8232
150.45 166.004 0.317832 0 0.175408 0.437355 0 2.01489
12 15.6427 3.27476 35.0009
150.45 166.004 0.317832 0 0.175408 0.437355 0 2.01489
13 15.6547 5.72038 39.4056
153.753 168.992 0.232804 0 0.219572 0.417875 0.331006 2.32054
14 21.6077 6.4576 60.7237
124.017 167.324 0.324183 0.0211854 0.0580242 0.0563877 5.05226 3.2796
15 21.6077 5.58565 65.5013
124.017 167.324 0.324183 0.0211854 0.0580242 0.0563877 5.05226 3.2796
16 21.6077 7.43119 69.2026
124.017 167.324 0.324183 0.0211854 0.0580242 0.0563877 5.05226 3.2796
17 22.926 8.85865 83.2891
125.071 173.349 0.333212 0.0138495 0.0682784 0.0301159 4.40814 4.06377
18 22.926 6.72125 74.5288
125.071 173.349 0.333212 0.0138495 0.0682784 0.0301159 4.40814 4.06377
19 24.5946 8.51341 99.3051
133.235 154.047 0.305638 0.0216993 0 0.0533892 6.50926 3.15835
20 24.5946 7.53801 93.5982
133.235 154.047 0.305638 0.0216993 0 0.0533892 6.50926 3.15835
21 25.721 9.01965 113.607
105.073 177.824 0.304441 0.0137641 0.174213 0.0565135 8.01057 4.88275
22 26.0257 11.4049 108.668
114.97 157.635 0.267617 0.0255644 0.00978848 0.149671 6.01522 3.83849
23 26.0257 11.7593 125.166
114.97 157.635 0.267617 0.0255644 0.00978848 0.149671 6.01522 3.83849
24 26.0257 14.2121 117.663
114.97 157.635 0.267617 0.0255644 0.00978848 0.149671 6.01522 3.83849
25 26.0257 9.67086 102.856
114.97 157.635 0.267617 0.0255644 0.00978848 0.149671 6.01522 3.83849
26 26.0257 13.2809 92.3576
114.97 157.635 0.267617 0.0255644 0.00978848 0.149671 6.01522 3.83849
27 26.1606 14.4 119.392
116.98 182.604 0.267453 0.0138762 0.000803678 0.10214 10 4.71866
28 26.1634 12.4178 137.223
114.159 186.673 0.275283 0.0233359 0 0.110042 9.63729 4.67324
29 26.2399 12.1365 124.617
116.999 181.927 0.269574 0.015474 0.00435477 0.103056 10 4.75054
30 27.2731 13.9386 133.641
105.109 173.186 0.223612 0.0757298 0.0458164 0.0471624 9.51952 4.47702
31 27.2731 14.5625 128.743
105.109 173.186 0.223612 0.0757298 0.0458164 0.0471624 9.51952 4.47702
32 27.5639 14.056 130.816
104.631 172.358 0.227 0.0762941 0.0632425 0.0478336 9.77763 4.3434
33 27.5639 13.0867 130.296
104.631 172.358 0.227 0.0762941 0.0632425 0.0478336 9.77763 4.3434
34 27.5639 17.1272 140.297
104.631 172.358 0.227 0.0762941 0.0632425 0.0478336 9.77763 4.3434
35 29.5283 17.4338 130.397
100 179.076 0.130499 0.140635 0.12871 0 8.576 4.49532
36 29.5283 17.5219 125.005
100 179.076 0.130499 0.140635 0.12871 0 8.576 4.49532
37 29.5283 18.3757 115.839
100 179.076 0.130499 0.140635 0.12871 0 8.576 4.49532
38 30.4671 15.873 134.305
100.334 160.732 0.181486 0.118178 0.0585827 0.0501861 9.83319 4.1327
39 30.4671 14.8533 160.224
100.334 160.732 0.181486 0.118178 0.0585827 0.0501861 9.83319 4.1327
40 30.4671 15.9973 146.002
100.334 160.732 0.181486 0.118178 0.0585827 0.0501861 9.83319 4.1327
41 30.4671 17.2896 130.734
100.334 160.732 0.181486 0.118178 0.0585827 0.0501861 9.83319 4.1327
42 30.4671 19.9074 104.886
100.334 160.732 0.181486 0.118178 0.0585827 0.0501861 9.83319 4.1327
43 31.4333 19.076 136.655
100.147 161.748 0.185471 0.118905 0.0614216 0.0597104 9.90012 4.12257
44 31.4333 19.9342 114.563
100.147 161.748 0.185471 0.118905 0.0614216 0.0597104 9.90012 4.12257
45 31.4333 17.0248 148.688
100.147 161.748 0.185471 0.118905 0.0614216 0.0597104 9.90012 4.12257
46 31.4333 15.9511 145.054
100.147 161.748 0.185471 0.118905 0.0614216 0.0597104 9.90012 4.12257
47 31.4333 15.629 131.994
100.147 161.748 0.185471 0.118905 0.0614216 0.0597104 9.90012 4.12257
48 31.4333 16.025 137.12
100.147 161.748 0.185471 0.118905 0.0614216 0.0597104 9.90012 4.12257
49 31.4333 14.7876 141.598
100.147 161.748 0.185471 0.118905 0.0614216 0.0597104 9.90012 4.12257
50 31.4455 15.467 150.225
100 162.167 0.19456 0.116471 0.0657484 0.0604427 9.84431 4.12911
51 31.4455 16.0073 154.705
100 162.167 0.19456 0.116471 0.0657484 0.0604427 9.84431 4.12911
52 31.4455 16.2582 155.229
100 162.167 0.19456 0.116471 0.0657484 0.0604427 9.84431 4.12911
53 31.4455 16.3792 159.224
100 162.167 0.19456 0.116471 0.0657484 0.0604427 9.84431 4.12911
54 32.8051 19.8412 153.494
100.234 162.489 0.188262 0.119575 0.0743983 0.0699724 9.91029 4.13915
55 34.7891 19.3687 162.612
100.237 164.08 0.190545 0.123691 0.0847008 0.0678421 10 3.94057
56 34.7891 17.0107 161.578
100.237 164.08 0.190545 0.123691 0.0847008 0.0678421 10 3.94057
57 34.7891 19.9534 125.556
100.237 164.08 0.190545 0.123691 0.0847008 0.0678421 10 3.94057
58 34.7891 19.0043 140.74
100.237 164.08 0.190545 0.123691 0.0847008 0.0678421 10 3.94057
59 34.7891 19.3291 144.073
100.237 164.08 0.190545 0.123691 0.0847008 0.0678421 10 3.94057
60 34.7891 20.168 138.981
100.237 164.08 0.190545 0.123691 0.0847008 0.0678421 10 3.94057
61 34.7891 17.3412 148.876
100.237 164.08 0.190545 0.123691 0.0847008 0.0678421 10 3.94057
62 34.7891 18.8468 136.977
100.237 164.08 0.190545 0.123691 0.0847008 0.0678421 10 3.94057
63 34.7891 18.5836 136.357
100.237 164.08 0.190545 0.123691 0.0847008 0.0678421 10 3.94057
64 34.7891 20.9118 120.911
100.237 164.08 0.190545 0.123691 0.0847008 0.0678421 10 3.94057
65 34.7891 19.9491 132.849
100.237 164.08 0.190545 0.123691 0.0847008 0.0678421 10 3.94057
66 34.7891 19.0173 139.659
100.237 164.08 0.190545 0.123691 0.0847008 0.0678421 10 3.94057
67 34.7891 18.9107 149.255
100.237 164.08 0.190545 0.123691 0.0847008 0.0678421 10 3.94057
68 34.7891 21.4123 122.917
100.237 164.08 0.190545 0.123691 0.0847008 0.0678421 10 3.94057
69 34.7891 17.9971 139.754
100.237 164.08 0.190545 0.123691 0.0847008 0.0678421 10 3.94057
70 34.7891 17.5155 173.56
100.237 164.08 0.190545 0.123691 0.0847008 0.0678421 10 3.94057
71 34.7891 16.7314 179.374
100.237 164.08 0.190545 0.123691 0.0847008 0.0678421 10 3.94057
72 34.7891 17.3895 158.174
100.237 164.08 0.190545 0.123691 0.0847008 0.0678421 10 3.94057
73 34.7891 19.1934 150.785
100.237 164.08 0.190545 0.123691 0.0847008 0.0678421 10 3.94057
74 34.7891 18.0231 156.288
100.237 164.08 0.190545 0.123691 0.0847008 0.0678421 10 3.94057
75 34.7891 16.449 175.595
100.237 164.08 0.190545 0.123691 0.0847008 0.0678421 10 3.94057
76 34.7891 13.9702 170.548
100.237 164.08 0.190545 0.123691 0.0847008 0.0678421 10 3.94057
77 34.7891 16.847 160.865
100.237 164.08 0.190545 0.123691 0.0847008 0.0678421 10 3.94057
78 34.7891 19.226 125.981
100.237 164.08 0.190545 0.123691 0.0847008 0.0678421 10 3.94057
79 34.7891 18.4902 144.676
100.237 164.08 0.190545 0.123691 0.0847008 0.0678421 10 3.94057
80 34.7891 16.8891 154.098
100.237 164.08 0.190545 0.123691 0.0847008 0.0678421 10 3.94057
81 34.7891 20.5648 125.395
100.237 164.08 0.190545 0.123691 0.0847008 0.0678421 10 3.94057
82 34.7891 19.2951 132.652
100.237 164.08 0.190545 0.123691 0.0847008 0.0678421 10 3.94057
83 34.7891 20.7318 117.789
100.237 164.08 0.190545 0.123691 0.0847008 0.0678421 10 3.94057
84 34.7891 20.6662 112.563
100.237 164.08 0.190545 0.123691 0.0847008 0.0678421 10 3.94057
85 34.7891 21.1907 95.504
100.237 164.08 0.190545 0.123691 0.0847008 0.0678421 10 3.94057
86 34.7891 20.5561 107.417
100.237 164.08 0.190545 0.123691 0.0847008 0.0678421 10 3.94057
87 34.7891 15.0522 161.761
100.237 164.08 0.190545 0.123691 0.0847008 0.0678421 10 3.94057
88 34.7891 15.2172 171.497
100.237 164.08 0.190545 0.123691 0.0847008 0.0678421 10 3.94057
89 34.7891 14.4512 167.071
100.237 164.08 0.190545 0.123691 0.0847008 0.0678421 10 3.94057
90 34.7891 15.115 179.682
100.237 164.08 0.190545 0.123691 0.0847008 0.0678421 10 3.94057
91 34.7891 17.1735 163.859
100.237 164.08 0.190545 0.123691 0.0847008 0.0678421 10 3.94057
92 34.7891 18.6968 143.092
100.237 164.08 0.190545 0.123691 0.0847008 0.0678421 10 3.94057
93 34.7891 18.1124 168.461
100.237 164.08 0.190545 0.123691 0.0847008 0.0678421 10 3.94057
94 34.7891 17.0005 153.479
100.237 164.08 0.190545 0.123691 0.0847008 0.0678421 10 3.94057
95 34.7891 16.8719 164.577
100.237 164.08 0.190545 0.123691 0.0847008 0.0678421 10 3.94057
96 34.7891 17.6594 148.071
100.237 164.08 0.190545 0.123691 0.0847008 0.0678421 10 3.94057
97 34.7891 19.1046 129.885
100.237 164.08 0.190545 0.123691 0.0847008 0.0678421 10 3.94057
98 34.7891 16.7516 151.45
100.237 164.08 0.190545 0.123691 0.0847008 0.0678421 10 3.94057
99 34.7891 19.7869 134.012
100.237 164.08 0.190545 0.123691 0.0847008 0.0678421 10 3.94057
100 34.7891 18.1646 137.41
100.237 164.08 0.190545 0.123691 0.0847008 0.0678421 10 3.94057
