0 23.6701 2.19769 31.6643
157.113 154.483 0.214741 0.067196 0.0266743 0.260812 8.91004 3.40285
1 23.6701 3.51315 54.152
157.113 154.483 0.214741 0.067196 0.0266743 0.260812 8.91004 3.40285
2 23.6701 5.90502 89.3572
157.113 154.483 0.214741 0.067196 0.0266743 0.260812 8.91004 3.40285
3 25.7461 7.67726 104.38
146.973 147.314 0.305947 0.103177 0.136479 0.0753901 10 2.81361
4 25.7695 9.72319 114.245
147.38 150.564 0.31452 0.127524 0.141837 0.0645487 10 3.14122
5 26.0613 10.8314 113.483
149.665 149.273 0.30611 0.132269 0.12747 0.113741 10 3.25836
6 26.0613 12.0889 123.342
149.665 149.273 0.30611 0.132269 0.12747 0.113741 10 3.25836
7 26.0613 13.3247 113.905
149.665 149.273 0.30611 0.132269 0.12747 0.113741 10 3.25836
8 26.0613 14.4087 110.5
149.665 149.273 0.30611 0.132269 0.12747 0.113741 10 3.25836
9 26.5577 14.889 127.547
164.371 183.928 0.272267 0.239637 0.0766882 0.194326 8.66011 1.89378
10 26.573 17.7579 118.145
163.373 184.286 0.272549 0.235948 0.0780146 0.203655 8.64016 1.89807
11 26.573 17.7756 107.988
163.373 184.286 0.272549 0.235948 0.0780146 0.203655 8.64016 1.89807
12 26.7741 17.9006 95.0406
167.177 182.235 0.237927 0.236288 0.0642206 0.210722 8.90169 2.56654
13 26.7741 17.5446 102.426
167.177 182.235 0.237927 0.236288 0.0642206 0.210722 8.90169 2.56654
14 26.7776 17.1303 111.273
173.072 195.226 0.288196 0.209555 0.0105731 0.272395 8.67521 2.0617
15 27.0628 17.0818 99.7061
162.308 183.536 0.24897 0.217319 0.0652208 0.214611 8.71702 2.73756
16 27.0628 17.8445 93.5519
162.308 183.536 0.24897 0.217319 0.0652208 0.214611 8.71702 2.73756
17 27.0628 16.8974 90.241
162.308 183.536 0.24897 0.217319 0.0652208 0.214611 8.71702 2.73756
18 27.723 17.626 102.351
173.052 197.508 0.277395 0.186222 0 0.270373 8.56049 2.10527
19 27.723 16.6592 112.318
173.052 197.508 0.277395 0.186222 0 0.270373 8.56049 2.10527
20 27.723 16.0467 104.03
173.052 197.508 0.277395 0.186222 0 0.270373 8.56049 2.10527
21 27.723 16.2585 90.4245
173.052 197.508 0.277395 0.186222 0 0.270373 8.56049 2.10527
22 27.723 17.6118 90.6693
173.052 197.508 0.277395 0.186222 0 0.270373 8.56049 2.10527
23 27.723 17.9845 97.1325
173.052 197.508 0.277395 0.186222 0 0.270373 8.56049 2.10527
24 27.723 19.8728 82.6061
173.052 197.508 0.277395 0.186222 0 0.270373 8.56049 2.10527
25 27.723 18.997 78.3483
173.052 197.508 0.277395 0.186222 0 0.270373 8.56049 2.10527
26 27.723 18.9587 83.9694
173.052 197.508 0.277395 0.186222 0 0.270373 8.56049 2.10527
27 28.2063 20.1891 86.7179
168.788 197.316 0.265781 0.106304 0.00244456 0.254947 8.1878 0.806747
28 28.2063 18.3998 107.501
168.788 197.316 0.265781 0.106304 0.00244456 0.254947 8.1878 0.806747
29 28.2063 19.5464 87.0454
168.788 197.316 0.265781 0.106304 0.00244456 0.254947 8.1878 0.806747
30 28.2063 18.6309 81.5541
168.788 197.316 0.265781 0.106304 0.00244456 0.254947 8.1878 0.806747
31 28.2063 18.9674 71.6202
168.788 197.316 0.265781 0.106304 0.00244456 0.254947 8.1878 0.806747
32 28.2063 19.5757 77.6356
168.788 197.316 0.265781 0.106304 0.00244456 0.254947 8.1878 0.806747
33 28.2063 20.9027 45.3644
168.788 197.316 0.265781 0.106304 0.00244456 0.254947 8.1878 0.806747
34 28.2063 20.0379 59.1393
168.788 197.316 0.265781 0.106304 0.00244456 0.254947 8.1878 0.806747
35 28.2063 19.1005 76.7641
168.788 197.316 0.265781 0.106304 0.00244456 0.254947 8.1878 0.806747
36 28.2063 21.5512 46.3837
168.788 197.316 0.265781 0.106304 0.00244456 0.254947 8.1878 0.806747
37 28.2063 21.7362 30.7969
168.788 197.316 0.265781 0.106304 0.00244456 0.254947 8.1878 0.806747
38 28.2063 19.8919 59.9653
168.788 197.316 0.265781 0.106304 0.00244456 0.254947 8.1878 0.806747
39 28.2063 18.9735 80.7916
168.788 197.316 0.265781 0.106304 0.00244456 0.254947 8.1878 0.806747
40 28.2063 18.2463 92.5375
168.788 197.316 0.265781 0.106304 0.00244456 0.254947 8.1878 0.806747
41 28.2749 19.5078 93.3131
168.912 197.91 0.264248 0.104744 0 0.26882 8.212 0.845416
42 28.2749 20.6467 82.4316
168.912 197.91 0.264248 0.104744 0 0.26882 8.212 0.845416
43 28.2749 19.6759 79.2417
168.912 197.91 0.264248 0.104744 0 0.26882 8.212 0.845416
44 28.2749 18.7473 81.0456
168.912 197.91 0.264248 0.104744 0 0.26882 8.212 0.845416
45 28.2749 19.5456 92.7285
168.912 197.91 0.264248 0.104744 0 0.26882 8.212 0.845416
46 28.2749 17.7892 110.919
168.912 197.91 0.264248 0.104744 0 0.26882 8.212 0.845416
47 28.2749 19.4735 86.5443
168.912 197.91 0.264248 0.104744 0 0.26882 8.212 0.845416
48 28.2749 21.0708 69.6386
168.912 197.91 0.264248 0.104744 0 0.26882 8.212 0.845416
49 28.2749 22.0695 42.7385
168.912 197.91 0.264248 0.104744 0 0.26882 8.212 0.845416
50 28.2749 20.1317 72.7888
168.912 197.91 0.264248 0.104744 0 0.26882 8.212 0.845416
51 28.9875 17.7393 111.318
164.966 193.528 0.263273 0.0533566 0.0145072 0.303898 8.41305 0.130912
52 28.9875 18.0721 108.204
164.966 193.528 0.263273 0.0533566 0.0145072 0.303898 8.41305 0.130912
53 29.17 18.2953 122.048
166.04 194.69 0.269354 0.0529166 0.00344541 0.312146 8.34215 0.235641
54 29.17 18.2368 112.77
166.04 194.69 0.269354 0.0529166 0.00344541 0.312146 8.34215 0.235641
55 29.17 19.7296 89.3457
166.04 194.69 0.269354 0.0529166 0.00344541 0.312146 8.34215 0.235641
56 29.17 18.2983 79.0756
166.04 194.69 0.269354 0.0529166 0.00344541 0.312146 8.34215 0.235641
57 29.17 19.6555 77.8801
166.04 194.69 0.269354 0.0529166 0.00344541 0.312146 8.34215 0.235641
58 29.17 19.7013 71.0954
166.04 194.69 0.269354 0.0529166 0.00344541 0.312146 8.34215 0.235641
59 29.17 18.8061 88.9963
166.04 194.69 0.269354 0.0529166 0.00344541 0.312146 8.34215 0.235641
60 29.17 19.8384 69.1338
166.04 194.69 0.269354 0.0529166 0.00344541 0.312146 8.34215 0.235641
61 29.17 21.1561 57.5608
166.04 194.69 0.269354 0.0529166 0.00344541 0.312146 8.34215 0.235641
62 29.17 21.2463 49.3884
166.04 194.69 0.269354 0.0529166 0.00344541 0.312146 8.34215 0.235641
63 29.17 19.3886 78.5426
166.04 194.69 0.269354 0.0529166 0.00344541 0.312146 8.34215 0.235641
64 29.17 18.2166 109.583
166.04 194.69 0.269354 0.0529166 0.00344541 0.312146 8.34215 0.235641
65 29.17 19.424 84.9313
166.04 194.69 0.269354 0.0529166 0.00344541 0.312146 8.34215 0.235641
66 29.17 20.3052 63.3079
166.04 194.69 0.269354 0.0529166 0.00344541 0.312146 8.34215 0.235641
67 29.17 21.7677 54.6856
166.04 194.69 0.269354 0.0529166 0.00344541 0.312146 8.34215 0.235641
68 29.17 19.5814 79.5679
166.04 194.69 0.269354 0.0529166 0.00344541 0.312146 8.34215 0.235641
69 29.17 18.668 74.126
166.04 194.69 0.269354 0.0529166 0.00344541 0.312146 8.34215 0.235641
70 29.17 17.9276 81.6523
166.04 194.69 0.269354 0.0529166 0.00344541 0.312146 8.34215 0.235641
71 29.17 17.1735 95.6344
166.04 194.69 0.269354 0.0529166 0.00344541 0.312146 8.34215 0.235641
72 29.17 17.7959 86.8183
166.04 194.69 0.269354 0.0529166 0.00344541 0.312146 8.34215 0.235641
73 29.17 19.0459 97.5811
166.04 194.69 0.269354 0.0529166 0.00344541 0.312146 8.34215 0.235641
74 29.17 19.496 82.4471
166.04 194.69 0.269354 0.0529166 0.00344541 0.312146 8.34215 0.235641
75 29.17 18.515 81.0371
166.04 194.69 0.269354 0.0529166 0.00344541 0.312146 8.34215 0.235641
76 29.17 19.1636 76.343
166.04 194.69 0.269354 0.0529166 0.00344541 0.312146 8.34215 0.235641
77 29.17 20.1311 76.896
166.04 194.69 0.269354 0.0529166 0.00344541 0.312146 8.34215 0.235641
78 29.17 20.5198 57.4104
166.04 194.69 0.269354 0.0529166 0.00344541 0.312146 8.34215 0.235641
79 29.17 19.7145 62.6126
166.04 194.69 0.269354 0.0529166 0.00344541 0.312146 8.34215 0.235641
80 29.17 20.6361 55.7312
166.04 194.69 0.269354 0.0529166 0.00344541 0.312146 8.34215 0.235641
81 29.17 19.0233 73.7451
166.04 194.69 0.269354 0.0529166 0.00344541 0.312146 8.34215 0.235641
82 29.17 19.1337 87.5796
166.04 194.69 0.269354 0.0529166 0.00344541 0.312146 8.34215 0.235641
83 29.17 21.3935 56.3002
166.04 194.69 0.269354 0.0529166 0.00344541 0.312146 8.34215 0.235641
84 29.17 22.7266 37.7549
166.04 194.69 0.269354 0.0529166 0.00344541 0.312146 8.34215 0.235641
85 29.17 20.7678 43.0298
166.04 194.69 0.269354 0.0529166 0.00344541 0.312146 8.34215 0.235641
86 29.17 18.9717 54.2011
166.04 194.69 0.269354 0.0529166 0.00344541 0.312146 8.34215 0.235641
87 29.17 19.2415 43.1368
166.04 194.69 0.269354 0.0529166 0.00344541 0.312146 8.34215 0.235641
88 29.17 16.2924 87.9875
166.04 194.69 0.269354 0.0529166 0.00344541 0.312146 8.34215 0.235641
89 29.17 18.4932 95.1465
166.04 194.69 0.269354 0.0529166 0.00344541 0.312146 8.34215 0.235641
90 29.17 18.3864 85.8816
166.04 194.69 0.269354 0.0529166 0.00344541 0.312146 8.34215 0.235641
91 29.17 18.8666 92.8202
166.04 194.69 0.269354 0.0529166 0.00344541 0.312146 8.34215 0.235641
92 29.17 19.9218 79.6916
166.04 194.69 0.269354 0.0529166 0.00344541 0.312146 8.34215 0.235641
93 29.17 21.2964 54.6411
166.04 194.69 0.269354 0.0529166 0.00344541 0.312146 8.34215 0.235641
94 29.17 19.3504 60.3175
166.04 194.69 0.269354 0.0529166 0.00344541 0.312146 8.34215 0.235641
95 29.17 20.5632 45.5174
166.04 194.69 0.269354 0.0529166 0.00344541 0.312146 8.34215 0.235641
96 29.17 19.8239 77.2055
166.04 194.69 0.269354 0.0529166 0.00344541 0.312146 8.34215 0.235641
97 29.17 18.4076 79.8847
166.04 194.69 0.269354 0.0529166 0.00344541 0.312146 8.34215 0.235641
98 29.17 19.1188 95.0788
166.04 194.69 0.269354 0.0529166 0.00344541 0.312146 8.34215 0.235641
99 29.17 19.2677 82.7637
166.04 194.69 0.269354 0.0529166 0.00344541 0.312146 8.34215 0.235641
100 29.2491 17.7729 85.2844
166.097 194.564 0.269255 0.0513373 0.00312639 0.312743 8.35652 0.215848
