0 22.8058 1.21676 20.0849
102.63 122.229 0.0454804 0.336774 0.436476 0.3957 4.68972 8.54075
1 26.8709 2.68229 47.4655
178.14 158.39 0.0752735 0.147777 0.161867 0.233791 4.46847 2.60712
2 26.8709 5.73335 86.2794
178.14 158.39 0.0752735 0.147777 0.161867 0.233791 4.46847 2.60712
3 26.8709 7.22465 106.273
178.14 158.39 0.0752735 0.147777 0.161867 0.233791 4.46847 2.60712
4 26.8709 7.51649 102.067
178.14 158.39 0.0752735 0.147777 0.161867 0.233791 4.46847 2.60712
5 26.8709 9.73035 123.539
178.14 158.39 0.0752735 0.147777 0.161867 0.233791 4.46847 2.60712
6 31.3055 10.9243 130.725
178.336 158.349 0.110283 0.121263 0.163833 0.248637 4.57804 2.49363
7 31.3055 11.5446 128.304
178.336 158.349 0.110283 0.121263 0.163833 0.248637 4.57804 2.49363
8 31.3055 11.9993 133.695
178.336 158.349 0.110283 0.121263 0.163833 0.248637 4.57804 2.49363
9 31.3055 11.9621 135.605
178.336 158.349 0.110283 0.121263 0.163833 0.248637 4.57804 2.49363
10 31.3055 13.188 149.606
178.336 158.349 0.110283 0.121263 0.163833 0.248637 4.57804 2.49363
11 32.7685 14.9654 153.734
172.298 156.185 0.113958 0.142765 0.150571 0.299029 4.58031 3.50613
12 32.7685 15.8773 139.737
172.298 156.185 0.113958 0.142765 0.150571 0.299029 4.58031 3.50613
13 32.7685 16.8893 142.879
172.298 156.185 0.113958 0.142765 0.150571 0.299029 4.58031 3.50613
14 32.7685 16.0332 140.364
172.298 156.185 0.113958 0.142765 0.150571 0.299029 4.58031 3.50613
15 32.9436 17.0827 135.208
172.256 156.119 0.114879 0.145122 0.151071 0.297422 4.5771 3.49686
16 32.9436 17.4067 130.954
172.256 156.119 0.114879 0.145122 0.151071 0.297422 4.5771 3.49686
17 32.9436 19.0796 111.967
172.256 156.119 0.114879 0.145122 0.151071 0.297422 4.5771 3.49686
18 32.9436 18.0282 118.583
172.256 156.119 0.114879 0.145122 0.151071 0.297422 4.5771 3.49686
19 32.9436 17.9681 118.374
172.256 156.119 0.114879 0.145122 0.151071 0.297422 4.5771 3.49686
20 32.9436 18.7029 106.661
172.256 156.119 0.114879 0.145122 0.151071 0.297422 4.5771 3.49686
21 32.9436 19.4796 107.383
172.256 156.119 0.114879 0.145122 0.151071 0.297422 4.5771 3.49686
22 33.7271 18.1387 115.666
172.32 156.607 0.129617 0.126957 0.145274 0.312986 4.77567 3.21895
23 33.7271 19.6553 96.088
172.32 156.607 0.129617 0.126957 0.145274 0.312986 4.77567 3.21895
24 33.7271 19.2993 93.3936
172.32 156.607 0.129617 0.126957 0.145274 0.312986 4.77567 3.21895
25 33.7271 19.78 109.225
172.32 156.607 0.129617 0.126957 0.145274 0.312986 4.77567 3.21895
26 33.7271 20.1101 94.0217
172.32 156.607 0.129617 0.126957 0.145274 0.312986 4.77567 3.21895
27 33.7271 18.4741 116.256
172.32 156.607 0.129617 0.126957 0.145274 0.312986 4.77567 3.21895
28 33.7271 18.4663 119.089
172.32 156.607 0.129617 0.126957 0.145274 0.312986 4.77567 3.21895
29 33.7271 20.0672 100.279
172.32 156.607 0.129617 0.126957 0.145274 0.312986 4.77567 3.21895
30 33.7271 20.1937 95.5239
172.32 156.607 0.129617 0.126957 0.145274 0.312986 4.77567 3.21895
31 33.7271 19.7867 89.6175
172.32 156.607 0.129617 0.126957 0.145274 0.312986 4.77567 3.21895
32 33.7271 19.1441 97.652
172.32 156.607 0.129617 0.126957 0.145274 0.312986 4.77567 3.21895
33 33.7271 19.3955 102.095
172.32 156.607 0.129617 0.126957 0.145274 0.312986 4.77567 3.21895
34 33.7271 20.2134 82.8286
172.32 156.607 0.129617 0.126957 0.145274 0.312986 4.77567 3.21895
35 33.7271 19.1027 105.602
172.32 156.607 0.129617 0.126957 0.145274 0.312986 4.77567 3.21895
36 33.7271 19.1577 109.414
172.32 156.607 0.129617 0.126957 0.145274 0.312986 4.77567 3.21895
37 33.7271 19.6001 102.571
172.32 156.607 0.129617 0.126957 0.145274 0.312986 4.77567 3.21895
38 33.7271 19.4114 98.7496
172.32 156.607 0.129617 0.126957 0.145274 0.312986 4.77567 3.21895
39 33.7271 19.9102 103.085
172.32 156.607 0.129617 0.126957 0.145274 0.312986 4.77567 3.21895
40 33.7271 19.8516 89.2034
172.32 156.607 0.129617 0.126957 0.145274 0.312986 4.77567 3.21895
41 33.7271 19.0764 111.122
172.32 156.607 0.129617 0.126957 0.145274 0.312986 4.77567 3.21895
42 33.7271 19.3902 104.287
172.32 156.607 0.129617 0.126957 0.145274 0.312986 4.77567 3.21895
43 33.7271 18.2309 107.426
172.32 156.607 0.129617 0.126957 0.145274 0.312986 4.77567 3.21895
44 33.7271 18.8249 109.357
172.32 156.607 0.129617 0.126957 0.145274 0.312986 4.77567 3.21895
45 33.7271 20.3234 81.4579
172.32 156.607 0.129617 0.126957 0.145274 0.312986 4.77567 3.21895
46 33.7271 20.1752 82.1402
172.32 156.607 0.129617 0.126957 0.145274 0.312986 4.77567 3.21895
47 33.7271 18.8352 106.46
172.32 156.607 0.129617 0.126957 0.145274 0.312986 4.77567 3.21895
48 33.7271 19.0325 109.622
172.32 156.607 0.129617 0.126957 0.145274 0.312986 4.77567 3.21895
49 33.7271 20.578 99.8523
172.32 156.607 0.129617 0.126957 0.145274 0.312986 4.77567 3.21895
50 33.7271 20.0096 78.871
172.32 156.607 0.129617 0.126957 0.145274 0.312986 4.77567 3.21895
51 33.7271 19.331 96.3702
172.32 156.607 0.129617 0.126957 0.145274 0.312986 4.77567 3.21895
52 33.7271 18.448 99.272
172.32 156.607 0.129617 0.126957 0.145274 0.312986 4.77567 3.21895
53 33.7271 19.6169 86.6317
172.32 156.607 0.129617 0.126957 0.145274 0.312986 4.77567 3.21895
54 33.7271 18.9493 110.147
172.32 156.607 0.129617 0.126957 0.145274 0.312986 4.77567 3.21895
55 33.7271 18.7552 109.05
172.32 156.607 0.129617 0.126957 0.145274 0.312986 4.77567 3.21895
56 33.7271 19.3133 116.319
172.32 156.607 0.129617 0.126957 0.145274 0.312986 4.77567 3.21895
57 33.7271 19.4907 103.422
172.32 156.607 0.129617 0.126957 0.145274 0.312986 4.77567 3.21895
58 33.7271 20.6794 98.65
172.32 156.607 0.129617 0.126957 0.145274 0.312986 4.77567 3.21895
59 33.7271 19.0109 113.098
172.32 156.607 0.129617 0.126957 0.145274 0.312986 4.77567 3.21895
60 33.7271 20.9772 75.9933
172.32 156.607 0.129617 0.126957 0.145274 0.312986 4.77567 3.21895
61 33.7271 21.0487 84.1461
172.32 156.607 0.129617 0.126957 0.145274 0.312986 4.77567 3.21895
62 33.7271 19.4806 92.8673
172.32 156.607 0.129617 0.126957 0.145274 0.312986 4.77567 3.21895
63 33.7271 19.7449 104.773
172.32 156.607 0.129617 0.126957 0.145274 0.312986 4.77567 3.21895
64 33.7271 18.9833 104.322
172.32 156.607 0.129617 0.126957 0.145274 0.312986 4.77567 3.21895
65 33.7271 15.6251 145.706
172.32 156.607 0.129617 0.126957 0.145274 0.312986 4.77567 3.21895
66 33.7271 18.4095 126.67
172.32 156.607 0.129617 0.126957 0.145274 0.312986 4.77567 3.21895
67 33.7271 18.8742 113.09
172.32 156.607 0.129617 0.126957 0.145274 0.312986 4.77567 3.21895
68 33.7271 19.8776 96.6673
172.32 156.607 0.129617 0.126957 0.145274 0.312986 4.77567 3.21895
69 33.7271 20.3429 91.1742
172.32 156.607 0.129617 0.126957 0.145274 0.312986 4.77567 3.21895
70 33.7271 19.4403 99.6615
172.32 156.607 0.129617 0.126957 0.145274 0.312986 4.77567 3.21895
71 33.7271 18.8997 101.936
172.32 156.607 0.129617 0.126957 0.145274 0.312986 4.77567 3.21895
72 33.7271 18.7068 109.949
172.32 156.607 0.129617 0.126957 0.145274 0.312986 4.77567 3.21895
73 33.7271 18.5871 113.26
172.32 156.607 0.129617 0.126957 0.145274 0.312986 4.77567 3.21895
74 33.7271 19.8204 101.806
172.32 156.607 0.129617 0.126957 0.145274 0.312986 4.77567 3.21895
75 33.7271 19.893 105.971
172.32 156.607 0.129617 0.126957 0.145274 0.312986 4.77567 3.21895
76 33.7271 19.6416 100.226
172.32 156.607 0.129617 0.126957 0.145274 0.312986 4.77567 3.21895
77 33.7271 19.4412 100.315
172.32 156.607 0.129617 0.126957 0.145274 0.312986 4.77567 3.21895
78 33.7271 21.0281 81.9486
172.32 156.607 0.129617 0.126957 0.145274 0.312986 4.77567 3.21895
79 33.7271 19.5104 95.1857
172.32 156.607 0.129617 0.126957 0.145274 0.312986 4.77567 3.21895
80 33.7271 18.4434 105.323
172.32 156.607 0.129617 0.126957 0.145274 0.312986 4.77567 3.21895
81 33.7271 19.4988 97.489
172.32 156.607 0.129617 0.126957 0.145274 0.312986 4.77567 3.21895
82 33.7271 18.1115 116.62
172.32 156.607 0.129617 0.126957 0.145274 0.312986 4.77567 3.21895
83 33.7271 19.7177 99.5433
172.32 156.607 0.129617 0.126957 0.145274 0.312986 4.77567 3.21895
84 33.7271 20.302 105.592
172.32 156.607 0.129617 0.126957 0.145274 0.312986 4.77567 3.21895
85 33.7271 19.1038 102.228
172.32 156.607 0.129617 0.126957 0.145274 0.312986 4.77567 3.21895
86 33.7271 19.7897 121.051
172.32 156.607 0.129617 0.126957 0.145274 0.312986 4.77567 3.21895
87 33.7271 19.8427 112.016
172.32 156.607 0.129617 0.126957 0.145274 0.312986 4.77567 3.21895
88 33.7271 19.1705 122.141
172.32 156.607 0.129617 0.126957 0.145274 0.312986 4.77567 3.21895
89 33.7271 19.3066 124.186
172.32 156.607 0.129617 0.126957 0.145274 0.312986 4.77567 3.21895
90 33.7271 20.3023 92.4222
172.32 156.607 0.129617 0.126957 0.145274 0.312986 4.77567 3.21895
91 33.7271 19.8621 103.169
172.32 156.607 0.129617 0.126957 0.145274 0.312986 4.77567 3.21895
92 33.7271 20.6891 85.8106
172.32 156.607 0.129617 0.126957 0.145274 0.312986 4.77567 3.21895
93 33.7271 20.5017 107.958
172.32 156.607 0.129617 0.126957 0.145274 0.312986 4.77567 3.21895
94 33.7271 20.6904 84.9541
172.32 156.607 0.129617 0.126957 0.145274 0.312986 4.77567 3.21895
95 33.7271 19.7261 102.191
172.32 156.607 0.129617 0.126957 0.145274 0.312986 4.77567 3.21895
96 33.7271 20.179 92.288
172.32 156.607 0.129617 0.126957 0.145274 0.312986 4.77567 3.21895
97 33.7271 19.5777 104.059
172.32 156.607 0.129617 0.126957 0.145274 0.312986 4.77567 3.21895
98 33.7271 18.7302 107.655
172.32 156.607 0.129617 0.126957 0.145274 0.312986 4.77567 3.21895
99 33.7271 19.1781 94.9478
172.32 156.607 0.129617 0.126957 0.145274 0.312986 4.77567 3.21895
100 33.7271 19.8654 103.219
172.32 156.607 0.129617 0.126957 0.145274 0.312986 4.77567 3.21895
