0 8.68551 1.96302 7.6856
151.403 125.226 0.308602 0.112631 0.106455 0.268755 8.33896 8.54964
1 17.1582 3.45859 18.2178
150.272 132.873 0.342078 0.140354 0.105787 0.306707 7.94929 8.59536
2 17.1582 4.94436 31.8196
150.272 132.873 0.342078 0.140354 0.105787 0.306707 7.94929 8.59536
3 17.1592 5.57163 36.2655
150.269 132.872 0.342059 0.140399 0.105708 0.306635 7.9486 8.59528
4 17.1592 6.04669 37.1813
150.269 132.872 0.342059 0.140399 0.105708 0.306635 7.9486 8.59528
5 17.1707 6.73529 45.484
147.668 129.852 0.336296 0.133369 0.0844492 0.291538 7.67407 8.12351
6 17.1707 8.52056 41.8915
147.668 129.852 0.336296 0.133369 0.0844492 0.291538 7.67407 8.12351
7 17.1707 9.00555 42.5813
147.668 129.852 0.336296 0.133369 0.0844492 0.291538 7.67407 8.12351
8 21.5012 11.1234 46.5671
134.164 141.917 0.320247 0.215793 0.0398813 0.415814 8.63236 9.63816
9 21.5012 11.2572 51.8029
134.164 141.917 0.320247 0.215793 0.0398813 0.415814 8.63236 9.63816
10 21.5012 10.1331 58.1623
134.164 141.917 0.320247 0.215793 0.0398813 0.415814 8.63236 9.63816
11 21.7118 11.8482 56.9922
133.951 144.106 0.33405 0.288794 0.0415214 0.355033 9.23019 9.38283
12 21.7118 12.4248 54.0474
133.951 144.106 0.33405 0.288794 0.0415214 0.355033 9.23019 9.38283
13 23.0215 12.2701 53.589
133.068 142.054 0.341056 0.272303 0.0505908 0.334758 9.25213 9.16119
14 23.0215 11.5804 54.2444
133.068 142.054 0.341056 0.272303 0.0505908 0.334758 9.25213 9.16119
15 24.6245 11.8056 62.6177
136.787 147.132 0.290595 0.329785 0.0503901 0.353752 8.9678 8.7925
16 25.9033 12.7546 65.7204
135.926 136.982 0.288208 0.347019 0 0.394873 6.95218 9.06069
17 25.907 12.9839 81.1928
135.587 136.386 0.286457 0.343695 0.000185326 0.404641 6.96073 8.98614
18 25.907 14.674 56.6942
135.587 136.386 0.286457 0.343695 0.000185326 0.404641 6.96073 8.98614
19 25.907 14.249 68.7033
135.587 136.386 0.286457 0.343695 0.000185326 0.404641 6.96073 8.98614
20 25.907 12.0383 86.0978
135.587 136.386 0.286457 0.343695 0.000185326 0.404641 6.96073 8.98614
21 25.907 13.7686 76.3975
135.587 136.386 0.286457 0.343695 0.000185326 0.404641 6.96073 8.98614
22 25.9137 12.6136 89.0076
137.81 136.462 0.27869 0.340111 0.00907445 0.411223 7.0544 9.12445
23 25.9651 14.3985 91.4726
141.657 136.48 0.25976 0.345585 0.017298 0.339669 6.03138 8.37407
24 25.9651 13.5361 93.1222
141.657 136.48 0.25976 0.345585 0.017298 0.339669 6.03138 8.37407
25 25.9651 13.0996 77.1783
141.657 136.48 0.25976 0.345585 0.017298 0.339669 6.03138 8.37407
26 25.9651 13.9265 85.6811
141.657 136.48 0.25976 0.345585 0.017298 0.339669 6.03138 8.37407
27 25.9651 13.2137 93.3833
141.657 136.48 0.25976 0.345585 0.017298 0.339669 6.03138 8.37407
28 25.9651 14.0333 88.1695
141.657 136.48 0.25976 0.345585 0.017298 0.339669 6.03138 8.37407
29 25.9651 16.5507 80.8132
141.657 136.48 0.25976 0.345585 0.017298 0.339669 6.03138 8.37407
30 26.2847 16.4282 83.7347
144.858 141.776 0.2434 0.335802 0.110431 0.268839 5.37486 8.58941
31 26.2847 17.0698 73.3241
144.858 141.776 0.2434 0.335802 0.110431 0.268839 5.37486 8.58941
32 26.2847 18.2413 54.9186
144.858 141.776 0.2434 0.335802 0.110431 0.268839 5.37486 8.58941
33 26.2847 14.4078 56.3234
144.858 141.776 0.2434 0.335802 0.110431 0.268839 5.37486 8.58941
34 26.3212 15.07 69.8811
144.781 141.985 0.246025 0.334817 0.109165 0.267375 5.38255 8.60537
35 26.3212 17.1856 77.5407
144.781 141.985 0.246025 0.334817 0.109165 0.267375 5.38255 8.60537
36 26.3212 15.9752 90.6048
144.781 141.985 0.246025 0.334817 0.109165 0.267375 5.38255 8.60537
37 26.3212 18.6244 55.2284
144.781 141.985 0.246025 0.334817 0.109165 0.267375 5.38255 8.60537
38 26.3212 19.4687 36.6517
144.781 141.985 0.246025 0.334817 0.109165 0.267375 5.38255 8.60537
39 26.3212 18.1824 55.7788
144.781 141.985 0.246025 0.334817 0.109165 0.267375 5.38255 8.60537
40 26.3212 18.9493 40.6274
144.781 141.985 0.246025 0.334817 0.109165 0.267375 5.38255 8.60537
41 26.3212 15.7498 54.3707
144.781 141.985 0.246025 0.334817 0.109165 0.267375 5.38255 8.60537
42 26.3212 14.7556 61.0386
144.781 141.985 0.246025 0.334817 0.109165 0.267375 5.38255 8.60537
43 26.3212 13.7991 75.8593
144.781 141.985 0.246025 0.334817 0.109165 0.267375 5.38255 8.60537
44 26.3212 15.2262 68.6223
144.781 141.985 0.246025 0.334817 0.109165 0.267375 5.38255 8.60537
45 26.3212 14.6255 85.8463
144.781 141.985 0.246025 0.334817 0.109165 0.267375 5.38255 8.60537
46 26.3212 15.2248 80.5869
144.781 141.985 0.246025 0.334817 0.109165 0.267375 5.38255 8.60537
47 26.3212 13.9756 74.142
144.781 141.985 0.246025 0.334817 0.109165 0.267375 5.38255 8.60537
48 26.3212 14.8366 69.9181
144.781 141.985 0.246025 0.334817 0.109165 0.267375 5.38255 8.60537
49 26.3212 15.8577 73.09
144.781 141.985 0.246025 0.334817 0.109165 0.267375 5.38255 8.60537
50 26.3212 15.0652 52.726
144.781 141.985 0.246025 0.334817 0.109165 0.267375 5.38255 8.60537
51 26.3212 14.1384 66.8865
144.781 141.985 0.246025 0.334817 0.109165 0.267375 5.38255 8.60537
52 26.3212 13.2382 74.6618
144.781 141.985 0.246025 0.334817 0.109165 0.267375 5.38255 8.60537
53 26.3212 12.7153 59.279
144.781 141.985 0.246025 0.334817 0.109165 0.267375 5.38255 8.60537
54 26.3212 14.1434 58.2041
144.781 141.985 0.246025 0.334817 0.109165 0.267375 5.38255 8.60537
55 26.3212 15.1713 56.7012
144.781 141.985 0.246025 0.334817 0.109165 0.267375 5.38255 8.60537
56 26.3212 12.6238 73.885
144.781 141.985 0.246025 0.334817 0.109165 0.267375 5.38255 8.60537
57 26.3212 13.1597 73.368
144.781 141.985 0.246025 0.334817 0.109165 0.267375 5.38255 8.60537
58 26.3212 13.4626 61.1601
144.781 141.985 0.246025 0.334817 0.109165 0.267375 5.38255 8.60537
59 26.3484 13.7088 69.044
144.439 141.644 0.245561 0.332626 0.108139 0.267908 5.431 8.62711
60 26.3484 13.8565 71.3571
144.439 141.644 0.245561 0.332626 0.108139 0.267908 5.431 8.62711
61 26.3484 12.1613 67.9997
144.439 141.644 0.245561 0.332626 0.108139 0.267908 5.431 8.62711
62 26.3484 14.9963 73.15
144.439 141.644 0.245561 0.332626 0.108139 0.267908 5.431 8.62711
63 26.3488 14.083 68.1627
141.991 142.097 0.245092 0.333388 0.096669 0.272072 5.46829 8.56552
64 26.3488 14.1503 77.7661
141.991 142.097 0.245092 0.333388 0.096669 0.272072 5.46829 8.56552
65 26.3488 15.3589 64.0754
141.991 142.097 0.245092 0.333388 0.096669 0.272072 5.46829 8.56552
66 26.3488 16.1635 70.7424
141.991 142.097 0.245092 0.333388 0.096669 0.272072 5.46829 8.56552
67 26.3488 13.5623 79.1437
141.991 142.097 0.245092 0.333388 0.096669 0.272072 5.46829 8.56552
68 26.3488 12.2969 73.2532
141.991 142.097 0.245092 0.333388 0.096669 0.272072 5.46829 8.56552
69 26.3488 15.1927 91.8677
141.991 142.097 0.245092 0.333388 0.096669 0.272072 5.46829 8.56552
70 26.3488 16.5195 96.2937
141.991 142.097 0.245092 0.333388 0.096669 0.272072 5.46829 8.56552
71 26.3488 15.8128 92.2461
141.991 142.097 0.245092 0.333388 0.096669 0.272072 5.46829 8.56552
72 26.3488 17.5125 81.1228
141.991 142.097 0.245092 0.333388 0.096669 0.272072 5.46829 8.56552
73 26.3488 17.3066 80.4604
141.991 142.097 0.245092 0.333388 0.096669 0.272072 5.46829 8.56552
74 26.3488 17.1628 77.9691
141.991 142.097 0.245092 0.333388 0.096669 0.272072 5.46829 8.56552
75 26.3488 13.488 75.9066
141.991 142.097 0.245092 0.333388 0.096669 0.272072 5.46829 8.56552
76 26.3488 13.8051 79.7158
141.991 142.097 0.245092 0.333388 0.096669 0.272072 5.46829 8.56552
77 26.3488 12.1327 93.9784
141.991 142.097 0.245092 0.333388 0.096669 0.272072 5.46829 8.56552
78 26.3488 13.4741 98.2624
141.991 142.097 0.245092 0.333388 0.096669 0.272072 5.46829 8.56552
79 26.3488 11.016 86.0234
141.991 142.097 0.245092 0.333388 0.096669 0.272072 5.46829 8.56552
80 26.3488 13.3708 88.0641
141.991 142.097 0.245092 0.333388 0.096669 0.272072 5.46829 8.56552
81 26.3618 13.0114 99.5964
144.279 142.343 0.242772 0.332996 0.105752 0.274399 5.28738 8.74652
82 26.3618 14.3561 66.1498
144.279 142.343 0.242772 0.332996 0.105752 0.274399 5.28738 8.74652
83 26.3618 13.7719 78.8817
144.279 142.343 0.242772 0.332996 0.105752 0.274399 5.28738 8.74652
84 26.3618 13.2389 72.3052
144.279 142.343 0.242772 0.332996 0.105752 0.274399 5.28738 8.74652
85 26.3618 13.0126 76.6161
144.279 142.343 0.242772 0.332996 0.105752 0.274399 5.28738 8.74652
86 26.3618 13.9715 64.5954
144.279 142.343 0.242772 0.332996 0.105752 0.274399 5.28738 8.74652
87 26.3618 14.1542 82.4714
144.279 142.343 0.242772 0.332996 0.105752 0.274399 5.28738 8.74652
88 26.3618 14.6193 75.4381
144.279 142.343 0.242772 0.332996 0.105752 0.274399 5.28738 8.74652
89 26.3618 16.4618 72.7357
144.279 142.343 0.242772 0.332996 0.105752 0.274399 5.28738 8.74652
90 26.3618 16.3024 55.5468
144.279 142.343 0.242772 0.332996 0.105752 0.274399 5.28738 8.74652
91 26.3618 15.3167 66.1737
144.279 142.343 0.242772 0.332996 0.105752 0.274399 5.28738 8.74652
92 26.3618 13.2387 57.3899
144.279 142.343 0.242772 0.332996 0.105752 0.274399 5.28738 8.74652
93 26.3618 11.7354 67.6902
144.279 142.343 0.242772 0.332996 0.105752 0.274399 5.28738 8.74652
94 26.3618 14.5296 63.2598
144.279 142.343 0.242772 0.332996 0.105752 0.274399 5.28738 8.74652
95 26.3618 14.8939 63.8479
144.279 142.343 0.242772 0.332996 0.105752 0.274399 5.28738 8.74652
96 26.3618 15.6946 69.8737
144.279 142.343 0.242772 0.332996 0.105752 0.274399 5.28738 8.74652
97 26.3618 15.93 81.138
144.279 142.343 0.242772 0.332996 0.105752 0.274399 5.28738 8.74652
98 26.3618 16.8021 55.1029
144.279 142.343 0.242772 0.332996 0.105752 0.274399 5.28738 8.74652
99 26.3618 16.3283 47.455
144.279 142.343 0.242772 0.332996 0.105752 0.274399 5.28738 8.74652
100 26.3618 16.1943 69.4163
144.279 142.343 0.242772 0.332996 0.105752 0.274399 5.28738 8.74652
