0 26.1228 1.09025 15.5408
140.324 147.885 0.209854 0.252188 0.351439 0.0146577 5.39147 6.39229
1 26.1228 1.28787 16.752
140.324 147.885 0.209854 0.252188 0.351439 0.0146577 5.39147 6.39229
2 26.1228 2.77963 41.0102
140.324 147.885 0.209854 0.252188 0.351439 0.0146577 5.39147 6.39229
3 26.1228 4.96135 79.4606
140.324 147.885 0.209854 0.252188 0.351439 0.0146577 5.39147 6.39229
4 26.1312 7.39236 106.581
140.364 147.597 0.217384 0.260339 0.351899 0.0133118 5.40943 6.40594
5 27.2117 8.37028 115.899
139.633 155.076 0.0692364 0.290361 0.350635 0 5.45427 6.42591
6 27.3375 11.7984 140.299
138.871 153.773 0.0582348 0.314904 0.381364 0 5.25384 6.5454
7 27.5271 11.3688 147.25
136.837 155.345 0.109909 0.364667 0.304429 0.0246953 5.54049 6.36332
8 27.5271 12.7718 145.768
136.837 155.345 0.109909 0.364667 0.304429 0.0246953 5.54049 6.36332
9 27.5271 12.5505 132.763
136.837 155.345 0.109909 0.364667 0.304429 0.0246953 5.54049 6.36332
10 27.5271 13.7418 137.392
136.837 155.345 0.109909 0.364667 0.304429 0.0246953 5.54049 6.36332
11 29.2907 14.7446 135.873
140.454 153.432 0.123994 0.35182 0.293913 0.0126798 6.1059 6.82594
12 29.2907 15.1695 125.098
140.454 153.432 0.123994 0.35182 0.293913 0.0126798 6.1059 6.82594
13 29.2907 16.6836 118.49
140.454 153.432 0.123994 0.35182 0.293913 0.0126798 6.1059 6.82594
14 29.2907 16.4091 118.86
140.454 153.432 0.123994 0.35182 0.293913 0.0126798 6.1059 6.82594
15 29.2907 18.4191 105.058
140.454 153.432 0.123994 0.35182 0.293913 0.0126798 6.1059 6.82594
16 32.8955 19.4527 100.787
141.706 152.396 0.0701961 0.363374 0.152888 0 3.62043 6.43181
17 32.8955 18.8651 105.224
141.706 152.396 0.0701961 0.363374 0.152888 0 3.62043 6.43181
18 32.8955 20.7987 82.4257
141.706 152.396 0.0701961 0.363374 0.152888 0 3.62043 6.43181
19 32.8955 20.4892 91.527
141.706 152.396 0.0701961 0.363374 0.152888 0 3.62043 6.43181
20 32.8955 20.6227 96.1304
141.706 152.396 0.0701961 0.363374 0.152888 0 3.62043 6.43181
21 32.8955 19.9117 95.2302
141.706 152.396 0.0701961 0.363374 0.152888 0 3.62043 6.43181
22 32.8955 20.1205 91.2121
141.706 152.396 0.0701961 0.363374 0.152888 0 3.62043 6.43181
23 33.0745 20.5537 101.731
141.751 152.602 0.0649396 0.368492 0.134632 0 3.46544 6.43811
24 33.0745 20.4355 94.5984
141.751 152.602 0.0649396 0.368492 0.134632 0 3.46544 6.43811
25 33.0745 20.8262 90.4792
141.751 152.602 0.0649396 0.368492 0.134632 0 3.46544 6.43811
26 33.8458 19.9331 100.252
141.672 151.933 0.0714269 0.363948 0.151052 0.00340577 3.6349 6.3828
27 33.8458 16.66 125.236
141.672 151.933 0.0714269 0.363948 0.151052 0.00340577 3.6349 6.3828
28 33.8458 17.1041 145.94
141.672 151.933 0.0714269 0.363948 0.151052 0.00340577 3.6349 6.3828
29 33.8458 17.405 128.522
141.672 151.933 0.0714269 0.363948 0.151052 0.00340577 3.6349 6.3828
30 33.8458 17.249 132.066
141.672 151.933 0.0714269 0.363948 0.151052 0.00340577 3.6349 6.3828
31 33.8458 18.6363 117.669
141.672 151.933 0.0714269 0.363948 0.151052 0.00340577 3.6349 6.3828
32 33.8458 18.2907 126.851
141.672 151.933 0.0714269 0.363948 0.151052 0.00340577 3.6349 6.3828
33 33.8458 16.2976 148.196
141.672 151.933 0.0714269 0.363948 0.151052 0.00340577 3.6349 6.3828
34 33.8458 17.9989 138.906
141.672 151.933 0.0714269 0.363948 0.151052 0.00340577 3.6349 6.3828
35 33.8697 18.2394 147.505
137.101 148.766 0.0510621 0.358464 0.165226 0.010497 3.27841 6.67173
36 33.8697 18.2305 137.245
137.101 148.766 0.0510621 0.358464 0.165226 0.010497 3.27841 6.67173
37 33.8697 17.4078 147.063
137.101 148.766 0.0510621 0.358464 0.165226 0.010497 3.27841 6.67173
38 33.8697 18.8713 118.637
137.101 148.766 0.0510621 0.358464 0.165226 0.010497 3.27841 6.67173
39 33.8697 18.4783 123.62
137.101 148.766 0.0510621 0.358464 0.165226 0.010497 3.27841 6.67173
40 33.8697 19.9068 131
137.101 148.766 0.0510621 0.358464 0.165226 0.010497 3.27841 6.67173
41 33.8697 19.5619 124.577
137.101 148.766 0.0510621 0.358464 0.165226 0.010497 3.27841 6.67173
42 33.8697 18.6735 126.432
137.101 148.766 0.0510621 0.358464 0.165226 0.010497 3.27841 6.67173
43 33.8697 18.978 122.79
137.101 148.766 0.0510621 0.358464 0.165226 0.010497 3.27841 6.67173
44 33.8697 19.8721 119.118
137.101 148.766 0.0510621 0.358464 0.165226 0.010497 3.27841 6.67173
45 33.8697 20.162 126.764
137.101 148.766 0.0510621 0.358464 0.165226 0.010497 3.27841 6.67173
46 33.8697 19.5668 138.91
137.101 148.766 0.0510621 0.358464 0.165226 0.010497 3.27841 6.67173
47 33.8697 20.0573 140.156
137.101 148.766 0.0510621 0.358464 0.165226 0.010497 3.27841 6.67173
48 33.8697 20.6403 131.358
137.101 148.766 0.0510621 0.358464 0.165226 0.010497 3.27841 6.67173
49 33.8697 19.4491 134.604
137.101 148.766 0.0510621 0.358464 0.165226 0.010497 3.27841 6.67173
50 33.8697 20.0351 120.913
137.101 148.766 0.0510621 0.358464 0.165226 0.010497 3.27841 6.67173
51 33.8697 19.5354 131.866
137.101 148.766 0.0510621 0.358464 0.165226 0.010497 3.27841 6.67173
52 33.8697 19.5157 131.393
137.101 148.766 0.0510621 0.358464 0.165226 0.010497 3.27841 6.67173
53 33.8697 20.7483 135.038
137.101 148.766 0.0510621 0.358464 0.165226 0.010497 3.27841 6.67173
54 33.8697 20.9954 127.068
137.101 148.766 0.0510621 0.358464 0.165226 0.010497 3.27841 6.67173
55 33.8697 19.8165 134.182
137.101 148.766 0.0510621 0.358464 0.165226 0.010497 3.27841 6.67173
56 33.8697 19.8039 130.272
137.101 148.766 0.0510621 0.358464 0.165226 0.010497 3.27841 6.67173
57 33.8697 19.9112 135.963
137.101 148.766 0.0510621 0.358464 0.165226 0.010497 3.27841 6.67173
58 33.8697 18.3062 151.028
137.101 148.766 0.0510621 0.358464 0.165226 0.010497 3.27841 6.67173
59 33.8697 18.8235 150.644
137.101 148.766 0.0510621 0.358464 0.165226 0.010497 3.27841 6.67173
60 33.8697 18.8864 151.589
137.101 148.766 0.0510621 0.358464 0.165226 0.010497 3.27841 6.67173
61 33.8697 18.4054 163.615
137.101 148.766 0.0510621 0.358464 0.165226 0.010497 3.27841 6.67173
62 33.8697 17.2102 158.895
137.101 148.766 0.0510621 0.358464 0.165226 0.010497 3.27841 6.67173
63 33.8697 17.3939 154.161
137.101 148.766 0.0510621 0.358464 0.165226 0.010497 3.27841 6.67173
64 33.8697 16.8452 157.298
137.101 148.766 0.0510621 0.358464 0.165226 0.010497 3.27841 6.67173
65 33.8697 17.4606 167.861
137.101 148.766 0.0510621 0.358464 0.165226 0.010497 3.27841 6.67173
66 33.8697 18.4221 150.311
137.101 148.766 0.0510621 0.358464 0.165226 0.010497 3.27841 6.67173
67 33.8697 20.0994 131.068
137.101 148.766 0.0510621 0.358464 0.165226 0.010497 3.27841 6.67173
68 33.8697 18.7004 157.441
137.101 148.766 0.0510621 0.358464 0.165226 0.010497 3.27841 6.67173
69 33.8697 18.666 151.243
137.101 148.766 0.0510621 0.358464 0.165226 0.010497 3.27841 6.67173
70 33.8697 17.6447 160.355
137.101 148.766 0.0510621 0.358464 0.165226 0.010497 3.27841 6.67173
71 33.8697 16.4654 165.976
137.101 148.766 0.0510621 0.358464 0.165226 0.010497 3.27841 6.67173
72 33.8697 16.6441 167.276
137.101 148.766 0.0510621 0.358464 0.165226 0.010497 3.27841 6.67173
73 33.8697 16.3241 166.973
137.101 148.766 0.0510621 0.358464 0.165226 0.010497 3.27841 6.67173
74 33.8697 18.4865 142.213
137.101 148.766 0.0510621 0.358464 0.165226 0.010497 3.27841 6.67173
75 33.8697 17.1508 153.31
137.101 148.766 0.0510621 0.358464 0.165226 0.010497 3.27841 6.67173
76 33.8697 18.8564 144.224
137.101 148.766 0.0510621 0.358464 0.165226 0.010497 3.27841 6.67173
77 33.8697 20.1267 129.282
137.101 148.766 0.0510621 0.358464 0.165226 0.010497 3.27841 6.67173
78 33.8697 20.4271 138.239
137.101 148.766 0.0510621 0.358464 0.165226 0.010497 3.27841 6.67173
79 33.8697 20.634 118.206
137.101 148.766 0.0510621 0.358464 0.165226 0.010497 3.27841 6.67173
80 33.8697 19.9933 128.942
137.101 148.766 0.0510621 0.358464 0.165226 0.010497 3.27841 6.67173
81 33.8697 20.035 125.757
137.101 148.766 0.0510621 0.358464 0.165226 0.010497 3.27841 6.67173
82 33.8697 19.5418 133.541
137.101 148.766 0.0510621 0.358464 0.165226 0.010497 3.27841 6.67173
83 33.8697 18.8706 146.208
137.101 148.766 0.0510621 0.358464 0.165226 0.010497 3.27841 6.67173
84 33.8697 19.4292 131.204
137.101 148.766 0.0510621 0.358464 0.165226 0.010497 3.27841 6.67173
85 33.8697 20.5973 123.738
137.101 148.766 0.0510621 0.358464 0.165226 0.010497 3.27841 6.67173
86 33.8697 20.6564 125.392
137.101 148.766 0.0510621 0.358464 0.165226 0.010497 3.27841 6.67173
87 33.8697 21.1614 124.826
137.101 148.766 0.0510621 0.358464 0.165226 0.010497 3.27841 6.67173
88 33.8697 21.1289 125.884
137.101 148.766 0.0510621 0.358464 0.165226 0.010497 3.27841 6.67173
89 33.8697 20.2504 121.163
137.101 148.766 0.0510621 0.358464 0.165226 0.010497 3.27841 6.67173
90 33.8697 20.1932 138.087
137.101 148.766 0.0510621 0.358464 0.165226 0.010497 3.27841 6.67173
91 33.8697 21.5519 120.259
137.101 148.766 0.0510621 0.358464 0.165226 0.010497 3.27841 6.67173
92 33.8697 20.2899 129.095
137.101 148.766 0.0510621 0.358464 0.165226 0.010497 3.27841 6.67173
93 33.8697 19.4553 144.872
137.101 148.766 0.0510621 0.358464 0.165226 0.010497 3.27841 6.67173
94 33.8697 18.7711 160.609
137.101 148.766 0.0510621 0.358464 0.165226 0.010497 3.27841 6.67173
95 33.8697 18.833 146.591
137.101 148.766 0.0510621 0.358464 0.165226 0.010497 3.27841 6.67173
96 33.8697 18.6131 154.761
137.101 148.766 0.0510621 0.358464 0.165226 0.010497 3.27841 6.67173
97 33.9251 20.2121 140.708
141.817 151.886 0.0715925 0.364052 0.151476 0.00324665 3.64432 6.38731
98 33.9251 18.8462 152.475
141.817 151.886 0.0715925 0.364052 0.151476 0.00324665 3.64432 6.38731
99 33.9251 18.8842 150.166
141.817 151.886 0.0715925 0.364052 0.151476 0.00324665 3.64432 6.38731
100 33.9251 21.2925 105.738
141.817 151.886 0.0715925 0.364052 0.151476 0.00324665 3.64432 6.38731
