0.125 0.01
0.125 0.01
0.125 0.01
0.125 0.01
0.125 0.01
0.125 0.01
0.125 0.01
0.125 0.015
0.125 0.015
0.125 0.015
0.125 0.015
0.125 0.015
0.12 0.015
0.12 0.015
0.12 0.02
0.12 0.02
0.12 0.02
0.12 0.02
0.12 0.025
0.12 0.025
0.115 0.025
0.115 0.03
0.115 0.03
0.115 0.03
0.115 0.035
0.11 0.035
0.11 0.04
0.11 0.045
0.105 0.045
0.105 0.05
0.105 0.055
0.1 0.06
0.1 0.07
0.095 0.08
0.09 0.09
0.085 0.105
0.08 0.125
0.045 0.375
0.045 0.415
0.045 0.435
0.045 0.45
0.05 0.465
0.05 0.46
0.05 0.405
0.05 0.375
0.05 0.33
0.055 0.28
0.06 0.24
0.06 0.23
0.07 0.175
0.075 0.15
0.085 0.125
0.08 0.125
0.085 0.105
0.1 0.075
0.1 0.08
0.115 0.055
0.11 0.055
0.115 0.045
0.125 0.045
0.13 0.04
0.135 0.035
0.145 0.03
0.14 0.03
0.16 0.025
0.145 0.03
0.17 0.02
0.165 0.025
0.185 0.02
0.18 0.025
0.205 0.015
0.195 0.02
0.235 0.015
0.2 0.02
0.25 0.015
0.2 0.02
0.25 0.015
0.235 0.015
0.255 0.015
0.28 0.015
0.255 0.015
0.28 0.015
0.29 0.015
0.295 0.015
0.3 0.015
0.325 0.015
0.32 0.015
0.31 0.015
0.365 0.015
0.35 0.015
0.33 0.015
0.38 0.015
0.395 0.01
0.355 0.015
0.365 0.015
0.475 0.01
0.4 0.015
0.35 0.02
0.46 0.015
0.5 0.01
0.41 0.015
0.405 0.02
0.515 0.015
0.545 0.01
0.44 0.015
0.445 0.02
0.54 0.015
0.605 0.01
0.51 0.015
0.47 0.02
0.555 0.015
0.615 0.015
0.63 0.01
0.515 0.015
0.56 0.02
0.62 0.015
0.655 0.015
0.675 0.015
0.59 0.02
0.625 0.02
0.67 0.015
0.69 0.015
0.705 0.015
0.68 0.015
0.695 0.02
0.72 0.02
0.73 0.02
0.735 0.02
0.74 0.02
0.785 0.02
0.8 0.02
0.795 0.02
0.785 0.02
0.78 0.02
0.77 0.025
0.855 0.02
0.91 0.02
0.895 0.02
0.86 0.02
0.84 0.025
0.82 0.025
0.83 0.03
0.95 0.025
0 0.02
0.985 0.02
0.94 0.025
0.905 0.025
0.875 0.03
0.87 0.04
0.97 0.035
0 0.025
0 0.02
0 0.025
1 0.025
0.96 0.035
0.925 0.04
0.95 0.05
0 0.045
0 0.035
0 0.025
0 0.025
0 0.03
0 0.035
1 0.05
0.985 0.06
0 0.06
0 0.055
0 0.045
0 0.035
0 0.03
0 0.035
0 0.045
0 0.055
0 0.075
0 0.08
0 0.075
0 0.065
0 0.055
0 0.045
0 0.045
0 0.045
0 0.06
0 0.075
0 0.095
0 0.105
0 0.105
0 0.095
0 0.085
0 0.075
0 0.07
0 0.065
0 0.07
0 0.085
0 0.105
0 0.13
0 0.14
0 0.14
0 0.14
0 0.13
0 0.115
0 0.11
0 0.105
0 0.11
0 0.115
0 0.13
0 0.165
0 0.185
0 0.19
0 0.195
0 0.195
0 0.195
0 0.185
0 0.18
0 0.175
0 0.185
0 0.19
0 0.2
0 0.22
0 0.25
0 0.26
0 0.27
0 0.275
0 0.28
0 0.285
0 0.29
0 0.3
0 0.305
0 0.32
0 0.335
0 0.35
0 0.36
0 0.365
0 0.365
0 0.375
0 0.385
0 0.395
0 0.41
0 0.425
0 0.455
0 0.495
0 0.53
0 0.55
0 0.57
0 0.59
0 0.6
0 0.57
0 0.535
0 0.53
0 0.54
0 0.555
0 0.575
0 0.605
0 0.655
0 0.73
0 0.8
0 0.845
0 0.87
0 0.89
0 0.895
0 0.86
0 0.805
0 0.755
0 0.735
0 0.745
0 0.765
0 0.8
0 0.85
0 0.925
0 0.995
0 0
0 0
0 0
0 0
0 0
0 0
0 0
0 1
0 0.97
0 0.955
0 0.97
0 0.995
0 0
0 0
0 0
0 0
0 0
0 0
0 0
0 0
0 0
0 0
0 0
0 0
0 0
0 0
0 0
0 0
0 0
0 0
0 0
0 0
0 0
0 0
0 0
0 0
0 0
0 0
0 0
0 0
0 0
0 0
0 0
0 0
0 0
0 0
0 0
0 0
0 0
0 0
0 0
0 0
0 0
0 0
0 0
0 0
0 0
0 0
0 0
0 0
0 0
0 0
0 0
0 0
0 0
0 0
0 0
0 0
0 0
0 0
0 0
0 0
0 0
0 0
0 0
0 0
0 0
0 0
0 0
0 0
0 0
0 0
0 0
0 0
0 0
0 0
0 0
0 0
0 0
0 0
0 0
0 0
0 0
0 0
0 0
0 0
0 0
0 0
0 0
0 0
0 0
0 0
0 0
0 0
0 0
0 0
0 0
0 0
0 0
0 0
0 0
0 0
0 0
0 0
0 0
0 0
0 0
0 0
0 0
0 0
0 0
0 0
0 0
0 0
0 0
0 0
0 0
0 0
0 0
0 0
0 0
0 0
0 0
0 0
0 0
0 0
0 0
0 0
0 0
0 0
0 0
0 0
0 0
0 0
0 0
0 0
0 0
0 0
0 0
0 0
0 0
0 0
0 0
0 0
0 0
0 0
0 0
0 0
0 0
0 0
0 0
0 0
0 0
0 0
0 0
0 0
0 0
0 0
0 0
0 0
0 0
0 0
0 0
0 0
0 0
0 0
0 0
0 0
0 0
0 0
0 0
0 0
0 0
0 0
0 0
0 0
0 0
0 0
0 0
0 0
0 0
0 0
0 0
0 0
0 0
0 0
0 0
0 0
0 0
0 0
0 0
0 0
0 0
0 0
0 0
0 0
0 0
0 0
0 0
0 0
0 0
0 0
0 0
0 0
0 0
0 0
0 0
0 0
0 0
0 0
0 0
0 0
0 0
0 0
0 0
0 0
0 0
0 0
0 0
0 0
0 0
0 0
0 0
0 0
0 0
0 0
0 0
0 0
0 0
0 0
0 0
0 0
0 0
0 0
0 0
0 0
0 0
0 0
0 0
0 0
0 0
0 0
0 0
0 0
0 0
0 0
0 0
0 0
0 0
0 0
0 0
0 0
0 0
0 0
0 0
0 0
0 0
0 0
0 0
0 0
0 0
0 0
0 0
0 0
0 0
0 0
0 0
0 0
0 0
0 0
0 0
0 0
0 0
0 0
0 0
0 0
0 0
0 0
0 0
0 0
0 0
0 0
0 0
0 0
0 0
0 0
0 0
0 0
0 0
0 0
0 0
0 0
0 0
0 0
0 0
0 0
0 0
0 0
0 0
0 0
0 0
0 0
0 0
0 0
0 0
0 0
0 0
0 0
0 0
0 0
0 0
0 0
0 0
0 0
0 0
0 0
0 0
0 0
0 0
0 0
0 0

