0.005 0.02
0.005 0.02
0.005 0.02
0.005 0.025
0.005 0.025
0.005 0.025
0.005 0.03
0.005 0.03
0.005 0.03
0.005 0.035
0.005 0.035
0.005 0.04
0.005 0.04
0.005 0.045
0.005 0.05
0.005 0.05
0.005 0.055
0.005 0.06
0.005 0.065
0.005 0.07
0.005 0.075
0.005 0.08
0.005 0.09
0.005 0.1
0.005 0.11
0.005 0.12
0.005 0.14
0.005 0.16
0.005 0.185
0.005 0.225
0.005 0.27
0.005 0.315
0.005 0.345
0.005 0.37
0.005 0.385
0.005 0.4
0.005 0.41
0.005 0.415
0.005 0.425
0.005 0.43
0.005 0.435
0.005 0.44
0.005 0.42
0.005 0.375
0.005 0.34
0.005 0.275
0.005 0.215
0.005 0.17
0.005 0.105
0.005 0.05
0.005 0.035
0.005 0.025
0.005 0.02
0.005 0.02
0.005 0.015
0.005 0.01
0.005 0.015
0.005 0.015
0.005 0.01
0.005 0.01
0.005 0.015
0.005 0.01
0.005 0.01
0.005 0.01
0.005 0.015
0.005 0.01
0.005 0.01
0.005 0.015
0.005 0.01
0.005 0.015
0.005 0.01
0.005 0.01
0.005 0.01
0.005 0.01
0.005 0.015
0.005 0.01
0.005 0.015
0.005 0.01
0.005 0.01
0.005 0.01
0.005 0.01
0.005 0.01
0.005 0.01
0.005 0.01
0.005 0.01
0.005 0.01
0.005 0.01
0.005 0.01
0.005 0.01
0.005 0.015
0.01 0.01
0.005 0.01
0.01 0.015
0.01 0.01
0.005 0.015
0.01 0.015
0.01 0.01
0.01 0.015
0.01 0.015
0.01 0.01
0.01 0.015
0.01 0.015
0.01 0.01
0.01 0.015
0.01 0.015
0.01 0.015
0.01 0.01
0.01 0.015
0.01 0.015
0.01 0.015
0.01 0.015
0.01 0.015
0.01 0.015
0.015 0.015
0.015 0.015
0.015 0.015
0.015 0.015
0.015 0.015
0.015 0.015
0.015 0.015
0.015 0.015
0.015 0.015
0.015 0.015
0.015 0.02
0.02 0.015
0.02 0.015
0.015 0.015
0.015 0.02
0.015 0.02
0.02 0.02
0.025 0.015
0.025 0.015
0.02 0.015
0.02 0.02
0.02 0.025
0.02 0.025
0.03 0.02
0.03 0.015
0.03 0.015
0.025 0.02
0.02 0.02
0.02 0.03
0.025 0.03
0.03 0.025
0.035 0.02
0.04 0.015
0.04 0.015
0.035 0.02
0.03 0.02
0.03 0.025
0.025 0.03
0.03 0.035
0.03 0.035
0.035 0.03
0.045 0.025
0.05 0.025
0.055 0.02
0.06 0.02
0.06 0.02
0.055 0.02
0.05 0.025
0.045 0.03
0.04 0.03
0.04 0.035
0.04 0.04
0.04 0.045
0.045 0.05
0.05 0.05
0.05 0.05
0.055 0.045
0.065 0.045
0.07 0.045
0.075 0.04
0.085 0.04
0.09 0.04
0.095 0.04
0.1 0.035
0.105 0.035
0.11 0.035
0.115 0.035
0.12 0.035
0.125 0.035
0.13 0.035
0.135 0.04
0.135 0.04
0.14 0.04
0.145 0.04
0.15 0.04
0.155 0.04
0.16 0.045
0.165 0.045
0.17 0.045
0.175 0.045
0.18 0.05
0.185 0.05
0.19 0.05
0.2 0.055
0.205 0.055
0.21 0.055
0.22 0.06
0.225 0.06
0.235 0.065
0.24 0.07
0.245 0.07
0.255 0.075
0.26 0.08
0.265 0.09
0.265 0.095
0.27 0.105
0.27 0.115
0.265 0.13
0.26 0.145
0.255 0.16
0.25 0.18
0.24 0.195
0.235 0.215
0.225 0.235
0.22 0.255
0.215 0.27
0.21 0.28
0.21 0.29
0.21 0.29
0.22 0.285
0.23 0.275
0.24 0.26
0.26 0.245
0.285 0.23
0.31 0.215
0.345 0.2
0.38 0.185
0.42 0.175
0.455 0.175
0.495 0.175
0.525 0.18
0.55 0.195
0.565 0.22
0.57 0.25
0.56 0.29
0.545 0.335
0.52 0.39
0.495 0.445
0.465 0.505
0.445 0.57
0.42 0.62
0.4 0.66
0.385 0.675
0.38 0.675
0.385 0.655
0.4 0.625
0.425 0.59
0.465 0.555
0.505 0.52
0.555 0.49
0.605 0.455
0.655 0.425
0.705 0.405
0.755 0.4
0.79 0.42
0.82 0.46
0.835 0.515
0.835 0.58
0.815 0.65
0.785 0.725
0.755 0.795
0.725 0.86
0.695 0.92
0.665 0.97
0.635 0.995
0.61 0
0.595 0
0.59 1
0.605 0.99
0.635 0.97
0.68 0.945
0.73 0.915
0.78 0.885
0.835 0.85
0.885 0.81
0.93 0.78
0.97 0.77
0.995 0.8
0 0.855
0 0.915
0 0.97
0.99 0
0.97 0
0.945 0
0.92 0
0.89 0
0.86 0
0.84 0
0.82 0
0.82 0
0.83 0
0.865 0
0.91 0
0.96 0
0.995 0
0 0
0 0
0 0
0 0
0 0
0 0
0 0
0 0
0 0
0 0
0 0
0 0
1 0
0.995 0
1 0
0 0
0 0
0 0
0 0
0 0
0 0
0 0
0 0
0 0
0 0
0 0
0 0
0 0
0 0
0 0
0 0
0 0
0 0
0 0
0 0
0 0
0 0
0 0
0 0
0 0
0 0
0 0
0 0
0 0
0 0
0 0
0 0
0 0
0 0
0 0
0 0
0 0
0 0
0 0
0 0
0 0
0 0
0 0
0 0
0 0
0 0
0 0
0 0
0 0
0 0
0 0
0 0
0 0
0 0
0 0
0 0
0 0
0 0
0 0
0 0
0 0
0 0
0 0
0 0
0 0
0 0
0 0
0 0
0 0
0 0
0 0
0 0
0 0
0 0
0 0
0 0
0 0
0 0
0 0
0 0
0 0
0 0
0 0
0 0
0 0
0 0
0 0
0 0
0 0
0 0
0 0
0 0
0 0
0 0
0 0
0 0
0 0
0 0
0 0
0 0
0 0
0 0
0 0
0 0
0 0
0 0
0 0
0 0
0 0
0 0
0 0
0 0
0 0
0 0
0 0
0 0
0 0
0 0
0 0
0 0
0 0
0 0
0 0
0 0
0 0
0 0
0 0
0 0
0 0
0 0
0 0
0 0
0 0
0 0
0 0
0 0
0 0
0 0
0 0
0 0
0 0
0 0
0 0
0 0
0 0
0 0
0 0
0 0
0 0
0 0
0 0
0 0
0 0
0 0
0 0
0 0
0 0
0 0
0 0
0 0
0 0
0 0
0 0
0 0
0 0
0 0
0 0
0 0
0 0
0 0
0 0
0 0
0 0
0 0
0 0
0 0
0 0
0 0
0 0
0 0
0 0
0 0
0 0
0 0
0 0
0 0
0 0
0 0
0 0
0 0
0 0
0 0
0 0
0 0
0 0
0 0
0 0
0 0
0 0
0 0
0 0
0 0
0 0
0 0
0 0
0 0
0 0
0 0
0 0
0 0
0 0
0 0
0 0
0 0
0 0
0 0
0 0
0 0
0 0
0 0
0 0
0 0
0 0
0 0
0 0
0 0
0 0
0 0
0 0
0 0
0 0
0 0
0 0
0 0
0 0
0 0
0 0
0 0
0 0
0 0
0 0
0 0
0 0
0 0
0 0
0 0
0 0
0 0
0 0
0 0
0 0
0 0
0 0
0 0
0 0
0 0
0 0
0 0
0 0
0 0
0 0
0 0
0 0
0 0
0 0
0 0
0 0
0 0
0 0
0 0
0 0
0 0
0 0
0 0
0 0
0 0
0 0
0 0
0 0
0 0
0 0
0 0
0 0
0 0
0 0
0 0
0 0

