0.005 0.02
0.005 0.02
0.005 0.02
0.005 0.025
0.005 0.025
0.005 0.025
0.005 0.03
0.005 0.03
0.005 0.03
0.005 0.035
0.005 0.035
0.005 0.04
0.005 0.04
0.005 0.045
0.005 0.05
0.005 0.05
0.005 0.055
0.005 0.06
0.005 0.065
0.005 0.07
0.005 0.075
0.005 0.085
0.005 0.09
0.005 0.1
0.005 0.11
0.005 0.125
0.005 0.14
0.005 0.16
0.005 0.185
0.005 0.225
0.005 0.275
0.005 0.32
0.005 0.35
0.005 0.37
0.005 0.385
0.005 0.4
0.005 0.41
0.005 0.415
0.005 0.425
0.005 0.43
0.005 0.435
0.005 0.435
0.005 0.425
0.005 0.375
0.005 0.335
0.005 0.275
0.005 0.215
0.005 0.165
0.005 0.095
0.005 0.03
0.005 0.005
0.005 0.01
0.005 0.01
0.005 0.005
0.005 0.005
0.005 0.01
0.005 0.005
0.005 0.005
0.005 0.005
0.005 0.005
0.005 0.005
0.005 0.005
0.005 0.005
0.005 0.005
0.005 0.01
0.005 0.005
0.005 0.005
0.005 0.005
0.005 0.005
0.005 0.01
0.005 0.005
0.005 0.01
0.005 0.005
0.005 0.005
0.005 0.005
0.005 0.005
0.005 0.005
0.005 0.005
0.005 0.005
0.005 0.005
0.005 0.005
0.005 0.005
0.005 0.005
0.005 0.01
0.005 0.005
0.005 0.01
0.005 0.005
0.005 0.01
0.005 0.005
0.005 0.005
0.005 0.01
0.005 0.005
0.005 0.01
0.005 0.01
0.005 0.005
0.005 0.01
0.005 0.01
0.005 0.005
0.005 0.01
0.005 0.01
0.005 0.01
0.005 0.01
0.005 0.01
0.005 0.01
0.005 0.01
0.005 0.01
0.005 0.01
0.005 0.01
0.005 0.01
0.005 0.01
0.005 0.01
0.005 0.01
0.005 0.01
0.005 0.01
0.005 0.01
0.005 0.01
0.005 0.01
0.005 0.01
0.005 0.01
0.005 0.01
0.005 0.01
0.005 0.01
0.005 0.01
0.005 0.01
0.005 0.01
0.005 0.01
0.005 0.01
0.005 0.01
0.005 0.015
0.005 0.01
0.005 0.01
0.005 0.01
0.005 0.01
0.005 0.015
0.005 0.01
0.005 0.01
0.005 0.01
0.005 0.015
0.005 0.015
0.005 0.01
0.005 0.01
0.005 0.01
0.005 0.015
0.005 0.015
0.005 0.015
0.005 0.015
0.005 0.015
0.005 0.015
0.005 0.015
0.01 0.015
0.01 0.015
0.005 0.015
0.005 0.015
0.005 0.015
0.01 0.015
0.01 0.015
0.01 0.015
0.01 0.015
0.01 0.015
0.01 0.015
0.01 0.02
0.01 0.02
0.01 0.02
0.01 0.015
0.01 0.015
0.01 0.015
0.01 0.015
0.01 0.015
0.01 0.02
0.01 0.025
0.01 0.025
0.01 0.03
0.01 0.03
0.01 0.025
0.01 0.025
0.01 0.02
0.015 0.02
0.015 0.02
0.015 0.02
0.015 0.02
0.015 0.02
0.01 0.02
0.01 0.025
0.01 0.025
0.01 0.03
0.01 0.03
0.01 0.035
0.01 0.04
0.01 0.04
0.01 0.045
0.01 0.045
0.01 0.05
0.01 0.05
0.01 0.055
0.01 0.055
0.01 0.06
0.01 0.06
0.015 0.06
0.015 0.06
0.015 0.06
0.015 0.06
0.015 0.06
0.015 0.055
0.015 0.055
0.015 0.05
0.02 0.05
0.02 0.045
0.02 0.045
0.025 0.04
0.025 0.04
0.03 0.045
0.03 0.05
0.03 0.06
0.025 0.07
0.025 0.09
0.02 0.11
0.02 0.13
0.02 0.14
0.02 0.135
0.02 0.115
0.025 0.095
0.03 0.08
0.035 0.075
0.04 0.08
0.035 0.1
0.035 0.13
0.03 0.17
0.025 0.195
0.025 0.2
0.03 0.17
0.035 0.135
0.04 0.125
0.045 0.135
0.04 0.17
0.04 0.22
0.035 0.245
0.035 0.255
0.035 0.23
0.045 0.2
0.05 0.215
0.05 0.235
0.045 0.28
0.045 0.3
0.045 0.305
0.05 0.305
0.05 0.32
0.05 0.345
0.055 0.35
0.055 0.35
0.06 0.355
0.065 0.405
0.055 0.465
0.055 0.49
0.06 0.435
0.075 0.405
0.085 0.415
0.075 0.57
0.055 0.64
0.06 0.61
0.08 0.48
0.105 0.46
0.1 0.605
0.065 0.785
0.065 0.77
0.085 0.59
0.125 0.515
0.125 0.68
0.08 0.9
0.07 0.88
0.095 0.7
0.15 0.585
0.14 0.795
0.09 0.98
0.075 0.95
0.12 0.765
0.18 0.71
0.145 0.925
0.095 0
0.09 0.98
0.16 0.8
0.19 0.88
0.14 0
0.105 0
0.125 0.985
0.21 0.905
0.18 0
0.14 0
0.12 0
0.185 0.995
0.205 0
0.175 0
0.155 0
0.17 0
0.21 0
0.195 0
0.19 0
0.195 0
0.21 0
0.21 0
0.215 0
0.235 0
0.21 0
0.21 0
0.235 0
0.275 0
0.245 0
0.205 0
0.245 0
0.315 0
0.28 0
0.205 0
0.26 0
0.355 0
0.315 0
0.21 0
0.275 0
0.395 0
0.33 0
0.225 0
0.3 0
0.435 0
0.34 0
0.245 0
0.345 0
0.445 0
0.35 0
0.27 0
0.405 0
0.425 0
0.36 0
0.31 0
0.465 0
0.41 0
0.37 0
0.385 0
0.445 0
0.42 0
0.41 0
0.44 0
0.44 0
0.45 0
0.47 0
0.435 0
0.465 0
0.525 0
0.415 0
0.47 0
0.56 0
0.45 0
0.465 0
0.575 0
0.52 0
0.455 0
0.59 0
0.56 0
0.445 0
0.615 0
0.58 0
0.455 0
0.655 0
0.59 0
0.475 0
0.69 0
0.595 0
0.52 0
0.66 0
0.605 0
0.62 0
0.64 0
0.625 0
0.655 0
0.65 0
0.68 0
0.655 0
0.7 0
0.62 0
0.69 0
0.71 0
0.68 0
0.81 0
0.65 0
0.82 0
0.63 0
0.815 0
0.695 0
0.82 0
0.735 0
0.845 0
0.76 0
0.865 0
0.775 0
0.83 0
0.795 0
0.815 0
0.84 0
0.825 0
0.775 0
0.865 0
0.825 0
0.89 0
0.89 0
0.805 0
0.895 0
0.995 0
0.875 0
0.875 0
0.925 0
0.94 0
0.95 0
0.925 0
1 0
0 0
0 0
0 0
0.995 0
0.96 0
0.975 0
0 0
0 0
0 0
0 0
0 0
0 0
0 0
0 0
0 0
0 0
0 0
0 0
0 0
0 0
0 0
0 0
0 0
0 0
0 0
0 0
0 0
1 0
1 0
0.995 0
0.995 0
0.99 0
0.99 0
0.985 0
0.985 0
0.98 0
0.98 0
0.98 0
0.975 0
0.975 0
0.975 0
0.97 0
0.97 0
0.97 0
0.97 0
0.965 0
0.965 0
0.965 0
0.965 0
0.965 0
0.965 0
0.96 0
0.96 0
0.96 0
0.96 0
0.96 0
0.96 0
0.96 0
0.96 0
0.96 0
0.955 0
0.955 0
0.955 0
0.955 0
0.955 0
0.955 0
0.955 0
0.955 0
0.955 0
0.955 0
0.955 0
0.955 0
0.955 0
0.955 0
0.955 0
0.955 0
0.955 0
0.95 0
0.95 0
0.95 0
0.95 0
0.95 0
0.95 0
0.95 0
0.95 0
0.95 0
0.95 0
0.95 0
0.95 0
0.95 0
0.95 0
0.95 0
0.95 0
0.95 0
0.95 0
0.95 0
0.95 0
0.95 0
0.95 0
0.95 0
0.95 0
0.95 0
0.95 0
0.95 0
0.95 0
0.95 0
0.95 0
0.95 0
0.95 0
0.95 0
0.95 0
0.95 0
0.95 0
0.95 0
0.95 0
0.95 0
0.95 0
0.95 0
0.95 0
0.95 0
0.95 0
0.95 0
0.95 0
0.95 0
0.95 0
0.95 0
0.95 0
0.95 0
0.95 0
0.95 0
0.95 0
0.95 0
0.95 0
0.95 0
0.95 0
0.95 0
0.95 0
0.95 0
0.95 0
0.95 0
0.95 0
0.95 0
0.95 0
0.95 0
0.95 0
0.95 0
0.95 0
0.95 0
0.95 0
0.95 0
0.95 0
0.95 0
0.95 0
0.95 0
0.95 0
0.95 0
0.95 0
0.95 0
0.95 0
0.95 0
0.95 0
0.95 0
0.95 0
0.95 0
0.95 0
0.95 0
0.95 0
0.95 0
0.95 0
0.95 0
0.95 0
0.95 0
0.95 0
0.95 0
0.95 0
0.95 0
0.95 0
0.95 0
0.95 0
0.95 0
0.95 0
0.95 0
0.95 0
0.95 0
0.95 0
0.95 0
0.95 0
0.95 0
0.95 0

