0 11.5006 2.5539 12.1411
197.794 105.073 0.0545774 0.269992 0.710127 0.0536636 7.61102 9.71916
1 14.3176 4.06899 24.0004
166.362 144.931 0.180487 0.184533 0.883932 0.0418885 4.25022 4.84744
2 22.6755 5.05363 40.6083
162.856 124.135 0.271183 0.219627 0.892498 0 5.08018 2.74075
3 26.3479 7.22256 78.0854
162.387 142.288 0.213767 0.261179 0.862057 0.0314702 4.71501 5.01168
4 27.1719 9.74655 131.654
158.062 113.779 0.196394 0.248956 0.940072 0.0610474 4.25474 2.38511
5 27.1719 11.5209 133.348
158.062 113.779 0.196394 0.248956 0.940072 0.0610474 4.25474 2.38511
6 27.1719 12.7302 147.476
158.062 113.779 0.196394 0.248956 0.940072 0.0610474 4.25474 2.38511
7 27.1719 13.6469 128.553
158.062 113.779 0.196394 0.248956 0.940072 0.0610474 4.25474 2.38511
8 27.1719 15.9833 125.344
158.062 113.779 0.196394 0.248956 0.940072 0.0610474 4.25474 2.38511
9 27.1719 15.8399 110.227
158.062 113.779 0.196394 0.248956 0.940072 0.0610474 4.25474 2.38511
10 27.1719 16.9943 110.628
158.062 113.779 0.196394 0.248956 0.940072 0.0610474 4.25474 2.38511
11 27.1719 17.5235 109.158
158.062 113.779 0.196394 0.248956 0.940072 0.0610474 4.25474 2.38511
12 27.1719 19.3792 95.6312
158.062 113.779 0.196394 0.248956 0.940072 0.0610474 4.25474 2.38511
13 28.9313 19.9793 93.483
157.053 112.097 0.171461 0.234243 0.929234 0.0653714 4.06041 2.71483
14 28.9313 19.889 84.7308
157.053 112.097 0.171461 0.234243 0.929234 0.0653714 4.06041 2.71483
15 28.9313 18.9246 80.7661
157.053 112.097 0.171461 0.234243 0.929234 0.0653714 4.06041 2.71483
16 28.9313 18.2603 93.1509
157.053 112.097 0.171461 0.234243 0.929234 0.0653714 4.06041 2.71483
17 28.9313 17.569 93.8259
157.053 112.097 0.171461 0.234243 0.929234 0.0653714 4.06041 2.71483
18 28.9313 14.9584 90.6325
157.053 112.097 0.171461 0.234243 0.929234 0.0653714 4.06041 2.71483
19 28.9313 17.3897 101.568
157.053 112.097 0.171461 0.234243 0.929234 0.0653714 4.06041 2.71483
20 28.9313 17.6326 79.0836
157.053 112.097 0.171461 0.234243 0.929234 0.0653714 4.06041 2.71483
21 28.9313 16.8696 82.3997
157.053 112.097 0.171461 0.234243 0.929234 0.0653714 4.06041 2.71483
22 28.9313 15.7515 94.3609
157.053 112.097 0.171461 0.234243 0.929234 0.0653714 4.06041 2.71483
23 28.9313 17.379 90.2693
157.053 112.097 0.171461 0.234243 0.929234 0.0653714 4.06041 2.71483
24 28.9313 18.5854 80.7695
157.053 112.097 0.171461 0.234243 0.929234 0.0653714 4.06041 2.71483
25 28.9313 16.7854 82.271
157.053 112.097 0.171461 0.234243 0.929234 0.0653714 4.06041 2.71483
26 29.2677 16.9101 84.3908
156.01 120.238 0.137229 0.302038 0.821926 0.000861837 3.6384 3.55083
27 29.2677 17.8024 76.0941
156.01 120.238 0.137229 0.302038 0.821926 0.000861837 3.6384 3.55083
28 29.2677 17.8604 92.6113
156.01 120.238 0.137229 0.302038 0.821926 0.000861837 3.6384 3.55083
29 29.2677 19.0798 51.0218
156.01 120.238 0.137229 0.302038 0.821926 0.000861837 3.6384 3.55083
30 29.2677 19.253 68.2521
156.01 120.238 0.137229 0.302038 0.821926 0.000861837 3.6384 3.55083
31 29.2677 19.8624 59.7974
156.01 120.238 0.137229 0.302038 0.821926 0.000861837 3.6384 3.55083
32 29.4273 21.4362 53.1255
154.8 117.013 0.138088 0.312152 0.809501 0 3.57989 3.71995
33 29.4273 21.1198 65.8871
154.8 117.013 0.138088 0.312152 0.809501 0 3.57989 3.71995
34 29.4273 20.7616 65.4497
154.8 117.013 0.138088 0.312152 0.809501 0 3.57989 3.71995
35 29.4273 21.4686 54.7869
154.8 117.013 0.138088 0.312152 0.809501 0 3.57989 3.71995
36 29.5298 23.018 40.9992
155.047 116.539 0.13812 0.307399 0.816626 0 3.56621 3.66031
37 29.5298 22.5697 56.071
155.047 116.539 0.13812 0.307399 0.816626 0 3.56621 3.66031
38 29.5298 21.3212 46.4361
155.047 116.539 0.13812 0.307399 0.816626 0 3.56621 3.66031
39 29.5298 20.7156 51.8247
155.047 116.539 0.13812 0.307399 0.816626 0 3.56621 3.66031
40 30.4905 20.2282 78.898
155 116.493 0.137086 0.30331 0.817221 0.00196537 3.58057 3.6667
41 30.8329 21.6452 69.2554
154.977 116.489 0.13718 0.303122 0.81717 0.00231642 3.58194 3.66732
42 30.8329 23.194 48.7175
154.977 116.489 0.13718 0.303122 0.81717 0.00231642 3.58194 3.66732
43 30.8329 21.5679 62.7164
154.977 116.489 0.13718 0.303122 0.81717 0.00231642 3.58194 3.66732
44 30.8329 19.987 97.4441
154.977 116.489 0.13718 0.303122 0.81717 0.00231642 3.58194 3.66732
45 30.8329 18.2428 101.751
154.977 116.489 0.13718 0.303122 0.81717 0.00231642 3.58194 3.66732
46 30.8329 16.604 100.824
154.977 116.489 0.13718 0.303122 0.81717 0.00231642 3.58194 3.66732
47 30.8329 16.6103 97.0446
154.977 116.489 0.13718 0.303122 0.81717 0.00231642 3.58194 3.66732
48 30.8329 19.4128 88.8412
154.977 116.489 0.13718 0.303122 0.81717 0.00231642 3.58194 3.66732
49 30.8329 18.2506 78.2647
154.977 116.489 0.13718 0.303122 0.81717 0.00231642 3.58194 3.66732
50 30.8329 19.4236 65.6587
154.977 116.489 0.13718 0.303122 0.81717 0.00231642 3.58194 3.66732
51 30.8329 18.4497 79.3254
154.977 116.489 0.13718 0.303122 0.81717 0.00231642 3.58194 3.66732
52 30.8329 18.9202 65.5013
154.977 116.489 0.13718 0.303122 0.81717 0.00231642 3.58194 3.66732
53 30.8329 19.3261 78.4341
154.977 116.489 0.13718 0.303122 0.81717 0.00231642 3.58194 3.66732
54 30.8329 18.2979 87.7886
154.977 116.489 0.13718 0.303122 0.81717 0.00231642 3.58194 3.66732
55 30.8329 18.6222 90.8926
154.977 116.489 0.13718 0.303122 0.81717 0.00231642 3.58194 3.66732
56 30.8329 17.1582 98.8525
154.977 116.489 0.13718 0.303122 0.81717 0.00231642 3.58194 3.66732
57 30.8329 18.9494 96.7295
154.977 116.489 0.13718 0.303122 0.81717 0.00231642 3.58194 3.66732
58 30.8329 16.7838 90.644
154.977 116.489 0.13718 0.303122 0.81717 0.00231642 3.58194 3.66732
59 30.8329 16.5705 77.9114
154.977 116.489 0.13718 0.303122 0.81717 0.00231642 3.58194 3.66732
60 30.8329 16.5604 83.7236
154.977 116.489 0.13718 0.303122 0.81717 0.00231642 3.58194 3.66732
61 30.8329 16.0006 87.2319
154.977 116.489 0.13718 0.303122 0.81717 0.00231642 3.58194 3.66732
62 30.8329 17.7053 98.0956
154.977 116.489 0.13718 0.303122 0.81717 0.00231642 3.58194 3.66732
63 30.8329 17.1458 74.7555
154.977 116.489 0.13718 0.303122 0.81717 0.00231642 3.58194 3.66732
64 30.8329 18.6532 87.0267
154.977 116.489 0.13718 0.303122 0.81717 0.00231642 3.58194 3.66732
65 30.8329 20.0531 84.2987
154.977 116.489 0.13718 0.303122 0.81717 0.00231642 3.58194 3.66732
66 30.8329 19.8692 83.9425
154.977 116.489 0.13718 0.303122 0.81717 0.00231642 3.58194 3.66732
67 30.8329 17.4444 67.524
154.977 116.489 0.13718 0.303122 0.81717 0.00231642 3.58194 3.66732
68 30.8329 18.72 74.9296
154.977 116.489 0.13718 0.303122 0.81717 0.00231642 3.58194 3.66732
69 30.8329 21.4506 68.2463
154.977 116.489 0.13718 0.303122 0.81717 0.00231642 3.58194 3.66732
70 30.8329 21.5107 91.4226
154.977 116.489 0.13718 0.303122 0.81717 0.00231642 3.58194 3.66732
71 30.8329 21.4429 97.7925
154.977 116.489 0.13718 0.303122 0.81717 0.00231642 3.58194 3.66732
72 30.8329 22.8028 60.2452
154.977 116.489 0.13718 0.303122 0.81717 0.00231642 3.58194 3.66732
73 30.8329 20.5442 66.1338
154.977 116.489 0.13718 0.303122 0.81717 0.00231642 3.58194 3.66732
74 30.8329 20.9463 54.7123
154.977 116.489 0.13718 0.303122 0.81717 0.00231642 3.58194 3.66732
75 30.8329 18.9312 94.2483
154.977 116.489 0.13718 0.303122 0.81717 0.00231642 3.58194 3.66732
76 30.8329 21.2102 58.5468
154.977 116.489 0.13718 0.303122 0.81717 0.00231642 3.58194 3.66732
77 30.8329 20.1114 62.8607
154.977 116.489 0.13718 0.303122 0.81717 0.00231642 3.58194 3.66732
78 30.8329 18.7776 78.4011
154.977 116.489 0.13718 0.303122 0.81717 0.00231642 3.58194 3.66732
79 30.8329 19.8023 83.0164
154.977 116.489 0.13718 0.303122 0.81717 0.00231642 3.58194 3.66732
80 30.8329 17.8334 100.006
154.977 116.489 0.13718 0.303122 0.81717 0.00231642 3.58194 3.66732
81 30.8329 18.7651 82.7355
154.977 116.489 0.13718 0.303122 0.81717 0.00231642 3.58194 3.66732
82 30.8329 17.4268 70.2419
154.977 116.489 0.13718 0.303122 0.81717 0.00231642 3.58194 3.66732
83 30.8329 17.1325 81.0623
154.977 116.489 0.13718 0.303122 0.81717 0.00231642 3.58194 3.66732
84 30.8329 18.2703 78.0113
154.977 116.489 0.13718 0.303122 0.81717 0.00231642 3.58194 3.66732
85 30.8329 19.076 80.0167
154.977 116.489 0.13718 0.303122 0.81717 0.00231642 3.58194 3.66732
86 30.8329 16.6077 93.9372
154.977 116.489 0.13718 0.303122 0.81717 0.00231642 3.58194 3.66732
87 30.8329 16.6951 91.9456
154.977 116.489 0.13718 0.303122 0.81717 0.00231642 3.58194 3.66732
88 30.8329 19.1272 80.9844
154.977 116.489 0.13718 0.303122 0.81717 0.00231642 3.58194 3.66732
89 30.8329 19.2831 78.6458
154.977 116.489 0.13718 0.303122 0.81717 0.00231642 3.58194 3.66732
90 30.8329 18.5954 89.324
154.977 116.489 0.13718 0.303122 0.81717 0.00231642 3.58194 3.66732
91 30.8329 19.5647 85.8582
154.977 116.489 0.13718 0.303122 0.81717 0.00231642 3.58194 3.66732
92 30.8329 21.8506 71.2895
154.977 116.489 0.13718 0.303122 0.81717 0.00231642 3.58194 3.66732
93 30.8329 20.5277 81.1166
154.977 116.489 0.13718 0.303122 0.81717 0.00231642 3.58194 3.66732
94 30.8329 22.2247 59.6725
154.977 116.489 0.13718 0.303122 0.81717 0.00231642 3.58194 3.66732
95 30.8329 19.9489 75.5362
154.977 116.489 0.13718 0.303122 0.81717 0.00231642 3.58194 3.66732
96 30.8329 18.7672 87.1834
154.977 116.489 0.13718 0.303122 0.81717 0.00231642 3.58194 3.66732
97 30.8329 18.5887 78.1056
154.977 116.489 0.13718 0.303122 0.81717 0.00231642 3.58194 3.66732
98 30.8329 19.4622 84.3006
154.977 116.489 0.13718 0.303122 0.81717 0.00231642 3.58194 3.66732
99 30.8329 19.3299 72.57
154.977 116.489 0.13718 0.303122 0.81717 0.00231642 3.58194 3.66732
100 30.8329 19.2972 85.1805
154.977 116.489 0.13718 0.303122 0.81717 0.00231642 3.58194 3.66732
