0 26.3302 3.8436 76.2032
129.054 182.447 0.337286 0.248945 0.00345725 0.188989 7.636 6.7584
1 26.3302 5.9685 111.321
129.054 182.447 0.337286 0.248945 0.00345725 0.188989 7.636 6.7584
2 26.3302 7.40614 130.563
129.054 182.447 0.337286 0.248945 0.00345725 0.188989 7.636 6.7584
3 26.3302 7.15939 118.854
129.054 182.447 0.337286 0.248945 0.00345725 0.188989 7.636 6.7584
4 27.0259 9.59532 155.264
169.393 195.81 0.139043 0.0733873 0.21282 0.48329 5.13264 4.59499
5 27.0259 10.7247 171.772
169.393 195.81 0.139043 0.0733873 0.21282 0.48329 5.13264 4.59499
6 27.0259 11.8573 162.164
169.393 195.81 0.139043 0.0733873 0.21282 0.48329 5.13264 4.59499
7 27.0259 13.2702 175.684
169.393 195.81 0.139043 0.0733873 0.21282 0.48329 5.13264 4.59499
8 27.3784 12.2492 157.822
164.658 185.578 0.153412 0.03998 0.18338 0.533977 5.53483 4.50624
9 27.5809 13.7868 169.58
165.343 182.884 0.145451 0.0530825 0.17732 0.474662 5.55973 4.4821
10 27.5809 13.4609 156.034
165.343 182.884 0.145451 0.0530825 0.17732 0.474662 5.55973 4.4821
11 27.8155 18.8472 126.304
160.422 197.437 0.158822 0.00361377 0.210243 0.361875 6.08602 8.16165
12 27.8155 13.9768 151.54
160.422 197.437 0.158822 0.00361377 0.210243 0.361875 6.08602 8.16165
13 27.8731 15.0261 164.002
169.474 193.269 0.102677 0.0320378 0.259831 0.457859 5.076 5.22479
14 27.8731 16.522 126.894
169.474 193.269 0.102677 0.0320378 0.259831 0.457859 5.076 5.22479
15 27.9419 17.5493 146.307
162.991 191.632 0.126008 0.0408712 0.208633 0.483098 5.60843 4.11688
16 27.9419 17.6013 126.779
162.991 191.632 0.126008 0.0408712 0.208633 0.483098 5.60843 4.11688
17 27.9814 17.8092 150.021
168.75 194.831 0.0990589 0.0290519 0.257804 0.470497 5.16508 5.22577
18 27.9814 18.9166 122.392
168.75 194.831 0.0990589 0.0290519 0.257804 0.470497 5.16508 5.22577
19 27.9814 16.7165 137.008
168.75 194.831 0.0990589 0.0290519 0.257804 0.470497 5.16508 5.22577
20 27.9814 17.2576 134.71
168.75 194.831 0.0990589 0.0290519 0.257804 0.470497 5.16508 5.22577
21 27.9814 16.7169 113.212
168.75 194.831 0.0990589 0.0290519 0.257804 0.470497 5.16508 5.22577
22 28.009 15.6517 127.998
167.492 195.702 0.101546 0.0243665 0.250752 0.467677 5.25366 5.35669
23 28.009 14.4499 130.303
167.492 195.702 0.101546 0.0243665 0.250752 0.467677 5.25366 5.35669
24 28.009 15.1548 138.872
167.492 195.702 0.101546 0.0243665 0.250752 0.467677 5.25366 5.35669
25 28.009 13.619 137.279
167.492 195.702 0.101546 0.0243665 0.250752 0.467677 5.25366 5.35669
26 28.009 15.3534 121.296
167.492 195.702 0.101546 0.0243665 0.250752 0.467677 5.25366 5.35669
27 28.009 14.4921 119.979
167.492 195.702 0.101546 0.0243665 0.250752 0.467677 5.25366 5.35669
28 28.009 15.9171 136.607
167.492 195.702 0.101546 0.0243665 0.250752 0.467677 5.25366 5.35669
29 28.009 17.6431 134.07
167.492 195.702 0.101546 0.0243665 0.250752 0.467677 5.25366 5.35669
30 28.009 16.1389 128.117
167.492 195.702 0.101546 0.0243665 0.250752 0.467677 5.25366 5.35669
31 28.0431 16.3588 130.761
167.584 195.651 0.101399 0.0249747 0.250061 0.467644 5.25749 5.34889
32 28.0431 14.674 106.845
167.584 195.651 0.101399 0.0249747 0.250061 0.467644 5.25749 5.34889
33 28.1893 14.616 136.387
164.617 185.326 0.110372 0.0377481 0.222595 0.461591 5.28964 5.40753
34 28.1893 13.4026 93.76
164.617 185.326 0.110372 0.0377481 0.222595 0.461591 5.28964 5.40753
35 28.2327 12.0544 115.916
164.665 185.506 0.109331 0.0346163 0.224059 0.460094 5.31837 5.43295
36 28.2327 12.6472 113.042
164.665 185.506 0.109331 0.0346163 0.224059 0.460094 5.31837 5.43295
37 28.2327 14.3811 124.18
164.665 185.506 0.109331 0.0346163 0.224059 0.460094 5.31837 5.43295
38 28.2327 15.6093 139.928
164.665 185.506 0.109331 0.0346163 0.224059 0.460094 5.31837 5.43295
39 28.2327 17.4391 101.266
164.665 185.506 0.109331 0.0346163 0.224059 0.460094 5.31837 5.43295
40 28.2327 16.3252 113.545
164.665 185.506 0.109331 0.0346163 0.224059 0.460094 5.31837 5.43295
41 28.2327 17.7174 127.329
164.665 185.506 0.109331 0.0346163 0.224059 0.460094 5.31837 5.43295
42 28.2327 17.7969 100.515
164.665 185.506 0.109331 0.0346163 0.224059 0.460094 5.31837 5.43295
43 28.2327 20.0008 87.3877
164.665 185.506 0.109331 0.0346163 0.224059 0.460094 5.31837 5.43295
44 28.2327 20.2277 79.4767
164.665 185.506 0.109331 0.0346163 0.224059 0.460094 5.31837 5.43295
45 28.2327 20.0026 82.5011
164.665 185.506 0.109331 0.0346163 0.224059 0.460094 5.31837 5.43295
46 28.2327 17.1214 107.235
164.665 185.506 0.109331 0.0346163 0.224059 0.460094 5.31837 5.43295
47 28.2327 17.0042 129.137
164.665 185.506 0.109331 0.0346163 0.224059 0.460094 5.31837 5.43295
48 28.2327 16.3774 136.512
164.665 185.506 0.109331 0.0346163 0.224059 0.460094 5.31837 5.43295
49 28.2327 16.0247 147.502
164.665 185.506 0.109331 0.0346163 0.224059 0.460094 5.31837 5.43295
50 28.2327 18.1966 128.421
164.665 185.506 0.109331 0.0346163 0.224059 0.460094 5.31837 5.43295
51 28.2327 17.7248 125.805
164.665 185.506 0.109331 0.0346163 0.224059 0.460094 5.31837 5.43295
52 28.2327 17.6123 120.993
164.665 185.506 0.109331 0.0346163 0.224059 0.460094 5.31837 5.43295
53 28.2327 18.2009 109.195
164.665 185.506 0.109331 0.0346163 0.224059 0.460094 5.31837 5.43295
54 28.2327 21.4345 73.0849
164.665 185.506 0.109331 0.0346163 0.224059 0.460094 5.31837 5.43295
55 28.2327 18.5002 106.416
164.665 185.506 0.109331 0.0346163 0.224059 0.460094 5.31837 5.43295
56 28.2327 18.3931 125.889
164.665 185.506 0.109331 0.0346163 0.224059 0.460094 5.31837 5.43295
57 28.2327 16.3438 147.429
164.665 185.506 0.109331 0.0346163 0.224059 0.460094 5.31837 5.43295
58 28.2327 15.579 131.206
164.665 185.506 0.109331 0.0346163 0.224059 0.460094 5.31837 5.43295
59 28.2327 16.7327 134.726
164.665 185.506 0.109331 0.0346163 0.224059 0.460094 5.31837 5.43295
60 28.2327 17.4095 134.941
164.665 185.506 0.109331 0.0346163 0.224059 0.460094 5.31837 5.43295
61 28.2327 19.9803 107.633
164.665 185.506 0.109331 0.0346163 0.224059 0.460094 5.31837 5.43295
62 28.2327 19.952 89.7196
164.665 185.506 0.109331 0.0346163 0.224059 0.460094 5.31837 5.43295
63 28.2327 20.3796 72.6963
164.665 185.506 0.109331 0.0346163 0.224059 0.460094 5.31837 5.43295
64 28.2327 19.5782 96.7459
164.665 185.506 0.109331 0.0346163 0.224059 0.460094 5.31837 5.43295
65 28.2327 20.3186 82.3079
164.665 185.506 0.109331 0.0346163 0.224059 0.460094 5.31837 5.43295
66 28.2327 21.5406 69.9874
164.665 185.506 0.109331 0.0346163 0.224059 0.460094 5.31837 5.43295
67 28.2327 19.2285 91.3676
164.665 185.506 0.109331 0.0346163 0.224059 0.460094 5.31837 5.43295
68 28.2327 18.1345 80.9049
164.665 185.506 0.109331 0.0346163 0.224059 0.460094 5.31837 5.43295
69 28.2327 19.9176 79.8021
164.665 185.506 0.109331 0.0346163 0.224059 0.460094 5.31837 5.43295
70 28.2327 19.9827 85.3961
164.665 185.506 0.109331 0.0346163 0.224059 0.460094 5.31837 5.43295
71 28.2327 19.2685 124.955
164.665 185.506 0.109331 0.0346163 0.224059 0.460094 5.31837 5.43295
72 28.2327 17.2105 108.107
164.665 185.506 0.109331 0.0346163 0.224059 0.460094 5.31837 5.43295
73 28.2327 20.1924 90.216
164.665 185.506 0.109331 0.0346163 0.224059 0.460094 5.31837 5.43295
74 28.2327 19.7122 73.9915
164.665 185.506 0.109331 0.0346163 0.224059 0.460094 5.31837 5.43295
75 28.2327 15.4351 104.081
164.665 185.506 0.109331 0.0346163 0.224059 0.460094 5.31837 5.43295
76 28.2327 18.846 105.367
164.665 185.506 0.109331 0.0346163 0.224059 0.460094 5.31837 5.43295
77 28.2327 16.5859 102.155
164.665 185.506 0.109331 0.0346163 0.224059 0.460094 5.31837 5.43295
78 28.2327 16.1446 112.236
164.665 185.506 0.109331 0.0346163 0.224059 0.460094 5.31837 5.43295
79 28.2327 15.4086 136.666
164.665 185.506 0.109331 0.0346163 0.224059 0.460094 5.31837 5.43295
80 28.2327 16.906 137.026
164.665 185.506 0.109331 0.0346163 0.224059 0.460094 5.31837 5.43295
81 28.2327 14.805 133.453
164.665 185.506 0.109331 0.0346163 0.224059 0.460094 5.31837 5.43295
82 28.2327 17.4052 134.825
164.665 185.506 0.109331 0.0346163 0.224059 0.460094 5.31837 5.43295
83 28.2327 16.5344 134.349
164.665 185.506 0.109331 0.0346163 0.224059 0.460094 5.31837 5.43295
84 28.2327 15.2398 134.98
164.665 185.506 0.109331 0.0346163 0.224059 0.460094 5.31837 5.43295
85 28.2327 14.9243 153.31
164.665 185.506 0.109331 0.0346163 0.224059 0.460094 5.31837 5.43295
86 28.2327 14.102 160.786
164.665 185.506 0.109331 0.0346163 0.224059 0.460094 5.31837 5.43295
87 28.2327 12.3212 148.43
164.665 185.506 0.109331 0.0346163 0.224059 0.460094 5.31837 5.43295
88 28.2327 15.5386 139.206
164.665 185.506 0.109331 0.0346163 0.224059 0.460094 5.31837 5.43295
89 28.2327 15.7994 126.1
164.665 185.506 0.109331 0.0346163 0.224059 0.460094 5.31837 5.43295
90 28.2327 17.4904 132.016
164.665 185.506 0.109331 0.0346163 0.224059 0.460094 5.31837 5.43295
91 28.2327 18.477 110
164.665 185.506 0.109331 0.0346163 0.224059 0.460094 5.31837 5.43295
92 28.2327 21.2902 94.6138
164.665 185.506 0.109331 0.0346163 0.224059 0.460094 5.31837 5.43295
93 28.2327 20.4969 100.137
164.665 185.506 0.109331 0.0346163 0.224059 0.460094 5.31837 5.43295
94 28.2327 17.7718 110.5
164.665 185.506 0.109331 0.0346163 0.224059 0.460094 5.31837 5.43295
95 28.2327 16.7492 135.118
164.665 185.506 0.109331 0.0346163 0.224059 0.460094 5.31837 5.43295
96 28.2327 18.5879 98.6277
164.665 185.506 0.109331 0.0346163 0.224059 0.460094 5.31837 5.43295
97 28.2327 18.2348 103.875
164.665 185.506 0.109331 0.0346163 0.224059 0.460094 5.31837 5.43295
98 28.2327 17.14 114.21
164.665 185.506 0.109331 0.0346163 0.224059 0.460094 5.31837 5.43295
99 28.2327 14.9693 138.881
164.665 185.506 0.109331 0.0346163 0.224059 0.460094 5.31837 5.43295
100 28.2327 18.3733 108.077
164.665 185.506 0.109331 0.0346163 0.224059 0.460094 5.31837 5.43295
