0 9.96815 1.46074 6.23263
191.367 129.816 0.468143 0.386619 0.180835 0.161815 1.99428 0.168292
1 10.4808 2.46113 10.3296
194.595 121.895 0.469062 0.417685 0.184494 0.107315 2.81941 0
2 14.1905 3.10999 15.6215
200 124.298 0.425992 0.306465 0.165461 0.143014 3.0145 0
3 14.1905 3.43948 18.2469
200 124.298 0.425992 0.306465 0.165461 0.143014 3.0145 0
4 14.1905 4.47551 21.8117
200 124.298 0.425992 0.306465 0.165461 0.143014 3.0145 0
5 14.1905 5.33754 28.9391
200 124.298 0.425992 0.306465 0.165461 0.143014 3.0145 0
6 14.1905 6.30034 33.8785
200 124.298 0.425992 0.306465 0.165461 0.143014 3.0145 0
7 14.7495 7.39007 31.7745
197.974 112.412 0.434046 0.349316 0.226211 0 2.78593 0.381025
8 14.7495 8.39121 31.6494
197.974 112.412 0.434046 0.349316 0.226211 0 2.78593 0.381025
9 14.8528 8.62306 34.2752
190.479 105.562 0.44628 0.305909 0.380443 0 3.30282 1.64625
10 14.8553 9.04835 28.1284
190.48 105.772 0.446512 0.306034 0.37927 0 3.30653 1.64606
11 14.8594 9.59073 27.2949
190.458 105.538 0.446342 0.305786 0.380509 0 3.30068 1.64708
12 15.3024 9.87529 23.6604
200 110.998 0.427063 0.328072 0.224997 0.0310271 2.80322 0.620329
13 15.3024 9.9933 21.3392
200 110.998 0.427063 0.328072 0.224997 0.0310271 2.80322 0.620329
14 15.3024 10.0894 25.8134
200 110.998 0.427063 0.328072 0.224997 0.0310271 2.80322 0.620329
15 15.3024 10.156 27.1718
200 110.998 0.427063 0.328072 0.224997 0.0310271 2.80322 0.620329
16 15.3024 11.0785 23.733
200 110.998 0.427063 0.328072 0.224997 0.0310271 2.80322 0.620329
17 15.3855 10.8015 26.3571
187.804 106.023 0.405243 0.343171 0.38377 0.0128745 3.59111 2.38622
18 15.3855 10.5626 23.1095
187.804 106.023 0.405243 0.343171 0.38377 0.0128745 3.59111 2.38622
19 15.3855 10.5429 22.9433
187.804 106.023 0.405243 0.343171 0.38377 0.0128745 3.59111 2.38622
20 15.3855 10.7343 20.553
187.804 106.023 0.405243 0.343171 0.38377 0.0128745 3.59111 2.38622
21 15.3855 10.1861 21.4759
187.804 106.023 0.405243 0.343171 0.38377 0.0128745 3.59111 2.38622
22 15.3855 9.78821 24.3379
187.804 106.023 0.405243 0.343171 0.38377 0.0128745 3.59111 2.38622
23 15.4391 8.75437 26.8885
186.129 100 0.410238 0.327687 0.398801 0.019613 3.43421 1.5158
24 15.4391 10.1109 22.1989
186.129 100 0.410238 0.327687 0.398801 0.019613 3.43421 1.5158
25 15.4391 10.4803 17.9818
186.129 100 0.410238 0.327687 0.398801 0.019613 3.43421 1.5158
26 15.4391 10.6126 19.2831
186.129 100 0.410238 0.327687 0.398801 0.019613 3.43421 1.5158
27 15.4391 11.7502 19.68
186.129 100 0.410238 0.327687 0.398801 0.019613 3.43421 1.5158
28 15.4391 11.5831 18.0009
186.129 100 0.410238 0.327687 0.398801 0.019613 3.43421 1.5158
29 18.3288 11.179 23.5818
161.991 100 0.363439 0.36801 0 0.109914 2.96871 0
30 18.3288 11.1008 26.1114
161.991 100 0.363439 0.36801 0 0.109914 2.96871 0
31 18.3288 10.4316 24.7652
161.991 100 0.363439 0.36801 0 0.109914 2.96871 0
32 18.3288 10.2098 27.0977
161.991 100 0.363439 0.36801 0 0.109914 2.96871 0
33 18.3288 9.77289 33.6558
161.991 100 0.363439 0.36801 0 0.109914 2.96871 0
34 18.3288 10.0099 29.2436
161.991 100 0.363439 0.36801 0 0.109914 2.96871 0
35 18.3288 9.78847 30.3802
161.991 100 0.363439 0.36801 0 0.109914 2.96871 0
36 18.3288 10.5471 28.9902
161.991 100 0.363439 0.36801 0 0.109914 2.96871 0
37 18.3288 11.4089 22.2168
161.991 100 0.363439 0.36801 0 0.109914 2.96871 0
38 18.3288 11.6755 19.4379
161.991 100 0.363439 0.36801 0 0.109914 2.96871 0
39 18.3288 11.7839 19.7408
161.991 100 0.363439 0.36801 0 0.109914 2.96871 0
40 18.4542 12.3746 22.9676
163.585 101.697 0.373217 0.338717 0 0.111973 3.30898 0
41 18.4542 12.4621 27.7783
163.585 101.697 0.373217 0.338717 0 0.111973 3.30898 0
42 18.5651 12.635 27.0495
159.526 101.973 0.37739 0.27873 0.018875 0.143816 3.84493 0.200044
43 18.5651 12.5722 29.588
159.526 101.973 0.37739 0.27873 0.018875 0.143816 3.84493 0.200044
44 18.5651 11.9212 31.9154
159.526 101.973 0.37739 0.27873 0.018875 0.143816 3.84493 0.200044
45 18.5651 11.284 36.1104
159.526 101.973 0.37739 0.27873 0.018875 0.143816 3.84493 0.200044
46 18.7251 10.8942 43.1064
155.357 101.735 0.36607 0.280729 0.0222141 0.0929654 3.75134 0
47 18.7251 9.87298 39.4171
155.357 101.735 0.36607 0.280729 0.0222141 0.0929654 3.75134 0
48 18.7251 9.79467 43.0591
155.357 101.735 0.36607 0.280729 0.0222141 0.0929654 3.75134 0
49 19.0833 10.7826 40.7421
134.938 100 0.34193 0.255789 0.071873 0.125131 3.31612 0
50 19.0833 10.2699 40.6104
134.938 100 0.34193 0.255789 0.071873 0.125131 3.31612 0
51 20.5816 10.5258 48.0749
129.181 100.823 0.340159 0.279834 0.0496588 0.0455059 3.09578 0.240529
52 20.5816 10.4117 46.8383
129.181 100.823 0.340159 0.279834 0.0496588 0.0455059 3.09578 0.240529
53 20.5816 10.8875 43.1516
129.181 100.823 0.340159 0.279834 0.0496588 0.0455059 3.09578 0.240529
54 20.5816 11.4912 46.1683
129.181 100.823 0.340159 0.279834 0.0496588 0.0455059 3.09578 0.240529
55 20.5816 11.784 46.319
129.181 100.823 0.340159 0.279834 0.0496588 0.0455059 3.09578 0.240529
56 20.5816 12.1763 41.9984
129.181 100.823 0.340159 0.279834 0.0496588 0.0455059 3.09578 0.240529
57 20.5816 13.3082 36.3305
129.181 100.823 0.340159 0.279834 0.0496588 0.0455059 3.09578 0.240529
58 20.5816 13.108 31.3891
129.181 100.823 0.340159 0.279834 0.0496588 0.0455059 3.09578 0.240529
59 20.6923 12.5627 45.1108
129.174 100.432 0.343175 0.288505 0.0493262 0.0509146 3.0628 0.293038
60 20.6923 12.2751 41.4383
129.174 100.432 0.343175 0.288505 0.0493262 0.0509146 3.0628 0.293038
61 20.6923 12.1656 46.7954
129.174 100.432 0.343175 0.288505 0.0493262 0.0509146 3.0628 0.293038
62 20.6923 12.8496 32.7045
129.174 100.432 0.343175 0.288505 0.0493262 0.0509146 3.0628 0.293038
63 20.6923 12.3846 35.2774
129.174 100.432 0.343175 0.288505 0.0493262 0.0509146 3.0628 0.293038
64 20.9618 13.2528 38.2194
132.707 100 0.341595 0.279871 0.0239311 0 3.40404 0.132633
65 21.1753 13.4909 31.7084
106.85 107.575 0.331792 0.279943 0.0316442 0.0380717 4.48334 0
66 21.1753 13.5172 29.4207
106.85 107.575 0.331792 0.279943 0.0316442 0.0380717 4.48334 0
67 21.1753 12.558 43.1453
106.85 107.575 0.331792 0.279943 0.0316442 0.0380717 4.48334 0
68 21.1753 11.8417 38.5647
106.85 107.575 0.331792 0.279943 0.0316442 0.0380717 4.48334 0
69 21.8588 12.1894 43.1619
100 131.38 0.367897 0.273522 0 0 4.10154 0.384972
70 21.8909 13.3065 42.9816
101.188 114.452 0.364018 0.278082 0.0525874 0 5.70872 0.577178
71 21.8909 14.0267 37.1754
101.188 114.452 0.364018 0.278082 0.0525874 0 5.70872 0.577178
72 22.601 13.8932 47.7121
105.27 111.228 0.350096 0.275596 0.0037433 0.0557693 4.10589 0.212295
73 22.601 15.032 43.079
105.27 111.228 0.350096 0.275596 0.0037433 0.0557693 4.10589 0.212295
74 22.601 14.4518 44.34
105.27 111.228 0.350096 0.275596 0.0037433 0.0557693 4.10589 0.212295
75 23.3429 13.9904 43.7829
100.728 105.187 0.344463 0.355785 0.0335571 0 5.12936 0.474514
76 23.3429 14.149 55.2768
100.728 105.187 0.344463 0.355785 0.0335571 0 5.12936 0.474514
77 23.7816 13.9278 54.0724
100 100.719 0.346904 0.313882 0 0.0764112 4.76903 0
78 23.7816 13.3871 61.9658
100 100.719 0.346904 0.313882 0 0.0764112 4.76903 0
79 23.7816 13.5725 70.8909
100 100.719 0.346904 0.313882 0 0.0764112 4.76903 0
80 23.7816 13.9544 74.118
100 100.719 0.346904 0.313882 0 0.0764112 4.76903 0
81 23.7816 13.1241 62.8765
100 100.719 0.346904 0.313882 0 0.0764112 4.76903 0
82 23.7816 12.9367 73.3615
100 100.719 0.346904 0.313882 0 0.0764112 4.76903 0
83 23.8761 12.859 81.5847
100.537 113.6 0.343277 0.341598 0.0109263 0.0241105 5.35041 0.0782045
84 23.8761 13.658 65.1616
100.537 113.6 0.343277 0.341598 0.0109263 0.0241105 5.35041 0.0782045
85 23.8761 14.7657 54.6335
100.537 113.6 0.343277 0.341598 0.0109263 0.0241105 5.35041 0.0782045
86 23.8761 13.5945 64.9763
100.537 113.6 0.343277 0.341598 0.0109263 0.0241105 5.35041 0.0782045
87 23.8761 13.7006 75.5024
100.537 113.6 0.343277 0.341598 0.0109263 0.0241105 5.35041 0.0782045
88 23.8761 13.8429 62.065
100.537 113.6 0.343277 0.341598 0.0109263 0.0241105 5.35041 0.0782045
89 23.8761 13.5335 75.9008
100.537 113.6 0.343277 0.341598 0.0109263 0.0241105 5.35041 0.0782045
90 23.8761 13.5907 67.2003
100.537 113.6 0.343277 0.341598 0.0109263 0.0241105 5.35041 0.0782045
91 23.8959 13.9001 59.2618
103.368 100 0.345777 0.316246 0 0.0971186 5.45412 0
92 23.8959 13.8242 59.195
103.368 100 0.345777 0.316246 0 0.0971186 5.45412 0
93 23.8959 12.6825 65.3706
103.368 100 0.345777 0.316246 0 0.0971186 5.45412 0
94 23.8959 13.2721 64.8035
103.368 100 0.345777 0.316246 0 0.0971186 5.45412 0
95 23.8959 14.1612 69.7215
103.368 100 0.345777 0.316246 0 0.0971186 5.45412 0
96 23.8959 12.702 84.5484
103.368 100 0.345777 0.316246 0 0.0971186 5.45412 0
97 23.8959 12.2846 68.1297
103.368 100 0.345777 0.316246 0 0.0971186 5.45412 0
98 23.8959 14.5804 72.3999
103.368 100 0.345777 0.316246 0 0.0971186 5.45412 0
99 23.8959 13.6132 70.1053
103.368 100 0.345777 0.316246 0 0.0971186 5.45412 0
100 23.8959 12.2729 70.6478
103.368 100 0.345777 0.316246 0 0.0971186 5.45412 0
