0 17.6214 6.34542 17.8807
183.517 153.672 0.512438 0.222635 0.220365 0.281064 0.556731 0.642395
1 17.6214 7.48853 21.9903
183.517 153.672 0.512438 0.222635 0.220365 0.281064 0.556731 0.642395
2 17.6363 8.10346 24.5225
187.191 159.599 0.576875 0.235586 0.258877 0.24658 0.439305 1.1512
3 17.6363 9.90389 27.645
187.191 159.599 0.576875 0.235586 0.258877 0.24658 0.439305 1.1512
4 17.6507 10.9738 30.7907
185.546 146.206 0.514228 0.238915 0.18327 0.260555 0 1.47286
5 19.5739 12.4534 31.0051
185.614 162.181 0.768664 0.261699 0.36788 0.0574511 2.22088 3.82127
6 20.0587 12.8583 27.2253
185.158 158.927 0.747721 0.209374 0.387367 0.0788173 2.07122 4.11587
7 20.094 13.3838 23.5236
177.719 160.779 0.728307 0.274138 0.276943 0.0263814 2.41143 3.10757
8 20.094 14.9535 20.1012
177.719 160.779 0.728307 0.274138 0.276943 0.0263814 2.41143 3.10757
9 20.6169 14.8293 27.8331
176.523 162.173 0.743804 0.321792 0.268178 0.0440412 2.44121 2.81555
10 20.6169 15.3795 23.9524
176.523 162.173 0.743804 0.321792 0.268178 0.0440412 2.44121 2.81555
11 20.6169 15.7656 21.889
176.523 162.173 0.743804 0.321792 0.268178 0.0440412 2.44121 2.81555
12 21.1203 16.5749 20.3707
178.268 161.572 0.760891 0.351062 0.298941 0.0509515 2.24173 3.26663
13 23.135 17.3173 19.7932
179.921 158.497 0.994496 0.301329 0.342208 0.0154886 2.10393 1.9751
14 23.6369 18.1402 10.9352
180.589 155.465 1 0.310797 0.377835 7.34382e-05 1.72724 2.2607
15 23.6369 18.0963 14.4362
180.589 155.465 1 0.310797 0.377835 7.34382e-05 1.72724 2.2607
16 23.6369 17.8521 24.9927
180.589 155.465 1 0.310797 0.377835 7.34382e-05 1.72724 2.2607
17 23.6377 19.0461 21.0299
180.525 155.563 0.999547 0.31115 0.377678 0.000426201 1.73105 2.26337
18 23.6446 18.2671 27.2853
172.263 153.193 0.973347 0.321042 0.420618 0 2.19701 2.195
19 23.6486 18.8076 33.3996
177.082 143.903 0.951462 0.326292 0.382396 0.0116712 2.20176 2.80243
20 23.6612 19.1477 32.7598
175.562 156.567 1 0.354673 0.427204 0.00737685 2.89142 2.2389
21 24.1784 19.2494 30.3967
175.922 130.026 0.942886 0.34963 0.362792 0 0.91408 4.35999
22 24.1784 18.8226 31.5771
175.922 130.026 0.942886 0.34963 0.362792 0 0.91408 4.35999
23 24.1784 18.5632 26.1644
175.922 130.026 0.942886 0.34963 0.362792 0 0.91408 4.35999
24 24.1784 19.3358 27.3459
175.922 130.026 0.942886 0.34963 0.362792 0 0.91408 4.35999
25 24.1784 18.3305 29.5188
175.922 130.026 0.942886 0.34963 0.362792 0 0.91408 4.35999
26 24.1784 18.9362 34.4834
175.922 130.026 0.942886 0.34963 0.362792 0 0.91408 4.35999
27 24.1784 19.688 29.7183
175.922 130.026 0.942886 0.34963 0.362792 0 0.91408 4.35999
28 24.667 19.6287 27.8143
166.12 129.945 0.948526 0.278475 0.158407 0 0 5.35201
29 24.667 19.6842 19.4505
166.12 129.945 0.948526 0.278475 0.158407 0 0 5.35201
30 24.667 19.7576 18.1559
166.12 129.945 0.948526 0.278475 0.158407 0 0 5.35201
31 25.228 19.0729 33.8397
165.178 126.055 0.971322 0.274675 0.221829 0.0073764 0 5.35766
32 25.228 19.6246 31.1224
165.178 126.055 0.971322 0.274675 0.221829 0.0073764 0 5.35766
33 25.228 19.0192 42.4634
165.178 126.055 0.971322 0.274675 0.221829 0.0073764 0 5.35766
34 25.228 18.8239 43.9417
165.178 126.055 0.971322 0.274675 0.221829 0.0073764 0 5.35766
35 25.228 19.1236 42.4603
165.178 126.055 0.971322 0.274675 0.221829 0.0073764 0 5.35766
36 25.2968 19.215 46.5152
155.226 121.845 0.974525 0.248561 0.227145 0.0337918 0.572818 5.06906
37 25.2968 19.7975 44.6669
155.226 121.845 0.974525 0.248561 0.227145 0.0337918 0.572818 5.06906
38 25.7119 19.5061 40.3305
173.385 118.103 1 0.269511 0.178937 0 0 5.20514
39 25.7119 19.8375 47.2088
173.385 118.103 1 0.269511 0.178937 0 0 5.20514
40 25.7119 20.6708 32.1623
173.385 118.103 1 0.269511 0.178937 0 0 5.20514
41 25.7119 21.271 27.699
173.385 118.103 1 0.269511 0.178937 0 0 5.20514
42 25.8256 20.9064 28.5815
153.97 103.129 0.933554 0.249274 0.230256 0.042588 0.339289 4.19939
43 25.8256 20.2131 40.2463
153.97 103.129 0.933554 0.249274 0.230256 0.042588 0.339289 4.19939
44 25.8256 19.4975 46.6237
153.97 103.129 0.933554 0.249274 0.230256 0.042588 0.339289 4.19939
45 25.918 20.9492 33.3789
151.353 101.622 0.944334 0.245879 0.310219 0.0509479 0 3.93749
46 25.918 21.7141 27.5851
151.353 101.622 0.944334 0.245879 0.310219 0.0509479 0 3.93749
47 25.918 22.2647 12.173
151.353 101.622 0.944334 0.245879 0.310219 0.0509479 0 3.93749
48 25.9458 22.314 12.0018
138.319 100 0.866928 0.255836 0.144345 0 0.533298 4.18084
49 26.2929 21.8862 23.3363
145.196 100 0.879202 0.255336 0.144897 0.00225427 0.652003 3.51974
50 26.2929 21.5097 26.3445
145.196 100 0.879202 0.255336 0.144897 0.00225427 0.652003 3.51974
51 26.2929 22.4819 13.1436
145.196 100 0.879202 0.255336 0.144897 0.00225427 0.652003 3.51974
52 26.2929 22.732 13.6601
145.196 100 0.879202 0.255336 0.144897 0.00225427 0.652003 3.51974
53 26.2929 23.0243 12.3351
145.196 100 0.879202 0.255336 0.144897 0.00225427 0.652003 3.51974
54 26.2929 21.6996 38.3551
145.196 100 0.879202 0.255336 0.144897 0.00225427 0.652003 3.51974
55 26.5055 22.0381 30.0093
145.09 100 0.884759 0.245324 0.145923 0 0.737447 3.44994
56 26.5055 22.1293 34.3306
145.09 100 0.884759 0.245324 0.145923 0 0.737447 3.44994
57 26.5055 21.2802 48.8032
145.09 100 0.884759 0.245324 0.145923 0 0.737447 3.44994
58 26.5055 22.2651 31.1722
145.09 100 0.884759 0.245324 0.145923 0 0.737447 3.44994
59 26.5055 19.6039 69.3888
145.09 100 0.884759 0.245324 0.145923 0 0.737447 3.44994
60 26.5055 22.174 38.6398
145.09 100 0.884759 0.245324 0.145923 0 0.737447 3.44994
61 26.5055 20.6717 50.6379
145.09 100 0.884759 0.245324 0.145923 0 0.737447 3.44994
62 26.5055 21.1848 57.403
145.09 100 0.884759 0.245324 0.145923 0 0.737447 3.44994
63 26.7277 21.0143 55.9631
147.687 101.524 0.898639 0.247038 0.166305 0.000193369 0.662699 3.71952
64 26.7277 20.9565 56.9908
147.687 101.524 0.898639 0.247038 0.166305 0.000193369 0.662699 3.71952
65 26.7277 20.2654 59.8251
147.687 101.524 0.898639 0.247038 0.166305 0.000193369 0.662699 3.71952
66 26.7277 21.5788 53.0251
147.687 101.524 0.898639 0.247038 0.166305 0.000193369 0.662699 3.71952
67 26.7277 22.2683 42.8022
147.687 101.524 0.898639 0.247038 0.166305 0.000193369 0.662699 3.71952
68 26.7277 21.9408 55.533
147.687 101.524 0.898639 0.247038 0.166305 0.000193369 0.662699 3.71952
69 26.7277 21.7675 49.0649
147.687 101.524 0.898639 0.247038 0.166305 0.000193369 0.662699 3.71952
70 26.7277 22.5251 33.836
147.687 101.524 0.898639 0.247038 0.166305 0.000193369 0.662699 3.71952
71 26.7277 23.0961 15.2946
147.687 101.524 0.898639 0.247038 0.166305 0.000193369 0.662699 3.71952
72 26.7277 23.478 17.4684
147.687 101.524 0.898639 0.247038 0.166305 0.000193369 0.662699 3.71952
73 26.7277 20.5737 65.1197
147.687 101.524 0.898639 0.247038 0.166305 0.000193369 0.662699 3.71952
74 26.7277 20.8094 62.6442
147.687 101.524 0.898639 0.247038 0.166305 0.000193369 0.662699 3.71952
75 26.7277 20.6003 58.151
147.687 101.524 0.898639 0.247038 0.166305 0.000193369 0.662699 3.71952
76 26.7277 20.6736 62.3788
147.687 101.524 0.898639 0.247038 0.166305 0.000193369 0.662699 3.71952
77 26.7277 20.876 65.762
147.687 101.524 0.898639 0.247038 0.166305 0.000193369 0.662699 3.71952
78 26.7277 21.9391 46.146
147.687 101.524 0.898639 0.247038 0.166305 0.000193369 0.662699 3.71952
79 26.7277 22.4015 41.2587
147.687 101.524 0.898639 0.247038 0.166305 0.000193369 0.662699 3.71952
80 26.7277 22.1971 40.5442
147.687 101.524 0.898639 0.247038 0.166305 0.000193369 0.662699 3.71952
81 26.7277 22.6481 28.0646
147.687 101.524 0.898639 0.247038 0.166305 0.000193369 0.662699 3.71952
82 26.7277 22.9778 21.5212
147.687 101.524 0.898639 0.247038 0.166305 0.000193369 0.662699 3.71952
83 26.7277 22.6029 17.041
147.687 101.524 0.898639 0.247038 0.166305 0.000193369 0.662699 3.71952
84 26.7277 22.9854 16.874
147.687 101.524 0.898639 0.247038 0.166305 0.000193369 0.662699 3.71952
85 26.7277 23.109 18.1609
147.687 101.524 0.898639 0.247038 0.166305 0.000193369 0.662699 3.71952
86 26.7277 23.2518 12.8056
147.687 101.524 0.898639 0.247038 0.166305 0.000193369 0.662699 3.71952
87 26.7277 23.394 7.32555
147.687 101.524 0.898639 0.247038 0.166305 0.000193369 0.662699 3.71952
88 26.7277 22.754 21.2786
147.687 101.524 0.898639 0.247038 0.166305 0.000193369 0.662699 3.71952
89 26.7277 21.4912 46.651
147.687 101.524 0.898639 0.247038 0.166305 0.000193369 0.662699 3.71952
90 26.7277 21.8249 35.2416
147.687 101.524 0.898639 0.247038 0.166305 0.000193369 0.662699 3.71952
91 26.7277 19.8225 67.6633
147.687 101.524 0.898639 0.247038 0.166305 0.000193369 0.662699 3.71952
92 26.7277 20.6989 62.9591
147.687 101.524 0.898639 0.247038 0.166305 0.000193369 0.662699 3.71952
93 26.7277 21.0697 60.2231
147.687 101.524 0.898639 0.247038 0.166305 0.000193369 0.662699 3.71952
94 26.7277 20.4822 70.1469
147.687 101.524 0.898639 0.247038 0.166305 0.000193369 0.662699 3.71952
95 26.7277 21.0032 58.5557
147.687 101.524 0.898639 0.247038 0.166305 0.000193369 0.662699 3.71952
96 26.7277 21.1433 54.891
147.687 101.524 0.898639 0.247038 0.166305 0.000193369 0.662699 3.71952
97 26.7277 22.2059 38.4417
147.687 101.524 0.898639 0.247038 0.166305 0.000193369 0.662699 3.71952
98 26.7277 22.9325 24.0392
147.687 101.524 0.898639 0.247038 0.166305 0.000193369 0.662699 3.71952
99 26.7277 20.8675 61.5841
147.687 101.524 0.898639 0.247038 0.166305 0.000193369 0.662699 3.71952
100 26.7277 19.6358 77.2332
147.687 101.524 0.898639 0.247038 0.166305 0.000193369 0.662699 3.71952
