0 34.7018 4.79654 102.841
128.489 193.264 0.278667 0.313941 0.552117 0.0490025 7.42418 0.753882
1 35.1883 9.06695 188.965
128.264 193.52 0.279538 0.318275 0.549448 0.0484785 7.42626 0.740422
2 35.4425 12.0795 223.115
127.559 191.863 0.272101 0.321794 0.538897 0.0458995 7.33066 0.704009
3 37.1248 15.9199 264.343
129.317 189.852 0.269647 0.289931 0.559619 0.011431 8.50157 0.252818
4 37.1248 19.2877 238.02
129.317 189.852 0.269647 0.289931 0.559619 0.011431 8.50157 0.252818
5 37.217 18.8503 242.644
128.154 197.752 0.250077 0.198282 0.643352 0.11141 8.58567 0
6 38.7897 22.3334 228.247
124.665 197.425 0.219344 0.273757 0.599319 0.0799445 6.70348 1.13392
7 38.7897 22.9648 198.031
124.665 197.425 0.219344 0.273757 0.599319 0.0799445 6.70348 1.13392
8 38.7897 23.7487 176.91
124.665 197.425 0.219344 0.273757 0.599319 0.0799445 6.70348 1.13392
9 38.7897 24.3076 153.531
124.665 197.425 0.219344 0.273757 0.599319 0.0799445 6.70348 1.13392
10 38.7897 26.1099 191.566
124.665 197.425 0.219344 0.273757 0.599319 0.0799445 6.70348 1.13392
11 38.7897 28.3247 160.767
124.665 197.425 0.219344 0.273757 0.599319 0.0799445 6.70348 1.13392
12 38.7897 29.1172 122.44
124.665 197.425 0.219344 0.273757 0.599319 0.0799445 6.70348 1.13392
13 38.7897 30.562 84.5048
124.665 197.425 0.219344 0.273757 0.599319 0.0799445 6.70348 1.13392
14 39.335 29.4301 96.3785
101.653 181.347 0.24671 0.19404 0.292765 0.0736534 7.4818 0.347166
15 39.335 29.9523 89.7371
101.653 181.347 0.24671 0.19404 0.292765 0.0736534 7.4818 0.347166
16 41.8127 32.6842 71.7036
100 200 0.295307 0.208919 0.237223 0 7.81843 1.22865
17 43.9797 32.6705 100.192
100 187.208 0.220461 0.240145 0.22678 0.084263 7.80598 0.264824
18 43.9797 33.3342 99.5032
100 187.208 0.220461 0.240145 0.22678 0.084263 7.80598 0.264824
19 45.6602 33.6092 104.382
100 195.906 0.258371 0.290322 0.186189 0 8.85648 1.7326
20 46.427 33.3811 146.291
101.914 200 0.0729101 0.294952 0.250867 0.0784316 9.01966 1.13749
21 48.9913 34.8678 128.508
105.339 186.454 0.281082 0.1867 0.0931142 0.185988 7.07546 1.61052
22 48.9913 32.3039 149.028
105.339 186.454 0.281082 0.1867 0.0931142 0.185988 7.07546 1.61052
23 48.9913 32.5461 187.239
105.339 186.454 0.281082 0.1867 0.0931142 0.185988 7.07546 1.61052
24 48.9913 32.7222 159.683
105.339 186.454 0.281082 0.1867 0.0931142 0.185988 7.07546 1.61052
25 48.9913 33.6042 118.334
105.339 186.454 0.281082 0.1867 0.0931142 0.185988 7.07546 1.61052
26 49.7271 34.3484 160.697
107.448 184.452 0.285477 0.179903 0.0924697 0.200917 6.99575 1.51154
27 50.7966 35.6532 121.681
100 184.973 0.300248 0.165009 0.0468329 0.185383 6.54145 1.56731
28 50.7966 35.514 109.768
100 184.973 0.300248 0.165009 0.0468329 0.185383 6.54145 1.56731
29 51.0246 37.6825 98.7759
100.357 177.963 0.349591 0.175947 0 0.299733 6.47264 1.82184
30 51.0246 37.9668 123.667
100.357 177.963 0.349591 0.175947 0 0.299733 6.47264 1.82184
31 55.3974 38.7083 94.1749
124.691 188.26 0.309634 0.312218 0.0022687 0.0792961 9.71319 1.81269
32 55.3974 39.2313 78.9635
124.691 188.26 0.309634 0.312218 0.0022687 0.0792961 9.71319 1.81269
33 55.3974 33.8989 240.182
124.691 188.26 0.309634 0.312218 0.0022687 0.0792961 9.71319 1.81269
34 55.3974 36.1842 205.933
124.691 188.26 0.309634 0.312218 0.0022687 0.0792961 9.71319 1.81269
35 56.9767 37.9051 186.207
128.649 191.614 0.267992 0.275387 0 0.0597498 10 1.64276
36 56.9767 41.2998 116.833
128.649 191.614 0.267992 0.275387 0 0.0597498 10 1.64276
37 56.9767 39.4897 173.954
128.649 191.614 0.267992 0.275387 0 0.0597498 10 1.64276
38 56.9767 40.636 154.788
128.649 191.614 0.267992 0.275387 0 0.0597498 10 1.64276
39 56.9767 38.957 153.356
128.649 191.614 0.267992 0.275387 0 0.0597498 10 1.64276
40 56.9767 39.5417 180.73
128.649 191.614 0.267992 0.275387 0 0.0597498 10 1.64276
41 56.9767 39.197 176.291
128.649 191.614 0.267992 0.275387 0 0.0597498 10 1.64276
42 57.4437 40.5768 212.988
129.422 190.226 0.28896 0.283057 0 0.0537406 9.90715 1.61347
43 57.4437 40.9128 156.631
129.422 190.226 0.28896 0.283057 0 0.0537406 9.90715 1.61347
44 57.4437 40.2796 193.753
129.422 190.226 0.28896 0.283057 0 0.0537406 9.90715 1.61347
45 57.4437 39.5935 203.607
129.422 190.226 0.28896 0.283057 0 0.0537406 9.90715 1.61347
46 58.1186 42.9475 194.53
126.879 191.705 0.293711 0.297811 0.00630628 0.0557072 9.75208 1.73832
47 58.1186 40.5798 255.952
126.879 191.705 0.293711 0.297811 0.00630628 0.0557072 9.75208 1.73832
48 58.1186 41.7924 180.771
126.879 191.705 0.293711 0.297811 0.00630628 0.0557072 9.75208 1.73832
49 58.1186 40.7276 237.394
126.879 191.705 0.293711 0.297811 0.00630628 0.0557072 9.75208 1.73832
50 58.1186 42.2019 160.916
126.879 191.705 0.293711 0.297811 0.00630628 0.0557072 9.75208 1.73832
51 58.1186 41.1569 188.11
126.879 191.705 0.293711 0.297811 0.00630628 0.0557072 9.75208 1.73832
52 58.1186 41.0712 231.676
126.879 191.705 0.293711 0.297811 0.00630628 0.0557072 9.75208 1.73832
53 58.1186 40.2756 267.198
126.879 191.705 0.293711 0.297811 0.00630628 0.0557072 9.75208 1.73832
54 58.1186 40.6078 189.773
126.879 191.705 0.293711 0.297811 0.00630628 0.0557072 9.75208 1.73832
55 58.3103 44.1547 129.081
127.905 189.348 0.278095 0.276936 0 0.00356199 9.98802 1.9216
56 58.3103 42.5615 147.012
127.905 189.348 0.278095 0.276936 0 0.00356199 9.98802 1.9216
57 58.3103 39.9837 156.301
127.905 189.348 0.278095 0.276936 0 0.00356199 9.98802 1.9216
58 58.3292 39.8377 274.202
127.896 189.393 0.277993 0.276729 0 0.003487 9.99446 1.92461
59 58.3292 41.7023 205.001
127.896 189.393 0.277993 0.276729 0 0.003487 9.99446 1.92461
60 58.3292 42.5962 191.849
127.896 189.393 0.277993 0.276729 0 0.003487 9.99446 1.92461
61 58.3292 41.5699 186.995
127.896 189.393 0.277993 0.276729 0 0.003487 9.99446 1.92461
62 58.3292 34.1648 359.282
127.896 189.393 0.277993 0.276729 0 0.003487 9.99446 1.92461
63 58.3787 37.7606 314.281
127.996 189.468 0.278353 0.278318 0.000275229 0.00258049 9.98603 1.91269
64 58.3787 36.4262 315.405
127.996 189.468 0.278353 0.278318 0.000275229 0.00258049 9.98603 1.91269
65 58.3787 37.9428 298.122
127.996 189.468 0.278353 0.278318 0.000275229 0.00258049 9.98603 1.91269
66 58.3787 37.0886 348.764
127.996 189.468 0.278353 0.278318 0.000275229 0.00258049 9.98603 1.91269
67 58.3787 36.7881 288.752
127.996 189.468 0.278353 0.278318 0.000275229 0.00258049 9.98603 1.91269
68 58.3787 40.3134 233.636
127.996 189.468 0.278353 0.278318 0.000275229 0.00258049 9.98603 1.91269
69 58.3787 39.6596 278.103
127.996 189.468 0.278353 0.278318 0.000275229 0.00258049 9.98603 1.91269
70 58.3787 39.7136 283.759
127.996 189.468 0.278353 0.278318 0.000275229 0.00258049 9.98603 1.91269
71 58.3787 35.4113 273.82
127.996 189.468 0.278353 0.278318 0.000275229 0.00258049 9.98603 1.91269
72 58.3787 35.9544 290.971
127.996 189.468 0.278353 0.278318 0.000275229 0.00258049 9.98603 1.91269
73 58.3787 37.2423 256.637
127.996 189.468 0.278353 0.278318 0.000275229 0.00258049 9.98603 1.91269
74 58.3787 39.8263 253.06
127.996 189.468 0.278353 0.278318 0.000275229 0.00258049 9.98603 1.91269
75 58.3787 38.9124 203.781
127.996 189.468 0.278353 0.278318 0.000275229 0.00258049 9.98603 1.91269
76 58.3787 36.6747 325.447
127.996 189.468 0.278353 0.278318 0.000275229 0.00258049 9.98603 1.91269
77 58.3787 38.1729 375.018
127.996 189.468 0.278353 0.278318 0.000275229 0.00258049 9.98603 1.91269
78 58.3787 37.9122 349.922
127.996 189.468 0.278353 0.278318 0.000275229 0.00258049 9.98603 1.91269
79 58.3787 35.3956 322.953
127.996 189.468 0.278353 0.278318 0.000275229 0.00258049 9.98603 1.91269
80 58.3787 36.8679 280.779
127.996 189.468 0.278353 0.278318 0.000275229 0.00258049 9.98603 1.91269
81 58.3787 37.5047 310.963
127.996 189.468 0.278353 0.278318 0.000275229 0.00258049 9.98603 1.91269
82 58.3787 40.4064 249.052
127.996 189.468 0.278353 0.278318 0.000275229 0.00258049 9.98603 1.91269
83 58.3787 37.4384 190.068
127.996 189.468 0.278353 0.278318 0.000275229 0.00258049 9.98603 1.91269
84 58.3787 36.1901 275.715
127.996 189.468 0.278353 0.278318 0.000275229 0.00258049 9.98603 1.91269
85 58.3787 35.9348 368.993
127.996 189.468 0.278353 0.278318 0.000275229 0.00258049 9.98603 1.91269
86 58.3787 34.7175 375.5
127.996 189.468 0.278353 0.278318 0.000275229 0.00258049 9.98603 1.91269
87 58.3787 34.7246 368.249
127.996 189.468 0.278353 0.278318 0.000275229 0.00258049 9.98603 1.91269
88 58.3787 37.3679 313.058
127.996 189.468 0.278353 0.278318 0.000275229 0.00258049 9.98603 1.91269
89 58.3787 38.702 259.009
127.996 189.468 0.278353 0.278318 0.000275229 0.00258049 9.98603 1.91269
90 58.3787 39.0805 294.156
127.996 189.468 0.278353 0.278318 0.000275229 0.00258049 9.98603 1.91269
91 58.3787 39.1385 264.275
127.996 189.468 0.278353 0.278318 0.000275229 0.00258049 9.98603 1.91269
92 58.3787 38.1919 274.854
127.996 189.468 0.278353 0.278318 0.000275229 0.00258049 9.98603 1.91269
93 58.3787 38.3637 193.75
127.996 189.468 0.278353 0.278318 0.000275229 0.00258049 9.98603 1.91269
94 58.3787 36.9081 214.712
127.996 189.468 0.278353 0.278318 0.000275229 0.00258049 9.98603 1.91269
95 58.3787 37.854 244.829
127.996 189.468 0.278353 0.278318 0.000275229 0.00258049 9.98603 1.91269
96 58.3787 35.8373 355.928
127.996 189.468 0.278353 0.278318 0.000275229 0.00258049 9.98603 1.91269
97 58.3787 39.2936 330.086
127.996 189.468 0.278353 0.278318 0.000275229 0.00258049 9.98603 1.91269
98 58.3787 39.1828 259.968
127.996 189.468 0.278353 0.278318 0.000275229 0.00258049 9.98603 1.91269
99 58.3787 42.3872 197.833
127.996 189.468 0.278353 0.278318 0.000275229 0.00258049 9.98603 1.91269
100 58.3825 42.3083 235.86
127.66 189.328 0.28218 0.274133 0.000460878 0.00173461 10 1.84599
