0 25.8938 2.20556 38.9535
161.73 139.421 0.0679063 0.145852 0.190523 0.552441 1.22041 5.43848
1 25.8938 3.8932 52.5852
161.73 139.421 0.0679063 0.145852 0.190523 0.552441 1.22041 5.43848
2 26.1652 5.68838 82.7902
120.54 196.159 0.0362229 0.260781 0.372763 0.186059 4.83589 2.81314
3 26.1652 6.73932 104.766
120.54 196.159 0.0362229 0.260781 0.372763 0.186059 4.83589 2.81314
4 26.3638 8.12101 115.646
114.954 200 0.0413841 0.241474 0.409457 0.168498 4.67264 2.78259
5 26.3638 9.08457 105.558
114.954 200 0.0413841 0.241474 0.409457 0.168498 4.67264 2.78259
6 26.405 11.5066 122.959
135.472 182.259 0.0936712 0.308442 0.288363 0.130345 6.68956 4.38118
7 27.4577 11.2259 135.755
133.914 177.138 0.098146 0.224835 0.327368 0.0757568 6.31148 4.26704
8 27.4577 11.5091 138.862
133.914 177.138 0.098146 0.224835 0.327368 0.0757568 6.31148 4.26704
9 27.9708 13.5514 141.052
106.715 196.15 0.0870785 0.184512 0.323086 0.129774 5.21578 2.54612
10 28.4009 15.4602 130.818
137.038 185.398 0.108721 0.237181 0.34395 0.0516115 6.30255 3.53037
11 28.4009 15.8392 132.91
137.038 185.398 0.108721 0.237181 0.34395 0.0516115 6.30255 3.53037
12 28.4009 15.9719 134.64
137.038 185.398 0.108721 0.237181 0.34395 0.0516115 6.30255 3.53037
13 28.4009 16.8334 119.225
137.038 185.398 0.108721 0.237181 0.34395 0.0516115 6.30255 3.53037
14 28.4009 16.8147 104.999
137.038 185.398 0.108721 0.237181 0.34395 0.0516115 6.30255 3.53037
15 29.1777 18.3931 103.693
133.621 169.992 0.0879382 0.300367 0.363674 0.00466115 5.76554 4.1479
16 31.087 19.1376 97.3916
187.961 153.691 0.150863 0.134241 0 0.359549 3.88673 3.68407
17 31.087 19.8757 90.5519
187.961 153.691 0.150863 0.134241 0 0.359549 3.88673 3.68407
18 31.087 18.4619 101.602
187.961 153.691 0.150863 0.134241 0 0.359549 3.88673 3.68407
19 31.087 20.3687 88.1551
187.961 153.691 0.150863 0.134241 0 0.359549 3.88673 3.68407
20 31.087 21.1437 81.8482
187.961 153.691 0.150863 0.134241 0 0.359549 3.88673 3.68407
21 31.087 20.8043 91.034
187.961 153.691 0.150863 0.134241 0 0.359549 3.88673 3.68407
22 31.087 20.2452 90.7742
187.961 153.691 0.150863 0.134241 0 0.359549 3.88673 3.68407
23 31.087 19.7269 102.978
187.961 153.691 0.150863 0.134241 0 0.359549 3.88673 3.68407
24 31.087 21.2227 69.8132
187.961 153.691 0.150863 0.134241 0 0.359549 3.88673 3.68407
25 31.087 20.4595 85.2919
187.961 153.691 0.150863 0.134241 0 0.359549 3.88673 3.68407
26 31.1813 20.8457 89.6437
187.996 153.658 0.150802 0.134672 0.000162331 0.359273 3.8862 3.67791
27 31.2731 20.5647 93.7778
188.158 153.264 0.147347 0.135618 0.00101051 0.360619 3.88195 3.67004
28 31.2731 19.0827 101.765
188.158 153.264 0.147347 0.135618 0.00101051 0.360619 3.88195 3.67004
29 31.2731 19.7816 101.062
188.158 153.264 0.147347 0.135618 0.00101051 0.360619 3.88195 3.67004
30 31.2731 19.0688 93.0128
188.158 153.264 0.147347 0.135618 0.00101051 0.360619 3.88195 3.67004
31 31.2731 19.5532 101.526
188.158 153.264 0.147347 0.135618 0.00101051 0.360619 3.88195 3.67004
32 31.2731 19.8856 88.8761
188.158 153.264 0.147347 0.135618 0.00101051 0.360619 3.88195 3.67004
33 31.2731 20.0713 79.3405
188.158 153.264 0.147347 0.135618 0.00101051 0.360619 3.88195 3.67004
34 31.2731 20.5018 70.7809
188.158 153.264 0.147347 0.135618 0.00101051 0.360619 3.88195 3.67004
35 31.2731 21.0793 68.0278
188.158 153.264 0.147347 0.135618 0.00101051 0.360619 3.88195 3.67004
36 32.29 20.8619 84.7853
187.162 152.358 0.133466 0.126037 0 0.354767 3.743 3.68185
37 32.29 19.0774 113.971
187.162 152.358 0.133466 0.126037 0 0.354767 3.743 3.68185
38 32.29 19.2391 106.09
187.162 152.358 0.133466 0.126037 0 0.354767 3.743 3.68185
39 32.29 18.823 96.8697
187.162 152.358 0.133466 0.126037 0 0.354767 3.743 3.68185
40 32.29 19.9129 88.8669
187.162 152.358 0.133466 0.126037 0 0.354767 3.743 3.68185
41 32.7411 19.2046 102.609
183.509 166.221 0.1216 0.114882 0.0161434 0.241954 3.68756 2.55952
42 32.7411 19.626 97.9347
183.509 166.221 0.1216 0.114882 0.0161434 0.241954 3.68756 2.55952
43 32.7411 20.867 96.2871
183.509 166.221 0.1216 0.114882 0.0161434 0.241954 3.68756 2.55952
44 32.7411 21.3544 92.0599
183.509 166.221 0.1216 0.114882 0.0161434 0.241954 3.68756 2.55952
45 32.7411 18.4877 110.267
183.509 166.221 0.1216 0.114882 0.0161434 0.241954 3.68756 2.55952
46 32.7411 18.3989 121.964
183.509 166.221 0.1216 0.114882 0.0161434 0.241954 3.68756 2.55952
47 32.7411 19.5267 102.374
183.509 166.221 0.1216 0.114882 0.0161434 0.241954 3.68756 2.55952
48 32.7411 19.5646 110.257
183.509 166.221 0.1216 0.114882 0.0161434 0.241954 3.68756 2.55952
49 32.7411 20.369 103.852
183.509 166.221 0.1216 0.114882 0.0161434 0.241954 3.68756 2.55952
50 32.7411 21.321 84.4047
183.509 166.221 0.1216 0.114882 0.0161434 0.241954 3.68756 2.55952
51 32.7411 21.1091 89.4423
183.509 166.221 0.1216 0.114882 0.0161434 0.241954 3.68756 2.55952
52 34.0392 20.0541 106.343
187.075 152.752 0.134686 0.128602 0.00312507 0.357288 3.8257 3.70406
53 34.0392 19.3873 109.622
187.075 152.752 0.134686 0.128602 0.00312507 0.357288 3.8257 3.70406
54 34.0392 20.1505 98.4955
187.075 152.752 0.134686 0.128602 0.00312507 0.357288 3.8257 3.70406
55 34.0392 18.3653 116.932
187.075 152.752 0.134686 0.128602 0.00312507 0.357288 3.8257 3.70406
56 34.0392 18.024 107.488
187.075 152.752 0.134686 0.128602 0.00312507 0.357288 3.8257 3.70406
57 34.0392 19.5122 104.793
187.075 152.752 0.134686 0.128602 0.00312507 0.357288 3.8257 3.70406
58 34.0392 20.2414 106.792
187.075 152.752 0.134686 0.128602 0.00312507 0.357288 3.8257 3.70406
59 34.0392 20.0628 103.716
187.075 152.752 0.134686 0.128602 0.00312507 0.357288 3.8257 3.70406
60 34.0392 20.1985 113.351
187.075 152.752 0.134686 0.128602 0.00312507 0.357288 3.8257 3.70406
61 34.0392 20.132 109.027
187.075 152.752 0.134686 0.128602 0.00312507 0.357288 3.8257 3.70406
62 34.0392 19.1106 120.751
187.075 152.752 0.134686 0.128602 0.00312507 0.357288 3.8257 3.70406
63 34.0392 19.8353 128.028
187.075 152.752 0.134686 0.128602 0.00312507 0.357288 3.8257 3.70406
64 34.0392 19.4082 119.885
187.075 152.752 0.134686 0.128602 0.00312507 0.357288 3.8257 3.70406
65 34.0392 18.7108 106.345
187.075 152.752 0.134686 0.128602 0.00312507 0.357288 3.8257 3.70406
66 34.0392 20.2218 105.805
187.075 152.752 0.134686 0.128602 0.00312507 0.357288 3.8257 3.70406
67 34.0392 19.9694 96.5129
187.075 152.752 0.134686 0.128602 0.00312507 0.357288 3.8257 3.70406
68 34.0392 20.5231 104.336
187.075 152.752 0.134686 0.128602 0.00312507 0.357288 3.8257 3.70406
69 34.0392 20.5225 98.924
187.075 152.752 0.134686 0.128602 0.00312507 0.357288 3.8257 3.70406
70 34.0392 20.4274 94.5431
187.075 152.752 0.134686 0.128602 0.00312507 0.357288 3.8257 3.70406
71 34.0392 20.9014 103.266
187.075 152.752 0.134686 0.128602 0.00312507 0.357288 3.8257 3.70406
72 34.0392 20.6214 106.972
187.075 152.752 0.134686 0.128602 0.00312507 0.357288 3.8257 3.70406
73 34.0392 19.0803 134.576
187.075 152.752 0.134686 0.128602 0.00312507 0.357288 3.8257 3.70406
74 34.0392 19.0563 123.242
187.075 152.752 0.134686 0.128602 0.00312507 0.357288 3.8257 3.70406
75 34.0392 18.484 125.63
187.075 152.752 0.134686 0.128602 0.00312507 0.357288 3.8257 3.70406
76 34.0392 19.2101 121.201
187.075 152.752 0.134686 0.128602 0.00312507 0.357288 3.8257 3.70406
77 34.0392 17.7968 126.281
187.075 152.752 0.134686 0.128602 0.00312507 0.357288 3.8257 3.70406
78 34.0392 19.4069 95.4291
187.075 152.752 0.134686 0.128602 0.00312507 0.357288 3.8257 3.70406
79 34.0392 19.4728 101.176
187.075 152.752 0.134686 0.128602 0.00312507 0.357288 3.8257 3.70406
80 34.0882 19.8391 105.124
186.787 152.928 0.133073 0.129034 0.00282216 0.362564 3.78134 3.72288
81 34.0882 19.8108 103.311
186.787 152.928 0.133073 0.129034 0.00282216 0.362564 3.78134 3.72288
82 34.0882 20.3532 88.2659
186.787 152.928 0.133073 0.129034 0.00282216 0.362564 3.78134 3.72288
83 34.0882 20.7733 94.4439
186.787 152.928 0.133073 0.129034 0.00282216 0.362564 3.78134 3.72288
84 34.0882 19.7277 97.0712
186.787 152.928 0.133073 0.129034 0.00282216 0.362564 3.78134 3.72288
85 34.0882 21.1428 97.0088
186.787 152.928 0.133073 0.129034 0.00282216 0.362564 3.78134 3.72288
86 34.0882 21.7752 97.0035
186.787 152.928 0.133073 0.129034 0.00282216 0.362564 3.78134 3.72288
87 34.0882 19.6019 114.813
186.787 152.928 0.133073 0.129034 0.00282216 0.362564 3.78134 3.72288
88 34.0882 18.1886 130.535
186.787 152.928 0.133073 0.129034 0.00282216 0.362564 3.78134 3.72288
89 34.0882 18.1736 119.839
186.787 152.928 0.133073 0.129034 0.00282216 0.362564 3.78134 3.72288
90 34.0882 20.8714 105.894
186.787 152.928 0.133073 0.129034 0.00282216 0.362564 3.78134 3.72288
91 34.0882 21.7798 77.0389
186.787 152.928 0.133073 0.129034 0.00282216 0.362564 3.78134 3.72288
92 34.0882 21.1762 100.414
186.787 152.928 0.133073 0.129034 0.00282216 0.362564 3.78134 3.72288
93 34.0882 21.9137 94.5858
186.787 152.928 0.133073 0.129034 0.00282216 0.362564 3.78134 3.72288
94 34.0882 22.1414 82.0237
186.787 152.928 0.133073 0.129034 0.00282216 0.362564 3.78134 3.72288
95 34.0882 21.723 83.2052
186.787 152.928 0.133073 0.129034 0.00282216 0.362564 3.78134 3.72288
96 34.0882 21.6973 86.5782
186.787 152.928 0.133073 0.129034 0.00282216 0.362564 3.78134 3.72288
97 34.0882 20.563 94.8773
186.787 152.928 0.133073 0.129034 0.00282216 0.362564 3.78134 3.72288
98 34.0882 19.9772 108.089
186.787 152.928 0.133073 0.129034 0.00282216 0.362564 3.78134 3.72288
99 34.0882 19.7992 109.978
186.787 152.928 0.133073 0.129034 0.00282216 0.362564 3.78134 3.72288
100 34.0882 20.606 99.8341
186.787 152.928 0.133073 0.129034 0.00282216 0.362564 3.78134 3.72288
