0 24.3122 1.82197 28.347
198.407 194.726 0.0729441 0.644312 0.311865 0.161862 2.1338 0.421724
1 24.3122 2.88787 43.1393
198.407 194.726 0.0729441 0.644312 0.311865 0.161862 2.1338 0.421724
2 24.3122 4.08879 55.2859
198.407 194.726 0.0729441 0.644312 0.311865 0.161862 2.1338 0.421724
3 25.9169 6.12703 78.078
143.37 196.426 0.126778 0.440486 0.22089 0.102044 7.23627 5.33458
4 25.9219 7.97004 104.057
143.166 196.408 0.126453 0.43961 0.223034 0.100749 7.24491 5.33401
5 26.7875 9.02806 114.674
162.012 159.26 0.0882647 0.210145 0.0481232 0.299569 3.63724 6.85207
6 26.7875 10.307 129.956
162.012 159.26 0.0882647 0.210145 0.0481232 0.299569 3.63724 6.85207
7 26.7875 12.7305 139.151
162.012 159.26 0.0882647 0.210145 0.0481232 0.299569 3.63724 6.85207
8 28.1225 13.1368 138.127
150.947 188.05 0.217737 0.283936 0.107454 0.103524 6.2575 4.95462
9 28.1225 13.9692 146.802
150.947 188.05 0.217737 0.283936 0.107454 0.103524 6.2575 4.95462
10 28.1225 15.6178 144.766
150.947 188.05 0.217737 0.283936 0.107454 0.103524 6.2575 4.95462
11 28.1225 15.5104 131.151
150.947 188.05 0.217737 0.283936 0.107454 0.103524 6.2575 4.95462
12 28.3752 16.4988 127.295
151.073 188.157 0.218302 0.284789 0.106397 0.105282 6.27463 4.96421
13 28.5633 19.1295 128.028
151.024 188.192 0.216452 0.28508 0.104869 0.105259 6.26625 4.95752
14 29.1209 17.7421 127.925
152.436 164.395 0.139115 0.131912 0.0826921 0.278371 4.69142 8.47341
15 29.5166 17.9534 131.082
158.706 191.946 0.192602 0.274727 0.110645 0.124109 6.35794 5.62436
16 29.5166 18.518 133.807
158.706 191.946 0.192602 0.274727 0.110645 0.124109 6.35794 5.62436
17 30.3069 18.211 133.654
150.956 166.769 0.142183 0.15655 0.0480611 0.265006 4.35597 8.40163
18 30.3069 19.2441 128.074
150.956 166.769 0.142183 0.15655 0.0480611 0.265006 4.35597 8.40163
19 30.3069 21.2168 95.5484
150.956 166.769 0.142183 0.15655 0.0480611 0.265006 4.35597 8.40163
20 30.3069 21.6516 84.8808
150.956 166.769 0.142183 0.15655 0.0480611 0.265006 4.35597 8.40163
21 30.3069 22.3576 72.8213
150.956 166.769 0.142183 0.15655 0.0480611 0.265006 4.35597 8.40163
22 30.3069 22.8803 71.0743
150.956 166.769 0.142183 0.15655 0.0480611 0.265006 4.35597 8.40163
23 30.6727 23.4196 59.4295
150.844 178.288 0.201521 0.2956 0.0778044 0.0798184 6.59919 4.74245
24 30.7706 23.0404 77.3545
156.471 165.795 0.0789064 0.169286 0.0758873 0.237647 3.29218 8.28246
25 31.339 20.5539 108.885
152.032 172.887 0.14506 0.151545 0.050784 0.253856 4.39443 8.40712
26 31.943 21.2044 89.4718
158.729 159.729 0.185515 0.17894 0.00364694 0.243511 4.72959 8.512
27 31.943 21.1298 97.2271
158.729 159.729 0.185515 0.17894 0.00364694 0.243511 4.72959 8.512
28 31.943 22.1717 81.7469
158.729 159.729 0.185515 0.17894 0.00364694 0.243511 4.72959 8.512
29 31.943 22.9291 69.246
158.729 159.729 0.185515 0.17894 0.00364694 0.243511 4.72959 8.512
30 31.943 20.495 97.9975
158.729 159.729 0.185515 0.17894 0.00364694 0.243511 4.72959 8.512
31 31.943 20.9584 84.0759
158.729 159.729 0.185515 0.17894 0.00364694 0.243511 4.72959 8.512
32 31.943 19.6645 104.857
158.729 159.729 0.185515 0.17894 0.00364694 0.243511 4.72959 8.512
33 31.943 19.416 108.691
158.729 159.729 0.185515 0.17894 0.00364694 0.243511 4.72959 8.512
34 31.943 19.072 112.088
158.729 159.729 0.185515 0.17894 0.00364694 0.243511 4.72959 8.512
35 31.943 18.6578 121.073
158.729 159.729 0.185515 0.17894 0.00364694 0.243511 4.72959 8.512
36 31.943 18.795 122.65
158.729 159.729 0.185515 0.17894 0.00364694 0.243511 4.72959 8.512
37 32.1106 17.3181 127.812
161.203 157.181 0.194052 0.185676 0 0.232424 4.74871 8.25085
38 32.1789 17.935 128.732
160.94 157.655 0.190547 0.191358 0 0.230743 4.75361 8.21734
39 32.1789 18.1451 128.096
160.94 157.655 0.190547 0.191358 0 0.230743 4.75361 8.21734
40 32.6534 19.2374 123.861
151.974 171.888 0.141917 0.132608 0.0663398 0.285077 4.29186 8.81686
41 32.6534 21.6068 74.5804
151.974 171.888 0.141917 0.132608 0.0663398 0.285077 4.29186 8.81686
42 32.6534 20.8152 91.1915
151.974 171.888 0.141917 0.132608 0.0663398 0.285077 4.29186 8.81686
43 32.6534 19.1652 125.455
151.974 171.888 0.141917 0.132608 0.0663398 0.285077 4.29186 8.81686
44 33.0911 19.7672 116.345
150.983 162.733 0.195773 0.177222 0 0.252146 4.78323 9.38721
45 33.0911 21.5166 92.8849
150.983 162.733 0.195773 0.177222 0 0.252146 4.78323 9.38721
46 33.0911 21.261 93.85
150.983 162.733 0.195773 0.177222 0 0.252146 4.78323 9.38721
47 33.0911 20.5348 110.86
150.983 162.733 0.195773 0.177222 0 0.252146 4.78323 9.38721
48 33.0911 20.5554 105.102
150.983 162.733 0.195773 0.177222 0 0.252146 4.78323 9.38721
49 33.0911 20.1395 118.153
150.983 162.733 0.195773 0.177222 0 0.252146 4.78323 9.38721
50 33.0911 21.0472 99.9761
150.983 162.733 0.195773 0.177222 0 0.252146 4.78323 9.38721
51 33.0911 20.6898 97.3761
150.983 162.733 0.195773 0.177222 0 0.252146 4.78323 9.38721
52 33.0911 20.7874 109.583
150.983 162.733 0.195773 0.177222 0 0.252146 4.78323 9.38721
53 33.0911 22.1575 87.618
150.983 162.733 0.195773 0.177222 0 0.252146 4.78323 9.38721
54 33.2035 22.2424 81.8908
160.252 157.593 0.18992 0.187642 0 0.231288 4.68979 8.15331
55 33.2035 20.6979 115.426
160.252 157.593 0.18992 0.187642 0 0.231288 4.68979 8.15331
56 33.2035 19.821 119.534
160.252 157.593 0.18992 0.187642 0 0.231288 4.68979 8.15331
57 33.2035 19.5474 115.661
160.252 157.593 0.18992 0.187642 0 0.231288 4.68979 8.15331
58 33.2035 21.6465 92.268
160.252 157.593 0.18992 0.187642 0 0.231288 4.68979 8.15331
59 33.2035 20.3674 120.355
160.252 157.593 0.18992 0.187642 0 0.231288 4.68979 8.15331
60 33.2035 20.4711 103.034
160.252 157.593 0.18992 0.187642 0 0.231288 4.68979 8.15331
61 33.2035 20.6222 123.43
160.252 157.593 0.18992 0.187642 0 0.231288 4.68979 8.15331
62 33.2035 19.494 130.039
160.252 157.593 0.18992 0.187642 0 0.231288 4.68979 8.15331
63 33.2035 20.5186 118.98
160.252 157.593 0.18992 0.187642 0 0.231288 4.68979 8.15331
64 33.2035 21.3753 99.6314
160.252 157.593 0.18992 0.187642 0 0.231288 4.68979 8.15331
65 33.2035 21.414 94.7137
160.252 157.593 0.18992 0.187642 0 0.231288 4.68979 8.15331
66 33.2035 20.66 99.1514
160.252 157.593 0.18992 0.187642 0 0.231288 4.68979 8.15331
67 33.2035 21.5164 96.8215
160.252 157.593 0.18992 0.187642 0 0.231288 4.68979 8.15331
68 33.2035 19.5424 130.268
160.252 157.593 0.18992 0.187642 0 0.231288 4.68979 8.15331
69 33.2035 20.7278 106.827
160.252 157.593 0.18992 0.187642 0 0.231288 4.68979 8.15331
70 33.2035 19.9164 96.1668
160.252 157.593 0.18992 0.187642 0 0.231288 4.68979 8.15331
71 33.2035 20.8482 99.2379
160.252 157.593 0.18992 0.187642 0 0.231288 4.68979 8.15331
72 33.2035 20.2673 105.059
160.252 157.593 0.18992 0.187642 0 0.231288 4.68979 8.15331
73 33.2035 20.8824 97.7226
160.252 157.593 0.18992 0.187642 0 0.231288 4.68979 8.15331
74 33.2035 21.5271 100.707
160.252 157.593 0.18992 0.187642 0 0.231288 4.68979 8.15331
75 33.2035 21.8235 105.237
160.252 157.593 0.18992 0.187642 0 0.231288 4.68979 8.15331
76 33.2035 20.7288 109.294
160.252 157.593 0.18992 0.187642 0 0.231288 4.68979 8.15331
77 33.2035 20.4295 91.8429
160.252 157.593 0.18992 0.187642 0 0.231288 4.68979 8.15331
78 33.2035 19.7989 115.152
160.252 157.593 0.18992 0.187642 0 0.231288 4.68979 8.15331
79 33.2035 19.5297 119.153
160.252 157.593 0.18992 0.187642 0 0.231288 4.68979 8.15331
80 33.2035 20.5022 101.95
160.252 157.593 0.18992 0.187642 0 0.231288 4.68979 8.15331
81 33.2035 21.3413 86.2731
160.252 157.593 0.18992 0.187642 0 0.231288 4.68979 8.15331
82 33.2035 20.6828 94.0469
160.252 157.593 0.18992 0.187642 0 0.231288 4.68979 8.15331
83 33.2035 20.6211 118.986
160.252 157.593 0.18992 0.187642 0 0.231288 4.68979 8.15331
84 33.2035 20.9594 106.13
160.252 157.593 0.18992 0.187642 0 0.231288 4.68979 8.15331
85 33.2035 21.9593 83.2051
160.252 157.593 0.18992 0.187642 0 0.231288 4.68979 8.15331
86 33.2035 22.1584 73.0102
160.252 157.593 0.18992 0.187642 0 0.231288 4.68979 8.15331
87 33.2035 22.0169 85.0077
160.252 157.593 0.18992 0.187642 0 0.231288 4.68979 8.15331
88 33.2035 22.8513 70.5899
160.252 157.593 0.18992 0.187642 0 0.231288 4.68979 8.15331
89 33.2035 21.0682 110.084
160.252 157.593 0.18992 0.187642 0 0.231288 4.68979 8.15331
90 33.2035 20.5152 103.333
160.252 157.593 0.18992 0.187642 0 0.231288 4.68979 8.15331
91 33.2035 19.5161 132.724
160.252 157.593 0.18992 0.187642 0 0.231288 4.68979 8.15331
92 33.2035 18.7094 139.815
160.252 157.593 0.18992 0.187642 0 0.231288 4.68979 8.15331
93 33.2035 19.9117 126.581
160.252 157.593 0.18992 0.187642 0 0.231288 4.68979 8.15331
94 33.2035 21.1761 117.318
160.252 157.593 0.18992 0.187642 0 0.231288 4.68979 8.15331
95 33.4926 21.0455 115.121
150.98 162.75 0.194446 0.176604 0 0.252102 4.77399 9.37939
96 33.4926 21.5345 106.499
150.98 162.75 0.194446 0.176604 0 0.252102 4.77399 9.37939
97 33.4926 19.2684 137.772
150.98 162.75 0.194446 0.176604 0 0.252102 4.77399 9.37939
98 33.4926 19.586 119.467
150.98 162.75 0.194446 0.176604 0 0.252102 4.77399 9.37939
99 33.4926 21.3317 99.3423
150.98 162.75 0.194446 0.176604 0 0.252102 4.77399 9.37939
100 33.4926 19.4839 124.488
150.98 162.75 0.194446 0.176604 0 0.252102 4.77399 9.37939
