0 3.64186 0.830267 0.995901
172.019 175.756 0.480639 0.0371746 0.178208 0.341046 7.16438 8.29259
1 3.64186 1.11942 1.31246
172.019 175.756 0.480639 0.0371746 0.178208 0.341046 7.16438 8.29259
2 3.64186 1.36368 1.56357
172.019 175.756 0.480639 0.0371746 0.178208 0.341046 7.16438 8.29259
3 3.64186 1.59984 1.82486
172.019 175.756 0.480639 0.0371746 0.178208 0.341046 7.16438 8.29259
4 4.14931 1.70002 1.83046
172.546 176.283 0.511956 0 0.165674 0.374428 7.79482 8.67626
5 4.14931 1.89381 1.87013
172.546 176.283 0.511956 0 0.165674 0.374428 7.79482 8.67626
6 4.14931 1.93142 1.7123
172.546 176.283 0.511956 0 0.165674 0.374428 7.79482 8.67626
7 4.14931 2.28266 1.69089
172.546 176.283 0.511956 0 0.165674 0.374428 7.79482 8.67626
8 4.14931 2.28443 1.58135
172.546 176.283 0.511956 0 0.165674 0.374428 7.79482 8.67626
9 4.14931 2.4772 1.45402
172.546 176.283 0.511956 0 0.165674 0.374428 7.79482 8.67626
10 4.14931 2.28689 1.65785
172.546 176.283 0.511956 0 0.165674 0.374428 7.79482 8.67626
11 4.14931 2.10293 1.52621
172.546 176.283 0.511956 0 0.165674 0.374428 7.79482 8.67626
12 4.14931 2.32649 1.7511
172.546 176.283 0.511956 0 0.165674 0.374428 7.79482 8.67626
13 4.14931 2.41789 1.61203
172.546 176.283 0.511956 0 0.165674 0.374428 7.79482 8.67626
14 4.14931 2.28976 1.70098
172.546 176.283 0.511956 0 0.165674 0.374428 7.79482 8.67626
15 4.23357 2.54137 1.55313
166.461 152.652 0.339719 0.095733 0 0.215263 6.60077 8.28942
16 5.72859 2.52102 2.11419
167.552 140.975 0.354316 0.0952163 0.00671713 0.241825 7.45809 8.34106
17 5.72859 2.72042 2.25334
167.552 140.975 0.354316 0.0952163 0.00671713 0.241825 7.45809 8.34106
18 5.72859 2.78697 2.32994
167.552 140.975 0.354316 0.0952163 0.00671713 0.241825 7.45809 8.34106
19 5.72859 2.58926 2.24368
167.552 140.975 0.354316 0.0952163 0.00671713 0.241825 7.45809 8.34106
20 5.72859 2.59553 2.32439
167.552 140.975 0.354316 0.0952163 0.00671713 0.241825 7.45809 8.34106
21 5.72859 2.6866 2.09365
167.552 140.975 0.354316 0.0952163 0.00671713 0.241825 7.45809 8.34106
22 5.72859 2.84063 2.46428
167.552 140.975 0.354316 0.0952163 0.00671713 0.241825 7.45809 8.34106
23 5.72859 2.95633 1.87533
167.552 140.975 0.354316 0.0952163 0.00671713 0.241825 7.45809 8.34106
24 5.73715 3.04582 2.35267
166.545 140.077 0.357958 0.0984211 0.0058301 0.244352 7.51111 8.3804
25 6.22034 3.10807 2.61864
167.892 140.298 0.338198 0.0929278 0.00176227 0.249668 7.56617 8.38062
26 6.22034 3.14683 2.86764
167.892 140.298 0.338198 0.0929278 0.00176227 0.249668 7.56617 8.38062
27 6.22034 3.02018 2.11145
167.892 140.298 0.338198 0.0929278 0.00176227 0.249668 7.56617 8.38062
28 6.22034 3.1118 3.0962
167.892 140.298 0.338198 0.0929278 0.00176227 0.249668 7.56617 8.38062
29 6.22034 3.2843 2.97231
167.892 140.298 0.338198 0.0929278 0.00176227 0.249668 7.56617 8.38062
30 6.22034 3.08089 2.69689
167.892 140.298 0.338198 0.0929278 0.00176227 0.249668 7.56617 8.38062
31 6.22034 3.30111 2.66539
167.892 140.298 0.338198 0.0929278 0.00176227 0.249668 7.56617 8.38062
32 6.22034 2.9319 2.97908
167.892 140.298 0.338198 0.0929278 0.00176227 0.249668 7.56617 8.38062
33 6.22034 3.04642 2.48138
167.892 140.298 0.338198 0.0929278 0.00176227 0.249668 7.56617 8.38062
34 6.22034 3.00806 2.74413
167.892 140.298 0.338198 0.0929278 0.00176227 0.249668 7.56617 8.38062
35 6.22034 2.55942 3.04534
167.892 140.298 0.338198 0.0929278 0.00176227 0.249668 7.56617 8.38062
36 6.22034 2.75002 3.38037
167.892 140.298 0.338198 0.0929278 0.00176227 0.249668 7.56617 8.38062
37 6.22409 2.67341 3.41951
167.68 140.15 0.34662 0.0958297 0 0.243654 7.59031 8.37258
38 6.22409 2.71377 3.39484
167.68 140.15 0.34662 0.0958297 0 0.243654 7.59031 8.37258
39 6.22409 2.62123 3.42149
167.68 140.15 0.34662 0.0958297 0 0.243654 7.59031 8.37258
40 6.22409 2.56596 3.55475
167.68 140.15 0.34662 0.0958297 0 0.243654 7.59031 8.37258
41 6.22409 2.66122 3.40195
167.68 140.15 0.34662 0.0958297 0 0.243654 7.59031 8.37258
42 6.22659 2.87347 3.57147
170.594 138.749 0.34437 0.0895007 0.00247669 0.24377 7.54022 8.41709
43 6.22659 3.01738 2.79028
170.594 138.749 0.34437 0.0895007 0.00247669 0.24377 7.54022 8.41709
44 6.22659 2.91407 2.74207
170.594 138.749 0.34437 0.0895007 0.00247669 0.24377 7.54022 8.41709
45 6.22659 2.94229 2.81367
170.594 138.749 0.34437 0.0895007 0.00247669 0.24377 7.54022 8.41709
46 6.22659 2.70722 2.99737
170.594 138.749 0.34437 0.0895007 0.00247669 0.24377 7.54022 8.41709
47 6.22659 3.1218 2.594
170.594 138.749 0.34437 0.0895007 0.00247669 0.24377 7.54022 8.41709
48 6.22659 3.22418 2.71317
170.594 138.749 0.34437 0.0895007 0.00247669 0.24377 7.54022 8.41709
49 6.22659 3.14233 3.18279
170.594 138.749 0.34437 0.0895007 0.00247669 0.24377 7.54022 8.41709
50 6.22659 3.54373 3.13281
170.594 138.749 0.34437 0.0895007 0.00247669 0.24377 7.54022 8.41709
51 6.22659 3.42528 2.66157
170.594 138.749 0.34437 0.0895007 0.00247669 0.24377 7.54022 8.41709
52 6.23235 3.21661 3.02589
169.227 137.223 0.345641 0.0850662 0 0.246815 7.51074 8.46557
53 6.23235 2.89082 2.8873
169.227 137.223 0.345641 0.0850662 0 0.246815 7.51074 8.46557
54 6.23235 2.93363 3.311
169.227 137.223 0.345641 0.0850662 0 0.246815 7.51074 8.46557
55 6.23235 2.82847 2.93182
169.227 137.223 0.345641 0.0850662 0 0.246815 7.51074 8.46557
56 6.23235 2.76229 2.51954
169.227 137.223 0.345641 0.0850662 0 0.246815 7.51074 8.46557
57 6.23235 3.15835 3.13149
169.227 137.223 0.345641 0.0850662 0 0.246815 7.51074 8.46557
58 6.23235 3.14523 3.48316
169.227 137.223 0.345641 0.0850662 0 0.246815 7.51074 8.46557
59 6.23235 3.08443 2.69716
169.227 137.223 0.345641 0.0850662 0 0.246815 7.51074 8.46557
60 6.23235 3.02022 3.43513
169.227 137.223 0.345641 0.0850662 0 0.246815 7.51074 8.46557
61 6.23235 2.82422 3.29723
169.227 137.223 0.345641 0.0850662 0 0.246815 7.51074 8.46557
62 6.23235 2.83142 3.21395
169.227 137.223 0.345641 0.0850662 0 0.246815 7.51074 8.46557
63 6.23235 2.78033 3.24425
169.227 137.223 0.345641 0.0850662 0 0.246815 7.51074 8.46557
64 6.23538 2.98321 3.90171
169.342 137.198 0.343763 0.0839975 0.00354835 0.246531 7.47323 8.50233
65 6.23538 3.11099 3.53318
169.342 137.198 0.343763 0.0839975 0.00354835 0.246531 7.47323 8.50233
66 6.23538 2.77504 3.06412
169.342 137.198 0.343763 0.0839975 0.00354835 0.246531 7.47323 8.50233
67 6.23538 3.08164 3.57345
169.342 137.198 0.343763 0.0839975 0.00354835 0.246531 7.47323 8.50233
68 6.23538 3.07596 2.9717
169.342 137.198 0.343763 0.0839975 0.00354835 0.246531 7.47323 8.50233
69 6.24004 3.14736 3.43151
169.363 136.941 0.342166 0.0833452 0.00331225 0.244503 7.4417 8.51903
70 6.24004 3.06286 3.5802
169.363 136.941 0.342166 0.0833452 0.00331225 0.244503 7.4417 8.51903
71 6.24004 2.87638 2.34067
169.363 136.941 0.342166 0.0833452 0.00331225 0.244503 7.4417 8.51903
72 6.24004 3.07852 2.43091
169.363 136.941 0.342166 0.0833452 0.00331225 0.244503 7.4417 8.51903
73 6.24004 2.94357 2.83302
169.363 136.941 0.342166 0.0833452 0.00331225 0.244503 7.4417 8.51903
74 6.24004 3.20911 3.82055
169.363 136.941 0.342166 0.0833452 0.00331225 0.244503 7.4417 8.51903
75 6.24004 2.72314 3.9112
169.363 136.941 0.342166 0.0833452 0.00331225 0.244503 7.4417 8.51903
76 6.24004 2.28942 3.05887
169.363 136.941 0.342166 0.0833452 0.00331225 0.244503 7.4417 8.51903
77 6.24004 2.24954 3.23672
169.363 136.941 0.342166 0.0833452 0.00331225 0.244503 7.4417 8.51903
78 6.24004 2.60304 3.40906
169.363 136.941 0.342166 0.0833452 0.00331225 0.244503 7.4417 8.51903
79 6.24004 2.60569 3.18914
169.363 136.941 0.342166 0.0833452 0.00331225 0.244503 7.4417 8.51903
80 6.24004 2.92452 3.09235
169.363 136.941 0.342166 0.0833452 0.00331225 0.244503 7.4417 8.51903
81 6.24004 2.90315 2.42686
169.363 136.941 0.342166 0.0833452 0.00331225 0.244503 7.4417 8.51903
82 6.24004 2.67248 2.95187
169.363 136.941 0.342166 0.0833452 0.00331225 0.244503 7.4417 8.51903
83 6.24004 2.81714 3.83129
169.363 136.941 0.342166 0.0833452 0.00331225 0.244503 7.4417 8.51903
84 6.24004 3.02127 3.60703
169.363 136.941 0.342166 0.0833452 0.00331225 0.244503 7.4417 8.51903
85 6.24004 3.24686 2.98387
169.363 136.941 0.342166 0.0833452 0.00331225 0.244503 7.4417 8.51903
86 6.24004 3.00186 2.9895
169.363 136.941 0.342166 0.0833452 0.00331225 0.244503 7.4417 8.51903
87 6.24004 3.12338 3.23679
169.363 136.941 0.342166 0.0833452 0.00331225 0.244503 7.4417 8.51903
88 6.24004 2.72348 3.02341
169.363 136.941 0.342166 0.0833452 0.00331225 0.244503 7.4417 8.51903
89 6.24004 2.81357 3.35809
169.363 136.941 0.342166 0.0833452 0.00331225 0.244503 7.4417 8.51903
90 6.24004 3.0811 3.07451
169.363 136.941 0.342166 0.0833452 0.00331225 0.244503 7.4417 8.51903
91 6.24004 3.00377 2.6462
169.363 136.941 0.342166 0.0833452 0.00331225 0.244503 7.4417 8.51903
92 6.24004 2.94046 3.19363
169.363 136.941 0.342166 0.0833452 0.00331225 0.244503 7.4417 8.51903
93 6.24004 3.22859 3.21474
169.363 136.941 0.342166 0.0833452 0.00331225 0.244503 7.4417 8.51903
94 6.24004 2.93827 2.92038
169.363 136.941 0.342166 0.0833452 0.00331225 0.244503 7.4417 8.51903
95 6.24004 2.85043 3.42441
169.363 136.941 0.342166 0.0833452 0.00331225 0.244503 7.4417 8.51903
96 6.24004 2.93705 2.87669
169.363 136.941 0.342166 0.0833452 0.00331225 0.244503 7.4417 8.51903
97 6.24004 3.11208 2.90105
169.363 136.941 0.342166 0.0833452 0.00331225 0.244503 7.4417 8.51903
98 6.24004 3.23255 2.44522
169.363 136.941 0.342166 0.0833452 0.00331225 0.244503 7.4417 8.51903
99 6.24004 3.32698 2.74248
169.363 136.941 0.342166 0.0833452 0.00331225 0.244503 7.4417 8.51903
100 6.24004 3.05261 2.69964
169.363 136.941 0.342166 0.0833452 0.00331225 0.244503 7.4417 8.51903
