0 3.79231 0.652715 1.19926
170.734 106.236 0.147344 0.114177 0.299486 0.460478 9.72867 4.53153
1 3.79598 0.993974 1.84199
170.129 106.6 0.139835 0.11268 0.298221 0.464638 9.70229 4.51592
2 7.32718 1.44969 4.00248
156.856 120.648 0.256583 0 0.291573 0.400023 8.48505 3.63333
3 7.32718 1.71695 4.20769
156.856 120.648 0.256583 0 0.291573 0.400023 8.48505 3.63333
4 9.93587 2.9891 9.96878
159.507 126.64 0.328473 0.0284045 0.348676 0.364125 8.66229 4.03566
5 10.9631 4.05001 14.3335
158.9 120.664 0.292668 0 0.307808 0.413855 8.44602 3.94998
6 15.5743 5.2165 18.928
194.148 100 0.469347 0.00667064 0 0.344226 0.626595 5.5112
7 15.5743 5.46571 22.2035
194.148 100 0.469347 0.00667064 0 0.344226 0.626595 5.5112
8 15.639 5.9418 25.5112
194.087 100 0.439114 0.0271773 0 0.342874 0.681421 5.53816
9 15.639 7.48045 32.6008
194.087 100 0.439114 0.0271773 0 0.342874 0.681421 5.53816
10 15.639 8.18813 34.8596
194.087 100 0.439114 0.0271773 0 0.342874 0.681421 5.53816
11 15.639 8.02555 32.6316
194.087 100 0.439114 0.0271773 0 0.342874 0.681421 5.53816
12 15.6648 8.97262 28.2058
193.288 101.005 0.429858 0.0141014 0.0353401 0.34637 1.11707 5.95188
13 15.6648 8.55502 31.4333
193.288 101.005 0.429858 0.0141014 0.0353401 0.34637 1.11707 5.95188
14 15.6744 8.23009 30.2251
193.263 101.08 0.42881 0.0133849 0.0360516 0.347608 1.12723 5.96342
15 15.6744 9.38057 32.083
193.263 101.08 0.42881 0.0133849 0.0360516 0.347608 1.12723 5.96342
16 15.6744 9.20169 28.5202
193.263 101.08 0.42881 0.0133849 0.0360516 0.347608 1.12723 5.96342
17 15.7287 9.52429 28.4774
193.484 100.852 0.425629 0.0336748 0.038986 0.344955 1.13289 5.86532
18 15.7287 8.08214 27.7859
193.484 100.852 0.425629 0.0336748 0.038986 0.344955 1.13289 5.86532
19 15.7653 7.47811 37.6342
193.172 101.11 0.424493 0.0351559 0.033488 0.349325 1.05985 5.89771
20 15.7997 8.03486 34.6232
191.278 100.081 0.421902 0.0188265 0.03526 0.355208 1.02473 6.32806
21 15.7997 8.83642 35.3758
191.278 100.081 0.421902 0.0188265 0.03526 0.355208 1.02473 6.32806
22 15.7997 8.35393 33.8238
191.278 100.081 0.421902 0.0188265 0.03526 0.355208 1.02473 6.32806
23 15.7997 7.67662 28.4853
191.278 100.081 0.421902 0.0188265 0.03526 0.355208 1.02473 6.32806
24 15.7997 8.12505 34.7251
191.278 100.081 0.421902 0.0188265 0.03526 0.355208 1.02473 6.32806
25 15.7997 7.99008 33.2461
191.278 100.081 0.421902 0.0188265 0.03526 0.355208 1.02473 6.32806
26 15.7997 9.0289 34.35
191.278 100.081 0.421902 0.0188265 0.03526 0.355208 1.02473 6.32806
27 15.7997 7.93398 25.6363
191.278 100.081 0.421902 0.0188265 0.03526 0.355208 1.02473 6.32806
28 15.7997 7.91291 29.4392
191.278 100.081 0.421902 0.0188265 0.03526 0.355208 1.02473 6.32806
29 15.7997 7.65161 30.6482
191.278 100.081 0.421902 0.0188265 0.03526 0.355208 1.02473 6.32806
30 15.7997 7.59019 30.0144
191.278 100.081 0.421902 0.0188265 0.03526 0.355208 1.02473 6.32806
31 15.7997 8.27848 27.5117
191.278 100.081 0.421902 0.0188265 0.03526 0.355208 1.02473 6.32806
32 15.7997 8.86994 28.1435
191.278 100.081 0.421902 0.0188265 0.03526 0.355208 1.02473 6.32806
33 15.7997 8.37401 25.1077
191.278 100.081 0.421902 0.0188265 0.03526 0.355208 1.02473 6.32806
34 15.8647 8.25533 31.2047
192.459 100.516 0.420871 0.0738992 0.00756717 0.325723 1.75165 5.69277
35 15.8647 8.97555 31.3484
192.459 100.516 0.420871 0.0738992 0.00756717 0.325723 1.75165 5.69277
36 15.8647 9.40726 25.7877
192.459 100.516 0.420871 0.0738992 0.00756717 0.325723 1.75165 5.69277
37 15.8647 8.75949 28.3329
192.459 100.516 0.420871 0.0738992 0.00756717 0.325723 1.75165 5.69277
38 15.8647 9.73913 28.9859
192.459 100.516 0.420871 0.0738992 0.00756717 0.325723 1.75165 5.69277
39 16.1401 9.44707 31.4222
187.041 100 0.421048 0.0921786 0.0176671 0.274555 1.97425 4.89054
40 16.1401 10.0125 26.3059
187.041 100 0.421048 0.0921786 0.0176671 0.274555 1.97425 4.89054
41 16.4432 7.96971 37.8292
193.03 100.184 0.418719 0.0711672 0.00839915 0.337219 1.61324 5.66806
42 16.4432 7.94727 35.7312
193.03 100.184 0.418719 0.0711672 0.00839915 0.337219 1.61324 5.66806
43 16.4432 8.74006 38.1101
193.03 100.184 0.418719 0.0711672 0.00839915 0.337219 1.61324 5.66806
44 16.4432 9.32043 38.1638
193.03 100.184 0.418719 0.0711672 0.00839915 0.337219 1.61324 5.66806
45 16.4432 9.89096 27.8741
193.03 100.184 0.418719 0.0711672 0.00839915 0.337219 1.61324 5.66806
46 16.4432 9.97555 28.3571
193.03 100.184 0.418719 0.0711672 0.00839915 0.337219 1.61324 5.66806
47 16.4432 8.81237 27.1898
193.03 100.184 0.418719 0.0711672 0.00839915 0.337219 1.61324 5.66806
48 16.4432 9.81137 22.6886
193.03 100.184 0.418719 0.0711672 0.00839915 0.337219 1.61324 5.66806
49 16.4432 10.2081 23.6116
193.03 100.184 0.418719 0.0711672 0.00839915 0.337219 1.61324 5.66806
50 16.4432 10.9801 17.8037
193.03 100.184 0.418719 0.0711672 0.00839915 0.337219 1.61324 5.66806
51 16.4432 10.4485 20.3288
193.03 100.184 0.418719 0.0711672 0.00839915 0.337219 1.61324 5.66806
52 16.4432 10.4329 19.7396
193.03 100.184 0.418719 0.0711672 0.00839915 0.337219 1.61324 5.66806
53 16.4432 10.1819 27.8676
193.03 100.184 0.418719 0.0711672 0.00839915 0.337219 1.61324 5.66806
54 16.4432 10.8406 22.2202
193.03 100.184 0.418719 0.0711672 0.00839915 0.337219 1.61324 5.66806
55 16.4807 9.75401 30.3159
186.675 106.004 0.414356 0.145746 0 0.26322 1.7955 5.64039
56 16.4807 9.71486 27.2938
186.675 106.004 0.414356 0.145746 0 0.26322 1.7955 5.64039
57 16.4807 9.44804 29.9209
186.675 106.004 0.414356 0.145746 0 0.26322 1.7955 5.64039
58 16.4807 10.5977 25.5618
186.675 106.004 0.414356 0.145746 0 0.26322 1.7955 5.64039
59 16.4807 10.5274 21.1115
186.675 106.004 0.414356 0.145746 0 0.26322 1.7955 5.64039
60 16.4807 9.56663 30.1804
186.675 106.004 0.414356 0.145746 0 0.26322 1.7955 5.64039
61 16.4807 9.95736 26.2899
186.675 106.004 0.414356 0.145746 0 0.26322 1.7955 5.64039
62 16.4807 8.46722 28.4463
186.675 106.004 0.414356 0.145746 0 0.26322 1.7955 5.64039
63 16.4807 8.42759 31.1527
186.675 106.004 0.414356 0.145746 0 0.26322 1.7955 5.64039
64 16.4807 8.18126 28.6869
186.675 106.004 0.414356 0.145746 0 0.26322 1.7955 5.64039
65 16.4807 9.32648 30.4136
186.675 106.004 0.414356 0.145746 0 0.26322 1.7955 5.64039
66 16.4807 9.67606 27.9121
186.675 106.004 0.414356 0.145746 0 0.26322 1.7955 5.64039
67 16.4807 9.95412 22.0032
186.675 106.004 0.414356 0.145746 0 0.26322 1.7955 5.64039
68 16.4807 8.80668 29.2387
186.675 106.004 0.414356 0.145746 0 0.26322 1.7955 5.64039
69 16.4807 9.32217 32.9595
186.675 106.004 0.414356 0.145746 0 0.26322 1.7955 5.64039
70 16.4807 9.59551 36.3431
186.675 106.004 0.414356 0.145746 0 0.26322 1.7955 5.64039
71 16.4807 9.76039 29.2387
186.675 106.004 0.414356 0.145746 0 0.26322 1.7955 5.64039
72 16.4807 9.10961 32.6413
186.675 106.004 0.414356 0.145746 0 0.26322 1.7955 5.64039
73 16.4807 8.66267 30.9129
186.675 106.004 0.414356 0.145746 0 0.26322 1.7955 5.64039
74 16.4807 8.63321 32.7844
186.675 106.004 0.414356 0.145746 0 0.26322 1.7955 5.64039
75 16.4807 9.52267 30.4742
186.675 106.004 0.414356 0.145746 0 0.26322 1.7955 5.64039
76 16.4807 9.32716 29.4649
186.675 106.004 0.414356 0.145746 0 0.26322 1.7955 5.64039
77 16.4807 9.51339 30.3396
186.675 106.004 0.414356 0.145746 0 0.26322 1.7955 5.64039
78 16.4807 9.90905 30.0424
186.675 106.004 0.414356 0.145746 0 0.26322 1.7955 5.64039
79 16.5723 9.48676 29.3335
179.736 113.493 0.392281 0.205646 0.0101367 0.0374605 1.16568 4.83781
80 16.5723 9.78792 24.7114
179.736 113.493 0.392281 0.205646 0.0101367 0.0374605 1.16568 4.83781
81 16.5723 9.43045 30.1447
179.736 113.493 0.392281 0.205646 0.0101367 0.0374605 1.16568 4.83781
82 16.5723 9.70569 29.9768
179.736 113.493 0.392281 0.205646 0.0101367 0.0374605 1.16568 4.83781
83 16.5723 10.0656 24.0474
179.736 113.493 0.392281 0.205646 0.0101367 0.0374605 1.16568 4.83781
84 16.689 10.7944 28.2645
172.736 116.471 0.386731 0.240685 0.0270363 0.0337419 1.36603 4.91839
85 16.689 10.5264 28.7384
172.736 116.471 0.386731 0.240685 0.0270363 0.0337419 1.36603 4.91839
86 17.1189 10.8586 27.5201
172.673 116.749 0.409484 0.233719 0 0.0129997 1.00181 5.092
87 17.1189 9.64293 35.9711
172.673 116.749 0.409484 0.233719 0 0.0129997 1.00181 5.092
88 17.174 10.125 37.5787
172.792 116.154 0.380667 0.235079 0.0433959 0.0276559 1.29945 5.01586
89 17.174 10.2919 35.8501
172.792 116.154 0.380667 0.235079 0.0433959 0.0276559 1.29945 5.01586
90 17.174 10.0975 32.0279
172.792 116.154 0.380667 0.235079 0.0433959 0.0276559 1.29945 5.01586
91 18.203 10.4709 34.8748
170.703 112.382 0.385599 0.257492 0.0265866 0.00560397 1.05335 5.52695
92 18.203 11.7281 32.4197
170.703 112.382 0.385599 0.257492 0.0265866 0.00560397 1.05335 5.52695
93 18.203 10.8568 35.2816
170.703 112.382 0.385599 0.257492 0.0265866 0.00560397 1.05335 5.52695
94 18.203 11.0032 41.1034
170.703 112.382 0.385599 0.257492 0.0265866 0.00560397 1.05335 5.52695
95 18.203 10.6546 34.8849
170.703 112.382 0.385599 0.257492 0.0265866 0.00560397 1.05335 5.52695
96 18.203 9.98681 40.1489
170.703 112.382 0.385599 0.257492 0.0265866 0.00560397 1.05335 5.52695
97 18.203 11.4116 34.7448
170.703 112.382 0.385599 0.257492 0.0265866 0.00560397 1.05335 5.52695
98 18.203 10.5582 43.46
170.703 112.382 0.385599 0.257492 0.0265866 0.00560397 1.05335 5.52695
99 18.2143 10.9417 42.4253
171.385 114.494 0.390524 0.262732 0.0188964 0 1.13689 5.54432
100 18.2143 10.228 44.2897
171.385 114.494 0.390524 0.262732 0.0188964 0 1.13689 5.54432
