0 23.8159 1.16533 20.7684
128.967 167.493 128.211 0.221363 0.252092 0.175212 0.558682 0.186274 0.0415475 0.390296 2.45187 9.55576
1 23.8159 1.98006 31.7749
128.967 167.493 128.211 0.221363 0.252092 0.175212 0.558682 0.186274 0.0415475 0.390296 2.45187 9.55576
2 23.8159 3.9697 61.3355
128.967 167.493 128.211 0.221363 0.252092 0.175212 0.558682 0.186274 0.0415475 0.390296 2.45187 9.55576
3 25.9339 5.05869 78.9172
156.122 182.374 131.846 0.145228 0.197436 0.0196743 0 0.185325 0.73637 5.48757 4.2478 0.110025
4 25.9339 6.05508 88.1985
156.122 182.374 131.846 0.145228 0.197436 0.0196743 0 0.185325 0.73637 5.48757 4.2478 0.110025
5 26.0275 6.99479 100.931
167.641 160.343 123.513 0.180821 0.0385189 0.0547611 0.112302 0.166963 0.438855 5.13227 3.9506 0.559584
6 26.067 9.75879 133.89
164.493 156.099 120.967 0.175793 0.0443717 0.0330002 0.14413 0.158959 0.41404 5.29227 3.84368 0.402703
7 26.09 11.3004 132.352
163.978 155.595 120.41 0.175682 0.026076 0.0378529 0.148515 0.154894 0.411496 5.29523 3.85028 0.40367
8 26.09 13.3572 137.524
163.978 155.595 120.41 0.175682 0.026076 0.0378529 0.148515 0.154894 0.411496 5.29523 3.85028 0.40367
9 26.1549 14.3908 132.165
169.435 176.49 124.259 0.0847872 0.155852 0.0624947 0.0480903 0.331959 0.53672 4.66843 3.9649 1.86985
10 26.1549 14.2962 129.601
169.435 176.49 124.259 0.0847872 0.155852 0.0624947 0.0480903 0.331959 0.53672 4.66843 3.9649 1.86985
11 26.1549 16.5765 118.03
169.435 176.49 124.259 0.0847872 0.155852 0.0624947 0.0480903 0.331959 0.53672 4.66843 3.9649 1.86985
12 26.2984 16.3881 114.942
167.196 176.509 127.74 0.121404 0.212538 0.0672352 0.0489061 0.359399 0.521702 4.75084 3.77027 1.86433
13 26.3622 17.4073 108.008
170.195 177.836 124.796 0.0919277 0.202878 0.0729691 0.0457233 0.322021 0.534428 4.85408 3.88963 1.98068
14 26.3622 17.5759 93.2883
170.195 177.836 124.796 0.0919277 0.202878 0.0729691 0.0457233 0.322021 0.534428 4.85408 3.88963 1.98068
15 26.3622 18.5357 77.2186
170.195 177.836 124.796 0.0919277 0.202878 0.0729691 0.0457233 0.322021 0.534428 4.85408 3.88963 1.98068
16 27.1378 19.7252 57.4302
172.018 176.586 123.941 0.0889012 0.197557 0.0773144 0.044788 0.334493 0.550199 4.82946 3.87161 1.91317
17 27.1378 19.5652 68.5066
172.018 176.586 123.941 0.0889012 0.197557 0.0773144 0.044788 0.334493 0.550199 4.82946 3.87161 1.91317
18 27.1378 20.0507 70.0599
172.018 176.586 123.941 0.0889012 0.197557 0.0773144 0.044788 0.334493 0.550199 4.82946 3.87161 1.91317
19 27.1378 19.6331 71.1176
172.018 176.586 123.941 0.0889012 0.197557 0.0773144 0.044788 0.334493 0.550199 4.82946 3.87161 1.91317
20 27.1378 19.5008 72.0456
172.018 176.586 123.941 0.0889012 0.197557 0.0773144 0.044788 0.334493 0.550199 4.82946 3.87161 1.91317
21 27.1378 18.2584 84.184
172.018 176.586 123.941 0.0889012 0.197557 0.0773144 0.044788 0.334493 0.550199 4.82946 3.87161 1.91317
22 27.1378 17.3648 91.2191
172.018 176.586 123.941 0.0889012 0.197557 0.0773144 0.044788 0.334493 0.550199 4.82946 3.87161 1.91317
23 27.1378 19.3034 83.9821
172.018 176.586 123.941 0.0889012 0.197557 0.0773144 0.044788 0.334493 0.550199 4.82946 3.87161 1.91317
24 27.1378 18.4787 89.2495
172.018 176.586 123.941 0.0889012 0.197557 0.0773144 0.044788 0.334493 0.550199 4.82946 3.87161 1.91317
25 27.1378 18.6074 81.4801
172.018 176.586 123.941 0.0889012 0.197557 0.0773144 0.044788 0.334493 0.550199 4.82946 3.87161 1.91317
26 27.1378 18.7136 75.975
172.018 176.586 123.941 0.0889012 0.197557 0.0773144 0.044788 0.334493 0.550199 4.82946 3.87161 1.91317
27 27.1378 19.0805 70.028
172.018 176.586 123.941 0.0889012 0.197557 0.0773144 0.044788 0.334493 0.550199 4.82946 3.87161 1.91317
28 27.4722 20.0699 69.0001
171.81 176.834 123.961 0.0899708 0.196276 0.0760414 0.0409676 0.334714 0.552569 4.78039 3.86301 1.89332
29 27.4722 18.888 75.5315
171.81 176.834 123.961 0.0899708 0.196276 0.0760414 0.0409676 0.334714 0.552569 4.78039 3.86301 1.89332
30 27.4722 19.0292 63.9847
171.81 176.834 123.961 0.0899708 0.196276 0.0760414 0.0409676 0.334714 0.552569 4.78039 3.86301 1.89332
31 27.4722 19.1307 66.2392
171.81 176.834 123.961 0.0899708 0.196276 0.0760414 0.0409676 0.334714 0.552569 4.78039 3.86301 1.89332
32 27.4722 18.9085 66.8107
171.81 176.834 123.961 0.0899708 0.196276 0.0760414 0.0409676 0.334714 0.552569 4.78039 3.86301 1.89332
33 27.4722 18.8741 75.8519
171.81 176.834 123.961 0.0899708 0.196276 0.0760414 0.0409676 0.334714 0.552569 4.78039 3.86301 1.89332
34 27.4722 19.8464 58.7335
171.81 176.834 123.961 0.0899708 0.196276 0.0760414 0.0409676 0.334714 0.552569 4.78039 3.86301 1.89332
35 27.4722 20.4394 58.1811
171.81 176.834 123.961 0.0899708 0.196276 0.0760414 0.0409676 0.334714 0.552569 4.78039 3.86301 1.89332
36 27.4722 19.1668 63.3938
171.81 176.834 123.961 0.0899708 0.196276 0.0760414 0.0409676 0.334714 0.552569 4.78039 3.86301 1.89332
37 27.4722 19.7263 63.9518
171.81 176.834 123.961 0.0899708 0.196276 0.0760414 0.0409676 0.334714 0.552569 4.78039 3.86301 1.89332
38 27.4722 18.9272 70.6489
171.81 176.834 123.961 0.0899708 0.196276 0.0760414 0.0409676 0.334714 0.552569 4.78039 3.86301 1.89332
39 27.4722 18.6539 75.4774
171.81 176.834 123.961 0.0899708 0.196276 0.0760414 0.0409676 0.334714 0.552569 4.78039 3.86301 1.89332
40 27.4722 17.2005 91.6631
171.81 176.834 123.961 0.0899708 0.196276 0.0760414 0.0409676 0.334714 0.552569 4.78039 3.86301 1.89332
41 27.4722 18.0438 77.0495
171.81 176.834 123.961 0.0899708 0.196276 0.0760414 0.0409676 0.334714 0.552569 4.78039 3.86301 1.89332
42 27.4722 17.0431 96.035
171.81 176.834 123.961 0.0899708 0.196276 0.0760414 0.0409676 0.334714 0.552569 4.78039 3.86301 1.89332
43 27.4722 17.8331 89.8263
171.81 176.834 123.961 0.0899708 0.196276 0.0760414 0.0409676 0.334714 0.552569 4.78039 3.86301 1.89332
44 27.4722 19.1983 74.1208
171.81 176.834 123.961 0.0899708 0.196276 0.0760414 0.0409676 0.334714 0.552569 4.78039 3.86301 1.89332
45 27.4722 20.4325 62.3822
171.81 176.834 123.961 0.0899708 0.196276 0.0760414 0.0409676 0.334714 0.552569 4.78039 3.86301 1.89332
46 27.4722 19.0415 79.7385
171.81 176.834 123.961 0.0899708 0.196276 0.0760414 0.0409676 0.334714 0.552569 4.78039 3.86301 1.89332
47 27.4722 18.935 83.9939
171.81 176.834 123.961 0.0899708 0.196276 0.0760414 0.0409676 0.334714 0.552569 4.78039 3.86301 1.89332
48 27.4722 19.8252 72.5108
171.81 176.834 123.961 0.0899708 0.196276 0.0760414 0.0409676 0.334714 0.552569 4.78039 3.86301 1.89332
49 27.4722 19.413 71.3829
171.81 176.834 123.961 0.0899708 0.196276 0.0760414 0.0409676 0.334714 0.552569 4.78039 3.86301 1.89332
50 27.4722 19.5851 77.0469
171.81 176.834 123.961 0.0899708 0.196276 0.0760414 0.0409676 0.334714 0.552569 4.78039 3.86301 1.89332
51 27.4722 19.2439 68.4333
171.81 176.834 123.961 0.0899708 0.196276 0.0760414 0.0409676 0.334714 0.552569 4.78039 3.86301 1.89332
52 27.4722 19.3618 69.0224
171.81 176.834 123.961 0.0899708 0.196276 0.0760414 0.0409676 0.334714 0.552569 4.78039 3.86301 1.89332
53 27.4722 19.9246 69.006
171.81 176.834 123.961 0.0899708 0.196276 0.0760414 0.0409676 0.334714 0.552569 4.78039 3.86301 1.89332
54 27.4722 20.0348 82.1967
171.81 176.834 123.961 0.0899708 0.196276 0.0760414 0.0409676 0.334714 0.552569 4.78039 3.86301 1.89332
55 27.4722 20.2861 70.1766
171.81 176.834 123.961 0.0899708 0.196276 0.0760414 0.0409676 0.334714 0.552569 4.78039 3.86301 1.89332
56 27.4722 19.0694 87.7506
171.81 176.834 123.961 0.0899708 0.196276 0.0760414 0.0409676 0.334714 0.552569 4.78039 3.86301 1.89332
57 27.4722 18.3128 98.2433
171.81 176.834 123.961 0.0899708 0.196276 0.0760414 0.0409676 0.334714 0.552569 4.78039 3.86301 1.89332
58 27.4722 18.3729 93.0675
171.81 176.834 123.961 0.0899708 0.196276 0.0760414 0.0409676 0.334714 0.552569 4.78039 3.86301 1.89332
59 27.4722 19.3173 83.3684
171.81 176.834 123.961 0.0899708 0.196276 0.0760414 0.0409676 0.334714 0.552569 4.78039 3.86301 1.89332
60 27.4722 19.0207 78.311
171.81 176.834 123.961 0.0899708 0.196276 0.0760414 0.0409676 0.334714 0.552569 4.78039 3.86301 1.89332
61 27.4722 19.1654 73.9576
171.81 176.834 123.961 0.0899708 0.196276 0.0760414 0.0409676 0.334714 0.552569 4.78039 3.86301 1.89332
62 27.4722 18.7096 83.5869
171.81 176.834 123.961 0.0899708 0.196276 0.0760414 0.0409676 0.334714 0.552569 4.78039 3.86301 1.89332
63 27.4722 18.9718 74.4959
171.81 176.834 123.961 0.0899708 0.196276 0.0760414 0.0409676 0.334714 0.552569 4.78039 3.86301 1.89332
64 27.4722 19.3918 65.1404
171.81 176.834 123.961 0.0899708 0.196276 0.0760414 0.0409676 0.334714 0.552569 4.78039 3.86301 1.89332
65 27.4722 19.893 71.9554
171.81 176.834 123.961 0.0899708 0.196276 0.0760414 0.0409676 0.334714 0.552569 4.78039 3.86301 1.89332
66 27.4722 19.8762 81.4715
171.81 176.834 123.961 0.0899708 0.196276 0.0760414 0.0409676 0.334714 0.552569 4.78039 3.86301 1.89332
67 27.4722 19.4664 84.3773
171.81 176.834 123.961 0.0899708 0.196276 0.0760414 0.0409676 0.334714 0.552569 4.78039 3.86301 1.89332
68 27.4722 19.3071 68.9468
171.81 176.834 123.961 0.0899708 0.196276 0.0760414 0.0409676 0.334714 0.552569 4.78039 3.86301 1.89332
69 27.4722 18.4602 91.5096
171.81 176.834 123.961 0.0899708 0.196276 0.0760414 0.0409676 0.334714 0.552569 4.78039 3.86301 1.89332
70 27.4722 16.8522 86.5667
171.81 176.834 123.961 0.0899708 0.196276 0.0760414 0.0409676 0.334714 0.552569 4.78039 3.86301 1.89332
71 27.4722 18.0108 92.8227
171.81 176.834 123.961 0.0899708 0.196276 0.0760414 0.0409676 0.334714 0.552569 4.78039 3.86301 1.89332
72 27.4722 19.2602 77.7
171.81 176.834 123.961 0.0899708 0.196276 0.0760414 0.0409676 0.334714 0.552569 4.78039 3.86301 1.89332
73 27.4722 17.8817 88.4747
171.81 176.834 123.961 0.0899708 0.196276 0.0760414 0.0409676 0.334714 0.552569 4.78039 3.86301 1.89332
74 27.4722 16.9382 84.6081
171.81 176.834 123.961 0.0899708 0.196276 0.0760414 0.0409676 0.334714 0.552569 4.78039 3.86301 1.89332
75 27.4722 17.5097 88.0268
171.81 176.834 123.961 0.0899708 0.196276 0.0760414 0.0409676 0.334714 0.552569 4.78039 3.86301 1.89332
76 27.4759 18.55 68.019
171.598 188.131 123.869 0.123784 0.160571 0.113385 0.0301921 0.278041 0.529946 4.95712 4.88404 2.8006
77 27.4759 17.7948 73.6436
171.598 188.131 123.869 0.123784 0.160571 0.113385 0.0301921 0.278041 0.529946 4.95712 4.88404 2.8006
78 27.4759 16.8455 93.9163
171.598 188.131 123.869 0.123784 0.160571 0.113385 0.0301921 0.278041 0.529946 4.95712 4.88404 2.8006
79 27.4759 18.2292 83.48
171.598 188.131 123.869 0.123784 0.160571 0.113385 0.0301921 0.278041 0.529946 4.95712 4.88404 2.8006
80 27.4759 18.2931 82.3065
171.598 188.131 123.869 0.123784 0.160571 0.113385 0.0301921 0.278041 0.529946 4.95712 4.88404 2.8006
81 27.4759 19.9435 56.1303
171.598 188.131 123.869 0.123784 0.160571 0.113385 0.0301921 0.278041 0.529946 4.95712 4.88404 2.8006
82 27.4759 20.0877 79.9443
171.598 188.131 123.869 0.123784 0.160571 0.113385 0.0301921 0.278041 0.529946 4.95712 4.88404 2.8006
83 27.4759 18.9577 82.9595
171.598 188.131 123.869 0.123784 0.160571 0.113385 0.0301921 0.278041 0.529946 4.95712 4.88404 2.8006
84 27.4759 18.2062 89.2391
171.598 188.131 123.869 0.123784 0.160571 0.113385 0.0301921 0.278041 0.529946 4.95712 4.88404 2.8006
85 27.4759 18.4805 82.452
171.598 188.131 123.869 0.123784 0.160571 0.113385 0.0301921 0.278041 0.529946 4.95712 4.88404 2.8006
86 27.4759 17.9865 79.6816
171.598 188.131 123.869 0.123784 0.160571 0.113385 0.0301921 0.278041 0.529946 4.95712 4.88404 2.8006
87 27.4759 17.9852 87.1838
171.598 188.131 123.869 0.123784 0.160571 0.113385 0.0301921 0.278041 0.529946 4.95712 4.88404 2.8006
88 27.4759 18.1014 84.2973
171.598 188.131 123.869 0.123784 0.160571 0.113385 0.0301921 0.278041 0.529946 4.95712 4.88404 2.8006
89 27.4759 19.3393 71.2584
171.598 188.131 123.869 0.123784 0.160571 0.113385 0.0301921 0.278041 0.529946 4.95712 4.88404 2.8006
90 27.4759 20.1446 70.438
171.598 188.131 123.869 0.123784 0.160571 0.113385 0.0301921 0.278041 0.529946 4.95712 4.88404 2.8006
91 27.4759 20.3512 53.8092
171.598 188.131 123.869 0.123784 0.160571 0.113385 0.0301921 0.278041 0.529946 4.95712 4.88404 2.8006
92 27.4759 19.8677 74.7239
171.598 188.131 123.869 0.123784 0.160571 0.113385 0.0301921 0.278041 0.529946 4.95712 4.88404 2.8006
93 27.4759 20.8454 43.9434
171.598 188.131 123.869 0.123784 0.160571 0.113385 0.0301921 0.278041 0.529946 4.95712 4.88404 2.8006
94 27.4759 19.9187 54.2326
171.598 188.131 123.869 0.123784 0.160571 0.113385 0.0301921 0.278041 0.529946 4.95712 4.88404 2.8006
95 27.4759 20.3474 48.4224
171.598 188.131 123.869 0.123784 0.160571 0.113385 0.0301921 0.278041 0.529946 4.95712 4.88404 2.8006
96 27.477 20.7139 62.1094
171.696 176.933 123.839 0.0904368 0.195213 0.0751713 0.0397193 0.33379 0.553732 4.77406 3.87291 1.90866
97 27.477 20.472 61.2596
171.696 176.933 123.839 0.0904368 0.195213 0.0751713 0.0397193 0.33379 0.553732 4.77406 3.87291 1.90866
98 27.477 20.6432 60.3064
171.696 176.933 123.839 0.0904368 0.195213 0.0751713 0.0397193 0.33379 0.553732 4.77406 3.87291 1.90866
99 27.477 20.0889 72.1093
171.696 176.933 123.839 0.0904368 0.195213 0.0751713 0.0397193 0.33379 0.553732 4.77406 3.87291 1.90866
100 27.477 20.3008 66.3834
171.696 176.933 123.839 0.0904368 0.195213 0.0751713 0.0397193 0.33379 0.553732 4.77406 3.87291 1.90866
