0 3.61155 0.485458 0.820635
175.047 144.014 0.262657 0.0239555 0.449124 0.0282711 3.07737 9.38975
1 11.2731 1.04487 5.45606
168.186 138.888 0.0847513 0.0152034 0.395775 0.136608 3.95382 10
2 11.2731 1.52157 8.53743
168.186 138.888 0.0847513 0.0152034 0.395775 0.136608 3.95382 10
3 11.2731 2.13122 11.2042
168.186 138.888 0.0847513 0.0152034 0.395775 0.136608 3.95382 10
4 11.2731 2.97169 15.7172
168.186 138.888 0.0847513 0.0152034 0.395775 0.136608 3.95382 10
5 11.2731 4.00307 18.3445
168.186 138.888 0.0847513 0.0152034 0.395775 0.136608 3.95382 10
6 11.2731 4.35423 18.3504
168.186 138.888 0.0847513 0.0152034 0.395775 0.136608 3.95382 10
7 11.2731 4.57671 15.1722
168.186 138.888 0.0847513 0.0152034 0.395775 0.136608 3.95382 10
8 11.2731 5.82342 14.6418
168.186 138.888 0.0847513 0.0152034 0.395775 0.136608 3.95382 10
9 11.2731 6.11261 14.5232
168.186 138.888 0.0847513 0.0152034 0.395775 0.136608 3.95382 10
10 11.2731 6.31951 12.7012
168.186 138.888 0.0847513 0.0152034 0.395775 0.136608 3.95382 10
11 11.2732 6.76935 14.3775
168.475 138.834 0.0853524 0.0122168 0.394118 0.139475 3.94599 10
12 11.2732 7.18296 12.3639
168.475 138.834 0.0853524 0.0122168 0.394118 0.139475 3.94599 10
13 11.2732 7.38473 12.3402
168.475 138.834 0.0853524 0.0122168 0.394118 0.139475 3.94599 10
14 11.2732 7.11097 11.0048
168.475 138.834 0.0853524 0.0122168 0.394118 0.139475 3.94599 10
15 11.2732 6.75626 12.1291
168.475 138.834 0.0853524 0.0122168 0.394118 0.139475 3.94599 10
16 11.2732 6.90033 9.07727
168.475 138.834 0.0853524 0.0122168 0.394118 0.139475 3.94599 10
17 11.3002 6.8835 10.5637
162.619 130.08 0.0631219 0.141676 0.31613 0 5.68722 8.52671
18 11.3002 7.20403 10.8246
162.619 130.08 0.0631219 0.141676 0.31613 0 5.68722 8.52671
19 11.3002 7.58033 10.7043
162.619 130.08 0.0631219 0.141676 0.31613 0 5.68722 8.52671
20 11.304 7.02491 11.9564
152.048 129.885 0.0545438 0.141577 0.212841 0 6.48492 8.61499
21 11.304 7.57723 13.3802
152.048 129.885 0.0545438 0.141577 0.212841 0 6.48492 8.61499
22 11.304 8.08742 10.7839
152.048 129.885 0.0545438 0.141577 0.212841 0 6.48492 8.61499
23 11.304 7.8934 10.6028
152.048 129.885 0.0545438 0.141577 0.212841 0 6.48492 8.61499
24 11.304 7.38284 12.5685
152.048 129.885 0.0545438 0.141577 0.212841 0 6.48492 8.61499
25 11.304 7.91569 9.40676
152.048 129.885 0.0545438 0.141577 0.212841 0 6.48492 8.61499
26 11.3111 7.99151 10.7607
163.654 130.163 0.0692396 0.152948 0.32421 0 5.69619 8.47607
27 11.3111 7.69297 8.6681
163.654 130.163 0.0692396 0.152948 0.32421 0 5.69619 8.47607
28 11.796 8.03145 9.88498
148.324 105.966 0 0.147532 0.371154 0 8.40051 9.54314
29 12.3318 8.809 8.48778
141.299 100 0 0.192837 0.372632 0 7.91688 10
30 12.3318 7.9029 10.0691
141.299 100 0 0.192837 0.372632 0 7.91688 10
31 12.3318 8.03135 12.5613
141.299 100 0 0.192837 0.372632 0 7.91688 10
32 12.3318 8.48523 11.3694
141.299 100 0 0.192837 0.372632 0 7.91688 10
33 13.3225 8.34485 16.3111
141.428 100 0.033103 0.1575 0.368991 0 7.87079 9.97434
34 14.5322 7.29597 21.4081
168.027 127.71 0.381001 0 0.13957 0.150333 4.69301 9.50771
35 14.5322 7.46846 16.7947
168.027 127.71 0.381001 0 0.13957 0.150333 4.69301 9.50771
36 14.5322 7.5516 16.493
168.027 127.71 0.381001 0 0.13957 0.150333 4.69301 9.50771
37 14.5322 8.12242 14.0248
168.027 127.71 0.381001 0 0.13957 0.150333 4.69301 9.50771
38 14.5322 7.20053 17.0171
168.027 127.71 0.381001 0 0.13957 0.150333 4.69301 9.50771
39 14.5322 7.92259 18.1658
168.027 127.71 0.381001 0 0.13957 0.150333 4.69301 9.50771
40 14.5322 7.69201 23.593
168.027 127.71 0.381001 0 0.13957 0.150333 4.69301 9.50771
41 14.5322 7.1286 23.2919
168.027 127.71 0.381001 0 0.13957 0.150333 4.69301 9.50771
42 14.5503 8.09233 21.0406
168.041 127.724 0.381313 0.00031678 0.14416 0.147473 4.7252 9.49588
43 15.1065 8.12771 24.936
177.523 129.643 0.365747 0.0785861 0.0778346 0.117287 4.4907 8.5134
44 15.1075 8.84642 21.7753
175.584 128.889 0.366832 0.0864836 0.0701499 0.101679 4.72988 8.58073
45 16.1374 8.85982 21.6917
173.969 132.087 0.366919 0.111872 0.0278063 0.0757128 4.45128 8.7611
46 16.1374 8.74313 26.7151
173.969 132.087 0.366919 0.111872 0.0278063 0.0757128 4.45128 8.7611
47 16.1374 8.78153 24.9965
173.969 132.087 0.366919 0.111872 0.0278063 0.0757128 4.45128 8.7611
48 16.483 9.07959 27.466
174.985 131.633 0.369539 0.0546477 0.0410919 0.131831 4.36283 9.12391
49 16.483 8.9685 30.2265
174.985 131.633 0.369539 0.0546477 0.0410919 0.131831 4.36283 9.12391
50 16.5931 10.0998 21.4885
165.921 145.725 0.394828 0.0760454 0.00706813 0.119536 4.69708 7.50685
51 16.7193 10.5304 28.1301
166.504 142.616 0.386599 0.109931 0.0257384 0.112006 3.62639 6.73943
52 16.7294 11.0155 22.681
166.263 142.688 0.382997 0.116025 0.0293062 0.114191 3.66983 6.76058
53 16.7929 10.0709 24.172
175.1 133.249 0.393813 0.154224 0 0.0771121 4.50249 7.75712
54 16.7929 10.385 25.0093
175.1 133.249 0.393813 0.154224 0 0.0771121 4.50249 7.75712
55 16.7929 9.82189 27.0237
175.1 133.249 0.393813 0.154224 0 0.0771121 4.50249 7.75712
56 16.8455 9.56507 30.1663
169.853 134.649 0.389107 0.15403 0.0278089 0.0499772 4.72007 8.06368
57 16.8455 8.45588 28.1794
169.853 134.649 0.389107 0.15403 0.0278089 0.0499772 4.72007 8.06368
58 16.8455 9.82801 29.3204
169.853 134.649 0.389107 0.15403 0.0278089 0.0499772 4.72007 8.06368
59 16.8455 8.91886 29.6038
169.853 134.649 0.389107 0.15403 0.0278089 0.0499772 4.72007 8.06368
60 16.8455 10.4847 26.4264
169.853 134.649 0.389107 0.15403 0.0278089 0.0499772 4.72007 8.06368
61 16.9311 10.8701 25.0844
174.098 128.017 0.402468 0.158997 0.00172064 0.0264951 3.56228 7.90754
62 16.9311 9.55458 27.509
174.098 128.017 0.402468 0.158997 0.00172064 0.0264951 3.56228 7.90754
63 16.9311 9.24898 32.2128
174.098 128.017 0.402468 0.158997 0.00172064 0.0264951 3.56228 7.90754
64 16.9311 9.25677 39.1987
174.098 128.017 0.402468 0.158997 0.00172064 0.0264951 3.56228 7.90754
65 16.9311 8.8952 38.5165
174.098 128.017 0.402468 0.158997 0.00172064 0.0264951 3.56228 7.90754
66 16.9311 9.63339 30.1814
174.098 128.017 0.402468 0.158997 0.00172064 0.0264951 3.56228 7.90754
67 16.9816 10.2722 29.8328
169.817 136.035 0.381852 0.163363 0.0148163 0.0527821 4.73213 8.08122
68 16.9816 10.2254 23.2421
169.817 136.035 0.381852 0.163363 0.0148163 0.0527821 4.73213 8.08122
69 16.9816 10.7746 25.8072
169.817 136.035 0.381852 0.163363 0.0148163 0.0527821 4.73213 8.08122
70 17.6342 10.0874 27.9401
163.018 123.971 0.393686 0.231953 0.00802275 0 5.21113 7.8781
71 17.6342 9.85032 20.7143
163.018 123.971 0.393686 0.231953 0.00802275 0 5.21113 7.8781
72 17.6342 10.6545 18.9337
163.018 123.971 0.393686 0.231953 0.00802275 0 5.21113 7.8781
73 17.6342 10.537 19.5504
163.018 123.971 0.393686 0.231953 0.00802275 0 5.21113 7.8781
74 17.6342 9.95801 26.1953
163.018 123.971 0.393686 0.231953 0.00802275 0 5.21113 7.8781
75 17.6342 9.77064 27.4942
163.018 123.971 0.393686 0.231953 0.00802275 0 5.21113 7.8781
76 17.6342 10.3321 28.3144
163.018 123.971 0.393686 0.231953 0.00802275 0 5.21113 7.8781
77 17.6342 9.68505 33.4808
163.018 123.971 0.393686 0.231953 0.00802275 0 5.21113 7.8781
78 17.6342 9.53973 40.4177
163.018 123.971 0.393686 0.231953 0.00802275 0 5.21113 7.8781
79 17.6342 9.29216 31.9068
163.018 123.971 0.393686 0.231953 0.00802275 0 5.21113 7.8781
80 17.6342 9.94415 32.1848
163.018 123.971 0.393686 0.231953 0.00802275 0 5.21113 7.8781
81 17.867 9.97521 38.6494
162.574 124.071 0.389736 0.235 0.00578395 0.000272401 5.18315 7.81554
82 17.867 9.65283 35.2926
162.574 124.071 0.389736 0.235 0.00578395 0.000272401 5.18315 7.81554
83 17.867 8.99974 42.7916
162.574 124.071 0.389736 0.235 0.00578395 0.000272401 5.18315 7.81554
84 17.867 9.17755 34.091
162.574 124.071 0.389736 0.235 0.00578395 0.000272401 5.18315 7.81554
85 17.867 9.71797 34.7708
162.574 124.071 0.389736 0.235 0.00578395 0.000272401 5.18315 7.81554
86 18.1995 10.7414 38.1043
151.176 115.968 0.364323 0.138724 0 0.0236395 2.40618 8.46704
87 18.1995 9.96149 34.2588
151.176 115.968 0.364323 0.138724 0 0.0236395 2.40618 8.46704
88 18.1995 9.37155 44.9188
151.176 115.968 0.364323 0.138724 0 0.0236395 2.40618 8.46704
89 18.1995 8.51346 40.181
151.176 115.968 0.364323 0.138724 0 0.0236395 2.40618 8.46704
90 18.1995 9.7502 36.7332
151.176 115.968 0.364323 0.138724 0 0.0236395 2.40618 8.46704
91 18.1995 10.487 34.4158
151.176 115.968 0.364323 0.138724 0 0.0236395 2.40618 8.46704
92 18.1995 10.0679 27.986
151.176 115.968 0.364323 0.138724 0 0.0236395 2.40618 8.46704
93 18.1995 9.44796 27.8347
151.176 115.968 0.364323 0.138724 0 0.0236395 2.40618 8.46704
94 18.1995 8.52985 30.4354
151.176 115.968 0.364323 0.138724 0 0.0236395 2.40618 8.46704
95 18.2256 8.40508 36.3957
151.162 115.945 0.36481 0.13932 7.88916e-05 0.0237916 2.40866 8.46576
96 18.2256 8.02496 29.4628
151.162 115.945 0.36481 0.13932 7.88916e-05 0.0237916 2.40866 8.46576
97 18.2256 7.96228 33.1777
151.162 115.945 0.36481 0.13932 7.88916e-05 0.0237916 2.40866 8.46576
98 18.2256 8.7359 39.4736
151.162 115.945 0.36481 0.13932 7.88916e-05 0.0237916 2.40866 8.46576
99 18.2256 9.80779 41.4159
151.162 115.945 0.36481 0.13932 7.88916e-05 0.0237916 2.40866 8.46576
100 18.2256 10.3435 39.0644
151.162 115.945 0.36481 0.13932 7.88916e-05 0.0237916 2.40866 8.46576
