0 2.68273 1.05935 0.539822
113.04 166.565 0.3224 0.266606 0.699408 0.176027 4.15812 7.62002
1 3.13399 1.22963 0.786122
170.929 162.332 0.434718 0.403989 0.646219 0.107899 7.96628 10
2 3.13399 1.26717 0.986212
170.929 162.332 0.434718 0.403989 0.646219 0.107899 7.96628 10
3 3.66079 1.31336 1.13289
169.23 157.866 0.511442 0.373243 0.690039 0 7.28363 8.95942
4 3.66079 1.5904 1.0615
169.23 157.866 0.511442 0.373243 0.690039 0 7.28363 8.95942
5 3.66302 1.70586 1.12426
169.511 158.241 0.51194 0.37443 0.680844 0 7.32437 8.96085
6 3.66302 1.87894 0.926613
169.511 158.241 0.51194 0.37443 0.680844 0 7.32437 8.96085
7 3.66302 1.80775 1.09271
169.511 158.241 0.51194 0.37443 0.680844 0 7.32437 8.96085
8 3.66302 1.74101 1.01495
169.511 158.241 0.51194 0.37443 0.680844 0 7.32437 8.96085
9 3.66302 1.70362 1.14705
169.511 158.241 0.51194 0.37443 0.680844 0 7.32437 8.96085
10 3.66302 1.8846 1.12159
169.511 158.241 0.51194 0.37443 0.680844 0 7.32437 8.96085
11 3.66346 1.71413 1.10163
185.564 149.407 0.399089 0.372609 0.616356 0.0471918 10 9.33195
12 3.66346 1.93471 1.28631
185.564 149.407 0.399089 0.372609 0.616356 0.0471918 10 9.33195
13 3.66346 1.99363 1.28843
185.564 149.407 0.399089 0.372609 0.616356 0.0471918 10 9.33195
14 3.66346 1.97005 1.18364
185.564 149.407 0.399089 0.372609 0.616356 0.0471918 10 9.33195
15 4.18979 2.14259 1.26983
183.857 142.714 0.419235 0.380852 0.601901 0 10 9.86501
16 4.22939 2.22867 1.24266
188.17 150.668 0.424568 0.386238 0.669109 0 9.71392 9.59471
17 4.71792 2.27118 1.59738
188.043 143.563 0.439419 0.403447 0.659761 0 10 9.29563
18 4.71792 2.45505 1.7081
188.043 143.563 0.439419 0.403447 0.659761 0 10 9.29563
19 4.71792 2.4141 1.49892
188.043 143.563 0.439419 0.403447 0.659761 0 10 9.29563
20 4.71792 2.4643 1.41018
188.043 143.563 0.439419 0.403447 0.659761 0 10 9.29563
21 4.71792 2.69595 1.31545
188.043 143.563 0.439419 0.403447 0.659761 0 10 9.29563
22 4.71792 2.42613 1.6409
188.043 143.563 0.439419 0.403447 0.659761 0 10 9.29563
23 4.71899 2.73331 1.96425
183.777 116.611 0.433871 0.432248 0.705733 0 8.41779 9.50007
24 4.71899 2.54202 1.83322
183.777 116.611 0.433871 0.432248 0.705733 0 8.41779 9.50007
25 4.74549 2.47933 1.6957
178.238 154.211 0.410095 0.414278 0.725816 0 9.56294 9.09454
26 4.74549 2.16728 1.46838
178.238 154.211 0.410095 0.414278 0.725816 0 9.56294 9.09454
27 4.74549 2.46694 1.60458
178.238 154.211 0.410095 0.414278 0.725816 0 9.56294 9.09454
28 4.79599 2.52789 1.6737
192.042 147.766 0.421487 0.410077 0.646326 0.00189918 10 9.14994
29 4.79599 2.41763 1.68989
192.042 147.766 0.421487 0.410077 0.646326 0.00189918 10 9.14994
30 4.79599 2.24336 2.03135
192.042 147.766 0.421487 0.410077 0.646326 0.00189918 10 9.14994
31 4.79599 2.48461 1.75307
192.042 147.766 0.421487 0.410077 0.646326 0.00189918 10 9.14994
32 4.79599 2.6425 1.6302
192.042 147.766 0.421487 0.410077 0.646326 0.00189918 10 9.14994
33 4.79599 2.72912 1.56489
192.042 147.766 0.421487 0.410077 0.646326 0.00189918 10 9.14994
34 4.79599 2.61281 1.77294
192.042 147.766 0.421487 0.410077 0.646326 0.00189918 10 9.14994
35 4.79599 2.51534 1.62795
192.042 147.766 0.421487 0.410077 0.646326 0.00189918 10 9.14994
36 4.79599 2.50513 1.93104
192.042 147.766 0.421487 0.410077 0.646326 0.00189918 10 9.14994
37 4.80482 2.40841 1.73874
190.871 147.364 0.418916 0.404523 0.635299 0.00823089 9.98515 9.15908
38 4.80482 2.43305 2.00924
190.871 147.364 0.418916 0.404523 0.635299 0.00823089 9.98515 9.15908
39 4.80482 2.4538 1.70207
190.871 147.364 0.418916 0.404523 0.635299 0.00823089 9.98515 9.15908
40 4.90288 2.41596 2.03756
191.019 147.493 0.414563 0.412956 0.632267 0.00804659 9.88602 9.15349
41 4.90288 2.18616 1.84238
191.019 147.493 0.414563 0.412956 0.632267 0.00804659 9.88602 9.15349
42 4.90288 2.3316 2.03006
191.019 147.493 0.414563 0.412956 0.632267 0.00804659 9.88602 9.15349
43 4.90288 2.23369 1.87023
191.019 147.493 0.414563 0.412956 0.632267 0.00804659 9.88602 9.15349
44 4.90288 2.09922 1.79968
191.019 147.493 0.414563 0.412956 0.632267 0.00804659 9.88602 9.15349
45 4.96802 2.36649 1.96044
191.109 147.979 0.411848 0.413411 0.6307 0.00017043 9.94085 9.17087
46 4.96802 2.30254 2.18329
191.109 147.979 0.411848 0.413411 0.6307 0.00017043 9.94085 9.17087
47 4.96802 2.54748 2.35531
191.109 147.979 0.411848 0.413411 0.6307 0.00017043 9.94085 9.17087
48 4.96802 2.2039 2.21584
191.109 147.979 0.411848 0.413411 0.6307 0.00017043 9.94085 9.17087
49 4.96802 2.34222 1.94018
191.109 147.979 0.411848 0.413411 0.6307 0.00017043 9.94085 9.17087
50 4.96802 2.64346 2.55667
191.109 147.979 0.411848 0.413411 0.6307 0.00017043 9.94085 9.17087
51 4.96802 2.32648 2.35255
191.109 147.979 0.411848 0.413411 0.6307 0.00017043 9.94085 9.17087
52 4.96802 2.21888 1.954
191.109 147.979 0.411848 0.413411 0.6307 0.00017043 9.94085 9.17087
53 4.96802 2.09564 1.77589
191.109 147.979 0.411848 0.413411 0.6307 0.00017043 9.94085 9.17087
54 4.96802 2.31578 2.05442
191.109 147.979 0.411848 0.413411 0.6307 0.00017043 9.94085 9.17087
55 4.96802 2.47962 2.12169
191.109 147.979 0.411848 0.413411 0.6307 0.00017043 9.94085 9.17087
56 4.96802 2.30019 2.57746
191.109 147.979 0.411848 0.413411 0.6307 0.00017043 9.94085 9.17087
57 4.96802 2.5081 2.54213
191.109 147.979 0.411848 0.413411 0.6307 0.00017043 9.94085 9.17087
58 4.96802 2.55282 3.10737
191.109 147.979 0.411848 0.413411 0.6307 0.00017043 9.94085 9.17087
59 4.96802 2.39074 2.17952
191.109 147.979 0.411848 0.413411 0.6307 0.00017043 9.94085 9.17087
60 4.96802 2.44507 2.21412
191.109 147.979 0.411848 0.413411 0.6307 0.00017043 9.94085 9.17087
61 4.96802 2.3932 1.62828
191.109 147.979 0.411848 0.413411 0.6307 0.00017043 9.94085 9.17087
62 4.96802 2.67006 2.06171
191.109 147.979 0.411848 0.413411 0.6307 0.00017043 9.94085 9.17087
63 4.96802 2.36895 1.6067
191.109 147.979 0.411848 0.413411 0.6307 0.00017043 9.94085 9.17087
64 4.96802 2.48131 1.87568
191.109 147.979 0.411848 0.413411 0.6307 0.00017043 9.94085 9.17087
65 4.96802 2.32962 1.68557
191.109 147.979 0.411848 0.413411 0.6307 0.00017043 9.94085 9.17087
66 4.96802 2.41967 2.28145
191.109 147.979 0.411848 0.413411 0.6307 0.00017043 9.94085 9.17087
67 4.96802 2.281 1.69808
191.109 147.979 0.411848 0.413411 0.6307 0.00017043 9.94085 9.17087
68 4.96802 2.34747 1.70051
191.109 147.979 0.411848 0.413411 0.6307 0.00017043 9.94085 9.17087
69 4.96802 2.40499 1.94806
191.109 147.979 0.411848 0.413411 0.6307 0.00017043 9.94085 9.17087
70 4.96802 2.49861 1.74849
191.109 147.979 0.411848 0.413411 0.6307 0.00017043 9.94085 9.17087
71 4.96802 2.54069 1.67266
191.109 147.979 0.411848 0.413411 0.6307 0.00017043 9.94085 9.17087
72 4.96802 2.65387 2.32682
191.109 147.979 0.411848 0.413411 0.6307 0.00017043 9.94085 9.17087
73 4.96802 2.45497 1.85614
191.109 147.979 0.411848 0.413411 0.6307 0.00017043 9.94085 9.17087
74 4.96802 2.58076 1.82072
191.109 147.979 0.411848 0.413411 0.6307 0.00017043 9.94085 9.17087
75 4.96802 2.68997 1.93136
191.109 147.979 0.411848 0.413411 0.6307 0.00017043 9.94085 9.17087
76 4.96802 2.45079 1.69175
191.109 147.979 0.411848 0.413411 0.6307 0.00017043 9.94085 9.17087
77 4.96802 2.49771 1.41546
191.109 147.979 0.411848 0.413411 0.6307 0.00017043 9.94085 9.17087
78 4.96802 2.34409 1.77514
191.109 147.979 0.411848 0.413411 0.6307 0.00017043 9.94085 9.17087
79 4.96802 2.16975 1.93865
191.109 147.979 0.411848 0.413411 0.6307 0.00017043 9.94085 9.17087
80 4.96802 2.50509 2.58974
191.109 147.979 0.411848 0.413411 0.6307 0.00017043 9.94085 9.17087
81 4.96802 2.53901 2.69013
191.109 147.979 0.411848 0.413411 0.6307 0.00017043 9.94085 9.17087
82 4.96802 2.21628 1.92354
191.109 147.979 0.411848 0.413411 0.6307 0.00017043 9.94085 9.17087
83 4.96802 2.20133 1.93744
191.109 147.979 0.411848 0.413411 0.6307 0.00017043 9.94085 9.17087
84 4.96802 2.30204 2.07714
191.109 147.979 0.411848 0.413411 0.6307 0.00017043 9.94085 9.17087
85 4.96802 2.22548 1.62991
191.109 147.979 0.411848 0.413411 0.6307 0.00017043 9.94085 9.17087
86 4.96802 2.20255 1.7236
191.109 147.979 0.411848 0.413411 0.6307 0.00017043 9.94085 9.17087
87 4.96802 2.40007 1.74164
191.109 147.979 0.411848 0.413411 0.6307 0.00017043 9.94085 9.17087
88 4.96802 2.29904 1.93865
191.109 147.979 0.411848 0.413411 0.6307 0.00017043 9.94085 9.17087
89 4.96802 2.24387 2.09541
191.109 147.979 0.411848 0.413411 0.6307 0.00017043 9.94085 9.17087
90 4.96802 2.32754 2.20834
191.109 147.979 0.411848 0.413411 0.6307 0.00017043 9.94085 9.17087
91 4.96802 2.35751 2.4276
191.109 147.979 0.411848 0.413411 0.6307 0.00017043 9.94085 9.17087
92 4.96802 2.37105 2.10037
191.109 147.979 0.411848 0.413411 0.6307 0.00017043 9.94085 9.17087
93 4.96802 2.51952 2.08848
191.109 147.979 0.411848 0.413411 0.6307 0.00017043 9.94085 9.17087
94 4.96802 2.39359 1.76407
191.109 147.979 0.411848 0.413411 0.6307 0.00017043 9.94085 9.17087
95 4.96802 2.69528 2.0758
191.109 147.979 0.411848 0.413411 0.6307 0.00017043 9.94085 9.17087
96 4.96802 2.51574 1.70725
191.109 147.979 0.411848 0.413411 0.6307 0.00017043 9.94085 9.17087
97 4.96802 2.43193 1.89699
191.109 147.979 0.411848 0.413411 0.6307 0.00017043 9.94085 9.17087
98 4.96802 2.39736 2.39943
191.109 147.979 0.411848 0.413411 0.6307 0.00017043 9.94085 9.17087
99 4.96802 2.39267 2.04521
191.109 147.979 0.411848 0.413411 0.6307 0.00017043 9.94085 9.17087
100 4.96802 2.40715 2.64234
191.109 147.979 0.411848 0.413411 0.6307 0.00017043 9.94085 9.17087
