0 25.5493 5.79945 79.2428
199.135 137.573 0.0707621 0.356608 0.604319 0.0271734 7.01308 3.88609
1 26.4383 7.68674 94.7767
152.537 186.651 0.0818082 0.118055 0.249986 0.179673 7.34442 8.92781
2 26.4383 9.35702 100.963
152.537 186.651 0.0818082 0.118055 0.249986 0.179673 7.34442 8.92781
3 29.5481 11.4567 137.544
151.362 191.089 0.137231 0.15665 0.249852 0.214822 7.35939 8.69686
4 29.5481 12.4642 128.345
151.362 191.089 0.137231 0.15665 0.249852 0.214822 7.35939 8.69686
5 40.5563 14.195 150.465
157.353 197.919 0.229575 0.0578484 0.26702 0.238273 5.81963 8.59199
6 40.5563 17.8778 178.775
157.353 197.919 0.229575 0.0578484 0.26702 0.238273 5.81963 8.59199
7 40.5563 18.751 191.281
157.353 197.919 0.229575 0.0578484 0.26702 0.238273 5.81963 8.59199
8 41.1821 20.139 215.493
151.736 192.619 0.208754 0.0779155 0.28555 0.260504 6.22365 8.61001
9 46.3639 22.5427 239.033
143.366 176.812 0.199801 0.194515 0.244745 0.193749 4.51639 8.66384
10 46.5368 25.071 294.407
151.379 200 0.353812 0.0338961 0.147743 0.245508 5.99266 7.73149
11 46.5368 29.1831 263.062
151.379 200 0.353812 0.0338961 0.147743 0.245508 5.99266 7.73149
12 46.5368 29.7823 235.542
151.379 200 0.353812 0.0338961 0.147743 0.245508 5.99266 7.73149
13 46.5368 31.7081 250.598
151.379 200 0.353812 0.0338961 0.147743 0.245508 5.99266 7.73149
14 49.8619 31.8702 231.271
152.723 173.106 0.368227 0.0954341 0.0933279 0.197628 5.22683 7.90391
15 51.1563 32.1664 193.723
152.759 173.241 0.372957 0.102201 0.0892684 0.196604 5.10585 7.95096
16 51.3884 31.9632 189.549
148.234 172.651 0.404669 0.131689 0.0928186 0.212761 4.71442 8.39569
17 54.4668 34.7789 169.768
147.593 170.122 0.360817 0.176294 0.126694 0.131143 4.33749 8.01253
18 54.4668 34.0682 228.329
147.593 170.122 0.360817 0.176294 0.126694 0.131143 4.33749 8.01253
19 54.4668 35.147 245.211
147.593 170.122 0.360817 0.176294 0.126694 0.131143 4.33749 8.01253
20 54.4668 35.7731 229.726
147.593 170.122 0.360817 0.176294 0.126694 0.131143 4.33749 8.01253
21 54.4668 37.9247 215.577
147.593 170.122 0.360817 0.176294 0.126694 0.131143 4.33749 8.01253
22 54.4668 35.2852 257.946
147.593 170.122 0.360817 0.176294 0.126694 0.131143 4.33749 8.01253
23 54.4668 34.8454 281.51
147.593 170.122 0.360817 0.176294 0.126694 0.131143 4.33749 8.01253
24 54.4668 33.7495 322.699
147.593 170.122 0.360817 0.176294 0.126694 0.131143 4.33749 8.01253
25 54.4668 32.9547 267.54
147.593 170.122 0.360817 0.176294 0.126694 0.131143 4.33749 8.01253
26 54.4668 31.7819 249.857
147.593 170.122 0.360817 0.176294 0.126694 0.131143 4.33749 8.01253
27 59.8119 33.3074 286.559
135.825 162.472 0.352607 0.324921 0.0190518 0 3.29385 8.33762
28 59.8119 36.609 321.363
135.825 162.472 0.352607 0.324921 0.0190518 0 3.29385 8.33762
29 59.8119 34.0182 306.315
135.825 162.472 0.352607 0.324921 0.0190518 0 3.29385 8.33762
30 59.8119 35.3216 295.482
135.825 162.472 0.352607 0.324921 0.0190518 0 3.29385 8.33762
31 59.8119 31.7726 344.006
135.825 162.472 0.352607 0.324921 0.0190518 0 3.29385 8.33762
32 59.8119 37.066 373.713
135.825 162.472 0.352607 0.324921 0.0190518 0 3.29385 8.33762
33 59.8119 37.4672 398.013
135.825 162.472 0.352607 0.324921 0.0190518 0 3.29385 8.33762
34 59.8119 40.145 337.178
135.825 162.472 0.352607 0.324921 0.0190518 0 3.29385 8.33762
35 59.8119 40.4357 282.228
135.825 162.472 0.352607 0.324921 0.0190518 0 3.29385 8.33762
36 60.9992 38.3602 318.839
138.877 159.355 0.37495 0.334467 0 0 3.27344 8.36318
37 60.9992 39.5476 276.992
138.877 159.355 0.37495 0.334467 0 0 3.27344 8.36318
38 60.9992 40.4587 260.258
138.877 159.355 0.37495 0.334467 0 0 3.27344 8.36318
39 60.9992 40.5525 289.561
138.877 159.355 0.37495 0.334467 0 0 3.27344 8.36318
40 60.9992 39.0185 255.314
138.877 159.355 0.37495 0.334467 0 0 3.27344 8.36318
41 60.9992 37.5331 340.602
138.877 159.355 0.37495 0.334467 0 0 3.27344 8.36318
42 60.9992 33.5163 355.417
138.877 159.355 0.37495 0.334467 0 0 3.27344 8.36318
43 60.9992 33.2322 432.431
138.877 159.355 0.37495 0.334467 0 0 3.27344 8.36318
44 60.9992 33.4991 457.175
138.877 159.355 0.37495 0.334467 0 0 3.27344 8.36318
45 61.1456 35.762 464.366
137.311 157.153 0.382808 0.329822 0 0.0172133 3.38766 8.13163
46 61.1456 34.0691 457.347
137.311 157.153 0.382808 0.329822 0 0.0172133 3.38766 8.13163
47 61.1456 29.8743 379.674
137.311 157.153 0.382808 0.329822 0 0.0172133 3.38766 8.13163
48 61.1456 32.3897 509.615
137.311 157.153 0.382808 0.329822 0 0.0172133 3.38766 8.13163
49 61.1456 33.4246 431.501
137.311 157.153 0.382808 0.329822 0 0.0172133 3.38766 8.13163
50 61.1456 30.9499 475.146
137.311 157.153 0.382808 0.329822 0 0.0172133 3.38766 8.13163
51 61.1456 30.9102 428.746
137.311 157.153 0.382808 0.329822 0 0.0172133 3.38766 8.13163
52 61.1456 31.4098 463.427
137.311 157.153 0.382808 0.329822 0 0.0172133 3.38766 8.13163
53 61.3982 36.0819 432.234
137.957 158.633 0.365211 0.334006 0 0 3.25349 8.43579
54 61.3982 32.9652 477.786
137.957 158.633 0.365211 0.334006 0 0 3.25349 8.43579
55 61.3982 32.7175 448.976
137.957 158.633 0.365211 0.334006 0 0 3.25349 8.43579
56 61.3982 35.0767 536.562
137.957 158.633 0.365211 0.334006 0 0 3.25349 8.43579
57 61.3982 33.9538 473.088
137.957 158.633 0.365211 0.334006 0 0 3.25349 8.43579
58 61.3982 34.838 470.469
137.957 158.633 0.365211 0.334006 0 0 3.25349 8.43579
59 61.3982 38.1194 430.27
137.957 158.633 0.365211 0.334006 0 0 3.25349 8.43579
60 61.3982 35.6816 424.263
137.957 158.633 0.365211 0.334006 0 0 3.25349 8.43579
61 61.3982 41.886 306.929
137.957 158.633 0.365211 0.334006 0 0 3.25349 8.43579
62 61.3982 39.4295 421.227
137.957 158.633 0.365211 0.334006 0 0 3.25349 8.43579
63 61.3982 39.975 341.671
137.957 158.633 0.365211 0.334006 0 0 3.25349 8.43579
64 61.3982 35.3572 375.876
137.957 158.633 0.365211 0.334006 0 0 3.25349 8.43579
65 61.6067 36.0646 367.938
138.078 158.448 0.361099 0.324227 0.000358802 0.0016963 3.21778 8.47741
66 61.6067 39.3758 290.129
138.078 158.448 0.361099 0.324227 0.000358802 0.0016963 3.21778 8.47741
67 61.6067 39.812 383.684
138.078 158.448 0.361099 0.324227 0.000358802 0.0016963 3.21778 8.47741
68 61.6067 39.0748 347.714
138.078 158.448 0.361099 0.324227 0.000358802 0.0016963 3.21778 8.47741
69 61.6067 34.9497 320.576
138.078 158.448 0.361099 0.324227 0.000358802 0.0016963 3.21778 8.47741
70 61.6067 36.2689 387.518
138.078 158.448 0.361099 0.324227 0.000358802 0.0016963 3.21778 8.47741
71 61.6067 30.81 403.428
138.078 158.448 0.361099 0.324227 0.000358802 0.0016963 3.21778 8.47741
72 61.6067 28.8473 380.843
138.078 158.448 0.361099 0.324227 0.000358802 0.0016963 3.21778 8.47741
73 61.6067 32.6062 371.729
138.078 158.448 0.361099 0.324227 0.000358802 0.0016963 3.21778 8.47741
74 61.6067 34.1996 383.872
138.078 158.448 0.361099 0.324227 0.000358802 0.0016963 3.21778 8.47741
75 61.6067 34.2922 444.225
138.078 158.448 0.361099 0.324227 0.000358802 0.0016963 3.21778 8.47741
76 61.6067 34.8284 435.406
138.078 158.448 0.361099 0.324227 0.000358802 0.0016963 3.21778 8.47741
77 61.6067 31.4385 438.281
138.078 158.448 0.361099 0.324227 0.000358802 0.0016963 3.21778 8.47741
78 61.6067 33.8088 397.012
138.078 158.448 0.361099 0.324227 0.000358802 0.0016963 3.21778 8.47741
79 61.6067 33.824 347.51
138.078 158.448 0.361099 0.324227 0.000358802 0.0016963 3.21778 8.47741
80 61.6067 33.2535 308.079
138.078 158.448 0.361099 0.324227 0.000358802 0.0016963 3.21778 8.47741
81 61.6067 32.7241 400.874
138.078 158.448 0.361099 0.324227 0.000358802 0.0016963 3.21778 8.47741
82 61.6067 35.6776 392.82
138.078 158.448 0.361099 0.324227 0.000358802 0.0016963 3.21778 8.47741
83 61.6067 35.8669 437.065
138.078 158.448 0.361099 0.324227 0.000358802 0.0016963 3.21778 8.47741
84 61.6067 33.3224 408.225
138.078 158.448 0.361099 0.324227 0.000358802 0.0016963 3.21778 8.47741
85 61.6067 33.0968 465.548
138.078 158.448 0.361099 0.324227 0.000358802 0.0016963 3.21778 8.47741
86 61.6067 31.5628 492.372
138.078 158.448 0.361099 0.324227 0.000358802 0.0016963 3.21778 8.47741
87 61.6067 33.1782 493.591
138.078 158.448 0.361099 0.324227 0.000358802 0.0016963 3.21778 8.47741
88 61.6067 34.0943 468.079
138.078 158.448 0.361099 0.324227 0.000358802 0.0016963 3.21778 8.47741
89 61.6067 35.4468 462.065
138.078 158.448 0.361099 0.324227 0.000358802 0.0016963 3.21778 8.47741
90 61.6067 36.1918 430.592
138.078 158.448 0.361099 0.324227 0.000358802 0.0016963 3.21778 8.47741
91 61.6067 35.8113 474.481
138.078 158.448 0.361099 0.324227 0.000358802 0.0016963 3.21778 8.47741
92 61.6067 36.9263 438.235
138.078 158.448 0.361099 0.324227 0.000358802 0.0016963 3.21778 8.47741
93 61.6067 34.7706 337.49
138.078 158.448 0.361099 0.324227 0.000358802 0.0016963 3.21778 8.47741
94 61.6067 38.0821 320.662
138.078 158.448 0.361099 0.324227 0.000358802 0.0016963 3.21778 8.47741
95 61.6067 39.157 351.226
138.078 158.448 0.361099 0.324227 0.000358802 0.0016963 3.21778 8.47741
96 61.6067 32.1468 339.317
138.078 158.448 0.361099 0.324227 0.000358802 0.0016963 3.21778 8.47741
97 61.6067 34.4111 372.849
138.078 158.448 0.361099 0.324227 0.000358802 0.0016963 3.21778 8.47741
98 61.6067 35.7963 438.531
138.078 158.448 0.361099 0.324227 0.000358802 0.0016963 3.21778 8.47741
99 61.6067 31.6086 373.873
138.078 158.448 0.361099 0.324227 0.000358802 0.0016963 3.21778 8.47741
100 61.6067 31.0321 429.569
138.078 158.448 0.361099 0.324227 0.000358802 0.0016963 3.21778 8.47741
