0 6.26087 1.48267 2.56006
152.607 185.003 0.429988 0.00347418 0.15388 0.429376 4.26579 5.32265
1 6.26087 1.86046 3.25072
152.607 185.003 0.429988 0.00347418 0.15388 0.429376 4.26579 5.32265
2 6.26087 2.06781 3.95043
152.607 185.003 0.429988 0.00347418 0.15388 0.429376 4.26579 5.32265
3 6.26087 2.35454 4.20827
152.607 185.003 0.429988 0.00347418 0.15388 0.429376 4.26579 5.32265
4 6.76393 2.81141 4.09306
151.515 184.038 0.424184 0.0116706 0.13997 0.401363 4.46572 5.45088
5 6.76393 3.12666 4.4625
151.515 184.038 0.424184 0.0116706 0.13997 0.401363 4.46572 5.45088
6 6.76393 3.44046 4.43998
151.515 184.038 0.424184 0.0116706 0.13997 0.401363 4.46572 5.45088
7 8.33511 4.10567 6.51377
161.958 194.124 0.451769 0.0558264 0.0114125 0.286398 3.95435 6.02333
8 8.33511 4.4109 7.18617
161.958 194.124 0.451769 0.0558264 0.0114125 0.286398 3.95435 6.02333
9 8.33511 4.28342 6.33568
161.958 194.124 0.451769 0.0558264 0.0114125 0.286398 3.95435 6.02333
10 8.33511 4.80602 7.52965
161.958 194.124 0.451769 0.0558264 0.0114125 0.286398 3.95435 6.02333
11 8.33511 5.04376 6.118
161.958 194.124 0.451769 0.0558264 0.0114125 0.286398 3.95435 6.02333
12 10.9551 5.26447 6.90459
172.065 185.697 0.460419 0.231165 0.0983193 0.11925 4.37821 6.28919
13 10.9551 5.57992 6.85291
172.065 185.697 0.460419 0.231165 0.0983193 0.11925 4.37821 6.28919
14 10.9551 5.37675 8.6043
172.065 185.697 0.460419 0.231165 0.0983193 0.11925 4.37821 6.28919
15 10.9551 6.01539 9.7579
172.065 185.697 0.460419 0.231165 0.0983193 0.11925 4.37821 6.28919
16 10.9551 5.7505 10.3733
172.065 185.697 0.460419 0.231165 0.0983193 0.11925 4.37821 6.28919
17 10.9551 6.12367 8.85471
172.065 185.697 0.460419 0.231165 0.0983193 0.11925 4.37821 6.28919
18 10.9551 5.59941 8.99143
172.065 185.697 0.460419 0.231165 0.0983193 0.11925 4.37821 6.28919
19 11.4968 6.15686 11.0606
165.537 188.216 0.463159 0.264626 0.0753687 0.0783163 4.11577 6.56637
20 11.4968 6.90042 11.7169
165.537 188.216 0.463159 0.264626 0.0753687 0.0783163 4.11577 6.56637
21 11.4968 6.48598 12.8054
165.537 188.216 0.463159 0.264626 0.0753687 0.0783163 4.11577 6.56637
22 11.4968 6.61802 13.6466
165.537 188.216 0.463159 0.264626 0.0753687 0.0783163 4.11577 6.56637
23 11.4968 6.75906 10.6297
165.537 188.216 0.463159 0.264626 0.0753687 0.0783163 4.11577 6.56637
24 11.4968 6.27524 9.90482
165.537 188.216 0.463159 0.264626 0.0753687 0.0783163 4.11577 6.56637
25 11.4968 6.51928 10.8591
165.537 188.216 0.463159 0.264626 0.0753687 0.0783163 4.11577 6.56637
26 11.4968 6.35407 10.226
165.425 188.188 0.462658 0.264199 0.0750348 0.078311 4.11236 6.56368
27 11.4968 6.67487 12.9845
165.425 188.188 0.462658 0.264199 0.0750348 0.078311 4.11236 6.56368
28 11.5008 6.87933 12.2195
165.512 188.277 0.463678 0.26066 0.0923143 0.0874701 4.05499 6.61195
29 11.5038 6.87842 13.1124
165.304 188.109 0.462738 0.264861 0.0772878 0.0748139 4.11992 6.56318
30 11.5038 6.69387 11.7612
165.304 188.109 0.462738 0.264861 0.0772878 0.0748139 4.11992 6.56318
31 11.5038 6.1092 11.1959
165.304 188.109 0.462738 0.264861 0.0772878 0.0748139 4.11992 6.56318
32 11.5038 5.92477 11.2561
165.304 188.109 0.462738 0.264861 0.0772878 0.0748139 4.11992 6.56318
33 11.5038 6.42562 11.3829
165.304 188.109 0.462738 0.264861 0.0772878 0.0748139 4.11992 6.56318
34 11.5038 6.3008 13.6696
165.304 188.109 0.462738 0.264861 0.0772878 0.0748139 4.11992 6.56318
35 11.5038 5.78492 13.1333
165.304 188.109 0.462738 0.264861 0.0772878 0.0748139 4.11992 6.56318
36 11.5038 6.06006 9.8367
165.304 188.109 0.462738 0.264861 0.0772878 0.0748139 4.11992 6.56318
37 11.5038 6.10843 10.1345
165.304 188.109 0.462738 0.264861 0.0772878 0.0748139 4.11992 6.56318
38 11.5038 6.8881 10.4689
165.304 188.109 0.462738 0.264861 0.0772878 0.0748139 4.11992 6.56318
39 11.5038 6.53598 10.2871
165.304 188.109 0.462738 0.264861 0.0772878 0.0748139 4.11992 6.56318
40 11.5038 6.84462 10.6554
165.304 188.109 0.462738 0.264861 0.0772878 0.0748139 4.11992 6.56318
41 11.5038 7.11339 9.58321
165.304 188.109 0.462738 0.264861 0.0772878 0.0748139 4.11992 6.56318
42 11.5038 6.7791 9.40644
165.304 188.109 0.462738 0.264861 0.0772878 0.0748139 4.11992 6.56318
43 11.5038 6.9734 8.82831
165.304 188.109 0.462738 0.264861 0.0772878 0.0748139 4.11992 6.56318
44 11.5038 6.2912 10.9759
165.304 188.109 0.462738 0.264861 0.0772878 0.0748139 4.11992 6.56318
45 11.5038 6.44417 11.6777
165.304 188.109 0.462738 0.264861 0.0772878 0.0748139 4.11992 6.56318
46 11.5038 6.30723 10.9906
165.304 188.109 0.462738 0.264861 0.0772878 0.0748139 4.11992 6.56318
47 11.5038 6.34269 9.91386
165.304 188.109 0.462738 0.264861 0.0772878 0.0748139 4.11992 6.56318
48 11.5038 7.10748 8.34016
165.304 188.109 0.462738 0.264861 0.0772878 0.0748139 4.11992 6.56318
49 11.5038 6.85779 8.93866
165.304 188.109 0.462738 0.264861 0.0772878 0.0748139 4.11992 6.56318
50 11.5038 7.40704 10.6838
165.304 188.109 0.462738 0.264861 0.0772878 0.0748139 4.11992 6.56318
51 11.5038 6.86488 9.09914
165.304 188.109 0.462738 0.264861 0.0772878 0.0748139 4.11992 6.56318
52 11.5038 6.67953 7.96223
165.304 188.109 0.462738 0.264861 0.0772878 0.0748139 4.11992 6.56318
53 11.5038 6.28228 11.53
165.304 188.109 0.462738 0.264861 0.0772878 0.0748139 4.11992 6.56318
54 11.5038 6.76422 11.8967
165.304 188.109 0.462738 0.264861 0.0772878 0.0748139 4.11992 6.56318
55 11.5038 6.60142 9.98632
165.304 188.109 0.462738 0.264861 0.0772878 0.0748139 4.11992 6.56318
56 11.5038 6.87032 11.8322
165.304 188.109 0.462738 0.264861 0.0772878 0.0748139 4.11992 6.56318
57 11.5038 6.84883 10.0206
165.304 188.109 0.462738 0.264861 0.0772878 0.0748139 4.11992 6.56318
58 11.5038 6.70466 10.4872
165.304 188.109 0.462738 0.264861 0.0772878 0.0748139 4.11992 6.56318
59 11.5038 6.84736 8.66996
165.304 188.109 0.462738 0.264861 0.0772878 0.0748139 4.11992 6.56318
60 11.5038 7.21293 10.1865
165.304 188.109 0.462738 0.264861 0.0772878 0.0748139 4.11992 6.56318
61 11.5038 6.60919 10.3585
165.304 188.109 0.462738 0.264861 0.0772878 0.0748139 4.11992 6.56318
62 11.5038 6.83931 10.5703
165.304 188.109 0.462738 0.264861 0.0772878 0.0748139 4.11992 6.56318
63 11.5038 6.76164 10.0134
165.304 188.109 0.462738 0.264861 0.0772878 0.0748139 4.11992 6.56318
64 11.5038 6.96159 9.89122
165.304 188.109 0.462738 0.264861 0.0772878 0.0748139 4.11992 6.56318
65 11.5038 7.20592 9.86168
165.304 188.109 0.462738 0.264861 0.0772878 0.0748139 4.11992 6.56318
66 11.5038 7.20137 9.854
165.304 188.109 0.462738 0.264861 0.0772878 0.0748139 4.11992 6.56318
67 11.5038 6.579 11.2961
165.304 188.109 0.462738 0.264861 0.0772878 0.0748139 4.11992 6.56318
68 11.5038 6.40818 8.60503
165.304 188.109 0.462738 0.264861 0.0772878 0.0748139 4.11992 6.56318
69 11.5038 6.66741 8.67609
165.304 188.109 0.462738 0.264861 0.0772878 0.0748139 4.11992 6.56318
70 11.5038 6.76261 8.30276
165.304 188.109 0.462738 0.264861 0.0772878 0.0748139 4.11992 6.56318
71 11.5038 7.16145 11.1255
165.304 188.109 0.462738 0.264861 0.0772878 0.0748139 4.11992 6.56318
72 11.5038 7.1482 12.088
165.304 188.109 0.462738 0.264861 0.0772878 0.0748139 4.11992 6.56318
73 11.5038 7.64507 10.2639
165.304 188.109 0.462738 0.264861 0.0772878 0.0748139 4.11992 6.56318
74 11.5038 6.91132 10.0666
165.304 188.109 0.462738 0.264861 0.0772878 0.0748139 4.11992 6.56318
75 11.5038 7.64215 10.6348
165.304 188.109 0.462738 0.264861 0.0772878 0.0748139 4.11992 6.56318
76 11.5038 7.14672 8.10335
165.304 188.109 0.462738 0.264861 0.0772878 0.0748139 4.11992 6.56318
77 11.5038 6.90599 10.3606
165.304 188.109 0.462738 0.264861 0.0772878 0.0748139 4.11992 6.56318
78 11.5038 6.42241 10.619
165.304 188.109 0.462738 0.264861 0.0772878 0.0748139 4.11992 6.56318
79 11.5038 6.73073 10.9691
165.304 188.109 0.462738 0.264861 0.0772878 0.0748139 4.11992 6.56318
80 11.5069 6.70095 10.3757
164.936 189.221 0.462898 0.259665 0.0851768 0.0792239 4.09522 6.57752
81 11.5069 6.51304 10.4704
164.936 189.221 0.462898 0.259665 0.0851768 0.0792239 4.09522 6.57752
82 11.5069 6.83299 6.90406
164.936 189.221 0.462898 0.259665 0.0851768 0.0792239 4.09522 6.57752
83 11.5126 6.57983 9.42381
165.032 188.289 0.464648 0.257693 0.0896443 0.0834744 4.10126 6.58625
84 11.5126 6.26897 8.79432
165.032 188.289 0.464648 0.257693 0.0896443 0.0834744 4.10126 6.58625
85 11.5126 6.4851 9.97588
165.032 188.289 0.464648 0.257693 0.0896443 0.0834744 4.10126 6.58625
86 11.5126 6.85092 9.50368
165.032 188.289 0.464648 0.257693 0.0896443 0.0834744 4.10126 6.58625
87 11.5126 7.03706 10.6602
165.032 188.289 0.464648 0.257693 0.0896443 0.0834744 4.10126 6.58625
88 11.5126 6.67761 9.68676
165.032 188.289 0.464648 0.257693 0.0896443 0.0834744 4.10126 6.58625
89 11.5126 7.1542 10.1554
165.032 188.289 0.464648 0.257693 0.0896443 0.0834744 4.10126 6.58625
90 11.5339 6.71893 9.82124
162.664 187.36 0.464154 0.247153 0.0860748 0.104298 3.94983 6.65169
91 11.5339 6.47098 9.80785
162.664 187.36 0.464154 0.247153 0.0860748 0.104298 3.94983 6.65169
92 11.5339 6.22542 8.87653
162.664 187.36 0.464154 0.247153 0.0860748 0.104298 3.94983 6.65169
93 11.5339 6.36286 8.29763
162.664 187.36 0.464154 0.247153 0.0860748 0.104298 3.94983 6.65169
94 11.5339 6.19835 9.17497
162.664 187.36 0.464154 0.247153 0.0860748 0.104298 3.94983 6.65169
95 11.5339 6.76464 11.1424
162.664 187.36 0.464154 0.247153 0.0860748 0.104298 3.94983 6.65169
96 11.5339 6.03477 13.5515
162.664 187.36 0.464154 0.247153 0.0860748 0.104298 3.94983 6.65169
97 11.5339 6.05329 12.2551
162.664 187.36 0.464154 0.247153 0.0860748 0.104298 3.94983 6.65169
98 11.5339 6.18283 12.0575
162.664 187.36 0.464154 0.247153 0.0860748 0.104298 3.94983 6.65169
99 11.5339 6.6038 12.3327
162.664 187.36 0.464154 0.247153 0.0860748 0.104298 3.94983 6.65169
100 11.5339 6.54557 9.43882
162.664 187.36 0.464154 0.247153 0.0860748 0.104298 3.94983 6.65169
