0 23.3661 1.1637 15.9597
106.406 122.545 106.553 0.154087 0.597809 0.324315 0.0474896 0.189998 0.26571 5.43764 4.43367 3.91789
1 23.3661 1.87038 19.3245
106.406 122.545 106.553 0.154087 0.597809 0.324315 0.0474896 0.189998 0.26571 5.43764 4.43367 3.91789
2 23.3661 2.61885 26.2943
106.406 122.545 106.553 0.154087 0.597809 0.324315 0.0474896 0.189998 0.26571 5.43764 4.43367 3.91789
3 25.719 4.07993 49.2963
101.843 121.201 108.076 0.124373 0.607184 0.285885 0.0382096 0.182577 0.254332 5.39866 4.44394 3.69897
4 25.719 5.79889 69.0818
101.843 121.201 108.076 0.124373 0.607184 0.285885 0.0382096 0.182577 0.254332 5.39866 4.44394 3.69897
5 25.7201 7.23893 92.2435
102.733 121.163 108.104 0.122404 0.60569 0.282629 0.0380359 0.177787 0.258838 5.39688 4.46371 3.69033
6 25.7201 7.97733 95.7233
102.733 121.163 108.104 0.122404 0.60569 0.282629 0.0380359 0.177787 0.258838 5.39688 4.46371 3.69033
7 25.7201 9.27811 102.431
102.733 121.163 108.104 0.122404 0.60569 0.282629 0.0380359 0.177787 0.258838 5.39688 4.46371 3.69033
8 25.7391 10.1954 118.475
107.53 125.073 100 0.086772 0.527198 0.306915 0.0978095 0.251699 0.305575 5.15274 4.26795 4.01792
9 25.7391 11.6068 121.042
107.53 125.073 100 0.086772 0.527198 0.306915 0.0978095 0.251699 0.305575 5.15274 4.26795 4.01792
10 25.8371 13.2746 123.365
100 144.77 100.106 0.17013 0.506515 0.393825 0.00347115 0.103888 0.258229 9.16495 5.35966 5.10144
11 25.8371 13.872 122.022
100 144.77 100.106 0.17013 0.506515 0.393825 0.00347115 0.103888 0.258229 9.16495 5.35966 5.10144
12 25.8371 13.0127 127.904
100 144.77 100.106 0.17013 0.506515 0.393825 0.00347115 0.103888 0.258229 9.16495 5.35966 5.10144
13 25.8371 12.7869 127.26
100 144.77 100.106 0.17013 0.506515 0.393825 0.00347115 0.103888 0.258229 9.16495 5.35966 5.10144
14 25.8659 14.1801 126.224
102.146 142.367 100 0.192244 0.500358 0.387072 0 0.0780449 0.275162 9.12258 5.63825 5.27482
15 25.8743 15.619 120.344
112.463 120.451 128.248 0.194553 0.49106 0.313768 0.0556833 0.0915144 0.252101 6.71856 2.86878 3.14687
16 25.8903 14.5495 131.055
106.087 129.463 110.382 0.0668285 0.439972 0.226345 0.0682498 0.296885 0.277464 5.17256 4.7076 4.01675
17 25.8903 15.9551 125.319
106.087 129.463 110.382 0.0668285 0.439972 0.226345 0.0682498 0.296885 0.277464 5.17256 4.7076 4.01675
18 25.9066 16.2689 126.998
114.665 123.54 127.181 0.190218 0.469435 0.298866 0.0601141 0.0665929 0.260608 6.61825 2.76277 3.25183
19 25.9474 17.6304 122.13
102.174 129.811 101.713 0.126924 0.467716 0.269218 0.0731005 0.0802901 0.0742189 8.09826 5.57815 5.63651
20 26.2433 17.6333 107.73
111.562 149.669 100 0.257748 0.369056 0.328945 0 0 0.143939 9.54032 5.25669 4.71404
21 26.2433 18.3243 104.426
111.562 149.669 100 0.257748 0.369056 0.328945 0 0 0.143939 9.54032 5.25669 4.71404
22 26.2433 19.0302 89.4472
111.562 149.669 100 0.257748 0.369056 0.328945 0 0 0.143939 9.54032 5.25669 4.71404
23 26.5878 18.6146 101.413
112.311 147.263 101.661 0.228101 0.336351 0.281637 0 0.000708361 0.125014 10 5.35485 4.33857
24 26.5878 19.7676 89.9911
112.311 147.263 101.661 0.228101 0.336351 0.281637 0 0.000708361 0.125014 10 5.35485 4.33857
25 26.5878 19.2287 90.6059
112.311 147.263 101.661 0.228101 0.336351 0.281637 0 0.000708361 0.125014 10 5.35485 4.33857
26 26.5878 19.595 73.7945
112.311 147.263 101.661 0.228101 0.336351 0.281637 0 0.000708361 0.125014 10 5.35485 4.33857
27 27.4879 21.0728 58.4872
109.356 147.696 100 0.226619 0.279007 0.326511 0 0 0.0355601 8.85697 5.77119 4.08844
28 27.4879 20.5172 71.696
109.356 147.696 100 0.226619 0.279007 0.326511 0 0 0.0355601 8.85697 5.77119 4.08844
29 27.4879 20.7126 71.043
109.356 147.696 100 0.226619 0.279007 0.326511 0 0 0.0355601 8.85697 5.77119 4.08844
30 27.4879 20.243 77.1748
109.356 147.696 100 0.226619 0.279007 0.326511 0 0 0.0355601 8.85697 5.77119 4.08844
31 27.4879 20.1724 75.9933
109.356 147.696 100 0.226619 0.279007 0.326511 0 0 0.0355601 8.85697 5.77119 4.08844
32 27.4879 20.2372 84.2717
109.356 147.696 100 0.226619 0.279007 0.326511 0 0 0.0355601 8.85697 5.77119 4.08844
33 27.4879 19.8226 98.0084
109.356 147.696 100 0.226619 0.279007 0.326511 0 0 0.0355601 8.85697 5.77119 4.08844
34 27.4879 19.8774 90.0896
109.356 147.696 100 0.226619 0.279007 0.326511 0 0 0.0355601 8.85697 5.77119 4.08844
35 27.7269 21.0388 66.8605
110.487 146.281 100.102 0.209661 0.267435 0.332931 0.0347002 0 0.0105436 8.82425 5.28318 4.03622
36 27.7936 21.0377 83.3203
109.407 145.92 100.172 0.20956 0.267641 0.33123 0.0450398 0.00635769 0.00353167 8.9069 5.26957 4.21141
37 27.7936 20.0817 83.6074
109.407 145.92 100.172 0.20956 0.267641 0.33123 0.0450398 0.00635769 0.00353167 8.9069 5.26957 4.21141
38 27.7936 19.4672 93.6596
109.407 145.92 100.172 0.20956 0.267641 0.33123 0.0450398 0.00635769 0.00353167 8.9069 5.26957 4.21141
39 27.7936 20.8291 71.3279
109.407 145.92 100.172 0.20956 0.267641 0.33123 0.0450398 0.00635769 0.00353167 8.9069 5.26957 4.21141
40 27.7936 20.6455 86.085
109.407 145.92 100.172 0.20956 0.267641 0.33123 0.0450398 0.00635769 0.00353167 8.9069 5.26957 4.21141
41 28.0019 21.5431 69.4415
108.991 146.389 100.624 0.209977 0.258726 0.326655 0.0446637 0.00775176 0.00365585 8.90394 5.26867 4.20172
42 28.0019 21.5625 67.3243
108.991 146.389 100.624 0.209977 0.258726 0.326655 0.0446637 0.00775176 0.00365585 8.90394 5.26867 4.20172
43 28.0019 22.0531 63.4144
108.991 146.389 100.624 0.209977 0.258726 0.326655 0.0446637 0.00775176 0.00365585 8.90394 5.26867 4.20172
44 28.024 20.8926 81.9508
109.632 145.99 100.528 0.207626 0.260951 0.329246 0.0506207 0.00813401 0.00769484 8.93798 5.27515 4.2269
45 28.024 20.6578 79.6886
109.632 145.99 100.528 0.207626 0.260951 0.329246 0.0506207 0.00813401 0.00769484 8.93798 5.27515 4.2269
46 28.0584 21.1728 65.2739
109.688 146.158 100.44 0.207344 0.260044 0.330619 0.0508554 0.0068901 0.00776681 8.93483 5.26804 4.21753
47 28.0584 20.3436 79.2128
109.688 146.158 100.44 0.207344 0.260044 0.330619 0.0508554 0.0068901 0.00776681 8.93483 5.26804 4.21753
48 28.0584 20.4919 77.7853
109.688 146.158 100.44 0.207344 0.260044 0.330619 0.0508554 0.0068901 0.00776681 8.93483 5.26804 4.21753
49 28.0584 21.3223 70.4404
109.688 146.158 100.44 0.207344 0.260044 0.330619 0.0508554 0.0068901 0.00776681 8.93483 5.26804 4.21753
50 28.5312 21.6382 65.7735
109.452 146.797 100.251 0.203747 0.251498 0.33916 0.043065 0.0186184 0.000843079 8.9569 5.18213 4.19396
51 28.5312 22.6278 38.4907
109.452 146.797 100.251 0.203747 0.251498 0.33916 0.043065 0.0186184 0.000843079 8.9569 5.18213 4.19396
52 28.5312 22.2215 42.4496
109.452 146.797 100.251 0.203747 0.251498 0.33916 0.043065 0.0186184 0.000843079 8.9569 5.18213 4.19396
53 28.5312 22.7539 41.0935
109.452 146.797 100.251 0.203747 0.251498 0.33916 0.043065 0.0186184 0.000843079 8.9569 5.18213 4.19396
54 28.5312 22.3057 51.1415
109.452 146.797 100.251 0.203747 0.251498 0.33916 0.043065 0.0186184 0.000843079 8.9569 5.18213 4.19396
55 28.5312 21.897 55.2959
109.452 146.797 100.251 0.203747 0.251498 0.33916 0.043065 0.0186184 0.000843079 8.9569 5.18213 4.19396
56 28.5312 22.7816 38.5359
109.452 146.797 100.251 0.203747 0.251498 0.33916 0.043065 0.0186184 0.000843079 8.9569 5.18213 4.19396
57 28.5312 22.2357 47.9208
109.452 146.797 100.251 0.203747 0.251498 0.33916 0.043065 0.0186184 0.000843079 8.9569 5.18213 4.19396
58 28.5312 22.4334 37.9927
109.452 146.797 100.251 0.203747 0.251498 0.33916 0.043065 0.0186184 0.000843079 8.9569 5.18213 4.19396
59 28.5312 22.8807 27.2951
109.452 146.797 100.251 0.203747 0.251498 0.33916 0.043065 0.0186184 0.000843079 8.9569 5.18213 4.19396
60 28.5312 21.783 60.6857
109.452 146.797 100.251 0.203747 0.251498 0.33916 0.043065 0.0186184 0.000843079 8.9569 5.18213 4.19396
61 28.5312 21.3705 60.2254
109.452 146.797 100.251 0.203747 0.251498 0.33916 0.043065 0.0186184 0.000843079 8.9569 5.18213 4.19396
62 28.5312 21.0439 65.3859
109.452 146.797 100.251 0.203747 0.251498 0.33916 0.043065 0.0186184 0.000843079 8.9569 5.18213 4.19396
63 28.5312 21.2423 61.4918
109.452 146.797 100.251 0.203747 0.251498 0.33916 0.043065 0.0186184 0.000843079 8.9569 5.18213 4.19396
64 28.5312 22.0511 62.6874
109.452 146.797 100.251 0.203747 0.251498 0.33916 0.043065 0.0186184 0.000843079 8.9569 5.18213 4.19396
65 28.5312 21.6257 64.6045
109.452 146.797 100.251 0.203747 0.251498 0.33916 0.043065 0.0186184 0.000843079 8.9569 5.18213 4.19396
66 28.5312 21.9365 56.1467
109.452 146.797 100.251 0.203747 0.251498 0.33916 0.043065 0.0186184 0.000843079 8.9569 5.18213 4.19396
67 28.5312 21.3501 60.0208
109.452 146.797 100.251 0.203747 0.251498 0.33916 0.043065 0.0186184 0.000843079 8.9569 5.18213 4.19396
68 28.5312 21.6237 47.7266
109.452 146.797 100.251 0.203747 0.251498 0.33916 0.043065 0.0186184 0.000843079 8.9569 5.18213 4.19396
69 28.5312 20.8026 51.4587
109.452 146.797 100.251 0.203747 0.251498 0.33916 0.043065 0.0186184 0.000843079 8.9569 5.18213 4.19396
70 28.5312 22.0308 41.7665
109.452 146.797 100.251 0.203747 0.251498 0.33916 0.043065 0.0186184 0.000843079 8.9569 5.18213 4.19396
71 28.5312 22.3083 37.3094
109.452 146.797 100.251 0.203747 0.251498 0.33916 0.043065 0.0186184 0.000843079 8.9569 5.18213 4.19396
72 28.5312 22.3596 44.3697
109.452 146.797 100.251 0.203747 0.251498 0.33916 0.043065 0.0186184 0.000843079 8.9569 5.18213 4.19396
73 28.5312 22.2392 57.3055
109.452 146.797 100.251 0.203747 0.251498 0.33916 0.043065 0.0186184 0.000843079 8.9569 5.18213 4.19396
74 28.5312 22.1383 56.2448
109.452 146.797 100.251 0.203747 0.251498 0.33916 0.043065 0.0186184 0.000843079 8.9569 5.18213 4.19396
75 28.5312 22.7807 39.4894
109.452 146.797 100.251 0.203747 0.251498 0.33916 0.043065 0.0186184 0.000843079 8.9569 5.18213 4.19396
76 28.5312 23.0299 31.8897
109.452 146.797 100.251 0.203747 0.251498 0.33916 0.043065 0.0186184 0.000843079 8.9569 5.18213 4.19396
77 28.5312 22.2343 54.2424
109.452 146.797 100.251 0.203747 0.251498 0.33916 0.043065 0.0186184 0.000843079 8.9569 5.18213 4.19396
78 28.5312 22.3681 40.0087
109.452 146.797 100.251 0.203747 0.251498 0.33916 0.043065 0.0186184 0.000843079 8.9569 5.18213 4.19396
79 28.5312 21.2512 69.1786
109.452 146.797 100.251 0.203747 0.251498 0.33916 0.043065 0.0186184 0.000843079 8.9569 5.18213 4.19396
80 28.5312 21.517 58.1043
109.452 146.797 100.251 0.203747 0.251498 0.33916 0.043065 0.0186184 0.000843079 8.9569 5.18213 4.19396
81 28.5312 20.2453 80.6857
109.452 146.797 100.251 0.203747 0.251498 0.33916 0.043065 0.0186184 0.000843079 8.9569 5.18213 4.19396
82 28.6705 21.7089 62.3467
108.481 145.875 100.786 0.201094 0.271716 0.332971 0.0623444 0 0.00821066 8.97258 5.42178 4.30264
83 28.6705 22.228 42.6725
108.481 145.875 100.786 0.201094 0.271716 0.332971 0.0623444 0 0.00821066 8.97258 5.42178 4.30264
84 28.6705 21.0806 56.2233
108.481 145.875 100.786 0.201094 0.271716 0.332971 0.0623444 0 0.00821066 8.97258 5.42178 4.30264
85 28.6705 20.7726 69.4864
108.481 145.875 100.786 0.201094 0.271716 0.332971 0.0623444 0 0.00821066 8.97258 5.42178 4.30264
86 28.6705 19.8922 81.1376
108.481 145.875 100.786 0.201094 0.271716 0.332971 0.0623444 0 0.00821066 8.97258 5.42178 4.30264
87 28.6705 21.1977 72.999
108.481 145.875 100.786 0.201094 0.271716 0.332971 0.0623444 0 0.00821066 8.97258 5.42178 4.30264
88 28.6705 20.9404 72.1251
108.481 145.875 100.786 0.201094 0.271716 0.332971 0.0623444 0 0.00821066 8.97258 5.42178 4.30264
89 28.6705 20.9632 69.3914
108.481 145.875 100.786 0.201094 0.271716 0.332971 0.0623444 0 0.00821066 8.97258 5.42178 4.30264
90 28.6705 20.8461 80.0486
108.481 145.875 100.786 0.201094 0.271716 0.332971 0.0623444 0 0.00821066 8.97258 5.42178 4.30264
91 28.6705 20.5987 89.847
108.481 145.875 100.786 0.201094 0.271716 0.332971 0.0623444 0 0.00821066 8.97258 5.42178 4.30264
92 28.6705 21.1579 87.4805
108.481 145.875 100.786 0.201094 0.271716 0.332971 0.0623444 0 0.00821066 8.97258 5.42178 4.30264
93 28.6705 20.8202 82.834
108.481 145.875 100.786 0.201094 0.271716 0.332971 0.0623444 0 0.00821066 8.97258 5.42178 4.30264
94 28.6705 20.2911 90.9445
108.481 145.875 100.786 0.201094 0.271716 0.332971 0.0623444 0 0.00821066 8.97258 5.42178 4.30264
95 28.6705 19.9738 84.6005
108.481 145.875 100.786 0.201094 0.271716 0.332971 0.0623444 0 0.00821066 8.97258 5.42178 4.30264
96 28.6705 20.5329 82.1029
108.481 145.875 100.786 0.201094 0.271716 0.332971 0.0623444 0 0.00821066 8.97258 5.42178 4.30264
97 28.8559 21.2692 75.9248
108.366 145.741 100.782 0.201298 0.271269 0.33164 0.0628572 0.000355612 0.00619766 8.96566 5.43996 4.30604
98 28.8559 22.2259 63.8616
108.366 145.741 100.782 0.201298 0.271269 0.33164 0.0628572 0.000355612 0.00619766 8.96566 5.43996 4.30604
99 28.8559 22.0204 58.7753
108.366 145.741 100.782 0.201298 0.271269 0.33164 0.0628572 0.000355612 0.00619766 8.96566 5.43996 4.30604
100 28.8559 21.6041 55.7343
108.366 145.741 100.782 0.201298 0.271269 0.33164 0.0628572 0.000355612 0.00619766 8.96566 5.43996 4.30604
