0 2.61029 0.606833 0.379438
150.228 150.652 0.127469 0.346075 0.255964 0.113545 3.06582 8.75371
1 3.65809 0.838634 0.762098
135.539 155.209 0.0965764 0.361635 0.319028 0.0596758 2.39826 9.21851
2 3.65809 1.00352 1.03823
135.539 155.209 0.0965764 0.361635 0.319028 0.0596758 2.39826 9.21851
3 3.65809 1.18888 1.32304
135.539 155.209 0.0965764 0.361635 0.319028 0.0596758 2.39826 9.21851
4 3.65809 1.37186 1.63633
135.539 155.209 0.0965764 0.361635 0.319028 0.0596758 2.39826 9.21851
5 3.70971 1.61618 1.75466
149.189 144.672 0 0.362233 0.295203 0.0690407 2.95876 10
6 3.70971 1.84209 2.09273
149.189 144.672 0 0.362233 0.295203 0.0690407 2.95876 10
7 3.70971 2.25616 1.65729
149.189 144.672 0 0.362233 0.295203 0.0690407 2.95876 10
8 4.18701 2.07355 1.90582
146.086 144.984 0.145348 0.369574 0.338254 0.0161528 1.66333 10
9 4.18701 2.21791 1.77341
146.086 144.984 0.145348 0.369574 0.338254 0.0161528 1.66333 10
10 4.31614 2.26798 1.79566
147.667 148.13 0.102434 0.387462 0.312465 0.0505746 1.5838 10
11 4.31614 2.22376 1.50484
147.667 148.13 0.102434 0.387462 0.312465 0.0505746 1.5838 10
12 4.31614 2.08556 1.88651
147.667 148.13 0.102434 0.387462 0.312465 0.0505746 1.5838 10
13 4.31614 1.94454 1.7334
147.667 148.13 0.102434 0.387462 0.312465 0.0505746 1.5838 10
14 4.31614 2.29993 1.95059
147.667 148.13 0.102434 0.387462 0.312465 0.0505746 1.5838 10
15 4.31614 2.30881 1.73977
147.667 148.13 0.102434 0.387462 0.312465 0.0505746 1.5838 10
16 5.2151 2.59861 1.52458
150.221 144.922 0.130001 0.361906 0.295075 0.0278883 1.85933 9.64051
17 5.2151 2.93442 1.62677
150.221 144.922 0.130001 0.361906 0.295075 0.0278883 1.85933 9.64051
18 5.2151 2.68333 1.53953
150.221 144.922 0.130001 0.361906 0.295075 0.0278883 1.85933 9.64051
19 5.2151 2.69896 1.86463
150.221 144.922 0.130001 0.361906 0.295075 0.0278883 1.85933 9.64051
20 5.30621 3.07336 1.56888
150.557 139.525 0.116665 0.38166 0.295129 0 2.47595 9.71593
21 5.30621 3.19906 1.59432
150.557 139.525 0.116665 0.38166 0.295129 0 2.47595 9.71593
22 5.30621 3.13564 1.86474
150.557 139.525 0.116665 0.38166 0.295129 0 2.47595 9.71593
23 5.30621 2.81633 2.19042
150.557 139.525 0.116665 0.38166 0.295129 0 2.47595 9.71593
24 5.30621 2.88419 2.09866
150.557 139.525 0.116665 0.38166 0.295129 0 2.47595 9.71593
25 5.30621 2.41396 2.08301
150.557 139.525 0.116665 0.38166 0.295129 0 2.47595 9.71593
26 5.30621 2.55668 2.58373
150.557 139.525 0.116665 0.38166 0.295129 0 2.47595 9.71593
27 5.30621 2.6385 2.40058
150.557 139.525 0.116665 0.38166 0.295129 0 2.47595 9.71593
28 5.30621 2.86517 3.02492
150.557 139.525 0.116665 0.38166 0.295129 0 2.47595 9.71593
29 5.30621 2.53697 2.26178
150.557 139.525 0.116665 0.38166 0.295129 0 2.47595 9.71593
30 5.30621 2.57517 2.33074
150.557 139.525 0.116665 0.38166 0.295129 0 2.47595 9.71593
31 5.30621 2.88832 2.7328
150.557 139.525 0.116665 0.38166 0.295129 0 2.47595 9.71593
32 5.30621 2.95239 2.54728
150.557 139.525 0.116665 0.38166 0.295129 0 2.47595 9.71593
33 5.30621 2.91435 3.46379
150.557 139.525 0.116665 0.38166 0.295129 0 2.47595 9.71593
34 5.30621 2.74572 2.84687
150.557 139.525 0.116665 0.38166 0.295129 0 2.47595 9.71593
35 5.7964 2.96298 2.74154
157.765 132.184 0.122176 0.36409 0.296881 0.0182571 1.00164 9.47335
36 5.7964 2.46809 3.34545
157.765 132.184 0.122176 0.36409 0.296881 0.0182571 1.00164 9.47335
37 5.7964 2.23621 2.5042
157.765 132.184 0.122176 0.36409 0.296881 0.0182571 1.00164 9.47335
38 6.7106 2.64112 4.07416
125.748 137.684 0.333677 0.037769 0.0186841 0.159451 2.43859 8.58175
39 7.2201 2.82442 4.2807
125.757 138.538 0.332517 0.0358495 0.0219848 0.152861 2.43004 8.51004
40 7.2201 3.23416 4.22069
125.757 138.538 0.332517 0.0358495 0.0219848 0.152861 2.43004 8.51004
41 7.29417 3.39231 4.77041
125.187 136.8 0.333263 0.0630829 0.0306971 0.169782 2.70014 8.98973
42 7.29417 3.51765 4.70183
125.187 136.8 0.333263 0.0630829 0.0306971 0.169782 2.70014 8.98973
43 7.29417 3.64162 5.13619
125.187 136.8 0.333263 0.0630829 0.0306971 0.169782 2.70014 8.98973
44 8.30407 3.78386 4.91543
122.197 146.239 0.324057 0.0594425 0 0.148578 3.21352 8.22836
45 8.30407 4.14547 4.79865
122.197 146.239 0.324057 0.0594425 0 0.148578 3.21352 8.22836
46 8.30407 4.09155 5.07774
122.197 146.239 0.324057 0.0594425 0 0.148578 3.21352 8.22836
47 8.30407 3.8127 4.75797
122.197 146.239 0.324057 0.0594425 0 0.148578 3.21352 8.22836
48 8.30407 3.33476 5.68755
122.197 146.239 0.324057 0.0594425 0 0.148578 3.21352 8.22836
49 8.30407 3.86293 5.61576
122.197 146.239 0.324057 0.0594425 0 0.148578 3.21352 8.22836
50 8.30407 4.23859 5.77138
122.197 146.239 0.324057 0.0594425 0 0.148578 3.21352 8.22836
51 8.30407 4.37552 5.45756
122.197 146.239 0.324057 0.0594425 0 0.148578 3.21352 8.22836
52 8.30407 4.64146 5.15222
122.197 146.239 0.324057 0.0594425 0 0.148578 3.21352 8.22836
53 8.30407 5.14128 6.12601
122.197 146.239 0.324057 0.0594425 0 0.148578 3.21352 8.22836
54 8.30407 4.59889 5.70432
122.197 146.239 0.324057 0.0594425 0 0.148578 3.21352 8.22836
55 8.30407 4.51375 5.71719
122.197 146.239 0.324057 0.0594425 0 0.148578 3.21352 8.22836
56 8.30407 4.85983 7.47814
122.197 146.239 0.324057 0.0594425 0 0.148578 3.21352 8.22836
57 8.30407 5.0629 6.838
122.197 146.239 0.324057 0.0594425 0 0.148578 3.21352 8.22836
58 8.30407 4.93362 7.19295
122.197 146.239 0.324057 0.0594425 0 0.148578 3.21352 8.22836
59 8.30407 4.55589 6.33987
122.197 146.239 0.324057 0.0594425 0 0.148578 3.21352 8.22836
60 8.30407 4.56334 6.67186
122.197 146.239 0.324057 0.0594425 0 0.148578 3.21352 8.22836
61 8.30407 4.97264 5.65216
122.197 146.239 0.324057 0.0594425 0 0.148578 3.21352 8.22836
62 8.30407 4.89819 6.13645
122.197 146.239 0.324057 0.0594425 0 0.148578 3.21352 8.22836
63 8.30407 5.20647 5.27211
122.197 146.239 0.324057 0.0594425 0 0.148578 3.21352 8.22836
64 8.41912 4.8571 7.16745
119.134 146.404 0.363946 0.119607 0 0.189934 2.94636 7.69158
65 8.41912 4.43821 6.49075
119.134 146.404 0.363946 0.119607 0 0.189934 2.94636 7.69158
66 8.41912 4.74342 6.63332
119.134 146.404 0.363946 0.119607 0 0.189934 2.94636 7.69158
67 8.41912 4.20414 6.44432
119.134 146.404 0.363946 0.119607 0 0.189934 2.94636 7.69158
68 8.42378 4.35589 8.08413
124.615 143.502 0.370177 0.127066 0 0.181482 2.96468 7.95256
69 8.42378 4.20741 8.23936
124.615 143.502 0.370177 0.127066 0 0.181482 2.96468 7.95256
70 8.42378 4.24815 8.19112
124.615 143.502 0.370177 0.127066 0 0.181482 2.96468 7.95256
71 8.42378 4.43854 6.93489
124.615 143.502 0.370177 0.127066 0 0.181482 2.96468 7.95256
72 8.42378 4.05428 6.73485
124.615 143.502 0.370177 0.127066 0 0.181482 2.96468 7.95256
73 8.42378 3.72772 7.27248
124.615 143.502 0.370177 0.127066 0 0.181482 2.96468 7.95256
74 8.42378 3.95379 7.08474
124.615 143.502 0.370177 0.127066 0 0.181482 2.96468 7.95256
75 8.42378 3.75542 7.1267
124.615 143.502 0.370177 0.127066 0 0.181482 2.96468 7.95256
76 8.42378 4.11243 7.86141
124.615 143.502 0.370177 0.127066 0 0.181482 2.96468 7.95256
77 8.42378 4.57982 8.28081
124.615 143.502 0.370177 0.127066 0 0.181482 2.96468 7.95256
78 8.42378 4.13565 6.20713
124.615 143.502 0.370177 0.127066 0 0.181482 2.96468 7.95256
79 8.42378 4.64698 5.78077
124.615 143.502 0.370177 0.127066 0 0.181482 2.96468 7.95256
80 8.42378 4.94909 5.99231
124.615 143.502 0.370177 0.127066 0 0.181482 2.96468 7.95256
81 8.42378 5.06791 5.8793
124.615 143.502 0.370177 0.127066 0 0.181482 2.96468 7.95256
82 8.42378 4.28504 7.74799
124.615 143.502 0.370177 0.127066 0 0.181482 2.96468 7.95256
83 8.42378 4.08852 8.01509
124.615 143.502 0.370177 0.127066 0 0.181482 2.96468 7.95256
84 8.45249 4.08927 9.47578
120.472 144.439 0.358458 0.113472 0 0.222602 3.0212 7.97707
85 8.45249 4.79723 9.60199
120.472 144.439 0.358458 0.113472 0 0.222602 3.0212 7.97707
86 8.45249 4.59472 8.50879
120.472 144.439 0.358458 0.113472 0 0.222602 3.0212 7.97707
87 8.48192 4.83036 8.09725
129.91 137.353 0.373737 0.140553 0.0012079 0.133281 1.8279 8.91522
88 8.48192 4.71387 5.88535
129.91 137.353 0.373737 0.140553 0.0012079 0.133281 1.8279 8.91522
89 8.48192 4.5357 6.57701
129.91 137.353 0.373737 0.140553 0.0012079 0.133281 1.8279 8.91522
90 8.48192 4.23079 6.8376
129.91 137.353 0.373737 0.140553 0.0012079 0.133281 1.8279 8.91522
91 8.48192 4.51435 6.10715
129.91 137.353 0.373737 0.140553 0.0012079 0.133281 1.8279 8.91522
92 8.48192 4.55191 8.44045
129.91 137.353 0.373737 0.140553 0.0012079 0.133281 1.8279 8.91522
93 8.48192 3.94806 7.56643
129.91 137.353 0.373737 0.140553 0.0012079 0.133281 1.8279 8.91522
94 8.48192 4.11819 7.02839
129.91 137.353 0.373737 0.140553 0.0012079 0.133281 1.8279 8.91522
95 8.48192 3.46471 6.5148
129.91 137.353 0.373737 0.140553 0.0012079 0.133281 1.8279 8.91522
96 8.48192 3.81425 6.57382
129.91 137.353 0.373737 0.140553 0.0012079 0.133281 1.8279 8.91522
97 8.55146 4.1831 7.85686
128.146 137.75 0.370139 0.144843 0 0.11812 1.81791 9.12764
98 8.55146 4.53576 6.81879
128.146 137.75 0.370139 0.144843 0 0.11812 1.81791 9.12764
99 8.55146 4.46926 5.89851
128.146 137.75 0.370139 0.144843 0 0.11812 1.81791 9.12764
100 8.55146 4.39132 7.32952
128.146 137.75 0.370139 0.144843 0 0.11812 1.81791 9.12764
