0 25.7244 1.91069 32.1096
123.183 165.853 0.0374271 0.349953 0.196873 0.199676 6.44361 9.66088
1 25.7244 3.73717 64.0612
123.183 165.853 0.0374271 0.349953 0.196873 0.199676 6.44361 9.66088
2 25.7244 5.55631 92.4075
123.183 165.853 0.0374271 0.349953 0.196873 0.199676 6.44361 9.66088
3 26.1057 7.92398 115.01
125.605 144.792 0.164171 0.261372 0 0.298652 2.13408 9.10586
4 26.1057 9.35247 138.685
125.605 144.792 0.164171 0.261372 0 0.298652 2.13408 9.10586
5 26.5147 10.7931 139.442
128.396 156.636 0.183374 0.272497 0 0.519402 4.49859 8.87934
6 26.5147 10.7032 132.27
128.396 156.636 0.183374 0.272497 0 0.519402 4.49859 8.87934
7 26.5147 12.3299 135.169
128.396 156.636 0.183374 0.272497 0 0.519402 4.49859 8.87934
8 26.8017 13.9783 132.694
131.073 181.579 0.148181 0.329806 0.196886 0.133502 5.11803 9.51419
9 27.7133 13.8883 139.217
121.792 159.073 0.134414 0.232029 0.0225896 0.16427 3.91326 8.37967
10 27.7133 13.5914 138.595
121.792 159.073 0.134414 0.232029 0.0225896 0.16427 3.91326 8.37967
11 27.7133 13.4118 136.718
121.792 159.073 0.134414 0.232029 0.0225896 0.16427 3.91326 8.37967
12 27.7133 14.2006 137.547
121.792 159.073 0.134414 0.232029 0.0225896 0.16427 3.91326 8.37967
13 28.2212 16.0044 140.08
119.305 159.069 0.144951 0.246713 0.0196523 0.169436 3.84111 8.30876
14 30.517 15.9398 133.565
118.885 155.022 0.132772 0.238014 0.0186005 0.171719 3.97822 8.30582
15 32.2361 18.0496 122.419
115.672 156.495 0.16813 0.212657 0.028027 0.199733 4.48056 7.95237
16 32.2361 17.7589 138.479
115.672 156.495 0.16813 0.212657 0.028027 0.199733 4.48056 7.95237
17 32.2361 19.1125 124.406
115.672 156.495 0.16813 0.212657 0.028027 0.199733 4.48056 7.95237
18 32.2361 19.8468 107.724
115.672 156.495 0.16813 0.212657 0.028027 0.199733 4.48056 7.95237
19 32.2361 20.1573 110.854
115.672 156.495 0.16813 0.212657 0.028027 0.199733 4.48056 7.95237
20 32.2361 20.3018 118.7
115.672 156.495 0.16813 0.212657 0.028027 0.199733 4.48056 7.95237
21 32.2361 20.4796 116.392
115.672 156.495 0.16813 0.212657 0.028027 0.199733 4.48056 7.95237
22 32.2361 20.3142 111.502
115.672 156.495 0.16813 0.212657 0.028027 0.199733 4.48056 7.95237
23 32.2361 21.4332 84.3334
115.672 156.495 0.16813 0.212657 0.028027 0.199733 4.48056 7.95237
24 32.2361 19.839 125.045
115.672 156.495 0.16813 0.212657 0.028027 0.199733 4.48056 7.95237
25 32.2361 18.7386 143.304
115.672 156.495 0.16813 0.212657 0.028027 0.199733 4.48056 7.95237
26 32.2361 19.4443 128.843
115.672 156.495 0.16813 0.212657 0.028027 0.199733 4.48056 7.95237
27 32.2361 19.2373 130.862
115.672 156.495 0.16813 0.212657 0.028027 0.199733 4.48056 7.95237
28 32.2361 19.3255 123.187
115.672 156.495 0.16813 0.212657 0.028027 0.199733 4.48056 7.95237
29 32.2963 21.6539 96.2629
114.88 159.56 0.154375 0.236835 0.01969 0.183861 4.19461 8.40361
30 32.2963 19.8778 121.584
114.88 159.56 0.154375 0.236835 0.01969 0.183861 4.19461 8.40361
31 32.2963 20.7575 116.378
114.88 159.56 0.154375 0.236835 0.01969 0.183861 4.19461 8.40361
32 32.2963 18.7093 134.994
114.88 159.56 0.154375 0.236835 0.01969 0.183861 4.19461 8.40361
33 32.2963 18.3528 143.55
114.88 159.56 0.154375 0.236835 0.01969 0.183861 4.19461 8.40361
34 32.2963 18.674 135.101
114.88 159.56 0.154375 0.236835 0.01969 0.183861 4.19461 8.40361
35 32.2963 20.264 118.595
114.88 159.56 0.154375 0.236835 0.01969 0.183861 4.19461 8.40361
36 32.2963 19.7684 126.817
114.88 159.56 0.154375 0.236835 0.01969 0.183861 4.19461 8.40361
37 32.2963 19.289 148.449
114.88 159.56 0.154375 0.236835 0.01969 0.183861 4.19461 8.40361
38 32.2963 19.556 136.712
114.88 159.56 0.154375 0.236835 0.01969 0.183861 4.19461 8.40361
39 32.2963 19.5501 133.591
114.88 159.56 0.154375 0.236835 0.01969 0.183861 4.19461 8.40361
40 32.2963 17.8692 151.338
114.88 159.56 0.154375 0.236835 0.01969 0.183861 4.19461 8.40361
41 32.2963 17.6464 142.932
114.88 159.56 0.154375 0.236835 0.01969 0.183861 4.19461 8.40361
42 32.2963 18.5343 145.815
114.88 159.56 0.154375 0.236835 0.01969 0.183861 4.19461 8.40361
43 32.2963 19.4655 130.277
114.88 159.56 0.154375 0.236835 0.01969 0.183861 4.19461 8.40361
44 32.2963 19.0294 135.206
114.88 159.56 0.154375 0.236835 0.01969 0.183861 4.19461 8.40361
45 32.2963 19.7416 121.657
114.88 159.56 0.154375 0.236835 0.01969 0.183861 4.19461 8.40361
46 32.6761 20.0104 135.905
115.255 156.974 0.163609 0.212268 0.0275478 0.202789 4.47494 7.93545
47 32.6761 18.9361 141.893
115.255 156.974 0.163609 0.212268 0.0275478 0.202789 4.47494 7.93545
48 32.6761 20.4388 117.718
115.255 156.974 0.163609 0.212268 0.0275478 0.202789 4.47494 7.93545
49 33.1817 19.6233 130.027
119.59 172.521 0.0826614 0.271685 0 0.14476 3.03346 8.77169
50 33.1817 18.4399 135.461
119.59 172.521 0.0826614 0.271685 0 0.14476 3.03346 8.77169
51 33.1817 19.1913 132.89
119.59 172.521 0.0826614 0.271685 0 0.14476 3.03346 8.77169
52 33.1817 20.0058 134.783
119.59 172.521 0.0826614 0.271685 0 0.14476 3.03346 8.77169
53 33.1817 20.5751 124.139
119.59 172.521 0.0826614 0.271685 0 0.14476 3.03346 8.77169
54 33.1817 18.8925 136.354
119.59 172.521 0.0826614 0.271685 0 0.14476 3.03346 8.77169
55 33.1817 17.9288 142.88
119.59 172.521 0.0826614 0.271685 0 0.14476 3.03346 8.77169
56 33.1817 20.4495 127.149
119.59 172.521 0.0826614 0.271685 0 0.14476 3.03346 8.77169
57 33.1817 20.1989 128.098
119.59 172.521 0.0826614 0.271685 0 0.14476 3.03346 8.77169
58 33.1817 20.3159 130.607
119.59 172.521 0.0826614 0.271685 0 0.14476 3.03346 8.77169
59 33.1817 19.9906 121.369
119.59 172.521 0.0826614 0.271685 0 0.14476 3.03346 8.77169
60 33.1817 18.9354 143.808
119.59 172.521 0.0826614 0.271685 0 0.14476 3.03346 8.77169
61 33.1817 19.4079 130.672
119.59 172.521 0.0826614 0.271685 0 0.14476 3.03346 8.77169
62 33.1817 19.2735 115.486
119.59 172.521 0.0826614 0.271685 0 0.14476 3.03346 8.77169
63 33.1817 17.7966 141.368
119.59 172.521 0.0826614 0.271685 0 0.14476 3.03346 8.77169
64 33.1817 20.0934 110.409
119.59 172.521 0.0826614 0.271685 0 0.14476 3.03346 8.77169
65 33.1817 21.9312 93.9107
119.59 172.521 0.0826614 0.271685 0 0.14476 3.03346 8.77169
66 33.1817 21.2488 113.636
119.59 172.521 0.0826614 0.271685 0 0.14476 3.03346 8.77169
67 33.1817 21.7265 105.914
119.59 172.521 0.0826614 0.271685 0 0.14476 3.03346 8.77169
68 33.1817 20.1833 109.978
119.59 172.521 0.0826614 0.271685 0 0.14476 3.03346 8.77169
69 33.1817 19.5931 124.056
119.59 172.521 0.0826614 0.271685 0 0.14476 3.03346 8.77169
70 33.1817 20.8268 114.457
119.59 172.521 0.0826614 0.271685 0 0.14476 3.03346 8.77169
71 33.1817 22.7515 87.5468
119.59 172.521 0.0826614 0.271685 0 0.14476 3.03346 8.77169
72 33.1817 20.9432 98.127
119.59 172.521 0.0826614 0.271685 0 0.14476 3.03346 8.77169
73 33.1817 21.7407 92.3921
119.59 172.521 0.0826614 0.271685 0 0.14476 3.03346 8.77169
74 33.1817 21.6299 104.356
119.59 172.521 0.0826614 0.271685 0 0.14476 3.03346 8.77169
75 33.1817 21.8778 100.504
119.59 172.521 0.0826614 0.271685 0 0.14476 3.03346 8.77169
76 33.1817 19.5645 130.456
119.59 172.521 0.0826614 0.271685 0 0.14476 3.03346 8.77169
77 33.1817 18.1682 136.839
119.59 172.521 0.0826614 0.271685 0 0.14476 3.03346 8.77169
78 33.1817 19.4592 139.464
119.59 172.521 0.0826614 0.271685 0 0.14476 3.03346 8.77169
79 33.1817 19.7002 138.475
119.59 172.521 0.0826614 0.271685 0 0.14476 3.03346 8.77169
80 33.1817 19.9858 116.044
119.59 172.521 0.0826614 0.271685 0 0.14476 3.03346 8.77169
81 33.1817 20.7992 134.409
119.59 172.521 0.0826614 0.271685 0 0.14476 3.03346 8.77169
82 33.1817 20.4477 113.672
119.59 172.521 0.0826614 0.271685 0 0.14476 3.03346 8.77169
83 33.1817 20.9207 120.622
119.59 172.521 0.0826614 0.271685 0 0.14476 3.03346 8.77169
84 33.1817 21.9595 100.171
119.59 172.521 0.0826614 0.271685 0 0.14476 3.03346 8.77169
85 33.1817 20.1838 131.143
119.59 172.521 0.0826614 0.271685 0 0.14476 3.03346 8.77169
86 33.1817 19.1026 139.704
119.59 172.521 0.0826614 0.271685 0 0.14476 3.03346 8.77169
87 33.1817 19.7895 136.033
119.59 172.521 0.0826614 0.271685 0 0.14476 3.03346 8.77169
88 33.1817 21.2936 108.458
119.59 172.521 0.0826614 0.271685 0 0.14476 3.03346 8.77169
89 33.1817 19.4595 140.286
119.59 172.521 0.0826614 0.271685 0 0.14476 3.03346 8.77169
90 33.1817 18.3161 144.34
119.59 172.521 0.0826614 0.271685 0 0.14476 3.03346 8.77169
91 33.1817 19.6516 140.295
119.59 172.521 0.0826614 0.271685 0 0.14476 3.03346 8.77169
92 33.1817 21.3194 105.667
119.59 172.521 0.0826614 0.271685 0 0.14476 3.03346 8.77169
93 33.1817 20.0841 145.389
119.59 172.521 0.0826614 0.271685 0 0.14476 3.03346 8.77169
94 33.1817 21.084 121.444
119.59 172.521 0.0826614 0.271685 0 0.14476 3.03346 8.77169
95 33.1817 20.7125 125.184
119.59 172.521 0.0826614 0.271685 0 0.14476 3.03346 8.77169
96 33.1817 20.8867 116.678
119.59 172.521 0.0826614 0.271685 0 0.14476 3.03346 8.77169
97 33.1817 18.7363 139.988
119.59 172.521 0.0826614 0.271685 0 0.14476 3.03346 8.77169
98 33.1817 20.8129 107.065
119.59 172.521 0.0826614 0.271685 0 0.14476 3.03346 8.77169
99 33.1817 21.2598 106.916
119.59 172.521 0.0826614 0.271685 0 0.14476 3.03346 8.77169
100 33.1817 21.9059 119.636
119.59 172.521 0.0826614 0.271685 0 0.14476 3.03346 8.77169
