0 10.4725 1.88014 7.37449
130.49 181.658 0.223228 0.0869615 0.113962 0.401125 9.81915 9.50886
1 10.4725 3.05085 13.5356
130.49 181.658 0.223228 0.0869615 0.113962 0.401125 9.81915 9.50886
2 11.0905 4.1834 20.2028
125.972 180.664 0.227221 0.0806219 0.0576119 0.384515 9.8458 8.99681
3 11.9872 5.43511 21.5441
122.971 188.99 0.29422 0.113238 0 0.456002 10 9.39408
4 15.5843 6.86056 25.5078
134.792 181.588 0.350717 0 0.00616466 0.276945 9.93026 10
5 15.5843 7.69419 27.0725
134.792 181.588 0.350717 0 0.00616466 0.276945 9.93026 10
6 15.5843 7.87215 27.4022
134.792 181.588 0.350717 0 0.00616466 0.276945 9.93026 10
7 15.9946 8.64735 27.2681
134.925 175.852 0.413144 0.0128644 0 0.185867 10 9.42426
8 16.0677 8.71167 26.6207
130.241 179.923 0.39162 0.0289248 0 0.205661 9.35414 7.70741
9 17.0704 10.0403 32.8019
169.501 184.778 0.44888 0.242999 0.151833 0 9.98984 9.36064
10 17.0704 10.2458 28.9618
169.501 184.778 0.44888 0.242999 0.151833 0 9.98984 9.36064
11 17.5191 10.7186 29.3719
172.732 188.868 0.425262 0.270327 0.119571 0 10 10
12 17.5191 11.1907 29.3605
172.732 188.868 0.425262 0.270327 0.119571 0 10 10
13 17.5191 12.3681 20.5384
172.732 188.868 0.425262 0.270327 0.119571 0 10 10
14 17.9719 12.6634 16.8469
145.465 178.774 0.452255 0.119317 0.177585 0.10904 10 8.56614
15 19.0328 12.8574 13.9997
141.478 175.231 0.412687 0.180061 0.150881 0.0168015 9.8913 9.71084
16 19.0328 13.1572 19.1215
141.478 175.231 0.412687 0.180061 0.150881 0.0168015 9.8913 9.71084
17 19.0658 13.7245 20.7541
139.616 176.791 0.408171 0.184237 0.159357 0.0217336 10 9.5566
18 19.9659 13.7474 22.1803
121.831 182.244 0.419407 0.109113 0 0.0606027 9.97407 8.06769
19 19.9659 14.5068 23.4031
121.831 182.244 0.419407 0.109113 0 0.0606027 9.97407 8.06769
20 19.9659 14.1876 19.3852
121.831 182.244 0.419407 0.109113 0 0.0606027 9.97407 8.06769
21 20.4932 14.5121 23.6924
125.2 185.052 0.449674 0.170849 0 0.0508358 10 8.137
22 20.4932 14.3664 25.4858
125.2 185.052 0.449674 0.170849 0 0.0508358 10 8.137
23 20.9728 15.2258 20.1171
119.455 179.185 0.422505 0.143055 0 0.00879485 10 8.31696
24 21.008 15.4969 23.6328
118.919 175.888 0.403584 0.149924 0.009359 0.0355269 10 7.76305
25 21.008 14.4684 26.61
118.919 175.888 0.403584 0.149924 0.009359 0.0355269 10 7.76305
26 21.008 14.9002 31.0332
118.723 175.828 0.403754 0.142251 0.0233516 0.0540946 9.72796 7.49499
27 21.5271 15.3393 35.4311
119.226 171.498 0.420838 0.195523 0.00591902 0.0287344 10 7.54939
28 21.5271 15.6018 29.4956
119.226 171.498 0.420838 0.195523 0.00591902 0.0287344 10 7.54939
29 21.5271 15.303 35.2249
119.226 171.498 0.420838 0.195523 0.00591902 0.0287344 10 7.54939
30 21.5549 14.9439 42.412
121.333 174.127 0.411374 0.198289 0.00147111 0.0314935 10 7.94861
31 21.5549 15.961 31.4736
121.333 174.127 0.411374 0.198289 0.00147111 0.0314935 10 7.94861
32 21.5549 15.9989 35.0854
121.333 174.127 0.411374 0.198289 0.00147111 0.0314935 10 7.94861
33 21.5549 16.7748 31.7336
121.333 174.127 0.411374 0.198289 0.00147111 0.0314935 10 7.94861
34 21.5549 16.5457 25.2019
121.333 174.127 0.411374 0.198289 0.00147111 0.0314935 10 7.94861
35 21.5549 16.9557 14.5914
121.333 174.127 0.411374 0.198289 0.00147111 0.0314935 10 7.94861
36 21.5549 15.4087 38.7553
121.333 174.127 0.411374 0.198289 0.00147111 0.0314935 10 7.94861
37 21.5549 14.9231 47.3147
121.333 174.127 0.411374 0.198289 0.00147111 0.0314935 10 7.94861
38 21.5549 14.9919 49.5593
121.333 174.127 0.411374 0.198289 0.00147111 0.0314935 10 7.94861
39 21.5549 15.7142 41.8583
121.333 174.127 0.411374 0.198289 0.00147111 0.0314935 10 7.94861
40 21.5549 15.9046 43.32
121.333 174.127 0.411374 0.198289 0.00147111 0.0314935 10 7.94861
41 21.5549 15.9711 43.2282
121.333 174.127 0.411374 0.198289 0.00147111 0.0314935 10 7.94861
42 21.5549 14.2242 43.3605
121.333 174.127 0.411374 0.198289 0.00147111 0.0314935 10 7.94861
43 21.5549 15.1394 36.8767
121.333 174.127 0.411374 0.198289 0.00147111 0.0314935 10 7.94861
44 21.5549 16.6364 29.2892
121.333 174.127 0.411374 0.198289 0.00147111 0.0314935 10 7.94861
45 21.5549 16.3604 24.5388
121.333 174.127 0.411374 0.198289 0.00147111 0.0314935 10 7.94861
46 21.9723 16.395 26.2222
100.538 167.02 0.467984 0.110484 0 0.0316558 9.8776 8.62485
47 21.9723 14.8497 34.3631
100.538 167.02 0.467984 0.110484 0 0.0316558 9.8776 8.62485
48 21.9745 15.5241 34.6733
100.439 167.629 0.463095 0.105476 0 0.0293298 9.77272 8.54182
49 21.9745 15.3546 31.3688
100.439 167.629 0.463095 0.105476 0 0.0293298 9.77272 8.54182
50 21.9745 15.1066 39.0137
100.439 167.629 0.463095 0.105476 0 0.0293298 9.77272 8.54182
51 21.9797 14.3506 43.7672
100 164.776 0.465861 0.112063 0 0.014101 10 8.63619
52 21.9797 15.0242 38.4224
100 164.776 0.465861 0.112063 0 0.014101 10 8.63619
53 22.9921 15.3775 44.785
100 163.976 0.471315 0.121526 0.00195935 0.0200271 10 9.08735
54 23.0006 16.4347 37.4913
101.369 162.619 0.46914 0.129482 0 0.0218562 10 9.01189
55 23.4863 17.739 29.5758
104.504 153.69 0.492206 0.12974 0.0248706 0.00323852 9.83952 8.9665
56 23.4986 18.1615 22.6515
100 165.843 0.481045 0.155707 0 0 10 9.21911
57 23.4986 17.1817 29.0615
100 165.843 0.481045 0.155707 0 0 10 9.21911
58 23.4986 16.9909 30.5705
100 165.843 0.481045 0.155707 0 0 10 9.21911
59 23.4986 16.5162 27.8564
100 165.843 0.481045 0.155707 0 0 10 9.21911
60 23.4986 18.1493 23.4613
100 165.843 0.481045 0.155707 0 0 10 9.21911
61 23.4986 17.2043 45.432
100 165.843 0.481045 0.155707 0 0 10 9.21911
62 23.4986 15.4139 61.5992
100 165.843 0.481045 0.155707 0 0 10 9.21911
63 23.5233 14.5443 71.4627
102.865 148.76 0.483292 0.154224 0.00672556 0.0293171 9.19372 9.45558
64 23.5233 14.9923 67.5436
102.865 148.76 0.483292 0.154224 0.00672556 0.0293171 9.19372 9.45558
65 23.5233 14.9005 61.4203
102.865 148.76 0.483292 0.154224 0.00672556 0.0293171 9.19372 9.45558
66 23.5233 14.6559 58.7908
102.865 148.76 0.483292 0.154224 0.00672556 0.0293171 9.19372 9.45558
67 23.5233 15.6274 53.6162
102.865 148.76 0.483292 0.154224 0.00672556 0.0293171 9.19372 9.45558
68 23.5233 14.723 59.7961
102.865 148.76 0.483292 0.154224 0.00672556 0.0293171 9.19372 9.45558
69 23.5233 14.4964 72.807
102.865 148.76 0.483292 0.154224 0.00672556 0.0293171 9.19372 9.45558
70 23.5233 13.6492 84.8834
102.865 148.76 0.483292 0.154224 0.00672556 0.0293171 9.19372 9.45558
71 23.5233 14.0802 75.8719
102.865 148.76 0.483292 0.154224 0.00672556 0.0293171 9.19372 9.45558
72 23.5233 13.7016 80.8469
102.865 148.76 0.483292 0.154224 0.00672556 0.0293171 9.19372 9.45558
73 23.5233 14.971 71.871
102.865 148.76 0.483292 0.154224 0.00672556 0.0293171 9.19372 9.45558
74 23.5233 14.9861 59.8668
102.865 148.76 0.483292 0.154224 0.00672556 0.0293171 9.19372 9.45558
75 23.5233 15.582 58.08
102.865 148.76 0.483292 0.154224 0.00672556 0.0293171 9.19372 9.45558
76 23.5233 15.2651 58.8594
102.865 148.76 0.483292 0.154224 0.00672556 0.0293171 9.19372 9.45558
77 23.5233 15.4423 51.6912
102.865 148.76 0.483292 0.154224 0.00672556 0.0293171 9.19372 9.45558
78 23.5233 16.524 44.3514
102.865 148.76 0.483292 0.154224 0.00672556 0.0293171 9.19372 9.45558
79 24.0162 16.9556 33.2204
101.811 148.679 0.483721 0.156815 0 0.0075815 9.29142 9.48365
80 24.0162 15.5743 49.8939
101.811 148.679 0.483721 0.156815 0 0.0075815 9.29142 9.48365
81 24.0162 14.3215 59.9671
101.811 148.679 0.483721 0.156815 0 0.0075815 9.29142 9.48365
82 24.0162 14.988 61.8047
101.811 148.679 0.483721 0.156815 0 0.0075815 9.29142 9.48365
83 24.0162 13.1446 65.9397
101.811 148.679 0.483721 0.156815 0 0.0075815 9.29142 9.48365
84 24.0162 15.6101 65.9188
101.811 148.679 0.483721 0.156815 0 0.0075815 9.29142 9.48365
85 24.0162 15.2625 65.4243
101.811 148.679 0.483721 0.156815 0 0.0075815 9.29142 9.48365
86 24.0173 16.8658 55.8428
101.827 147.975 0.482439 0.157364 8.30128e-05 0.00397695 9.27287 9.4253
87 24.02 16.3294 70.0269
101.782 148.073 0.481661 0.158929 0 0.00318067 9.28765 9.43115
88 24.02 17.0197 48.8516
101.782 148.073 0.481661 0.158929 0 0.00318067 9.28765 9.43115
89 24.02 16.586 50.753
101.782 148.073 0.481661 0.158929 0 0.00318067 9.28765 9.43115
90 24.02 15.511 57.8674
101.782 148.073 0.481661 0.158929 0 0.00318067 9.28765 9.43115
91 24.02 16.1032 50.8175
101.782 148.073 0.481661 0.158929 0 0.00318067 9.28765 9.43115
92 24.02 16.8388 45.4879
101.782 148.073 0.481661 0.158929 0 0.00318067 9.28765 9.43115
93 24.02 16.6762 43.6547
101.782 148.073 0.481661 0.158929 0 0.00318067 9.28765 9.43115
94 24.02 17.1819 46.4078
101.782 148.073 0.481661 0.158929 0 0.00318067 9.28765 9.43115
95 24.02 16.3265 67.1972
101.782 148.073 0.481661 0.158929 0 0.00318067 9.28765 9.43115
96 24.02 16.5431 63.6515
101.782 148.073 0.481661 0.158929 0 0.00318067 9.28765 9.43115
97 24.02 16.5878 67.2808
101.782 148.073 0.481661 0.158929 0 0.00318067 9.28765 9.43115
98 24.02 16.5285 64.2448
101.782 148.073 0.481661 0.158929 0 0.00318067 9.28765 9.43115
99 24.02 15.829 69.6537
101.782 148.073 0.481661 0.158929 0 0.00318067 9.28765 9.43115
100 24.02 15.9451 74.7054
101.782 148.073 0.481661 0.158929 0 0.00318067 9.28765 9.43115
