0 11.3649 2.34965 7.00758
170.624 178.011 0.232425 0.0857954 0.239234 0.0697966 0.71557 8.20219
1 11.3649 3.01283 9.81184
170.624 178.011 0.232425 0.0857954 0.239234 0.0697966 0.71557 8.20219
2 11.869 3.94985 14.1934
168.394 176.393 0.250447 0.0987269 0.23961 0.0676191 0.614744 8.23693
3 11.869 5.08291 17.1284
168.394 176.393 0.250447 0.0987269 0.23961 0.0676191 0.614744 8.23693
4 15.5394 5.7991 24.452
161.015 175.167 0.325718 0.211037 0.228016 0 0.505268 9.22868
5 15.5403 7.18053 28.3895
162.061 174.688 0.321984 0.220085 0.23685 0 0.296424 9.27311
6 17.9904 8.59694 32.2976
159.508 175.809 0.345444 0.196854 0.212132 0 0.93159 8.8476
7 17.9904 9.36507 35.3085
159.508 175.809 0.345444 0.196854 0.212132 0 0.93159 8.8476
8 17.9904 10.7892 37.1986
159.508 175.809 0.345444 0.196854 0.212132 0 0.93159 8.8476
9 18.5097 11.8438 33.8567
160.189 183.63 0.423333 0.205349 0.157749 0 1.27847 8.66277
10 18.5097 12.051 29.6865
160.189 183.63 0.423333 0.205349 0.157749 0 1.27847 8.66277
11 18.5097 11.7874 27.1092
160.189 183.63 0.423333 0.205349 0.157749 0 1.27847 8.66277
12 18.5097 12.5264 30.2851
160.189 183.63 0.423333 0.205349 0.157749 0 1.27847 8.66277
13 18.5097 12.3577 21.1034
160.189 183.63 0.423333 0.205349 0.157749 0 1.27847 8.66277
14 19.424 12.3493 30.3974
142.811 173.136 0.311745 0.380751 0.0886153 0.0477305 2.51718 8.90002
15 19.424 12.4289 27.8916
142.811 173.136 0.311745 0.380751 0.0886153 0.0477305 2.51718 8.90002
16 19.424 11.8374 33.6923
142.811 173.136 0.311745 0.380751 0.0886153 0.0477305 2.51718 8.90002
17 19.424 12.9682 24.7338
142.811 173.136 0.311745 0.380751 0.0886153 0.0477305 2.51718 8.90002
18 19.5378 13.4647 25.7683
154.923 180.157 0.337568 0.198955 0.135099 0 0.400979 8.92868
19 19.5378 13.5087 26.6702
154.923 180.157 0.337568 0.198955 0.135099 0 0.400979 8.92868
20 20.0959 14.3909 22.1236
134.244 172.423 0.299982 0.330765 0.0597158 0.066727 2.18551 8.4116
21 21.8619 14.9444 26.2928
122.205 173.634 0.313966 0.240109 0.039514 0.029582 1.74868 8.71015
22 21.8619 15.3624 22.5343
122.205 173.634 0.313966 0.240109 0.039514 0.029582 1.74868 8.71015
23 21.8619 14.8371 28.9411
122.205 173.634 0.313966 0.240109 0.039514 0.029582 1.74868 8.71015
24 22.0942 15.1794 32.5156
118.894 176.457 0.307451 0.323451 0.0587872 0.0245089 2.49231 8.35518
25 22.0942 14.0675 47.7356
118.894 176.457 0.307451 0.323451 0.0587872 0.0245089 2.49231 8.35518
26 22.0942 13.8758 57.7491
118.894 176.457 0.307451 0.323451 0.0587872 0.0245089 2.49231 8.35518
27 22.0942 14.8254 50.8029
118.894 176.457 0.307451 0.323451 0.0587872 0.0245089 2.49231 8.35518
28 22.9259 15.483 43.4969
122.168 182.74 0.35873 0.269021 0 0 0.844223 9.48511
29 22.9259 16.3384 46.43
122.168 182.74 0.35873 0.269021 0 0 0.844223 9.48511
30 22.9259 16.1269 45.6352
122.168 182.74 0.35873 0.269021 0 0 0.844223 9.48511
31 22.9259 15.8327 51.4212
122.168 182.74 0.35873 0.269021 0 0 0.844223 9.48511
32 23.2447 15.805 49.1231
122.175 179.137 0.374881 0.214742 0.0156149 0.0492592 1.14975 9.52922
33 23.2447 15.631 43.5454
122.175 179.137 0.374881 0.214742 0.0156149 0.0492592 1.14975 9.52922
34 23.2969 15.956 40.994
118.259 180.353 0.352245 0.217352 0.0390372 0.0404068 1.22986 9.69614
35 23.2969 16.5256 34.1737
118.259 180.353 0.352245 0.217352 0.0390372 0.0404068 1.22986 9.69614
36 23.4223 17.9243 28.6253
121.213 181.192 0.36144 0.273555 0 0.01537 0.853387 9.48934
37 23.4223 17.0355 38.494
121.213 181.192 0.36144 0.273555 0 0.01537 0.853387 9.48934
38 23.4223 15.1941 46.8417
121.213 181.192 0.36144 0.273555 0 0.01537 0.853387 9.48934
39 23.4223 16.2985 42.1132
121.213 181.192 0.36144 0.273555 0 0.01537 0.853387 9.48934
40 23.4843 16.6154 41.938
118.463 184.046 0.355109 0.312021 0.00919326 0 0.44774 9.35238
41 23.4843 16.4758 43.4374
118.463 184.046 0.355109 0.312021 0.00919326 0 0.44774 9.35238
42 23.4843 15.7288 47.4755
118.463 184.046 0.355109 0.312021 0.00919326 0 0.44774 9.35238
43 23.4843 16.2399 55.9157
118.463 184.046 0.355109 0.312021 0.00919326 0 0.44774 9.35238
44 23.7291 17.3315 48.7273
109.937 189.018 0.334392 0.337921 0 0.0167539 0.828679 8.92289
45 23.7291 18.6797 25.4983
109.937 189.018 0.334392 0.337921 0 0.0167539 0.828679 8.92289
46 23.7291 18.0605 27.0273
109.937 189.018 0.334392 0.337921 0 0.0167539 0.828679 8.92289
47 23.7291 17.4019 37.068
109.937 189.018 0.334392 0.337921 0 0.0167539 0.828679 8.92289
48 23.7291 15.0219 63.7507
109.937 189.018 0.334392 0.337921 0 0.0167539 0.828679 8.92289
49 23.7291 16.2333 57.8585
109.937 189.018 0.334392 0.337921 0 0.0167539 0.828679 8.92289
50 23.7291 16.4654 55.2296
109.937 189.018 0.334392 0.337921 0 0.0167539 0.828679 8.92289
51 23.7883 15.3056 64.3542
100 173.394 0.388923 0.230587 0.00812554 0.0382881 0 9.80071
52 23.7883 14.9231 57.2309
100 173.394 0.388923 0.230587 0.00812554 0.0382881 0 9.80071
53 23.7883 13.9949 72.3796
100 173.394 0.388923 0.230587 0.00812554 0.0382881 0 9.80071
54 23.7883 15.9445 58.3025
100 173.394 0.388923 0.230587 0.00812554 0.0382881 0 9.80071
55 23.7883 14.6698 80.5879
100 173.394 0.388923 0.230587 0.00812554 0.0382881 0 9.80071
56 23.7883 14.4763 79.0947
100 173.394 0.388923 0.230587 0.00812554 0.0382881 0 9.80071
57 24.7262 14.6828 83.0012
100.998 173.391 0.409813 0.249546 0.0174172 0.022794 0 9.63329
58 24.7262 15.0613 86.7735
100.998 173.391 0.409813 0.249546 0.0174172 0.022794 0 9.63329
59 24.7262 15.6243 76.6488
100.998 173.391 0.409813 0.249546 0.0174172 0.022794 0 9.63329
60 24.7262 16.777 64.8653
100.998 173.391 0.409813 0.249546 0.0174172 0.022794 0 9.63329
61 24.7262 16.6283 54.0158
100.998 173.391 0.409813 0.249546 0.0174172 0.022794 0 9.63329
62 24.7262 15.8012 70.3338
100.998 173.391 0.409813 0.249546 0.0174172 0.022794 0 9.63329
63 24.7262 17.8783 55.4687
100.998 173.391 0.409813 0.249546 0.0174172 0.022794 0 9.63329
64 24.7262 18.2972 53.8537
100.998 173.391 0.409813 0.249546 0.0174172 0.022794 0 9.63329
65 24.7262 17.6465 57.5407
100.998 173.391 0.409813 0.249546 0.0174172 0.022794 0 9.63329
66 24.7262 16.2391 74.9679
100.998 173.391 0.409813 0.249546 0.0174172 0.022794 0 9.63329
67 24.7262 16.2022 77.2304
100.998 173.391 0.409813 0.249546 0.0174172 0.022794 0 9.63329
68 24.7262 16.0811 78.5019
100.998 173.391 0.409813 0.249546 0.0174172 0.022794 0 9.63329
69 24.7262 15.3918 72.6547
100.998 173.391 0.409813 0.249546 0.0174172 0.022794 0 9.63329
70 24.7262 16.002 70.9005
100.998 173.391 0.409813 0.249546 0.0174172 0.022794 0 9.63329
71 24.7262 17.0719 58.0987
100.998 173.391 0.409813 0.249546 0.0174172 0.022794 0 9.63329
72 24.7262 17.5964 50.5242
100.998 173.391 0.409813 0.249546 0.0174172 0.022794 0 9.63329
73 24.7473 16.9609 63.6185
100 173.105 0.407177 0.251529 0.00754467 0.0264518 1.71891 9.74559
74 24.7473 17.5978 56.8649
100 173.105 0.407177 0.251529 0.00754467 0.0264518 1.71891 9.74559
75 24.7473 17.8061 41.4583
100 173.105 0.407177 0.251529 0.00754467 0.0264518 1.71891 9.74559
76 24.7473 17.3062 45.0711
100 173.105 0.407177 0.251529 0.00754467 0.0264518 1.71891 9.74559
77 24.7473 16.1621 60.2318
100 173.105 0.407177 0.251529 0.00754467 0.0264518 1.71891 9.74559
78 24.7473 17.2671 55.9029
100 173.105 0.407177 0.251529 0.00754467 0.0264518 1.71891 9.74559
79 24.7473 17.2766 51.3321
100 173.105 0.407177 0.251529 0.00754467 0.0264518 1.71891 9.74559
80 24.7473 16.1781 72.0923
100 173.105 0.407177 0.251529 0.00754467 0.0264518 1.71891 9.74559
81 24.7473 16.2395 85.4101
100 173.105 0.407177 0.251529 0.00754467 0.0264518 1.71891 9.74559
82 24.7473 14.3687 84.3062
100 173.105 0.407177 0.251529 0.00754467 0.0264518 1.71891 9.74559
83 24.7473 15.4932 78.4938
100 173.105 0.407177 0.251529 0.00754467 0.0264518 1.71891 9.74559
84 24.7473 15.036 72.2538
100 173.105 0.407177 0.251529 0.00754467 0.0264518 1.71891 9.74559
85 24.7473 14.692 77.2182
100 173.105 0.407177 0.251529 0.00754467 0.0264518 1.71891 9.74559
86 24.7473 15.2385 75.986
100 173.105 0.407177 0.251529 0.00754467 0.0264518 1.71891 9.74559
87 24.7473 16.1743 64.7642
100 173.105 0.407177 0.251529 0.00754467 0.0264518 1.71891 9.74559
88 24.7473 17.2717 61.1241
100 173.105 0.407177 0.251529 0.00754467 0.0264518 1.71891 9.74559
89 24.7473 16.579 68.3826
100 173.105 0.407177 0.251529 0.00754467 0.0264518 1.71891 9.74559
90 24.7635 15.3314 81.8466
100 172.38 0.405353 0.254637 0.00585769 0.0277696 1.62374 9.72999
91 24.7635 15.4396 73.5526
100 172.38 0.405353 0.254637 0.00585769 0.0277696 1.62374 9.72999
92 24.7635 15.0824 69.8342
100 172.38 0.405353 0.254637 0.00585769 0.0277696 1.62374 9.72999
93 24.7635 15.5227 64.7186
100 172.38 0.405353 0.254637 0.00585769 0.0277696 1.62374 9.72999
94 24.7635 16.6661 68.5561
100 172.38 0.405353 0.254637 0.00585769 0.0277696 1.62374 9.72999
95 24.7635 17.3093 61.566
100 172.38 0.405353 0.254637 0.00585769 0.0277696 1.62374 9.72999
96 25.25 17.3229 60.6657
101.654 172.301 0.407892 0.251899 0 0.00439782 1.63255 9.85995
97 25.25 17.8292 43.9615
101.654 172.301 0.407892 0.251899 0 0.00439782 1.63255 9.85995
98 25.25 16.6669 58.9165
101.654 172.301 0.407892 0.251899 0 0.00439782 1.63255 9.85995
99 25.25 16.668 56.8693
101.654 172.301 0.407892 0.251899 0 0.00439782 1.63255 9.85995
100 25.25 15.6462 75.4452
101.654 172.301 0.407892 0.251899 0 0.00439782 1.63255 9.85995
