0 8.75818 1.45766 5.44398
198.486 196.432 0.314958 0.455099 0.0260672 0.166805 9.94823 2.77948
1 8.75818 2.23543 7.73559
198.486 196.432 0.314958 0.455099 0.0260672 0.166805 9.94823 2.77948
2 8.75818 2.64981 8.79121
198.486 196.432 0.314958 0.455099 0.0260672 0.166805 9.94823 2.77948
3 9.28182 3.22204 12.0421
198.412 194.687 0.335714 0.456729 0.00509657 0.160625 9.56127 2.36861
4 9.28182 3.55491 13.1869
198.412 194.687 0.335714 0.456729 0.00509657 0.160625 9.56127 2.36861
5 10.3343 4.03949 15.6724
195.137 194.059 0.456729 0.441809 0 0.121397 10 1.09181
6 10.3343 4.65849 16.1459
195.137 194.059 0.456729 0.441809 0 0.121397 10 1.09181
7 11.0368 5.04338 17.9334
187.844 173.988 0.344703 0.411507 0.241106 0 9.74022 1.32227
8 12.7157 6.26417 21.3344
186.694 200 0.332486 0.216625 0 0.0908204 9.54619 3.1151
9 14.2173 6.63376 22.4007
186.977 200 0.346705 0.22762 0 0.0545748 9.64667 3.11193
10 14.6909 7.45387 22.3113
186.579 199.976 0.349739 0.230203 0.00443803 0.0564459 9.60487 3.12956
11 15.2319 7.77384 24.9202
186.497 200 0.364409 0.242942 0 0.0716531 9.62343 2.91503
12 15.2319 8.34064 26.1558
186.497 200 0.364409 0.242942 0 0.0716531 9.62343 2.91503
13 16.62 8.80353 28.2247
184.636 200 0.438488 0.295324 0 0.0812154 8.65409 3.11388
14 16.62 8.41348 27.926
184.636 200 0.438488 0.295324 0 0.0812154 8.65409 3.11388
15 16.62 9.21851 27.5863
184.636 200 0.438488 0.295324 0 0.0812154 8.65409 3.11388
16 17.4387 10.278 31.1862
187.674 181.261 0.479083 0.104486 0 0.149616 8.25124 2.45267
17 17.4387 10.9829 32.5579
187.674 181.261 0.479083 0.104486 0 0.149616 8.25124 2.45267
18 17.4387 11.2554 32.8886
187.674 181.261 0.479083 0.104486 0 0.149616 8.25124 2.45267
19 17.4387 11.3933 33.3586
187.674 181.261 0.479083 0.104486 0 0.149616 8.25124 2.45267
20 17.4739 12.7136 29.2815
188.057 180.974 0.479552 0.149622 0 0.166186 8.29476 2.2472
21 17.4739 13.4635 15.8661
188.057 180.974 0.479552 0.149622 0 0.166186 8.29476 2.2472
22 17.5774 12.961 18.7368
167.656 194.588 0.460235 0.290269 0 0.0364528 6.51503 3.48612
23 17.5778 13.7586 18.3641
167.203 194.464 0.457425 0.277766 0 0.0365217 6.69819 3.47793
24 18.4141 13.3691 20.9199
185.095 177.894 0.501031 0.0259635 0 0.0853154 8.21026 3.25487
25 18.4273 13.3852 23.8407
183.115 177.466 0.502202 0.0411316 0.00616864 0.0672739 8.20604 3.41645
26 18.8922 13.839 25.0091
181.708 167.323 0.474743 0 0.0177023 0.0176841 8.17135 3.51769
27 18.8922 13.9449 22.7281
181.708 167.323 0.474743 0 0.0177023 0.0176841 8.17135 3.51769
28 18.9004 13.756 26.0433
183.672 175.554 0.448536 0 0 0.0682435 8.44189 2.93251
29 18.9004 13.7701 30.2207
183.672 175.554 0.448536 0 0 0.0682435 8.44189 2.93251
30 18.9047 13.1764 32.9039
179.441 173.189 0.445485 0.00280971 0 0.080814 8.10554 2.47781
31 18.9065 12.054 35.9297
180.327 171.824 0.445189 0 0.000398711 0.0808738 8.11849 2.49754
32 19.4157 12.3391 38.7915
167.605 174.346 0.419375 0.00427122 0 0.00753243 7.22195 1.30076
33 19.4157 13.2294 34.9865
167.605 174.346 0.419375 0.00427122 0 0.00753243 7.22195 1.30076
34 19.4157 14.5845 33.5072
167.605 174.346 0.419375 0.00427122 0 0.00753243 7.22195 1.30076
35 19.4252 14.3288 35.0873
161.224 180.042 0.398165 0.0372406 0 3.28633e-07 7.20452 1.90872
36 19.4252 13.8029 34.3906
161.224 180.042 0.398165 0.0372406 0 3.28633e-07 7.20452 1.90872
37 19.4252 14.1091 30.8921
161.224 180.042 0.398165 0.0372406 0 3.28633e-07 7.20452 1.90872
38 20.4151 15.0615 27.0256
172.201 170.868 0.532396 0 0 0.0499391 7.28355 0.677969
39 20.4151 14.402 33.7849
172.201 170.868 0.532396 0 0 0.0499391 7.28355 0.677969
40 20.4151 13.6858 36.5187
172.201 170.868 0.532396 0 0 0.0499391 7.28355 0.677969
41 20.4151 12.4925 42.7323
172.201 170.868 0.532396 0 0 0.0499391 7.28355 0.677969
42 20.4151 12.463 48.5399
172.201 170.868 0.532396 0 0 0.0499391 7.28355 0.677969
43 20.4151 13.9337 48.6145
172.201 170.868 0.532396 0 0 0.0499391 7.28355 0.677969
44 20.4151 15.1547 37.1913
172.201 170.868 0.532396 0 0 0.0499391 7.28355 0.677969
45 20.9526 15.5341 29.7284
146.489 146.818 0.480035 0.0316667 0 0.142541 7.2555 0.675498
46 20.9526 13.9462 40.7625
146.489 146.818 0.480035 0.0316667 0 0.142541 7.2555 0.675498
47 20.9526 14.8486 36.4846
146.489 146.818 0.480035 0.0316667 0 0.142541 7.2555 0.675498
48 20.9526 14.9084 41.7234
146.489 146.818 0.480035 0.0316667 0 0.142541 7.2555 0.675498
49 20.9526 15.2322 38.3441
146.489 146.818 0.480035 0.0316667 0 0.142541 7.2555 0.675498
50 21.4259 14.7206 47.8066
146.833 147.85 0.514355 0 0 0.0494959 7.81317 0
51 21.4259 14.1145 57.7409
146.833 147.85 0.514355 0 0 0.0494959 7.81317 0
52 21.4661 13.9474 50.9573
146.925 146.894 0.471075 0.0235093 2.83505e-05 0.153694 7.38083 0.572009
53 21.4661 14.644 51.4762
146.925 146.894 0.471075 0.0235093 2.83505e-05 0.153694 7.38083 0.572009
54 21.4661 15.0189 52.4667
146.925 146.894 0.471075 0.0235093 2.83505e-05 0.153694 7.38083 0.572009
55 21.4661 14.8897 54.4073
146.925 146.894 0.471075 0.0235093 2.83505e-05 0.153694 7.38083 0.572009
56 21.9449 13.7401 64.1865
147.365 142.645 0.476343 0 0.0268712 0.0319962 6.78569 1.18389
57 21.9449 14.2016 60.7802
147.365 142.645 0.476343 0 0.0268712 0.0319962 6.78569 1.18389
58 21.9449 14.9379 43.2943
147.365 142.645 0.476343 0 0.0268712 0.0319962 6.78569 1.18389
59 22.9235 15.5323 46.4046
129.386 145.791 0.602701 0 0 0.0161108 6.8767 0.0534314
60 22.9235 14.766 55.298
129.386 145.791 0.602701 0 0 0.0161108 6.8767 0.0534314
61 22.9235 14.4618 55.3492
129.386 145.791 0.602701 0 0 0.0161108 6.8767 0.0534314
62 22.9235 14.7669 57.8586
129.386 145.791 0.602701 0 0 0.0161108 6.8767 0.0534314
63 22.9235 13.9919 61.9749
129.386 145.791 0.602701 0 0 0.0161108 6.8767 0.0534314
64 22.9235 14.4845 65.477
129.386 145.791 0.602701 0 0 0.0161108 6.8767 0.0534314
65 22.9235 14.1801 68.5596
129.386 145.791 0.602701 0 0 0.0161108 6.8767 0.0534314
66 22.9277 14.1527 67.414
128.767 145.629 0.595706 0 0 0.0249522 6.98463 0.0495444
67 22.9277 13.956 65.3238
128.767 145.629 0.595706 0 0 0.0249522 6.98463 0.0495444
68 22.9323 15.1307 71.397
129.621 145.687 0.591408 0 0 0.0199135 7.10214 0
69 22.9323 16.1684 63.049
129.621 145.687 0.591408 0 0 0.0199135 7.10214 0
70 22.9323 16.7939 49.0401
129.621 145.687 0.591408 0 0 0.0199135 7.10214 0
71 22.9323 14.9939 58.1009
129.621 145.687 0.591408 0 0 0.0199135 7.10214 0
72 22.9323 14.921 53.2178
129.621 145.687 0.591408 0 0 0.0199135 7.10214 0
73 22.979 15.7791 52.2839
129.763 146.577 0.438608 0 0 0 7.65658 0
74 22.979 15.5815 51.8006
129.763 146.577 0.438608 0 0 0 7.65658 0
75 23.4298 16.2353 58.2013
122.743 130.271 0.587262 0 0.0237352 0.0255617 7.6236 0
76 23.4298 17.0196 51.0919
122.743 130.271 0.587262 0 0.0237352 0.0255617 7.6236 0
77 23.4475 17.8657 37.863
109.418 150.998 0.561779 0.0570597 0.00786418 0 8.54524 1.53565
78 23.4844 15.6184 67.3542
106.851 148.023 0.508706 0.0819295 0 0 8.87032 1.65186
79 23.5073 17.2902 45.8618
100.297 137.008 0.508181 0.138926 0.00684537 0 9.23458 2.95344
80 23.5091 16.1693 56.162
100 128.368 0.523223 0.159321 0.0414802 0 9.37276 2.90708
81 23.5091 16.1044 61.7145
100 128.368 0.523223 0.159321 0.0414802 0 9.37276 2.90708
82 23.5091 15.6661 80.8753
100 128.368 0.523223 0.159321 0.0414802 0 9.37276 2.90708
83 23.9975 17.857 51.7859
100.605 129.627 0.508324 0.11456 0.0192724 0 9.12826 2.83293
84 25.0367 17.8373 50.274
100 136.439 0.474779 0.091301 0 0 9.31824 2.62685
85 25.0367 18.3711 38.6681
100 136.439 0.474779 0.091301 0 0 9.31824 2.62685
86 25.0367 19.1033 42.0327
100 136.439 0.474779 0.091301 0 0 9.31824 2.62685
87 25.0367 20.0473 37.0148
100 136.439 0.474779 0.091301 0 0 9.31824 2.62685
88 25.0367 19.7856 39.4117
100 136.439 0.474779 0.091301 0 0 9.31824 2.62685
89 25.5083 19.0322 47.6904
100.322 138.074 0.48216 0 0 0 8.70956 3.86791
90 25.531 18.3072 66.0325
101.135 128.203 0.495334 0.107922 0 0.0107918 9.25233 2.56137
91 25.531 15.7638 90.1
101.135 128.203 0.495334 0.107922 0 0.0107918 9.25233 2.56137
92 25.531 16.8043 93.4106
101.135 128.203 0.495334 0.107922 0 0.0107918 9.25233 2.56137
93 25.531 15.1713 106.327
101.135 128.203 0.495334 0.107922 0 0.0107918 9.25233 2.56137
94 25.531 17.6231 87.6656
101.135 128.203 0.495334 0.107922 0 0.0107918 9.25233 2.56137
95 25.531 16.5263 93.779
101.135 128.203 0.495334 0.107922 0 0.0107918 9.25233 2.56137
96 25.531 19.5233 48.842
101.135 128.203 0.495334 0.107922 0 0.0107918 9.25233 2.56137
97 25.531 19.8596 43.2861
101.135 128.203 0.495334 0.107922 0 0.0107918 9.25233 2.56137
98 25.531 19.7504 61.5992
101.135 128.203 0.495334 0.107922 0 0.0107918 9.25233 2.56137
99 25.531 16.3336 96.4364
101.135 128.203 0.495334 0.107922 0 0.0107918 9.25233 2.56137
100 25.531 16.6721 94.0538
101.135 128.203 0.495334 0.107922 0 0.0107918 9.25233 2.56137
