0 26.1918 2.88713 50.6142
115.485 172.105 0.0254681 0.435732 0.583856 0.0401266 3.39612 2.4874
1 26.1918 5.01375 77.6183
115.485 172.105 0.0254681 0.435732 0.583856 0.0401266 3.39612 2.4874
2 26.2365 9.2432 135.46
116.709 171.938 0.014847 0.440907 0.567029 0.0334967 3.46882 2.5455
3 26.2601 9.29904 119.896
128.305 171.271 0.0118347 0.346517 0.609239 0.0155614 2.23002 1.5618
4 26.2601 8.15418 113.208
128.305 171.271 0.0118347 0.346517 0.609239 0.0155614 2.23002 1.5618
5 26.2601 8.95659 121.31
128.305 171.271 0.0118347 0.346517 0.609239 0.0155614 2.23002 1.5618
6 26.319 10.397 127.535
127.878 171.685 0.00335431 0.357066 0.617508 0.0144715 2.26683 1.55018
7 26.319 10.3152 125.185
127.878 171.685 0.00335431 0.357066 0.617508 0.0144715 2.26683 1.55018
8 26.319 13.0123 147.936
127.878 171.685 0.00335431 0.357066 0.617508 0.0144715 2.26683 1.55018
9 26.3997 12.3044 133.937
129.328 155.22 0.0072306 0.219271 0.307052 0.0152227 1.19706 2.76846
10 26.3997 7.4251 81.6527
129.328 155.22 0.0072306 0.219271 0.307052 0.0152227 1.19706 2.76846
11 26.3997 9.50814 110.206
129.328 155.22 0.0072306 0.219271 0.307052 0.0152227 1.19706 2.76846
12 26.3997 11.6767 126.736
129.328 155.22 0.0072306 0.219271 0.307052 0.0152227 1.19706 2.76846
13 26.3997 11.136 127.777
129.328 155.22 0.0072306 0.219271 0.307052 0.0152227 1.19706 2.76846
14 26.3997 17.0513 118.847
129.328 155.22 0.0072306 0.219271 0.307052 0.0152227 1.19706 2.76846
15 26.4062 15.2428 121.744
129.359 155.235 0.00699123 0.219597 0.306427 0.0146908 1.19553 2.77286
16 26.4062 15.3757 129.111
129.359 155.235 0.00699123 0.219597 0.306427 0.0146908 1.19553 2.77286
17 26.4062 10.1012 111.1
129.359 155.235 0.00699123 0.219597 0.306427 0.0146908 1.19553 2.77286
18 27.1195 11.7402 128.734
138.149 160.445 0.00219979 0.216076 0.169672 0.0341728 2.54694 3.25116
19 27.1195 13.1131 143.157
138.149 160.445 0.00219979 0.216076 0.169672 0.0341728 2.54694 3.25116
20 27.1195 13.1702 139.153
138.149 160.445 0.00219979 0.216076 0.169672 0.0341728 2.54694 3.25116
21 27.1195 12.7597 127.505
138.149 160.445 0.00219979 0.216076 0.169672 0.0341728 2.54694 3.25116
22 27.1195 14.901 155.821
138.149 160.445 0.00219979 0.216076 0.169672 0.0341728 2.54694 3.25116
23 27.1195 16.6163 145.951
138.149 160.445 0.00219979 0.216076 0.169672 0.0341728 2.54694 3.25116
24 27.1195 16.2414 142.514
138.149 160.445 0.00219979 0.216076 0.169672 0.0341728 2.54694 3.25116
25 27.1195 15.0581 147.37
138.149 160.445 0.00219979 0.216076 0.169672 0.0341728 2.54694 3.25116
26 27.1195 17.8745 133.035
138.149 160.445 0.00219979 0.216076 0.169672 0.0341728 2.54694 3.25116
27 27.1195 15.38 145.436
138.149 160.445 0.00219979 0.216076 0.169672 0.0341728 2.54694 3.25116
28 27.1195 17.3531 132.788
138.149 160.445 0.00219979 0.216076 0.169672 0.0341728 2.54694 3.25116
29 27.1195 18.0613 124.491
138.149 160.445 0.00219979 0.216076 0.169672 0.0341728 2.54694 3.25116
30 27.1195 17.6342 143.796
138.149 160.445 0.00219979 0.216076 0.169672 0.0341728 2.54694 3.25116
31 27.1195 17.4968 148.16
138.149 160.445 0.00219979 0.216076 0.169672 0.0341728 2.54694 3.25116
32 27.1195 15.2038 155.67
138.149 160.445 0.00219979 0.216076 0.169672 0.0341728 2.54694 3.25116
33 27.1195 17.7745 150.25
138.149 160.445 0.00219979 0.216076 0.169672 0.0341728 2.54694 3.25116
34 27.1195 16.7299 146.272
138.149 160.445 0.00219979 0.216076 0.169672 0.0341728 2.54694 3.25116
35 27.439 14.2458 158.931
138.002 161.025 0.000935393 0.188954 0.157287 0.0241767 2.22935 3.27333
36 27.439 11.9637 152.779
138.002 161.025 0.000935393 0.188954 0.157287 0.0241767 2.22935 3.27333
37 27.439 12.8213 136.775
138.002 161.025 0.000935393 0.188954 0.157287 0.0241767 2.22935 3.27333
38 27.439 15.603 150.369
138.002 161.025 0.000935393 0.188954 0.157287 0.0241767 2.22935 3.27333
39 27.439 18.9238 120.285
138.002 161.025 0.000935393 0.188954 0.157287 0.0241767 2.22935 3.27333
40 27.439 15.1136 155.757
138.002 161.025 0.000935393 0.188954 0.157287 0.0241767 2.22935 3.27333
41 27.439 18.7397 136.946
138.002 161.025 0.000935393 0.188954 0.157287 0.0241767 2.22935 3.27333
42 27.439 14.5289 145.696
138.002 161.025 0.000935393 0.188954 0.157287 0.0241767 2.22935 3.27333
43 27.439 16.8971 134.207
138.002 161.025 0.000935393 0.188954 0.157287 0.0241767 2.22935 3.27333
44 27.439 18.1992 113.061
138.002 161.025 0.000935393 0.188954 0.157287 0.0241767 2.22935 3.27333
45 27.439 15.5932 140.67
138.002 161.025 0.000935393 0.188954 0.157287 0.0241767 2.22935 3.27333
46 27.439 19.0332 132.172
138.002 161.025 0.000935393 0.188954 0.157287 0.0241767 2.22935 3.27333
47 27.439 18.8093 119.642
138.002 161.025 0.000935393 0.188954 0.157287 0.0241767 2.22935 3.27333
48 27.439 19.1086 131.733
138.002 161.025 0.000935393 0.188954 0.157287 0.0241767 2.22935 3.27333
49 27.439 17.1572 138.611
138.002 161.025 0.000935393 0.188954 0.157287 0.0241767 2.22935 3.27333
50 27.439 18.8223 111.063
138.002 161.025 0.000935393 0.188954 0.157287 0.0241767 2.22935 3.27333
51 27.439 18.1401 121.238
138.002 161.025 0.000935393 0.188954 0.157287 0.0241767 2.22935 3.27333
52 27.5121 18.0122 114.407
137.959 161.309 0.000725342 0.187203 0.154858 0.0256012 2.23309 3.26948
53 27.5121 18.7929 118.097
137.959 161.309 0.000725342 0.187203 0.154858 0.0256012 2.23309 3.26948
54 27.5121 16.0276 131.761
137.959 161.309 0.000725342 0.187203 0.154858 0.0256012 2.23309 3.26948
55 27.5121 19.6622 96.2595
137.959 161.309 0.000725342 0.187203 0.154858 0.0256012 2.23309 3.26948
56 27.5121 18.8896 104.599
137.959 161.309 0.000725342 0.187203 0.154858 0.0256012 2.23309 3.26948
57 27.5121 20.2282 89.3724
137.959 161.309 0.000725342 0.187203 0.154858 0.0256012 2.23309 3.26948
58 27.5121 16.8053 120.382
137.959 161.309 0.000725342 0.187203 0.154858 0.0256012 2.23309 3.26948
59 27.5121 17.9571 122.102
137.959 161.309 0.000725342 0.187203 0.154858 0.0256012 2.23309 3.26948
60 27.5121 18.4928 107.742
137.959 161.309 0.000725342 0.187203 0.154858 0.0256012 2.23309 3.26948
61 27.5121 16.781 119.144
137.959 161.309 0.000725342 0.187203 0.154858 0.0256012 2.23309 3.26948
62 27.5121 18.105 125.078
137.959 161.309 0.000725342 0.187203 0.154858 0.0256012 2.23309 3.26948
63 27.5121 18.6096 120.118
137.959 161.309 0.000725342 0.187203 0.154858 0.0256012 2.23309 3.26948
64 27.5121 17.667 113.784
137.959 161.309 0.000725342 0.187203 0.154858 0.0256012 2.23309 3.26948
65 27.5121 20.6451 96.0574
137.959 161.309 0.000725342 0.187203 0.154858 0.0256012 2.23309 3.26948
66 27.5121 19.2118 111.135
137.959 161.309 0.000725342 0.187203 0.154858 0.0256012 2.23309 3.26948
67 27.5121 18.4777 110.265
137.959 161.309 0.000725342 0.187203 0.154858 0.0256012 2.23309 3.26948
68 27.5121 13.3404 130.288
137.959 161.309 0.000725342 0.187203 0.154858 0.0256012 2.23309 3.26948
69 27.5121 11.4999 141.061
137.959 161.309 0.000725342 0.187203 0.154858 0.0256012 2.23309 3.26948
70 27.5121 15.9362 142.197
137.959 161.309 0.000725342 0.187203 0.154858 0.0256012 2.23309 3.26948
71 27.5121 17.6886 128.244
137.959 161.309 0.000725342 0.187203 0.154858 0.0256012 2.23309 3.26948
72 28.046 14.9266 145.604
121.887 157.024 0.00134787 0.181195 0.171916 0.0913076 3.38246 4.60253
73 28.046 16.0563 149.254
121.887 157.024 0.00134787 0.181195 0.171916 0.0913076 3.38246 4.60253
74 28.046 16.6472 128.621
121.887 157.024 0.00134787 0.181195 0.171916 0.0913076 3.38246 4.60253
75 28.046 20.0896 101.419
121.887 157.024 0.00134787 0.181195 0.171916 0.0913076 3.38246 4.60253
76 28.046 14.5953 144.18
121.887 157.024 0.00134787 0.181195 0.171916 0.0913076 3.38246 4.60253
77 28.046 13.1453 149.601
121.887 157.024 0.00134787 0.181195 0.171916 0.0913076 3.38246 4.60253
78 28.046 16.645 143.164
121.887 157.024 0.00134787 0.181195 0.171916 0.0913076 3.38246 4.60253
79 28.046 18.3839 115.749
121.887 157.024 0.00134787 0.181195 0.171916 0.0913076 3.38246 4.60253
80 28.046 13.8036 135.772
121.887 157.024 0.00134787 0.181195 0.171916 0.0913076 3.38246 4.60253
81 28.046 12.7374 129.461
121.887 157.024 0.00134787 0.181195 0.171916 0.0913076 3.38246 4.60253
82 28.046 13.2673 130.172
121.887 157.024 0.00134787 0.181195 0.171916 0.0913076 3.38246 4.60253
83 28.046 14.6099 142.815
121.887 157.024 0.00134787 0.181195 0.171916 0.0913076 3.38246 4.60253
84 28.046 19.5675 119.298
121.887 157.024 0.00134787 0.181195 0.171916 0.0913076 3.38246 4.60253
85 28.046 16.2545 147.892
121.887 157.024 0.00134787 0.181195 0.171916 0.0913076 3.38246 4.60253
86 28.046 18.879 120.299
121.887 157.024 0.00134787 0.181195 0.171916 0.0913076 3.38246 4.60253
87 28.046 18.1969 114.992
121.887 157.024 0.00134787 0.181195 0.171916 0.0913076 3.38246 4.60253
88 28.046 20.7767 93.1082
121.887 157.024 0.00134787 0.181195 0.171916 0.0913076 3.38246 4.60253
89 28.046 17.8306 141.737
121.887 157.024 0.00134787 0.181195 0.171916 0.0913076 3.38246 4.60253
90 28.046 15.1309 149.311
121.887 157.024 0.00134787 0.181195 0.171916 0.0913076 3.38246 4.60253
91 28.046 16.0104 141.561
121.887 157.024 0.00134787 0.181195 0.171916 0.0913076 3.38246 4.60253
92 28.046 18.8898 108.022
121.887 157.024 0.00134787 0.181195 0.171916 0.0913076 3.38246 4.60253
93 28.046 12.9723 134.172
121.887 157.024 0.00134787 0.181195 0.171916 0.0913076 3.38246 4.60253
94 28.046 15.8812 137.911
121.887 157.024 0.00134787 0.181195 0.171916 0.0913076 3.38246 4.60253
95 28.1695 16.7504 150.188
146.465 199.351 0.031979 0.106702 0 0.00459104 6.61371 2.97419
96 28.1779 15.9615 162.99
145.208 198.707 0.0212364 0.127739 0.00429755 0 6.10202 3.20283
97 28.1779 19.9128 111.278
145.208 198.707 0.0212364 0.127739 0.00429755 0 6.10202 3.20283
98 31.6928 19.5386 128.423
120.448 197.983 0.00869732 0.16677 0.00314518 0.0555255 5.12858 4.68593
99 31.6928 21.3145 107.931
120.448 197.983 0.00869732 0.16677 0.00314518 0.0555255 5.12858 4.68593
100 31.6928 20.6776 113.883
120.448 197.983 0.00869732 0.16677 0.00314518 0.0555255 5.12858 4.68593
