0 16.1038 2.69137 17.2456
136.712 122.833 0.144906 0.024597 0.169619 0.532211 4.68271 8.87186
1 20.1112 4.38057 37.4568
112.543 162.499 0.285679 0.205892 0.522906 0.0205801 7.32053 6.53562
2 20.1112 6.33326 53.3351
112.543 162.499 0.285679 0.205892 0.522906 0.0205801 7.32053 6.53562
3 20.1112 8.22197 62.9703
112.543 162.499 0.285679 0.205892 0.522906 0.0205801 7.32053 6.53562
4 21.2426 10.0019 69.002
122.805 137.725 0.30433 0.0530892 0.0390448 0.363274 4.86593 7.53291
5 21.2426 11.9105 69.8019
122.805 137.725 0.30433 0.0530892 0.0390448 0.363274 4.86593 7.53291
6 21.2426 13.3826 61.6264
122.805 137.725 0.30433 0.0530892 0.0390448 0.363274 4.86593 7.53291
7 21.5053 13.8579 58.4676
119.327 161.226 0.308078 0.153149 0.429858 0 6.03337 5.16113
8 21.5115 14.5284 59.1453
114.37 128.848 0.2739 0.104598 0 0.362793 5.7921 7.37596
9 22.0126 16.387 52.6683
123.115 159.397 0.302591 0.142047 0.40238 0.00451573 5.87359 5.19722
10 22.0328 15.5908 45.1855
117.386 148.849 0.298397 0.152141 0.385698 0.0373086 5.77972 4.81024
11 22.0328 16.5149 46.846
117.386 148.849 0.298397 0.152141 0.385698 0.0373086 5.77972 4.81024
12 22.1607 16.1916 40.2268
117.528 140.663 0.2448 0.19842 0.387829 0.124843 5.46829 4.80649
13 23.143 15.6593 45.6606
110.618 144.32 0.407711 0.0532097 0 0.284361 5.90835 7.33547
14 23.143 15.831 46.0887
110.618 144.32 0.407711 0.0532097 0 0.284361 5.90835 7.33547
15 23.143 16.1261 40.1199
110.618 144.32 0.407711 0.0532097 0 0.284361 5.90835 7.33547
16 23.6745 16.4337 48.0603
102.473 138.073 0.38046 0.108211 0.0149265 0.218474 7.10394 6.30868
17 23.6745 17.7353 36.7094
102.473 138.073 0.38046 0.108211 0.0149265 0.218474 7.10394 6.30868
18 24.5487 18.031 46.3702
104.154 136.546 0.403107 0.0484352 0.0551437 0.125337 7.47785 5.92717
19 24.5487 18.7379 41.5466
104.154 136.546 0.403107 0.0484352 0.0551437 0.125337 7.47785 5.92717
20 24.5487 18.9739 39.9388
104.154 136.546 0.403107 0.0484352 0.0551437 0.125337 7.47785 5.92717
21 24.5487 18.568 46.9897
104.154 136.546 0.403107 0.0484352 0.0551437 0.125337 7.47785 5.92717
22 24.5487 18.8426 35.4616
104.154 136.546 0.403107 0.0484352 0.0551437 0.125337 7.47785 5.92717
23 24.5487 18.3243 41.269
104.154 136.546 0.403107 0.0484352 0.0551437 0.125337 7.47785 5.92717
24 24.5487 16.7699 49.3751
104.154 136.546 0.403107 0.0484352 0.0551437 0.125337 7.47785 5.92717
25 24.9637 16.7217 48.8092
100 130.277 0.481313 0.073512 0.0307957 0 6.86803 5.25718
26 24.9637 17.0465 58.9799
100 130.277 0.481313 0.073512 0.0307957 0 6.86803 5.25718
27 24.9637 17.4887 59.1821
100 130.277 0.481313 0.073512 0.0307957 0 6.86803 5.25718
28 24.9637 17.6196 55.6172
100 130.277 0.481313 0.073512 0.0307957 0 6.86803 5.25718
29 24.9637 18.1161 46.5058
100 130.277 0.481313 0.073512 0.0307957 0 6.86803 5.25718
30 24.9637 16.98 43.561
100 130.277 0.481313 0.073512 0.0307957 0 6.86803 5.25718
31 24.9711 17.5951 40.8598
107.036 133.856 0.472636 0.0739132 0.0739836 0 6.91865 5.23776
32 24.9711 16.9147 49.9473
107.036 133.856 0.472636 0.0739132 0.0739836 0 6.91865 5.23776
33 24.9711 17.6465 54.0871
107.036 133.856 0.472636 0.0739132 0.0739836 0 6.91865 5.23776
34 25.4923 18.99 47.7209
101.257 132.362 0.497144 0.0945464 0 0.0078135 6.90309 5.63821
35 25.493 18.4282 51.3493
101.26 132.287 0.499496 0.0963682 0.000907205 0.00793802 6.91207 5.64131
36 25.493 17.8741 52.5756
101.26 132.287 0.499496 0.0963682 0.000907205 0.00793802 6.91207 5.64131
37 25.493 17.1864 54.8853
101.26 132.287 0.499496 0.0963682 0.000907205 0.00793802 6.91207 5.64131
38 25.5016 17.3246 51.8773
103.26 133.934 0.47917 0.0964583 0 0.00208346 6.89134 5.51368
39 25.5399 18.3324 49.3107
100 132.052 0.377508 0.11592 0.104364 0 5.88414 2.00902
40 25.6294 20.9738 31.9396
100 123.469 0.406685 0.14794 0 0.0400424 8.37861 4.23883
41 25.6294 20.9531 31.3929
100 123.469 0.406685 0.14794 0 0.0400424 8.37861 4.23883
42 25.6294 20.0342 44.4309
100 123.469 0.406685 0.14794 0 0.0400424 8.37861 4.23883
43 25.6294 19.975 47.1634
100 123.469 0.406685 0.14794 0 0.0400424 8.37861 4.23883
44 25.6294 20.7383 31.5784
100 123.469 0.406685 0.14794 0 0.0400424 8.37861 4.23883
45 25.6294 20.9052 25.8546
100 123.469 0.406685 0.14794 0 0.0400424 8.37861 4.23883
46 25.696 21.1646 36.8983
114.297 136.329 0.461476 0.137014 0.00043817 0.00706149 6.54612 4.49567
47 25.6998 21.502 32.8033
100 123.515 0.384153 0.202514 0.0282209 0.0461657 8.51149 4.03564
48 25.6998 21.7126 29.8267
100 123.515 0.384153 0.202514 0.0282209 0.0461657 8.51149 4.03564
49 25.6998 21.2871 39.6316
100 123.515 0.384153 0.202514 0.0282209 0.0461657 8.51149 4.03564
50 25.6998 20.6944 45.6667
100 123.515 0.384153 0.202514 0.0282209 0.0461657 8.51149 4.03564
51 25.6998 19.7437 51.9239
100 123.515 0.384153 0.202514 0.0282209 0.0461657 8.51149 4.03564
52 25.6998 18.8114 60.0141
100 123.515 0.384153 0.202514 0.0282209 0.0461657 8.51149 4.03564
53 25.7025 19.0775 67.9338
100 127.043 0.37538 0.21119 0.0210364 0.0198667 8.55284 4.20432
54 25.7044 19.8752 52.9623
100 127.151 0.372238 0.211841 0.0201079 0.0183241 8.5285 4.20485
55 25.7044 20.778 44.413
100 127.151 0.372238 0.211841 0.0201079 0.0183241 8.5285 4.20485
56 25.7044 19.4002 53.2437
100 127.151 0.372238 0.211841 0.0201079 0.0183241 8.5285 4.20485
57 25.7044 21.2541 38.2515
100 127.151 0.372238 0.211841 0.0201079 0.0183241 8.5285 4.20485
58 25.7044 20.2196 50.2532
100 127.151 0.372238 0.211841 0.0201079 0.0183241 8.5285 4.20485
59 25.7115 19.1432 62.0439
101.363 124.095 0.415505 0.204866 0.0166813 0.0128796 8.41334 4.08911
60 25.7115 19.8033 55.847
101.363 124.095 0.415505 0.204866 0.0166813 0.0128796 8.41334 4.08911
61 25.7203 22.3416 14.9741
100 126.861 0.358078 0.216925 0.0266175 0.0205464 8.54461 4.13491
62 25.7566 21.4436 25.322
100 117.122 0.379862 0.233051 0 0.0300214 8.83158 3.5279
63 25.7609 21.1478 37.0481
100 119.064 0.370362 0.242974 0 0.00466806 8.69332 3.86535
64 25.7609 20.7669 36.4176
100 119.064 0.370362 0.242974 0 0.00466806 8.69332 3.86535
65 25.7915 21.5635 25.4636
100.281 124.557 0.413232 0.201979 0.0156825 0 8.298 4.10813
66 25.7915 22.2867 13.8212
100.281 124.557 0.413232 0.201979 0.0156825 0 8.298 4.10813
67 25.7915 21.0931 32.1773
100.281 124.557 0.413232 0.201979 0.0156825 0 8.298 4.10813
68 25.7915 21.1528 34.1362
100.281 124.557 0.413232 0.201979 0.0156825 0 8.298 4.10813
69 25.7915 22.528 20.8926
100.281 124.557 0.413232 0.201979 0.0156825 0 8.298 4.10813
70 25.7915 22.324 23.3998
100.281 124.557 0.413232 0.201979 0.0156825 0 8.298 4.10813
71 25.7915 21.5706 34.9096
100.281 124.557 0.413232 0.201979 0.0156825 0 8.298 4.10813
72 25.8497 21.0772 39.818
100 117.191 0.420263 0.232481 0 0.000601925 8.97781 2.81046
73 25.8497 20.482 43.8506
100 117.191 0.420263 0.232481 0 0.000601925 8.97781 2.81046
74 25.8497 19.7675 58.517
100 117.191 0.420263 0.232481 0 0.000601925 8.97781 2.81046
75 25.8497 19.7966 64.9792
100 117.191 0.420263 0.232481 0 0.000601925 8.97781 2.81046
76 25.8497 19.6968 70.9521
100 117.191 0.420263 0.232481 0 0.000601925 8.97781 2.81046
77 25.8497 19.3548 79.9073
100 117.191 0.420263 0.232481 0 0.000601925 8.97781 2.81046
78 25.8497 19.5899 74.7589
100 117.191 0.420263 0.232481 0 0.000601925 8.97781 2.81046
79 25.8497 18.795 80.8138
100 117.191 0.420263 0.232481 0 0.000601925 8.97781 2.81046
80 25.8497 19.1812 80.5447
100 117.191 0.420263 0.232481 0 0.000601925 8.97781 2.81046
81 25.8497 19.3617 72.1875
100 117.191 0.420263 0.232481 0 0.000601925 8.97781 2.81046
82 25.8497 20.2897 60.4894
100 117.191 0.420263 0.232481 0 0.000601925 8.97781 2.81046
83 25.8497 20.745 57.8595
100 117.191 0.420263 0.232481 0 0.000601925 8.97781 2.81046
84 25.8497 18.7995 73.1476
100 117.191 0.420263 0.232481 0 0.000601925 8.97781 2.81046
85 25.8497 20.8109 49.8838
100 117.191 0.420263 0.232481 0 0.000601925 8.97781 2.81046
86 25.8497 21.2148 42.8763
100 117.191 0.420263 0.232481 0 0.000601925 8.97781 2.81046
87 25.8497 21.0271 44.6496
100 117.191 0.420263 0.232481 0 0.000601925 8.97781 2.81046
88 25.8497 22.2202 29.5037
100 117.191 0.420263 0.232481 0 0.000601925 8.97781 2.81046
89 25.8497 21.7605 40.0595
100 117.191 0.420263 0.232481 0 0.000601925 8.97781 2.81046
90 25.8497 21.014 62.8407
100 117.191 0.420263 0.232481 0 0.000601925 8.97781 2.81046
91 25.8497 20.7634 57.6881
100 117.191 0.420263 0.232481 0 0.000601925 8.97781 2.81046
92 25.8497 19.9709 72.8245
100 117.191 0.420263 0.232481 0 0.000601925 8.97781 2.81046
93 25.8497 20.2836 70.7816
100 117.191 0.420263 0.232481 0 0.000601925 8.97781 2.81046
94 25.8497 19.7176 74.4279
100 117.191 0.420263 0.232481 0 0.000601925 8.97781 2.81046
95 25.8497 20.5155 55.0123
100 117.191 0.420263 0.232481 0 0.000601925 8.97781 2.81046
96 25.861 21.2514 42.738
103.073 104.418 0.358896 0.273564 0.0726534 0.0433457 8.42339 5.38643
97 25.861 20.0987 59.5794
103.073 104.418 0.358896 0.273564 0.0726534 0.0433457 8.42339 5.38643
98 25.861 19.2394 61.9345
103.073 104.418 0.358896 0.273564 0.0726534 0.0433457 8.42339 5.38643
99 25.861 19.0554 81.3159
103.073 104.418 0.358896 0.273564 0.0726534 0.0433457 8.42339 5.38643
100 25.9305 18.7211 75.2398
105.754 105.957 0.383365 0.30946 0.0426039 0 8.38694 5.5206
