0 24.6679 1.07064 17.1028
147.491 109.099 0.10297 0.494396 0.269533 0.00933109 6.84918 1.06719
1 24.6679 1.36862 20.6544
147.491 109.099 0.10297 0.494396 0.269533 0.00933109 6.84918 1.06719
2 24.6679 1.57924 21.2063
147.491 109.099 0.10297 0.494396 0.269533 0.00933109 6.84918 1.06719
3 24.7223 2.61204 34.4079
142.78 104.022 0.100947 0.450805 0.288183 0 6.88092 1.67969
4 26.3742 4.06821 60.7592
162.791 113.96 0.0831771 0.333314 0.146411 0.0254936 6.17931 2.6565
5 26.3902 4.38043 76.7541
163.324 116.951 0.0755756 0.32687 0.148636 0.0209331 6.19023 2.67215
6 26.3902 5.83487 96.5099
163.324 116.951 0.0755756 0.32687 0.148636 0.0209331 6.19023 2.67215
7 26.451 7.16742 111.743
164.911 124.378 0.08065 0.293979 0.186811 0.0566865 7.02554 3.00055
8 26.7266 9.48247 136.435
169.486 118.125 0.0350291 0.207503 0.248723 0.0218894 7.2278 2.20356
9 26.7266 11.1258 138.48
169.486 118.125 0.0350291 0.207503 0.248723 0.0218894 7.2278 2.20356
10 26.7266 12.1743 139.744
169.486 118.125 0.0350291 0.207503 0.248723 0.0218894 7.2278 2.20356
11 26.7266 11.8605 136.465
169.486 118.125 0.0350291 0.207503 0.248723 0.0218894 7.2278 2.20356
12 26.7266 13.6079 145.108
169.486 118.125 0.0350291 0.207503 0.248723 0.0218894 7.2278 2.20356
13 26.8822 14.2943 139.981
162.032 117.324 0.0308986 0.185512 0.228428 0.035956 7.4228 2.53813
14 26.8822 12.2277 128.647
162.032 117.324 0.0308986 0.185512 0.228428 0.035956 7.4228 2.53813
15 26.9725 14.822 130.443
175.599 107.186 0.0676634 0.185409 0.170692 0 7.96124 2.61683
16 27.0501 17.7435 121.187
174.239 106.623 0.0611705 0.19761 0.160449 0 8.03142 2.73159
17 27.0501 16.2066 124.45
174.239 106.623 0.0611705 0.19761 0.160449 0 8.03142 2.73159
18 27.0501 17.2522 99.123
174.239 106.623 0.0611705 0.19761 0.160449 0 8.03142 2.73159
19 27.0501 15.1505 116.036
174.239 106.623 0.0611705 0.19761 0.160449 0 8.03142 2.73159
20 27.0501 14.8838 124.357
174.239 106.623 0.0611705 0.19761 0.160449 0 8.03142 2.73159
21 27.847 14.1635 130.236
164.135 105.798 0.0344434 0.166825 0.228479 0.0355093 8.60153 4.04148
22 27.847 17.1994 117.457
164.135 105.798 0.0344434 0.166825 0.228479 0.0355093 8.60153 4.04148
23 27.847 17.5026 108.201
164.135 105.798 0.0344434 0.166825 0.228479 0.0355093 8.60153 4.04148
24 27.847 16.1083 113.831
164.135 105.798 0.0344434 0.166825 0.228479 0.0355093 8.60153 4.04148
25 27.847 16.7765 101.727
164.135 105.798 0.0344434 0.166825 0.228479 0.0355093 8.60153 4.04148
26 27.847 18.3425 101.846
164.135 105.798 0.0344434 0.166825 0.228479 0.0355093 8.60153 4.04148
27 27.847 18.6373 106.207
164.135 105.798 0.0344434 0.166825 0.228479 0.0355093 8.60153 4.04148
28 29.0157 17.8235 105.378
191.507 112.51 0.0937322 0.158807 0 0 9.12099 4.65967
29 31.0866 18.5156 109.334
190.93 113.216 0.0720281 0.131414 0 0.00016347 9.37065 5.46538
30 32.3802 18.8852 111.903
190.398 113.751 0.0749426 0.128735 0 0.00573236 9.28159 5.45462
31 32.3802 18.1986 100.445
190.398 113.751 0.0749426 0.128735 0 0.00573236 9.28159 5.45462
32 32.3802 18.3409 108.909
190.398 113.751 0.0749426 0.128735 0 0.00573236 9.28159 5.45462
33 32.3802 18.2696 114.765
190.398 113.751 0.0749426 0.128735 0 0.00573236 9.28159 5.45462
34 32.776 19.8521 98.2741
193.96 117.063 0.0801002 0.128053 0.0115709 0.00509569 9.41355 4.32798
35 32.776 17.4826 124.241
193.96 117.063 0.0801002 0.128053 0.0115709 0.00509569 9.41355 4.32798
36 32.7968 18.5372 123.936
184.631 109.721 0.0826423 0.151159 0.0224363 0.0325643 9.86255 5.33629
37 32.8816 18.198 128.36
197.906 105.266 0.0823118 0.133337 0.0506355 0.160293 10 6.64916
38 32.8816 18.7777 126.622
197.906 105.266 0.0823118 0.133337 0.0506355 0.160293 10 6.64916
39 32.8816 20.3575 97.8193
197.906 105.266 0.0823118 0.133337 0.0506355 0.160293 10 6.64916
40 32.8816 20.0447 101.07
197.906 105.266 0.0823118 0.133337 0.0506355 0.160293 10 6.64916
41 32.8816 18.6612 124.085
197.906 105.266 0.0823118 0.133337 0.0506355 0.160293 10 6.64916
42 32.8816 19.3106 113.249
197.906 105.266 0.0823118 0.133337 0.0506355 0.160293 10 6.64916
43 32.8816 20.5082 101.957
197.906 105.266 0.0823118 0.133337 0.0506355 0.160293 10 6.64916
44 34.4763 15.6356 127.607
185.221 105.07 0.0767457 0.125245 0.0336499 0.0146461 9.64165 4.98885
45 34.4763 17.024 116.911
185.221 105.07 0.0767457 0.125245 0.0336499 0.0146461 9.64165 4.98885
46 34.4763 17.3381 120.584
185.221 105.07 0.0767457 0.125245 0.0336499 0.0146461 9.64165 4.98885
47 34.4763 15.3566 135.555
185.221 105.07 0.0767457 0.125245 0.0336499 0.0146461 9.64165 4.98885
48 36.0589 19.8327 117.174
183.959 107.111 0.0827759 0.135958 0.0130485 0.0427937 9.85825 5.33628
49 36.0589 17.9992 131.666
183.959 107.111 0.0827759 0.135958 0.0130485 0.0427937 9.85825 5.33628
50 36.0589 18.2104 118.598
183.959 107.111 0.0827759 0.135958 0.0130485 0.0427937 9.85825 5.33628
51 36.0589 17.8931 129.096
183.959 107.111 0.0827759 0.135958 0.0130485 0.0427937 9.85825 5.33628
52 36.0589 19.2249 106.725
183.959 107.111 0.0827759 0.135958 0.0130485 0.0427937 9.85825 5.33628
53 36.0589 18.4479 118.244
183.959 107.111 0.0827759 0.135958 0.0130485 0.0427937 9.85825 5.33628
54 36.0589 19.1079 123.657
183.959 107.111 0.0827759 0.135958 0.0130485 0.0427937 9.85825 5.33628
55 36.0589 18.2511 139.975
183.959 107.111 0.0827759 0.135958 0.0130485 0.0427937 9.85825 5.33628
56 36.0589 17.445 126.051
183.959 107.111 0.0827759 0.135958 0.0130485 0.0427937 9.85825 5.33628
57 36.0589 17.6339 124.086
183.959 107.111 0.0827759 0.135958 0.0130485 0.0427937 9.85825 5.33628
58 36.0589 17.7071 120.558
183.959 107.111 0.0827759 0.135958 0.0130485 0.0427937 9.85825 5.33628
59 36.0589 18.027 115.397
183.959 107.111 0.0827759 0.135958 0.0130485 0.0427937 9.85825 5.33628
60 36.0589 18.7374 99.0848
183.959 107.111 0.0827759 0.135958 0.0130485 0.0427937 9.85825 5.33628
61 36.3358 19.1879 97.5437
183.958 107.111 0.0827704 0.135964 0.0130659 0.0427881 9.85818 5.33627
62 36.3358 18.2953 119.708
183.958 107.111 0.0827704 0.135964 0.0130659 0.0427881 9.85818 5.33627
63 36.3358 19.4378 138.28
183.958 107.111 0.0827704 0.135964 0.0130659 0.0427881 9.85818 5.33627
64 36.3358 18.9826 133.715
183.958 107.111 0.0827704 0.135964 0.0130659 0.0427881 9.85818 5.33627
65 36.3358 20.9039 116.159
183.958 107.111 0.0827704 0.135964 0.0130659 0.0427881 9.85818 5.33627
66 36.3358 18.7162 114.806
183.958 107.111 0.0827704 0.135964 0.0130659 0.0427881 9.85818 5.33627
67 36.3358 19.5361 123.704
183.958 107.111 0.0827704 0.135964 0.0130659 0.0427881 9.85818 5.33627
68 36.3358 18.9831 145.587
183.958 107.111 0.0827704 0.135964 0.0130659 0.0427881 9.85818 5.33627
69 36.3358 18.5663 138.827
183.958 107.111 0.0827704 0.135964 0.0130659 0.0427881 9.85818 5.33627
70 36.3863 17.9175 148.341
180.952 108.182 0.0772651 0.174709 0.0435024 0 9.80052 5.8642
71 36.3863 20.3796 130.603
180.952 108.182 0.0772651 0.174709 0.0435024 0 9.80052 5.8642
72 36.3863 19.3131 132.24
180.952 108.182 0.0772651 0.174709 0.0435024 0 9.80052 5.8642
73 36.3863 19.7056 124.952
180.952 108.182 0.0772651 0.174709 0.0435024 0 9.80052 5.8642
74 36.3863 18.8803 134.018
180.952 108.182 0.0772651 0.174709 0.0435024 0 9.80052 5.8642
75 36.3863 17.9651 148.57
180.952 108.182 0.0772651 0.174709 0.0435024 0 9.80052 5.8642
76 36.3863 21.5067 111.312
180.952 108.182 0.0772651 0.174709 0.0435024 0 9.80052 5.8642
77 36.3863 21.1571 120.846
180.952 108.182 0.0772651 0.174709 0.0435024 0 9.80052 5.8642
78 37.1076 19.8188 142.57
183.403 107.27 0.0815946 0.139894 0.0190436 0.0451538 9.83818 5.39575
79 37.1076 20.1669 130.637
183.403 107.27 0.0815946 0.139894 0.0190436 0.0451538 9.83818 5.39575
80 37.1076 21.1372 133.955
183.403 107.27 0.0815946 0.139894 0.0190436 0.0451538 9.83818 5.39575
81 37.1076 21.279 118.275
183.403 107.27 0.0815946 0.139894 0.0190436 0.0451538 9.83818 5.39575
82 37.1076 21.6326 102.049
183.403 107.27 0.0815946 0.139894 0.0190436 0.0451538 9.83818 5.39575
83 37.1076 20.999 118.476
183.403 107.27 0.0815946 0.139894 0.0190436 0.0451538 9.83818 5.39575
84 37.1076 19.0483 150.114
183.403 107.27 0.0815946 0.139894 0.0190436 0.0451538 9.83818 5.39575
85 37.1076 18.7411 147.132
183.403 107.27 0.0815946 0.139894 0.0190436 0.0451538 9.83818 5.39575
86 37.1076 18.8962 148.998
183.403 107.27 0.0815946 0.139894 0.0190436 0.0451538 9.83818 5.39575
87 37.1076 20.4147 122.779
183.403 107.27 0.0815946 0.139894 0.0190436 0.0451538 9.83818 5.39575
88 37.1076 21.3074 104.332
183.403 107.27 0.0815946 0.139894 0.0190436 0.0451538 9.83818 5.39575
89 37.1076 20.5263 123.773
183.403 107.27 0.0815946 0.139894 0.0190436 0.0451538 9.83818 5.39575
90 37.1076 20.7128 120.487
183.403 107.27 0.0815946 0.139894 0.0190436 0.0451538 9.83818 5.39575
91 37.1076 19.676 147.021
183.403 107.27 0.0815946 0.139894 0.0190436 0.0451538 9.83818 5.39575
92 37.1076 19.381 130.966
183.403 107.27 0.0815946 0.139894 0.0190436 0.0451538 9.83818 5.39575
93 37.1076 19.5171 130.656
183.403 107.27 0.0815946 0.139894 0.0190436 0.0451538 9.83818 5.39575
94 37.1076 20.7058 119.058
183.403 107.27 0.0815946 0.139894 0.0190436 0.0451538 9.83818 5.39575
95 37.1076 17.7785 131.556
183.403 107.27 0.0815946 0.139894 0.0190436 0.0451538 9.83818 5.39575
96 37.1076 17.1174 142.355
183.403 107.27 0.0815946 0.139894 0.0190436 0.0451538 9.83818 5.39575
97 37.1076 17.0151 158.903
183.403 107.27 0.0815946 0.139894 0.0190436 0.0451538 9.83818 5.39575
98 37.1076 18.5744 138.066
183.403 107.27 0.0815946 0.139894 0.0190436 0.0451538 9.83818 5.39575
99 37.1076 19.5624 118.631
183.403 107.27 0.0815946 0.139894 0.0190436 0.0451538 9.83818 5.39575
100 37.1076 18.3052 138.168
183.403 107.27 0.0815946 0.139894 0.0190436 0.0451538 9.83818 5.39575
