0 9.73424 0.756975 4.04299
140.66 125.649 0.746437 0.133004 0.0752268 0.273347 0.0315492 6.12922
1 9.73424 1.06565 4.38138
140.66 125.649 0.746437 0.133004 0.0752268 0.273347 0.0315492 6.12922
2 9.73424 1.56252 5.95787
140.66 125.649 0.746437 0.133004 0.0752268 0.273347 0.0315492 6.12922
3 11.2653 2.42093 9.96092
135.988 125.628 0.711841 0.0831812 0 0.267699 0 5.94432
4 13.271 3.57521 20.366
134.78 128.208 0.758155 0.114197 0.0599717 0.0842868 0.838204 5.85545
5 13.271 3.04754 18.4213
134.78 128.208 0.758155 0.114197 0.0599717 0.0842868 0.838204 5.85545
6 13.2723 4.22527 24.7061
134.633 127.245 0.752817 0.112495 0.0596376 0.0912344 0.8884 5.8733
7 13.3231 4.42966 27.0007
157.992 124.834 0.6991 0.10196 0.0868405 0.224982 0.601522 6.56386
8 13.8271 4.61182 28.6798
153.451 114.979 0.655839 0.053049 0 0.25641 1.29542 8.36261
9 16.3802 5.5133 32.014
141.702 116.227 0.63729 0.17427 0.190428 0 0.848344 4.99461
10 18.9408 6.92023 41.2094
145.144 123.504 0.582664 0.161605 0.19277 0 1.16395 5.04222
11 18.9457 8.26467 46.784
153.51 113.654 0.581271 0.0914829 0 0.16745 1.212 8.42062
12 19.0568 8.66174 56.8954
149.656 122.071 0.58388 0.11561 0.234437 0.0102699 1.84384 5.07193
13 19.0568 8.8143 51.6724
149.656 122.071 0.58388 0.11561 0.234437 0.0102699 1.84384 5.07193
14 19.4467 9.53483 61.9279
147.483 117.026 0.546418 0.178555 0.144052 0.0494476 0 4.69508
15 19.4467 9.39531 58.0632
147.483 117.026 0.546418 0.178555 0.144052 0.0494476 0 4.69508
16 19.4467 9.24326 62.558
147.483 117.026 0.546418 0.178555 0.144052 0.0494476 0 4.69508
17 19.4467 9.47821 63.4706
147.483 117.026 0.546418 0.178555 0.144052 0.0494476 0 4.69508
18 19.4467 10.0382 51.3683
147.483 117.026 0.546418 0.178555 0.144052 0.0494476 0 4.69508
19 19.4467 10.674 49.2211
147.483 117.026 0.546418 0.178555 0.144052 0.0494476 0 4.69508
20 19.5673 9.56707 51.2602
149.146 121.845 0.586047 0.118574 0.234622 0.0135043 1.80009 5.1078
21 19.5673 10.6532 56.7011
149.146 121.845 0.586047 0.118574 0.234622 0.0135043 1.80009 5.1078
22 20.4743 10.3327 64.9455
141.559 125.628 0.45503 0.209145 0.124586 0 1.21505 5.25946
23 20.4743 11.5648 60.96
141.559 125.628 0.45503 0.209145 0.124586 0 1.21505 5.25946
24 20.4897 11.7389 59.5892
142.194 127.023 0.45806 0.213096 0.0936149 0 0.709278 5.17828
25 20.4897 12.7402 50.5868
142.194 127.023 0.45806 0.213096 0.0936149 0 0.709278 5.17828
26 20.4897 13.4458 45.8262
142.194 127.023 0.45806 0.213096 0.0936149 0 0.709278 5.17828
27 20.4897 15.0154 34.6246
142.194 127.023 0.45806 0.213096 0.0936149 0 0.709278 5.17828
28 20.4897 15.1593 36.9008
142.194 127.023 0.45806 0.213096 0.0936149 0 0.709278 5.17828
29 20.4997 15.8619 31.8075
140.127 126.149 0.456709 0.22081 0.07775 0 0.846528 4.69029
30 20.4997 15.4995 32.8629
140.127 126.149 0.456709 0.22081 0.07775 0 0.846528 4.69029
31 20.5014 15.3015 36.0531
125.148 115.492 0.363775 0.124161 0.0302938 0.119991 0.189637 4.047
32 20.5047 16.2852 37.3846
124.583 115.694 0.367633 0.142465 0.0403597 0.11069 0.0688822 4.12886
33 22.0482 16.2907 45.7154
113.674 100 0.396326 0.166329 0 0 0.0531737 6.39514
34 22.0482 15.6431 39.937
113.674 100 0.396326 0.166329 0 0 0.0531737 6.39514
35 22.0482 16.658 32.2056
113.674 100 0.396326 0.166329 0 0 0.0531737 6.39514
36 22.0482 16.8416 29.6853
113.674 100 0.396326 0.166329 0 0 0.0531737 6.39514
37 22.0482 16.8827 39.8251
113.674 100 0.396326 0.166329 0 0 0.0531737 6.39514
38 22.0482 14.7336 58.2646
113.674 100 0.396326 0.166329 0 0 0.0531737 6.39514
39 23.0906 14.1793 69.389
114.365 100 0.328704 0.171165 0.022282 0 0.410489 6.35114
40 23.0906 14.52 70.7702
114.365 100 0.328704 0.171165 0.022282 0 0.410489 6.35114
41 23.6613 14.9329 70.6424
108.758 100 0.313817 0.209679 0.0424519 0.0074769 0.462067 6.51134
42 23.6613 13.726 60.717
108.758 100 0.313817 0.209679 0.0424519 0.0074769 0.462067 6.51134
43 24.1475 14.913 74.6536
100 106.041 0.325119 0.196144 0 0 0 6.28118
44 24.6833 14.7046 73.1068
100 103.999 0.306958 0.187166 0.00512105 0.0208401 0 6.0172
45 24.6833 16.033 72.142
100 103.999 0.306958 0.187166 0.00512105 0.0208401 0 6.0172
46 24.6833 13.779 86.5694
100 103.999 0.306958 0.187166 0.00512105 0.0208401 0 6.0172
47 24.6833 13.8726 88.333
100 103.999 0.306958 0.187166 0.00512105 0.0208401 0 6.0172
48 24.6833 15.7142 82.7006
100 103.999 0.306958 0.187166 0.00512105 0.0208401 0 6.0172
49 24.6833 16.0248 78.6907
100 103.999 0.306958 0.187166 0.00512105 0.0208401 0 6.0172
50 24.6833 15.7852 67.5945
100 103.999 0.306958 0.187166 0.00512105 0.0208401 0 6.0172
51 24.7437 15.6252 68.8866
101.608 104.44 0.302873 0.221887 0.0175691 0.00729163 0.0308462 5.93937
52 24.7437 14.2916 86.9453
101.608 104.44 0.302873 0.221887 0.0175691 0.00729163 0.0308462 5.93937
53 24.7437 15.5764 70.2458
101.608 104.44 0.302873 0.221887 0.0175691 0.00729163 0.0308462 5.93937
54 24.7437 14.6094 79.2643
101.608 104.44 0.302873 0.221887 0.0175691 0.00729163 0.0308462 5.93937
55 24.7437 15.4064 77.3731
101.608 104.44 0.302873 0.221887 0.0175691 0.00729163 0.0308462 5.93937
56 24.7437 14.8953 62.4585
101.608 104.44 0.302873 0.221887 0.0175691 0.00729163 0.0308462 5.93937
57 24.7437 15.8837 68.7189
101.608 104.44 0.302873 0.221887 0.0175691 0.00729163 0.0308462 5.93937
58 24.7437 16.6449 64.4357
101.608 104.44 0.302873 0.221887 0.0175691 0.00729163 0.0308462 5.93937
59 24.7437 16.5078 68.5042
101.608 104.44 0.302873 0.221887 0.0175691 0.00729163 0.0308462 5.93937
60 24.7437 16.7967 72.7273
101.608 104.44 0.302873 0.221887 0.0175691 0.00729163 0.0308462 5.93937
61 24.7437 14.6533 91.1896
101.608 104.44 0.302873 0.221887 0.0175691 0.00729163 0.0308462 5.93937
62 24.7437 15.2359 86.8919
101.608 104.44 0.302873 0.221887 0.0175691 0.00729163 0.0308462 5.93937
63 24.7437 16.5684 78.3363
101.608 104.44 0.302873 0.221887 0.0175691 0.00729163 0.0308462 5.93937
64 24.7437 16.1745 82.6467
101.608 104.44 0.302873 0.221887 0.0175691 0.00729163 0.0308462 5.93937
65 24.7437 15.9224 77.448
101.608 104.44 0.302873 0.221887 0.0175691 0.00729163 0.0308462 5.93937
66 24.7437 15.2951 83.142
101.608 104.44 0.302873 0.221887 0.0175691 0.00729163 0.0308462 5.93937
67 24.7437 16.3374 72.7837
101.608 104.44 0.302873 0.221887 0.0175691 0.00729163 0.0308462 5.93937
68 24.76 15.6735 76.647
102.18 109.801 0.315587 0.222427 0 0.0648013 0.168699 5.99712
69 24.76 16.4865 73.2584
102.18 109.801 0.315587 0.222427 0 0.0648013 0.168699 5.99712
70 24.76 15.0844 79.05
102.18 109.801 0.315587 0.222427 0 0.0648013 0.168699 5.99712
71 24.76 15.4476 74.9249
102.18 109.801 0.315587 0.222427 0 0.0648013 0.168699 5.99712
72 24.76 14.2988 81.8516
102.18 109.801 0.315587 0.222427 0 0.0648013 0.168699 5.99712
73 24.76 15.6029 67.0823
102.18 109.801 0.315587 0.222427 0 0.0648013 0.168699 5.99712
74 24.76 16.4714 54.0537
102.18 109.801 0.315587 0.222427 0 0.0648013 0.168699 5.99712
75 24.76 16.5058 70.8759
102.18 109.801 0.315587 0.222427 0 0.0648013 0.168699 5.99712
76 24.76 16.4886 66.7461
102.18 109.801 0.315587 0.222427 0 0.0648013 0.168699 5.99712
77 24.76 17.025 62.2488
102.18 109.801 0.315587 0.222427 0 0.0648013 0.168699 5.99712
78 24.76 17.0091 66.1413
102.18 109.801 0.315587 0.222427 0 0.0648013 0.168699 5.99712
79 24.76 17.6175 61.6305
102.18 109.801 0.315587 0.222427 0 0.0648013 0.168699 5.99712
80 24.76 17.6267 64.275
102.18 109.801 0.315587 0.222427 0 0.0648013 0.168699 5.99712
81 24.76 15.4649 78.0568
102.18 109.801 0.315587 0.222427 0 0.0648013 0.168699 5.99712
82 24.76 16.5228 72.6259
102.18 109.801 0.315587 0.222427 0 0.0648013 0.168699 5.99712
83 24.76 15.5675 77.8855
102.18 109.801 0.315587 0.222427 0 0.0648013 0.168699 5.99712
84 24.76 16.902 59.4447
102.18 109.801 0.315587 0.222427 0 0.0648013 0.168699 5.99712
85 24.76 16.4031 58.9512
102.18 109.801 0.315587 0.222427 0 0.0648013 0.168699 5.99712
86 24.76 16.8271 63.6414
102.18 109.801 0.315587 0.222427 0 0.0648013 0.168699 5.99712
87 24.76 17.1886 59.5612
102.18 109.801 0.315587 0.222427 0 0.0648013 0.168699 5.99712
88 24.76 16.2629 53.5656
102.18 109.801 0.315587 0.222427 0 0.0648013 0.168699 5.99712
89 24.76 16.4137 61.7105
102.18 109.801 0.315587 0.222427 0 0.0648013 0.168699 5.99712
90 24.76 17.3168 57.3597
102.18 109.801 0.315587 0.222427 0 0.0648013 0.168699 5.99712
91 24.76 15.8309 71.6132
102.18 109.801 0.315587 0.222427 0 0.0648013 0.168699 5.99712
92 24.76 15.9946 66.2349
102.18 109.801 0.315587 0.222427 0 0.0648013 0.168699 5.99712
93 24.76 15.8187 61.0379
102.18 109.801 0.315587 0.222427 0 0.0648013 0.168699 5.99712
94 25.2688 16.2233 66.7096
100 100 0.29983 0.240705 0.0400758 0 1.87825 7.89759
95 25.2688 17.1484 60.0917
100 100 0.29983 0.240705 0.0400758 0 1.87825 7.89759
96 25.2688 16.0505 80.8421
100 100 0.29983 0.240705 0.0400758 0 1.87825 7.89759
97 25.2688 16.5095 66.8932
100 100 0.29983 0.240705 0.0400758 0 1.87825 7.89759
98 25.2722 15.9811 79.7391
102.987 100 0.316967 0.250883 0 0 1.34437 8.8552
99 25.3286 14.1112 98.9588
102.678 100 0.311423 0.26061 0.00755359 0.0144735 1.3433 8.78548
100 25.3286 15.4167 97.9499
102.678 100 0.311423 0.26061 0.00755359 0.0144735 1.3433 8.78548
