0 21.5753 5.63413 57.5289
124.233 181.906 0.980539 0.452521 0.28263 0.026417 3.23312 7.42814
1 21.5753 7.5709 68.947
124.233 181.906 0.980539 0.452521 0.28263 0.026417 3.23312 7.42814
2 21.5753 9.58684 71.7322
124.233 181.906 0.980539 0.452521 0.28263 0.026417 3.23312 7.42814
3 22.945 10.4634 69.3573
101.667 166.077 0.590107 0.376783 0.926856 0.0640412 0.771023 5.47707
4 22.9495 10.4696 70.8789
102.22 165.659 0.585012 0.379783 0.926246 0.0629293 0.759392 5.45581
5 24.4079 12.4642 92.9303
127.817 175.609 0.992558 0.426137 0.370055 0.0385428 2.72655 7.5496
6 25.8058 13.8118 88.4236
134.332 183.538 1 0.421935 0.0349998 0 2.75742 7.117
7 25.8058 15.9731 85.2877
134.332 183.538 1 0.421935 0.0349998 0 2.75742 7.117
8 25.8428 18.3241 78.6639
112.603 164.573 0.458135 0.405262 1 0 0.644459 5.61036
9 25.8437 17.8898 59.7729
114.299 163.411 0.46623 0.409874 1 0 0.500503 5.59422
10 25.8437 15.5453 69.4581
114.299 163.411 0.46623 0.409874 1 0 0.500503 5.59422
11 25.8508 16.9077 74.611
118.17 163.246 0.481728 0.409268 1 0 0.751588 5.63867
12 25.8508 15.6047 69.0745
118.17 163.246 0.481728 0.409268 1 0 0.751588 5.63867
13 25.8508 15.987 66.1906
118.17 163.246 0.481728 0.409268 1 0 0.751588 5.63867
14 25.8508 16.5476 78.5477
118.17 163.246 0.481728 0.409268 1 0 0.751588 5.63867
15 25.8508 15.2565 75.2509
118.17 163.246 0.481728 0.409268 1 0 0.751588 5.63867
16 25.8508 13.9639 74.831
118.17 163.246 0.481728 0.409268 1 0 0.751588 5.63867
17 25.8545 13.0329 78.5289
121.143 160.951 0.465583 0.412076 1 0 0.334779 5.37422
18 25.8785 13.8076 65.4048
129.884 170.665 0.455554 0.409586 0.993183 0.00575286 0 5.31388
19 25.8785 15.1036 80.3348
129.884 170.665 0.455554 0.409586 0.993183 0.00575286 0 5.31388
20 25.8785 16.3235 74.6084
129.884 170.665 0.455554 0.409586 0.993183 0.00575286 0 5.31388
21 25.8785 15.4592 75.5198
129.884 170.665 0.455554 0.409586 0.993183 0.00575286 0 5.31388
22 25.8785 16.8154 67.2166
129.884 170.665 0.455554 0.409586 0.993183 0.00575286 0 5.31388
23 25.8785 17.2583 55.1829
129.884 170.665 0.455554 0.409586 0.993183 0.00575286 0 5.31388
24 25.8785 16.6068 72.1603
129.884 170.665 0.455554 0.409586 0.993183 0.00575286 0 5.31388
25 25.8924 15.3248 81.5994
129.103 169.269 0.437185 0.397758 0.999268 0.00661003 0.0915272 5.4164
26 25.8924 11.9453 83.8407
129.103 169.269 0.437185 0.397758 0.999268 0.00661003 0.0915272 5.4164
27 25.8924 11.6796 85.3309
129.103 169.269 0.437185 0.397758 0.999268 0.00661003 0.0915272 5.4164
28 25.8924 14.3948 88.0145
129.103 169.269 0.437185 0.397758 0.999268 0.00661003 0.0915272 5.4164
29 25.8924 12.8873 79.3421
129.103 169.269 0.437185 0.397758 0.999268 0.00661003 0.0915272 5.4164
30 25.8924 12.8554 69.9438
129.103 169.269 0.437185 0.397758 0.999268 0.00661003 0.0915272 5.4164
31 25.8924 12.918 68.1042
129.103 169.269 0.437185 0.397758 0.999268 0.00661003 0.0915272 5.4164
32 25.8924 14.9119 71.3883
129.103 169.269 0.437185 0.397758 0.999268 0.00661003 0.0915272 5.4164
33 25.8924 14.3411 60.132
129.103 169.269 0.437185 0.397758 0.999268 0.00661003 0.0915272 5.4164
34 25.8924 12.4015 68.1088
129.103 169.269 0.437185 0.397758 0.999268 0.00661003 0.0915272 5.4164
35 25.8924 14.8692 71.698
129.103 169.269 0.437185 0.397758 0.999268 0.00661003 0.0915272 5.4164
36 25.8924 13.7026 79.2881
129.103 169.269 0.437185 0.397758 0.999268 0.00661003 0.0915272 5.4164
37 25.8924 13.8526 76.7574
129.103 169.269 0.437185 0.397758 0.999268 0.00661003 0.0915272 5.4164
38 25.8924 15.3304 74.0475
129.103 169.269 0.437185 0.397758 0.999268 0.00661003 0.0915272 5.4164
39 25.8924 12.6871 67.7093
129.103 169.269 0.437185 0.397758 0.999268 0.00661003 0.0915272 5.4164
40 25.8924 14.6399 75.5661
129.103 169.269 0.437185 0.397758 0.999268 0.00661003 0.0915272 5.4164
41 25.8924 15.7821 82.5924
129.103 169.269 0.437185 0.397758 0.999268 0.00661003 0.0915272 5.4164
42 25.8924 16.7283 73.2794
129.103 169.269 0.437185 0.397758 0.999268 0.00661003 0.0915272 5.4164
43 25.8924 15.7522 63.9357
129.103 169.269 0.437185 0.397758 0.999268 0.00661003 0.0915272 5.4164
44 25.8924 14.9798 74.3362
129.103 169.269 0.437185 0.397758 0.999268 0.00661003 0.0915272 5.4164
45 25.8924 13.1903 56.7066
129.103 169.269 0.437185 0.397758 0.999268 0.00661003 0.0915272 5.4164
46 25.8924 15.9207 66.8906
129.103 169.269 0.437185 0.397758 0.999268 0.00661003 0.0915272 5.4164
47 25.8924 14.2843 65.0545
129.103 169.269 0.437185 0.397758 0.999268 0.00661003 0.0915272 5.4164
48 25.8924 13.2019 72.156
129.103 169.269 0.437185 0.397758 0.999268 0.00661003 0.0915272 5.4164
49 25.8924 14.9255 71.6306
129.103 169.269 0.437185 0.397758 0.999268 0.00661003 0.0915272 5.4164
50 25.8924 13.2869 65.5352
129.103 169.269 0.437185 0.397758 0.999268 0.00661003 0.0915272 5.4164
51 25.8924 11.5281 70.9689
129.103 169.269 0.437185 0.397758 0.999268 0.00661003 0.0915272 5.4164
52 25.8924 12.0601 77.1886
129.103 169.269 0.437185 0.397758 0.999268 0.00661003 0.0915272 5.4164
53 25.8924 13.5681 80.149
129.103 169.269 0.437185 0.397758 0.999268 0.00661003 0.0915272 5.4164
54 25.8924 13.4002 79.569
129.103 169.269 0.437185 0.397758 0.999268 0.00661003 0.0915272 5.4164
55 25.8924 11.8125 70.6467
129.103 169.269 0.437185 0.397758 0.999268 0.00661003 0.0915272 5.4164
56 25.8924 13.6293 77.2143
129.103 169.269 0.437185 0.397758 0.999268 0.00661003 0.0915272 5.4164
57 25.8924 14.5526 74.352
129.103 169.269 0.437185 0.397758 0.999268 0.00661003 0.0915272 5.4164
58 25.8924 12.6032 64.0818
129.103 169.269 0.437185 0.397758 0.999268 0.00661003 0.0915272 5.4164
59 25.8924 14.1862 64.9636
129.103 169.269 0.437185 0.397758 0.999268 0.00661003 0.0915272 5.4164
60 25.8924 14.0603 55.5134
129.103 169.269 0.437185 0.397758 0.999268 0.00661003 0.0915272 5.4164
61 25.8924 14.3534 63.3629
129.103 169.269 0.437185 0.397758 0.999268 0.00661003 0.0915272 5.4164
62 25.8924 13.7428 76.0796
129.103 169.269 0.437185 0.397758 0.999268 0.00661003 0.0915272 5.4164
63 25.8924 14.2539 78.2994
129.103 169.269 0.437185 0.397758 0.999268 0.00661003 0.0915272 5.4164
64 25.8924 15.2626 82.1601
129.103 169.269 0.437185 0.397758 0.999268 0.00661003 0.0915272 5.4164
65 25.8951 16.4089 75.6425
129.438 169.465 0.440175 0.400005 1 0.0176631 0.0711629 5.45311
66 25.8951 15.7749 70.8192
129.438 169.465 0.440175 0.400005 1 0.0176631 0.0711629 5.45311
67 25.8951 15.4791 66.8261
129.438 169.465 0.440175 0.400005 1 0.0176631 0.0711629 5.45311
68 25.8951 15.6774 93.0422
129.438 169.465 0.440175 0.400005 1 0.0176631 0.0711629 5.45311
69 25.8951 15.8974 91.8638
129.438 169.465 0.440175 0.400005 1 0.0176631 0.0711629 5.45311
70 25.8951 15.488 74.0237
129.438 169.465 0.440175 0.400005 1 0.0176631 0.0711629 5.45311
71 25.8951 14.6304 99.9997
129.438 169.465 0.440175 0.400005 1 0.0176631 0.0711629 5.45311
72 25.8951 13.5528 79.7326
129.438 169.465 0.440175 0.400005 1 0.0176631 0.0711629 5.45311
73 25.8951 13.3021 73.9729
129.438 169.465 0.440175 0.400005 1 0.0176631 0.0711629 5.45311
74 25.8951 13.5073 80.502
129.438 169.465 0.440175 0.400005 1 0.0176631 0.0711629 5.45311
75 25.8951 12.6462 79.9832
129.438 169.465 0.440175 0.400005 1 0.0176631 0.0711629 5.45311
76 25.8951 12.6363 81.4404
129.438 169.465 0.440175 0.400005 1 0.0176631 0.0711629 5.45311
77 25.8951 15.3446 75.7264
129.438 169.465 0.440175 0.400005 1 0.0176631 0.0711629 5.45311
78 25.8951 15.1396 74.0005
129.438 169.465 0.440175 0.400005 1 0.0176631 0.0711629 5.45311
79 25.8951 15.9118 61.2967
129.438 169.465 0.440175 0.400005 1 0.0176631 0.0711629 5.45311
80 25.8951 15.6237 63.1393
129.438 169.465 0.440175 0.400005 1 0.0176631 0.0711629 5.45311
81 25.8951 16.5536 78.0701
129.438 169.465 0.440175 0.400005 1 0.0176631 0.0711629 5.45311
82 25.8951 13.3118 96.9362
129.438 169.465 0.440175 0.400005 1 0.0176631 0.0711629 5.45311
83 25.8951 13.3144 79.5939
129.438 169.465 0.440175 0.400005 1 0.0176631 0.0711629 5.45311
84 25.8951 12.4599 89.6656
129.438 169.465 0.440175 0.400005 1 0.0176631 0.0711629 5.45311
85 25.8951 11.8743 73.7306
129.438 169.465 0.440175 0.400005 1 0.0176631 0.0711629 5.45311
86 25.8951 12.0995 71.3228
129.438 169.465 0.440175 0.400005 1 0.0176631 0.0711629 5.45311
87 25.8951 10.8812 83.2179
129.438 169.465 0.440175 0.400005 1 0.0176631 0.0711629 5.45311
88 25.8951 12.0414 80.8629
129.438 169.465 0.440175 0.400005 1 0.0176631 0.0711629 5.45311
89 25.8951 11.0467 77.4724
129.438 169.465 0.440175 0.400005 1 0.0176631 0.0711629 5.45311
90 25.8951 10.196 96.5487
129.438 169.465 0.440175 0.400005 1 0.0176631 0.0711629 5.45311
91 25.8951 10.6609 80.7233
129.438 169.465 0.440175 0.400005 1 0.0176631 0.0711629 5.45311
92 25.8951 11.0245 80.5454
129.438 169.465 0.440175 0.400005 1 0.0176631 0.0711629 5.45311
93 25.8951 13.1742 90.6333
129.438 169.465 0.440175 0.400005 1 0.0176631 0.0711629 5.45311
94 25.8951 12.6908 88.5402
129.404 169.498 0.441347 0.400844 0.99971 0.0170101 0.0912114 5.45556
95 25.8951 14.1075 99.5649
129.404 169.498 0.441347 0.400844 0.99971 0.0170101 0.0912114 5.45556
96 25.8951 11.2329 84.7727
129.404 169.498 0.441347 0.400844 0.99971 0.0170101 0.0912114 5.45556
97 25.8951 12.8294 87.255
129.404 169.498 0.441347 0.400844 0.99971 0.0170101 0.0912114 5.45556
98 25.8951 11.5279 75.2758
129.404 169.498 0.441347 0.400844 0.99971 0.0170101 0.0912114 5.45556
99 25.8951 11.6274 78.2034
129.404 169.498 0.441347 0.400844 0.99971 0.0170101 0.0912114 5.45556
100 25.8951 11.4519 72.0308
129.404 169.498 0.441347 0.400844 0.99971 0.0170101 0.0912114 5.45556
