0 8.52325 0.975057 5.76827
109.696 131.946 0.0533039 0.264927 0.697966 0.265337 3.37336 0.232803
1 8.52325 1.76324 8.42252
109.696 131.946 0.0533039 0.264927 0.697966 0.265337 3.37336 0.232803
2 9.30953 2.32099 10.3452
200 133.266 0.250869 0.292913 0.505203 0.26506 2.93997 8.04227
3 9.30953 3.2776 13.2091
200 133.266 0.250869 0.292913 0.505203 0.26506 2.93997 8.04227
4 9.83237 4.0813 15.7102
199.58 129.168 0.240745 0.295987 0.480529 0.269529 2.98761 8.23273
5 9.83237 4.10422 14.4401
199.58 129.168 0.240745 0.295987 0.480529 0.269529 2.98761 8.23273
6 10.341 4.52342 15.4228
197.397 129.562 0.245452 0.285039 0.479505 0.268515 2.78845 8.24059
7 12.8541 5.4945 17.6353
116.951 129.558 0.224236 0.223171 0.541846 0.245361 4.02995 2.01845
8 14.8791 6.26418 22.7315
129.377 116.901 0.310052 0.235042 0.564288 0.106025 3.17673 0.041607
9 14.8791 7.04799 24.8263
129.377 116.901 0.310052 0.235042 0.564288 0.106025 3.17673 0.041607
10 14.8791 6.88853 24.2478
129.377 116.901 0.310052 0.235042 0.564288 0.106025 3.17673 0.041607
11 14.8791 7.72856 22.7258
129.377 116.901 0.310052 0.235042 0.564288 0.106025 3.17673 0.041607
12 14.8791 8.37256 21.2362
129.377 116.901 0.310052 0.235042 0.564288 0.106025 3.17673 0.041607
13 15.9333 9.25099 23.2948
124.064 105.171 0.307289 0.338921 0.489487 0.100486 2.72445 1.07522
14 16.9703 9.54573 29.0566
129.03 101.283 0.316679 0.306079 0.476548 0.0880954 3.33448 0
15 16.9703 10.179 30.6622
129.03 101.283 0.316679 0.306079 0.476548 0.0880954 3.33448 0
16 16.9703 9.86709 28.7411
129.03 101.283 0.316679 0.306079 0.476548 0.0880954 3.33448 0
17 16.9711 10.4427 30.5522
129.773 100.771 0.317303 0.307234 0.477047 0.0924838 3.39154 0
18 16.9711 11.1845 31.6397
129.773 100.771 0.317303 0.307234 0.477047 0.0924838 3.39154 0
19 16.9711 12.348 24.9555
129.773 100.771 0.317303 0.307234 0.477047 0.0924838 3.39154 0
20 17.3969 11.9784 23.3493
113.169 100 0.362509 0.316356 0.388139 0.018411 2.31717 1.04951
21 17.5205 12.0715 27.7263
113.895 100.001 0.286385 0.356874 0.432289 0.0281276 1.80521 1.17903
22 17.5224 11.9413 27.4123
113.631 100.882 0.284088 0.350046 0.426514 0.0355926 1.79045 1.35603
23 17.5224 12.7137 26.6404
113.631 100.882 0.284088 0.350046 0.426514 0.0355926 1.79045 1.35603
24 17.8875 13.38 25.8423
103.202 108.44 0.37615 0.269115 0.308426 0.026642 3.04726 1.31326
25 17.8906 13.793 19.6444
103.672 110.34 0.391956 0.285738 0.286588 0 3.14198 1.6321
26 17.8906 12.4432 27.1909
103.672 110.34 0.391956 0.285738 0.286588 0 3.14198 1.6321
27 17.8906 13.7362 20.4476
103.672 110.34 0.391956 0.285738 0.286588 0 3.14198 1.6321
28 17.8906 14.1939 22.4405
103.672 110.34 0.391956 0.285738 0.286588 0 3.14198 1.6321
29 18.9127 14.3238 22.7561
103.954 101.238 0.461274 0.320405 0.243173 0.010679 5.26676 1.83946
30 18.9127 14.6873 19.6755
103.954 101.238 0.461274 0.320405 0.243173 0.010679 5.26676 1.83946
31 18.9127 14.1057 26.2516
103.954 101.238 0.461274 0.320405 0.243173 0.010679 5.26676 1.83946
32 18.9127 13.6302 21.5524
103.954 101.238 0.461274 0.320405 0.243173 0.010679 5.26676 1.83946
33 18.9178 13.2147 31.1721
104.407 102.561 0.455638 0.327344 0.235821 0.00736368 5.26609 1.94659
34 18.9178 13.8252 32.624
104.407 102.561 0.455638 0.327344 0.235821 0.00736368 5.26609 1.94659
35 19.4261 12.8028 47.8131
104.497 103.126 0.456292 0.311757 0.210151 0 5.45599 1.96373
36 19.4261 12.1683 49.3699
104.497 103.126 0.456292 0.311757 0.210151 0 5.45599 1.96373
37 19.4617 11.9492 54.1057
103.496 100 0.448275 0.376656 0.248591 0.00155635 5.26588 1.06447
38 19.4617 11.6309 48.3148
103.496 100 0.448275 0.376656 0.248591 0.00155635 5.26588 1.06447
39 19.4617 12.1886 45.8885
103.496 100 0.448275 0.376656 0.248591 0.00155635 5.26588 1.06447
40 19.5268 12.6684 49.5872
107.928 100 0.411928 0.397117 0.172299 0 5.2958 0
41 19.5268 12.5352 50.0019
107.928 100 0.411928 0.397117 0.172299 0 5.2958 0
42 19.999 13.6997 46.6502
100 100.807 0.460454 0.345357 0.0826556 0.0552603 5.8935 2.58604
43 19.999 13.6075 39.9857
100 100.807 0.460454 0.345357 0.0826556 0.0552603 5.8935 2.58604
44 19.999 13.4497 40.6859
100 100.807 0.460454 0.345357 0.0826556 0.0552603 5.8935 2.58604
45 19.999 12.4944 51.4502
100 100.807 0.460454 0.345357 0.0826556 0.0552603 5.8935 2.58604
46 19.999 13.109 55.2348
100 100.807 0.460454 0.345357 0.0826556 0.0552603 5.8935 2.58604
47 19.999 13.6398 45.5794
100 100.807 0.460454 0.345357 0.0826556 0.0552603 5.8935 2.58604
48 19.999 14.4194 37.6059
100 100.807 0.460454 0.345357 0.0826556 0.0552603 5.8935 2.58604
49 19.999 14.3635 38.2287
100 100.807 0.460454 0.345357 0.0826556 0.0552603 5.8935 2.58604
50 19.999 14.6498 35.7855
100 100.807 0.460454 0.345357 0.0826556 0.0552603 5.8935 2.58604
51 19.999 15.3041 33.4367
100 100.807 0.460454 0.345357 0.0826556 0.0552603 5.8935 2.58604
52 19.999 14.0985 41.8745
100 100.807 0.460454 0.345357 0.0826556 0.0552603 5.8935 2.58604
53 19.999 12.3672 49.4921
100 100.807 0.460454 0.345357 0.0826556 0.0552603 5.8935 2.58604
54 19.999 11.6854 58.6505
100 100.807 0.460454 0.345357 0.0826556 0.0552603 5.8935 2.58604
55 19.999 12.8515 54.9225
100 100.807 0.460454 0.345357 0.0826556 0.0552603 5.8935 2.58604
56 20.0014 14.3429 45.8486
100 100 0.476026 0.372277 0.0862076 0.0264224 6.50321 2.07058
57 20.0014 13.8324 46.5782
100 100 0.476026 0.372277 0.0862076 0.0264224 6.50321 2.07058
58 20.0014 14.3485 35.5212
100 100 0.476026 0.372277 0.0862076 0.0264224 6.50321 2.07058
59 20.0014 14.3114 36.1275
100 100 0.476026 0.372277 0.0862076 0.0264224 6.50321 2.07058
60 20.0014 14.8149 26.405
100 100 0.476026 0.372277 0.0862076 0.0264224 6.50321 2.07058
61 20.0014 14.6813 34.8958
100 100 0.476026 0.372277 0.0862076 0.0264224 6.50321 2.07058
62 20.0014 14.1864 38.3677
100 100 0.476026 0.372277 0.0862076 0.0264224 6.50321 2.07058
63 20.0014 15.1027 32.6789
100 100 0.476026 0.372277 0.0862076 0.0264224 6.50321 2.07058
64 20.0014 14.5773 44.0213
100 100 0.476026 0.372277 0.0862076 0.0264224 6.50321 2.07058
65 20.0014 13.7798 53.6297
100 100 0.476026 0.372277 0.0862076 0.0264224 6.50321 2.07058
66 20.0014 12.8342 59.5376
100 100 0.476026 0.372277 0.0862076 0.0264224 6.50321 2.07058
67 20.0014 14.1519 48.3308
100 100 0.476026 0.372277 0.0862076 0.0264224 6.50321 2.07058
68 20.0014 13.738 53.8982
100 100 0.476026 0.372277 0.0862076 0.0264224 6.50321 2.07058
69 20.0014 12.2134 58.2279
100 100 0.476026 0.372277 0.0862076 0.0264224 6.50321 2.07058
70 20.0014 12.1668 59.5275
100 100 0.476026 0.372277 0.0862076 0.0264224 6.50321 2.07058
71 20.0014 12.2559 53.5464
100 100 0.476026 0.372277 0.0862076 0.0264224 6.50321 2.07058
72 20.0015 12.8629 53.5758
100.232 100 0.47493 0.368672 0.0844126 0.0313173 6.5065 2.06092
73 20.0088 15.0532 40.8641
100 100.846 0.476618 0.376107 0.0605151 0.0225451 6.513 2.07486
74 20.0088 14.571 43.4393
100 100.846 0.476618 0.376107 0.0605151 0.0225451 6.513 2.07486
75 20.0088 13.452 53.5227
100 100.846 0.476618 0.376107 0.0605151 0.0225451 6.513 2.07486
76 20.0088 14.5402 50.7099
100 100.846 0.476618 0.376107 0.0605151 0.0225451 6.513 2.07486
77 20.0108 15.8288 32.1529
103.07 100 0.481936 0.393935 0.0805601 0.0110238 6.58386 1.58113
78 20.0108 15.0502 38.1032
103.07 100 0.481936 0.393935 0.0805601 0.0110238 6.58386 1.58113
79 20.0108 14.8322 36.6812
103.07 100 0.481936 0.393935 0.0805601 0.0110238 6.58386 1.58113
80 20.0108 15.5087 34.053
103.07 100 0.481936 0.393935 0.0805601 0.0110238 6.58386 1.58113
81 20.0108 14.9177 34.8892
103.07 100 0.481936 0.393935 0.0805601 0.0110238 6.58386 1.58113
82 20.0108 14.4067 42.138
103.07 100 0.481936 0.393935 0.0805601 0.0110238 6.58386 1.58113
83 20.0108 14.5511 37.0689
103.07 100 0.481936 0.393935 0.0805601 0.0110238 6.58386 1.58113
84 20.0108 14.8052 37.3824
103.07 100 0.481936 0.393935 0.0805601 0.0110238 6.58386 1.58113
85 20.0108 14.6489 37.3706
103.07 100 0.481936 0.393935 0.0805601 0.0110238 6.58386 1.58113
86 20.0108 13.8224 42.8726
103.07 100 0.481936 0.393935 0.0805601 0.0110238 6.58386 1.58113
87 20.0108 14.1214 42.7854
103.07 100 0.481936 0.393935 0.0805601 0.0110238 6.58386 1.58113
88 20.0108 14.2704 46.9047
103.07 100 0.481936 0.393935 0.0805601 0.0110238 6.58386 1.58113
89 20.0108 14.5507 45.1562
103.07 100 0.481936 0.393935 0.0805601 0.0110238 6.58386 1.58113
90 20.0108 13.4719 54.3521
103.07 100 0.481936 0.393935 0.0805601 0.0110238 6.58386 1.58113
91 20.0108 13.1597 60.2981
103.07 100 0.481936 0.393935 0.0805601 0.0110238 6.58386 1.58113
92 20.0108 11.2651 66.9753
103.07 100 0.481936 0.393935 0.0805601 0.0110238 6.58386 1.58113
93 20.0108 11.8872 70.2106
103.07 100 0.481936 0.393935 0.0805601 0.0110238 6.58386 1.58113
94 20.0108 10.5671 67.5098
103.07 100 0.481936 0.393935 0.0805601 0.0110238 6.58386 1.58113
95 20.023 10.3923 66.5329
100 101.352 0.487453 0.389443 0 0 6.79349 0.0832891
96 20.023 11.5115 68.3851
100 101.352 0.487453 0.389443 0 0 6.79349 0.0832891
97 20.0726 11.6683 61.123
100 101.475 0.450864 0.417952 0.00327981 0 6.6465 0.11418
98 20.0726 12.749 56.1177
100 101.475 0.450864 0.417952 0.00327981 0 6.6465 0.11418
99 20.0726 12.6986 58.7285
100 101.475 0.450864 0.417952 0.00327981 0 6.6465 0.11418
100 20.0726 11.945 62.1685
100 101.475 0.450864 0.417952 0.00327981 0 6.6465 0.11418
