0 16.0811 1.81025 12.1293
171.598 134.664 0.39804 0.28746 0.112955 0.0595355 7.06361 4.67097
1 16.0829 2.71763 19.6615
170.917 134.583 0.448585 0.336306 0.170343 0.0280649 7.27678 4.80352
2 17.7023 4.32747 35.4939
163.191 114.656 0.381472 0.225428 0.10248 0.0240016 5.8439 2.72414
3 17.7023 6.06425 44.4606
163.191 114.656 0.381472 0.225428 0.10248 0.0240016 5.8439 2.72414
4 18.575 6.69731 49.5923
159.084 147.583 0.506582 0.356248 4.68233e-05 0.0288494 6.48959 4.62812
5 19.5587 7.62731 60.9394
157.442 145.32 0.53075 0.321853 0 0 6.22879 4.48448
6 19.5587 9.08306 59.7469
157.442 145.32 0.53075 0.321853 0 0 6.22879 4.48448
7 19.5587 9.13706 51.7667
157.442 145.32 0.53075 0.321853 0 0 6.22879 4.48448
8 19.5587 9.75357 52.5168
157.442 145.32 0.53075 0.321853 0 0 6.22879 4.48448
9 19.6011 10.2111 54.9517
156.42 144.227 0.494482 0.364729 0.00138257 0.00968185 6.30768 4.85937
10 19.6011 10.8512 55.4458
156.42 144.227 0.494482 0.364729 0.00138257 0.00968185 6.30768 4.85937
11 19.6011 11.4006 51.7339
156.42 144.227 0.494482 0.364729 0.00138257 0.00968185 6.30768 4.85937
12 19.6011 11.879 44.7943
156.42 144.227 0.494482 0.364729 0.00138257 0.00968185 6.30768 4.85937
13 20.0796 12.4618 48.7597
156.059 139.938 0.53656 0.337755 0 0 8.0384 6.48882
14 20.0796 13.2034 49.857
156.059 139.938 0.53656 0.337755 0 0 8.0384 6.48882
15 20.0796 13.3635 43.0473
156.059 139.938 0.53656 0.337755 0 0 8.0384 6.48882
16 20.6481 14.4796 42.6981
141.973 120.748 0.484984 0.389375 0.0021695 0 6.29473 3.48118
17 20.6481 14.5313 43.152
141.973 120.748 0.484984 0.389375 0.0021695 0 6.29473 3.48118
18 20.6715 13.2015 46.8081
131.694 117.837 0.45761 0.39102 0.0343254 0 4.85 5.8298
19 20.6715 12.5215 54.0754
131.694 117.837 0.45761 0.39102 0.0343254 0 4.85 5.8298
20 20.6853 13.1125 53.6932
135.279 117.802 0.445674 0.471265 0 0 4.30439 5.88739
21 20.6853 13.6915 48.3422
135.279 117.802 0.445674 0.471265 0 0 4.30439 5.88739
22 20.6853 13.3693 49.1229
135.279 117.802 0.445674 0.471265 0 0 4.30439 5.88739
23 20.6855 13.8877 49.7839
135.276 117.803 0.445705 0.471263 0 1.38344e-05 4.30432 5.88728
24 20.6855 13.2202 49.2434
135.276 117.803 0.445705 0.471263 0 1.38344e-05 4.30432 5.88728
25 20.6855 13.4641 57.6729
135.276 117.803 0.445705 0.471263 0 1.38344e-05 4.30432 5.88728
26 20.6855 13.8645 41.6675
135.276 117.803 0.445705 0.471263 0 1.38344e-05 4.30432 5.88728
27 21.1326 13.7177 40.4078
132.976 110.221 0.485036 0.361209 0 0 4.92597 5.77976
28 21.1326 14.587 43.5176
132.976 110.221 0.485036 0.361209 0 0 4.92597 5.77976
29 21.1366 14.7402 39.9471
133.304 110.991 0.481492 0.357982 0.0020935 0 4.92586 5.76292
30 21.1366 15.1721 40.1689
133.304 110.991 0.481492 0.357982 0.0020935 0 4.92586 5.76292
31 21.1366 14.9544 46.153
133.304 110.991 0.481492 0.357982 0.0020935 0 4.92586 5.76292
32 21.1366 14.9265 47.7974
133.304 110.991 0.481492 0.357982 0.0020935 0 4.92586 5.76292
33 21.1366 14.9086 50.1173
133.304 110.991 0.481492 0.357982 0.0020935 0 4.92586 5.76292
34 21.1366 14.6582 57.6214
133.304 110.991 0.481492 0.357982 0.0020935 0 4.92586 5.76292
35 21.1366 14.0539 51.4468
133.304 110.991 0.481492 0.357982 0.0020935 0 4.92586 5.76292
36 21.1366 14.117 54.3784
133.304 110.991 0.481492 0.357982 0.0020935 0 4.92586 5.76292
37 21.1366 14.7235 43.0785
133.304 110.991 0.481492 0.357982 0.0020935 0 4.92586 5.76292
38 21.1366 15.193 41.9109
133.304 110.991 0.481492 0.357982 0.0020935 0 4.92586 5.76292
39 21.1366 15.2969 39.4405
133.304 110.991 0.481492 0.357982 0.0020935 0 4.92586 5.76292
40 21.2009 14.7195 46.1851
128.474 111.668 0.428778 0.331907 0.0214576 0 4.22511 5.92683
41 21.4545 16.3323 34.6754
142.63 102.81 0.562869 0.181313 0.107967 0 2.08488 5.44059
42 21.6687 13.5326 54.1372
133.354 110.283 0.4517 0.329126 0.0120595 0 5.93114 5.81338
43 21.6687 13.7995 50.6827
133.354 110.283 0.4517 0.329126 0.0120595 0 5.93114 5.81338
44 21.6687 14.6177 50.5917
133.354 110.283 0.4517 0.329126 0.0120595 0 5.93114 5.81338
45 21.6687 14.6432 53.5943
133.354 110.283 0.4517 0.329126 0.0120595 0 5.93114 5.81338
46 21.6687 14.8179 49.8807
133.354 110.283 0.4517 0.329126 0.0120595 0 5.93114 5.81338
47 21.6687 14.5145 41.8412
133.354 110.283 0.4517 0.329126 0.0120595 0 5.93114 5.81338
48 21.6687 15.427 40.4174
133.354 110.283 0.4517 0.329126 0.0120595 0 5.93114 5.81338
49 21.6687 15.8287 42.7272
133.354 110.283 0.4517 0.329126 0.0120595 0 5.93114 5.81338
50 22.0924 16.0199 43.9233
127.161 104.213 0.459546 0.257554 0.0301506 0 6.3417 5.22348
51 22.0924 17.076 38.5671
127.161 104.213 0.459546 0.257554 0.0301506 0 6.3417 5.22348
52 22.5878 17.3423 43.7744
127.322 104.631 0.458698 0.249206 0.02666 0 6.3793 5.21107
53 23.0892 17.2009 43.7803
107.256 100 0.546726 0.27224 0 0.0846895 7.6351 4.88948
54 23.0892 16.8638 48.3636
107.256 100 0.546726 0.27224 0 0.0846895 7.6351 4.88948
55 23.0892 16.6254 54.0764
107.256 100 0.546726 0.27224 0 0.0846895 7.6351 4.88948
56 23.0892 16.1747 52.5757
107.256 100 0.546726 0.27224 0 0.0846895 7.6351 4.88948
57 23.0892 17.5188 40.7883
107.256 100 0.546726 0.27224 0 0.0846895 7.6351 4.88948
58 23.0892 16.9851 38.0126
107.256 100 0.546726 0.27224 0 0.0846895 7.6351 4.88948
59 23.0892 18.095 27.6853
107.256 100 0.546726 0.27224 0 0.0846895 7.6351 4.88948
60 23.0892 18.8807 16.4032
107.256 100 0.546726 0.27224 0 0.0846895 7.6351 4.88948
61 23.0892 16.8163 41.7209
107.256 100 0.546726 0.27224 0 0.0846895 7.6351 4.88948
62 23.0892 18.7544 23.4639
107.256 100 0.546726 0.27224 0 0.0846895 7.6351 4.88948
63 24.0282 17.413 41.6687
110.827 100 0.577573 0.173186 0 0 8.41718 3.36103
64 24.0282 16.4504 48.3073
110.827 100 0.577573 0.173186 0 0 8.41718 3.36103
65 24.0296 16.1066 52.1504
109.741 100.851 0.572942 0.172682 0 0.00862335 8.48506 3.29549
66 24.0296 15.7337 56.044
109.741 100.851 0.572942 0.172682 0 0.00862335 8.48506 3.29549
67 24.0296 17.4935 47.0922
109.741 100.851 0.572942 0.172682 0 0.00862335 8.48506 3.29549
68 24.0296 15.414 64.3572
109.741 100.851 0.572942 0.172682 0 0.00862335 8.48506 3.29549
69 24.0641 15.984 58.6905
100 107.646 0.515235 0.229128 0.00578669 0.0309802 6.72696 3.90813
70 24.0644 15.3816 68.7763
100 107.122 0.521626 0.219409 0.00622973 0.0398667 6.70487 3.96429
71 24.069 15.1285 76.7594
102.987 107.04 0.530566 0.204063 0 0.0565191 6.54734 3.68218
72 24.57 15.3003 67.449
100 108.614 0.513005 0.213221 0 0.0160698 6.74648 3.91668
73 24.57 15.9685 58.6635
100 108.614 0.513005 0.213221 0 0.0160698 6.74648 3.91668
74 24.57 16.2634 59.6833
100 108.614 0.513005 0.213221 0 0.0160698 6.74648 3.91668
75 24.57 17.1417 59.9192
100 108.614 0.513005 0.213221 0 0.0160698 6.74648 3.91668
76 24.57 17.2034 58.2904
100 108.614 0.513005 0.213221 0 0.0160698 6.74648 3.91668
77 24.57 17.2817 49.492
100 108.614 0.513005 0.213221 0 0.0160698 6.74648 3.91668
78 24.57 17.3576 48.4218
100 108.614 0.513005 0.213221 0 0.0160698 6.74648 3.91668
79 24.57 17.0471 54.5959
100 108.614 0.513005 0.213221 0 0.0160698 6.74648 3.91668
80 24.57 17.4533 43.6895
100 108.614 0.513005 0.213221 0 0.0160698 6.74648 3.91668
81 24.57 17.4993 55.3828
100 108.614 0.513005 0.213221 0 0.0160698 6.74648 3.91668
82 24.57 14.8024 69.0148
100 108.614 0.513005 0.213221 0 0.0160698 6.74648 3.91668
83 24.57 16.135 58.7846
100 108.614 0.513005 0.213221 0 0.0160698 6.74648 3.91668
84 24.57 16.4314 57.1151
100 108.614 0.513005 0.213221 0 0.0160698 6.74648 3.91668
85 24.57 16.2362 60.2996
100 108.614 0.513005 0.213221 0 0.0160698 6.74648 3.91668
86 24.57 15.9207 60.3911
100 108.614 0.513005 0.213221 0 0.0160698 6.74648 3.91668
87 24.57 17.3979 51.0347
100 108.614 0.513005 0.213221 0 0.0160698 6.74648 3.91668
88 24.57 17.1575 51.3499
100 108.614 0.513005 0.213221 0 0.0160698 6.74648 3.91668
89 24.57 16.2622 65.3277
100 108.614 0.513005 0.213221 0 0.0160698 6.74648 3.91668
90 24.57 16.3616 65.466
100 108.614 0.513005 0.213221 0 0.0160698 6.74648 3.91668
91 24.57 17.5452 61.6159
100 108.614 0.513005 0.213221 0 0.0160698 6.74648 3.91668
92 24.57 16.9573 73.4212
100 108.614 0.513005 0.213221 0 0.0160698 6.74648 3.91668
93 24.57 17.9276 57.5371
100 108.614 0.513005 0.213221 0 0.0160698 6.74648 3.91668
94 24.57 17.6659 53.845
100 108.614 0.513005 0.213221 0 0.0160698 6.74648 3.91668
95 24.57 16.9551 57.7654
100 108.614 0.513005 0.213221 0 0.0160698 6.74648 3.91668
96 24.57 14.8342 68.3362
100 108.614 0.513005 0.213221 0 0.0160698 6.74648 3.91668
97 24.57 15.1193 70.4265
100 108.614 0.513005 0.213221 0 0.0160698 6.74648 3.91668
98 24.57 16.1867 72.485
100 108.614 0.513005 0.213221 0 0.0160698 6.74648 3.91668
99 24.57 16.4357 57.9663
100 108.614 0.513005 0.213221 0 0.0160698 6.74648 3.91668
100 24.57 16.6353 60.5738
100 108.614 0.513005 0.213221 0 0.0160698 6.74648 3.91668
