0 10.8185 1.66999 5.91846
171.446 153.703 0.141426 0.118421 0.604807 0.243294 0.0591594 0.0885729
1 11.3748 2.52602 11.1485
172.462 156.077 0.140684 0.119381 0.592826 0.297718 0 0
2 12.4278 3.54962 19.0414
180.094 122.6 0.393393 0 0.104848 0.747764 6.4017 3.91399
3 14.4818 5.41481 25.7855
181.063 119.726 0.375367 0.00559809 0.0854211 0.740902 6.42394 3.88584
4 14.4818 5.44103 24.8203
181.063 119.726 0.375367 0.00559809 0.0854211 0.740902 6.42394 3.88584
5 14.4818 6.08843 26.0069
181.063 119.726 0.375367 0.00559809 0.0854211 0.740902 6.42394 3.88584
6 14.4863 6.96155 28.8239
181.336 120.394 0.385883 0 0.0902153 0.738063 6.41209 3.92825
7 14.883 7.3957 31.9376
116.634 158.715 0.130709 0.254967 0.41461 0.15142 6.10602 0.00713562
8 14.883 8.40539 30.1718
116.634 158.715 0.130709 0.254967 0.41461 0.15142 6.10602 0.00713562
9 14.883 7.98842 31.4413
116.634 158.715 0.130709 0.254967 0.41461 0.15142 6.10602 0.00713562
10 14.883 8.86561 30.0025
116.634 158.715 0.130709 0.254967 0.41461 0.15142 6.10602 0.00713562
11 14.883 8.39494 32.3967
116.634 158.715 0.130709 0.254967 0.41461 0.15142 6.10602 0.00713562
12 17.6913 9.66443 33.7968
102.764 157.329 0.20335 0.316369 0.482227 0 4.03145 0.890252
13 17.6961 10.4638 28.9316
104.473 159.31 0.204042 0.319921 0.477686 0 4.08298 0.855746
14 17.6988 9.77296 31.4617
104.04 157.049 0.203709 0.316466 0.484685 0.0124855 4.16834 0.78719
15 17.6988 10.1132 31.08
104.04 157.049 0.203709 0.316466 0.484685 0.0124855 4.16834 0.78719
16 18.2454 10.8596 36.6296
102.761 159.18 0.195404 0.32598 0.46397 0.0212065 3.87502 0.694103
17 18.2952 10.7264 31.2559
100.996 154.865 0.188696 0.333332 0.42436 0.0031234 4.90926 0.311599
18 18.2952 11.7095 33.6726
100.996 154.865 0.188696 0.333332 0.42436 0.0031234 4.90926 0.311599
19 20.6915 12.9158 33.9514
100 146.488 0.258163 0.216413 0.396791 0.0426221 3.76334 0.593263
20 20.6915 12.8061 36.194
100 146.488 0.258163 0.216413 0.396791 0.0426221 3.76334 0.593263
21 20.6915 13.1172 32.3837
100 146.488 0.258163 0.216413 0.396791 0.0426221 3.76334 0.593263
22 20.6915 12.7033 33.2013
100 146.488 0.258163 0.216413 0.396791 0.0426221 3.76334 0.593263
23 20.6915 13.6065 32.6541
100 146.488 0.258163 0.216413 0.396791 0.0426221 3.76334 0.593263
24 20.6964 14.0011 33.5239
100.355 147.478 0.249991 0.217115 0.395182 0.0492613 3.75335 0.496614
25 21.2005 12.3668 39.758
100.401 147.478 0.250512 0.217158 0.395439 0.0490796 3.75023 0.501524
26 21.2005 13.4043 44.1999
100.401 147.478 0.250512 0.217158 0.395439 0.0490796 3.75023 0.501524
27 21.2344 13.5497 39.6881
100 146.504 0.240211 0.225471 0.402798 0.0305357 3.70114 0.341332
28 21.2344 14.2006 39.9303
100 146.504 0.240211 0.225471 0.402798 0.0305357 3.70114 0.341332
29 21.2641 14.6476 29.5482
102.899 140.876 0.239781 0.200309 0.365425 0.0446155 3.66069 0.443537
30 21.2898 14.4798 32.5266
102.829 140.505 0.237074 0.198336 0.36528 0.0453787 3.66253 0.453804
31 21.7678 15.188 28.0142
100 152.418 0.249283 0.235337 0.333094 0.0023011 2.54578 0.674053
32 21.7678 14.8849 28.914
100 152.418 0.249283 0.235337 0.333094 0.0023011 2.54578 0.674053
33 22.3364 16.0384 26.6529
100 149.683 0.226182 0.244619 0.327119 0 2.46433 0.933702
34 22.3364 15.5898 27.8199
100 149.683 0.226182 0.244619 0.327119 0 2.46433 0.933702
35 22.3364 15.2856 28.5003
100 149.683 0.226182 0.244619 0.327119 0 2.46433 0.933702
36 22.3364 14.2138 38.4281
100 149.683 0.226182 0.244619 0.327119 0 2.46433 0.933702
37 22.3364 14.7043 45.1696
100 149.683 0.226182 0.244619 0.327119 0 2.46433 0.933702
38 22.3364 14.3992 41.8822
100 149.683 0.226182 0.244619 0.327119 0 2.46433 0.933702
39 22.4016 15.1515 41.3718
100.773 138.352 0.240399 0.273236 0.22642 0 3.89055 0.147968
40 22.4016 15.3436 50.3829
100.773 138.352 0.240399 0.273236 0.22642 0 3.89055 0.147968
41 22.4016 15.3646 56.557
100.773 138.352 0.240399 0.273236 0.22642 0 3.89055 0.147968
42 22.4017 15.6521 55.3403
100 138.451 0.249259 0.253289 0.220176 0 3.91678 0.0420549
43 22.4126 15.8179 57.0064
110.015 139.136 0.242307 0.274577 0.220891 0.0481676 4.95803 0.0303441
44 22.9112 14.8378 60.1712
109.991 137.223 0.279825 0.293876 0.159488 0.0301067 5.39658 0
45 22.9112 15.4849 49.5818
109.991 137.223 0.279825 0.293876 0.159488 0.0301067 5.39658 0
46 22.9112 15.2432 58.3177
109.991 137.223 0.279825 0.293876 0.159488 0.0301067 5.39658 0
47 22.9112 14.493 58.0829
109.991 137.223 0.279825 0.293876 0.159488 0.0301067 5.39658 0
48 22.9112 16.3697 40.4482
109.991 137.223 0.279825 0.293876 0.159488 0.0301067 5.39658 0
49 23.1021 16.4638 51.8002
116.977 136.543 0.287496 0.304194 0.0382751 0 5.51149 0.0146054
50 23.2428 18.1849 37.9824
116.463 135.395 0.279047 0.310865 0.030802 0.0109724 5.58104 0.0677816
51 23.2428 17.6008 34.6459
116.463 135.395 0.279047 0.310865 0.030802 0.0109724 5.58104 0.0677816
52 23.3159 15.873 55.9427
116.126 135.655 0.273871 0.312216 0.0281538 0.00898983 5.5592 0.0429601
53 23.4836 16.3899 52.8495
104.304 128.413 0.31815 0.3325 0.0698357 0 6.95664 1.0113
54 23.5271 16.8097 42.3428
100 125.504 0.322382 0.31801 0.017711 0.0205848 5.77892 0.159575
55 23.5271 18.0761 46.5227
100 125.504 0.322382 0.31801 0.017711 0.0205848 5.77892 0.159575
56 24.3081 17.733 53.9207
105.66 128.693 0.367689 0.268173 0.0343915 0.0245322 7.38954 0.566684
57 24.3335 18.0121 55.6585
115.942 133.098 0.399952 0.305187 0 0.00155543 6.86708 0.501539
58 24.3335 19.1284 48.7413
115.942 133.098 0.399952 0.305187 0 0.00155543 6.86708 0.501539
59 25.0449 19.3351 44.1997
100 111.85 0.347587 0.323549 0.0519697 0.081552 7.1565 0.212987
60 25.0449 19.8879 36.1682
100 111.85 0.347587 0.323549 0.0519697 0.081552 7.1565 0.212987
61 25.0449 19.2886 40.2099
100 111.85 0.347587 0.323549 0.0519697 0.081552 7.1565 0.212987
62 25.2498 18.3163 59.9719
106.366 108.06 0.365986 0.334374 0 0.139611 6.95469 0.357183
63 25.2498 17.6674 55.7889
106.366 108.06 0.365986 0.334374 0 0.139611 6.95469 0.357183
64 25.2498 17.5575 58.6427
106.366 108.06 0.365986 0.334374 0 0.139611 6.95469 0.357183
65 25.2498 17.8955 74.5583
106.366 108.06 0.365986 0.334374 0 0.139611 6.95469 0.357183
66 25.3271 17.3364 72.1824
109.759 106.955 0.356377 0.343599 0 0.134479 6.76 0.570545
67 25.3271 17.1391 72.5602
109.759 106.955 0.356377 0.343599 0 0.134479 6.76 0.570545
68 25.3414 16.3556 68.3192
100.053 100 0.435053 0.272499 0.0209067 0.100884 7.69785 0.417966
69 25.3414 16.2624 80.6407
100.053 100 0.435053 0.272499 0.0209067 0.100884 7.69785 0.417966
70 25.3414 16.7177 77.9958
100.053 100 0.435053 0.272499 0.0209067 0.100884 7.69785 0.417966
71 25.3414 17.1674 73.7401
100.053 100 0.435053 0.272499 0.0209067 0.100884 7.69785 0.417966
72 25.3414 16.2706 73.1232
100.053 100 0.435053 0.272499 0.0209067 0.100884 7.69785 0.417966
73 25.3414 15.906 83.1342
100.053 100 0.435053 0.272499 0.0209067 0.100884 7.69785 0.417966
74 25.3414 14.6954 96.7899
100.053 100 0.435053 0.272499 0.0209067 0.100884 7.69785 0.417966
75 25.3414 16.5223 68.8469
100.053 100 0.435053 0.272499 0.0209067 0.100884 7.69785 0.417966
76 26.6076 19.081 51.8793
106.076 100 0.205202 0.347585 0.1001 0.0684699 4.20702 0.305648
77 26.6076 19.642 33.3459
106.076 100 0.205202 0.347585 0.1001 0.0684699 4.20702 0.305648
78 26.6076 18.7055 50.1733
106.076 100 0.205202 0.347585 0.1001 0.0684699 4.20702 0.305648
79 26.6076 16.2235 74.7318
106.076 100 0.205202 0.347585 0.1001 0.0684699 4.20702 0.305648
80 26.6076 17.7049 58.8381
106.076 100 0.205202 0.347585 0.1001 0.0684699 4.20702 0.305648
81 26.6076 17.0618 78.6936
106.076 100 0.205202 0.347585 0.1001 0.0684699 4.20702 0.305648
82 26.6076 17.6186 70.067
106.076 100 0.205202 0.347585 0.1001 0.0684699 4.20702 0.305648
83 26.6076 17.5587 66.3313
106.076 100 0.205202 0.347585 0.1001 0.0684699 4.20702 0.305648
84 26.6076 18.4999 62.7794
106.076 100 0.205202 0.347585 0.1001 0.0684699 4.20702 0.305648
85 26.6076 17.2378 76.3105
106.076 100 0.205202 0.347585 0.1001 0.0684699 4.20702 0.305648
86 26.6076 17.2476 84.6339
106.076 100 0.205202 0.347585 0.1001 0.0684699 4.20702 0.305648
87 26.6076 18.1698 85.6294
106.076 100 0.205202 0.347585 0.1001 0.0684699 4.20702 0.305648
88 26.6076 19.508 58.95
106.076 100 0.205202 0.347585 0.1001 0.0684699 4.20702 0.305648
89 26.6076 18.007 79.2219
106.076 100 0.205202 0.347585 0.1001 0.0684699 4.20702 0.305648
90 26.6076 18.8939 67.9806
106.076 100 0.205202 0.347585 0.1001 0.0684699 4.20702 0.305648
91 26.6076 17.317 81.105
106.076 100 0.205202 0.347585 0.1001 0.0684699 4.20702 0.305648
92 26.6796 17.2231 79.2245
105.531 100 0.231372 0.350361 0.0562342 0.0434096 3.53859 0.722557
93 26.6796 16.9533 88.0622
105.531 100 0.231372 0.350361 0.0562342 0.0434096 3.53859 0.722557
94 26.6796 16.2691 104.656
105.531 100 0.231372 0.350361 0.0562342 0.0434096 3.53859 0.722557
95 26.6796 16.176 92.6908
105.531 100 0.231372 0.350361 0.0562342 0.0434096 3.53859 0.722557
96 26.6796 17.9035 74.6964
105.531 100 0.231372 0.350361 0.0562342 0.0434096 3.53859 0.722557
97 26.6796 17.6764 75.9579
105.531 100 0.231372 0.350361 0.0562342 0.0434096 3.53859 0.722557
98 26.6796 16.8572 84.1538
105.531 100 0.231372 0.350361 0.0562342 0.0434096 3.53859 0.722557
99 26.6796 16.6949 75.3225
105.531 100 0.231372 0.350361 0.0562342 0.0434096 3.53859 0.722557
100 26.6796 18.2478 69.7059
105.531 100 0.231372 0.350361 0.0562342 0.0434096 3.53859 0.722557
