0 8.53801 0.489817 3.59812
123.237 173.451 0.0086844 0.624758 0.275511 0.318857 1.08926 0.417821
1 8.53801 0.511067 3.58198
123.237 173.451 0.0086844 0.624758 0.275511 0.318857 1.08926 0.417821
2 8.53801 0.747261 4.23224
123.237 173.451 0.0086844 0.624758 0.275511 0.318857 1.08926 0.417821
3 25.7046 2.3775 36.3367
116.139 167.829 0.0107993 0.521948 0.447918 0.40968 0.362161 0
4 25.7713 3.4431 62.4975
113.514 166.952 0.0105115 0.520789 0.372438 0.373631 2.19326 0.251009
5 26.0441 4.90717 88.6825
151.243 194.093 0.0361835 0.466333 0.123084 0.270415 0 0.226291
6 26.0441 5.77319 108.204
151.243 194.093 0.0361835 0.466333 0.123084 0.270415 0 0.226291
7 26.1285 7.71493 127.425
106.833 175.285 0.0192611 0.431879 0.332241 0.201273 0 0.845477
8 26.1285 8.06796 117.991
106.833 175.285 0.0192611 0.431879 0.332241 0.201273 0 0.845477
9 26.1285 4.70029 71.9812
106.833 175.285 0.0192611 0.431879 0.332241 0.201273 0 0.845477
10 26.1285 6.14719 89.0271
106.833 175.285 0.0192611 0.431879 0.332241 0.201273 0 0.845477
11 26.1457 10.8398 140.334
118.97 173.782 0.0341321 0.484843 0.393795 0.036074 1.29342 0.876984
12 26.1457 10.2733 130.366
118.97 173.782 0.0341321 0.484843 0.393795 0.036074 1.29342 0.876984
13 26.1457 9.17997 111.752
118.97 173.782 0.0341321 0.484843 0.393795 0.036074 1.29342 0.876984
14 26.1669 8.53075 120.669
120.122 174.202 0.0193086 0.478477 0.397978 0.0450178 1.26321 0.754492
15 26.1669 12.3601 144.297
120.122 174.202 0.0193086 0.478477 0.397978 0.0450178 1.26321 0.754492
16 26.2317 13.9364 160.222
103.387 163.51 0.0457987 0.449263 0.0839042 0 2.7894 0.72843
17 26.2317 10.0021 146.127
103.387 163.51 0.0457987 0.449263 0.0839042 0 2.7894 0.72843
18 26.2317 11.3867 154.646
103.387 163.51 0.0457987 0.449263 0.0839042 0 2.7894 0.72843
19 26.2317 12.8274 156.59
103.387 163.51 0.0457987 0.449263 0.0839042 0 2.7894 0.72843
20 26.3708 16.0942 150.635
100 176.254 0.0476201 0.334156 0.137377 0 3.82017 1.6898
21 26.3708 15.312 145.44
100 176.254 0.0476201 0.334156 0.137377 0 3.82017 1.6898
22 26.4062 15.2871 137.876
100 173.211 0.028009 0.308897 0.123993 0.0450425 3.84543 1.58086
23 26.4395 15.2457 143.393
120.778 171.896 0.0467056 0.356416 0.117006 0 3.96676 2.91826
24 26.4721 16.442 152.741
100 170.248 0.0634634 0.297867 0.0206854 0.0376666 4.14706 1.98956
25 26.484 15.2712 156.386
115.823 165.564 0.065734 0.220234 0.179722 0.0500321 5.24875 1.29949
26 26.484 17.614 148.586
115.823 165.564 0.065734 0.220234 0.179722 0.0500321 5.24875 1.29949
27 26.4909 15.549 153.557
119.354 164.245 0.0601273 0.240199 0.181362 0.0415748 5.16169 1.39952
28 26.4909 12.6754 161.093
119.354 164.245 0.0601273 0.240199 0.181362 0.0415748 5.16169 1.39952
29 26.6386 15.0834 165.026
138.141 170.041 0.00995464 0.196276 0.0187207 0.00298435 4.96136 2.03441
30 26.6386 16.3894 156.185
138.141 170.041 0.00995464 0.196276 0.0187207 0.00298435 4.96136 2.03441
31 26.9229 21.6963 94.7484
141.36 152.956 0.019635 0.12925 0.0331597 0 3.87033 2.51711
32 26.9229 19.461 130.981
141.36 152.956 0.019635 0.12925 0.0331597 0 3.87033 2.51711
33 26.9842 22.3336 91.8565
141.196 156.076 0.012879 0.144728 0.0450032 0 3.53826 2.39131
34 27.5803 16.1321 145.865
143.579 154.028 0.00657396 0.102365 0.0325562 0 3.62585 2.33847
35 30.6114 18.6873 134.077
136.095 153.293 0.000834362 0.0657752 0.110134 0 3.74389 3.26953
36 30.6114 18.4739 139.009
136.095 153.293 0.000834362 0.0657752 0.110134 0 3.74389 3.26953
37 30.6114 17.986 145.255
136.095 153.293 0.000834362 0.0657752 0.110134 0 3.74389 3.26953
38 30.6114 15.8838 158.536
136.095 153.293 0.000834362 0.0657752 0.110134 0 3.74389 3.26953
39 30.6114 16.67 154.548
136.095 153.293 0.000834362 0.0657752 0.110134 0 3.74389 3.26953
40 30.6114 16.7219 152.102
136.095 153.293 0.000834362 0.0657752 0.110134 0 3.74389 3.26953
41 30.6114 15.5392 153.501
136.095 153.293 0.000834362 0.0657752 0.110134 0 3.74389 3.26953
42 30.6114 17.4553 137.967
136.095 153.293 0.000834362 0.0657752 0.110134 0 3.74389 3.26953
43 30.6114 17.6065 140.953
136.095 153.293 0.000834362 0.0657752 0.110134 0 3.74389 3.26953
44 30.6114 17.5927 142.203
136.095 153.293 0.000834362 0.0657752 0.110134 0 3.74389 3.26953
45 30.6114 17.2083 136.684
136.095 153.293 0.000834362 0.0657752 0.110134 0 3.74389 3.26953
46 30.6114 18.5881 124.794
136.095 153.293 0.000834362 0.0657752 0.110134 0 3.74389 3.26953
47 30.6114 20.4007 121.131
136.095 153.293 0.000834362 0.0657752 0.110134 0 3.74389 3.26953
48 30.6114 21.3133 102.524
136.095 153.293 0.000834362 0.0657752 0.110134 0 3.74389 3.26953
49 30.6114 20.2961 99.16
136.095 153.293 0.000834362 0.0657752 0.110134 0 3.74389 3.26953
50 30.6114 17.6085 128.198
136.095 153.293 0.000834362 0.0657752 0.110134 0 3.74389 3.26953
51 30.6114 18.8205 101.89
136.095 153.293 0.000834362 0.0657752 0.110134 0 3.74389 3.26953
52 30.6114 21.5663 79.8106
136.095 153.293 0.000834362 0.0657752 0.110134 0 3.74389 3.26953
53 30.6114 15.3197 125.973
136.095 153.293 0.000834362 0.0657752 0.110134 0 3.74389 3.26953
54 30.6114 18.8205 112.441
136.095 153.293 0.000834362 0.0657752 0.110134 0 3.74389 3.26953
55 30.6114 19.1449 118.486
136.095 153.293 0.000834362 0.0657752 0.110134 0 3.74389 3.26953
56 30.6114 17.2753 128.711
136.095 153.293 0.000834362 0.0657752 0.110134 0 3.74389 3.26953
57 30.6114 18.5964 107.683
136.095 153.293 0.000834362 0.0657752 0.110134 0 3.74389 3.26953
58 30.6114 20.1998 97.7973
136.095 153.293 0.000834362 0.0657752 0.110134 0 3.74389 3.26953
59 30.6114 16.2177 144.493
136.095 153.293 0.000834362 0.0657752 0.110134 0 3.74389 3.26953
60 30.6114 18.4805 129.386
136.095 153.293 0.000834362 0.0657752 0.110134 0 3.74389 3.26953
61 30.6114 17.5097 139.385
136.095 153.293 0.000834362 0.0657752 0.110134 0 3.74389 3.26953
62 30.6114 20.6104 88.2803
136.095 153.293 0.000834362 0.0657752 0.110134 0 3.74389 3.26953
63 36.4664 20.967 118.006
147.693 159.301 0.0502618 0.172919 0.17863 0 8.01301 4.21872
64 37.6109 21.787 117.198
147.628 159.49 0.0504572 0.17106 0.174602 0 8.00193 4.2466
65 37.6109 19.879 156.52
147.628 159.49 0.0504572 0.17106 0.174602 0 8.00193 4.2466
66 37.6109 21.7722 125.514
147.628 159.49 0.0504572 0.17106 0.174602 0 8.00193 4.2466
67 37.6109 20.1504 155.973
147.628 159.49 0.0504572 0.17106 0.174602 0 8.00193 4.2466
68 37.6109 22.2013 125.049
147.628 159.49 0.0504572 0.17106 0.174602 0 8.00193 4.2466
69 37.6109 20.1501 143.168
147.628 159.49 0.0504572 0.17106 0.174602 0 8.00193 4.2466
70 37.6109 20.6177 146.811
147.628 159.49 0.0504572 0.17106 0.174602 0 8.00193 4.2466
71 37.6109 18.5528 165.374
147.628 159.49 0.0504572 0.17106 0.174602 0 8.00193 4.2466
72 37.6109 20.881 135.914
147.628 159.49 0.0504572 0.17106 0.174602 0 8.00193 4.2466
73 37.6109 20.3303 138.187
147.628 159.49 0.0504572 0.17106 0.174602 0 8.00193 4.2466
74 37.6109 24.8633 76.2459
147.628 159.49 0.0504572 0.17106 0.174602 0 8.00193 4.2466
75 37.6109 21.603 134.456
147.628 159.49 0.0504572 0.17106 0.174602 0 8.00193 4.2466
76 37.6109 23.1012 113.04
147.628 159.49 0.0504572 0.17106 0.174602 0 8.00193 4.2466
77 37.6109 23.3704 110.074
147.628 159.49 0.0504572 0.17106 0.174602 0 8.00193 4.2466
78 37.6109 25.7132 63.33
147.628 159.49 0.0504572 0.17106 0.174602 0 8.00193 4.2466
79 37.6109 23.8389 78.3317
147.628 159.49 0.0504572 0.17106 0.174602 0 8.00193 4.2466
80 37.6109 20.9786 111.545
147.628 159.49 0.0504572 0.17106 0.174602 0 8.00193 4.2466
81 37.6109 24.2332 82.5164
147.628 159.49 0.0504572 0.17106 0.174602 0 8.00193 4.2466
82 37.6109 21.8993 115.367
147.628 159.49 0.0504572 0.17106 0.174602 0 8.00193 4.2466
83 37.6109 23.3798 116.483
147.628 159.49 0.0504572 0.17106 0.174602 0 8.00193 4.2466
84 37.6109 18.9743 152.871
147.628 159.49 0.0504572 0.17106 0.174602 0 8.00193 4.2466
85 37.6109 24.4978 107.085
147.628 159.49 0.0504572 0.17106 0.174602 0 8.00193 4.2466
86 37.6109 25.1164 107.107
147.628 159.49 0.0504572 0.17106 0.174602 0 8.00193 4.2466
87 37.6109 25.8257 78.8754
147.628 159.49 0.0504572 0.17106 0.174602 0 8.00193 4.2466
88 37.6109 24.0006 104.76
147.628 159.49 0.0504572 0.17106 0.174602 0 8.00193 4.2466
89 37.6109 17.6741 184.546
147.628 159.49 0.0504572 0.17106 0.174602 0 8.00193 4.2466
90 37.6109 21.9127 120.317
147.628 159.49 0.0504572 0.17106 0.174602 0 8.00193 4.2466
91 37.6109 21.3006 143.865
147.628 159.49 0.0504572 0.17106 0.174602 0 8.00193 4.2466
92 37.6109 18.7759 168.888
147.628 159.49 0.0504572 0.17106 0.174602 0 8.00193 4.2466
93 37.6109 25.2509 83.237
147.628 159.49 0.0504572 0.17106 0.174602 0 8.00193 4.2466
94 37.6109 21.9254 126.427
147.628 159.49 0.0504572 0.17106 0.174602 0 8.00193 4.2466
95 37.6109 21.3437 117.724
147.628 159.49 0.0504572 0.17106 0.174602 0 8.00193 4.2466
96 37.6109 20.6414 130.355
147.628 159.49 0.0504572 0.17106 0.174602 0 8.00193 4.2466
97 37.6109 19.1856 127.416
147.628 159.49 0.0504572 0.17106 0.174602 0 8.00193 4.2466
98 37.6109 22.813 116.392
147.628 159.49 0.0504572 0.17106 0.174602 0 8.00193 4.2466
99 37.6109 23.1871 104.19
147.628 159.49 0.0504572 0.17106 0.174602 0 8.00193 4.2466
100 37.6109 21.6796 120.264
147.628 159.49 0.0504572 0.17106 0.174602 0 8.00193 4.2466
