0 10.8015 2.46872 4.99335
114.086 148.779 0.387664 0.110602 0.187921 0.290764 1.41896 1.30125
1 10.8015 3.06443 7.16607
114.086 148.779 0.387664 0.110602 0.187921 0.290764 1.41896 1.30125
2 12.4381 4.10488 12.3648
125.934 152.473 0.328909 0.187946 0.250227 0.350061 1.49625 1.10818
3 12.4381 5.1013 14.4343
125.934 152.473 0.328909 0.187946 0.250227 0.350061 1.49625 1.10818
4 19.1269 6.35685 26.2147
119.227 154.89 0.371411 0.259573 0.0302883 0.0846481 2.79387 3.41298
5 19.1269 7.29163 27.9148
119.227 154.89 0.371411 0.259573 0.0302883 0.0846481 2.79387 3.41298
6 19.1269 8.31366 35.6492
119.227 154.89 0.371411 0.259573 0.0302883 0.0846481 2.79387 3.41298
7 19.8644 8.41583 38.5928
118.273 158.934 0.346636 0.282942 0 0.0807399 3.60877 3.76785
8 19.8644 9.24918 38.4323
118.273 158.934 0.346636 0.282942 0 0.0807399 3.60877 3.76785
9 19.8644 10.2059 38.9665
118.273 158.934 0.346636 0.282942 0 0.0807399 3.60877 3.76785
10 19.8644 10.9931 42.6508
118.273 158.934 0.346636 0.282942 0 0.0807399 3.60877 3.76785
11 19.8644 10.125 46.7104
118.273 158.934 0.346636 0.282942 0 0.0807399 3.60877 3.76785
12 19.8644 12.5368 45.1365
118.273 158.934 0.346636 0.282942 0 0.0807399 3.60877 3.76785
13 19.8644 12.5693 43.3543
118.273 158.934 0.346636 0.282942 0 0.0807399 3.60877 3.76785
14 20.0246 13.861 34.8616
121.578 150.626 0.303366 0.398183 0 0.0417123 0.17595 3.16722
15 20.0388 14.3194 33.6886
118.261 158.922 0.348015 0.283618 0 0.0811198 3.60498 3.77444
16 20.1188 14.3243 30.5956
106.89 159.882 0.314241 0.304739 0 0.0796121 3.4221 4.00853
17 20.6119 13.4548 39.325
117.432 149.117 0.308838 0.392089 0.0148667 0.0399489 0.388727 4.30952
18 20.6119 13.3342 36.448
117.432 149.117 0.308838 0.392089 0.0148667 0.0399489 0.388727 4.30952
19 20.6119 12.7383 35.1628
117.432 149.117 0.308838 0.392089 0.0148667 0.0399489 0.388727 4.30952
20 20.6119 11.5636 49.8015
117.432 149.117 0.308838 0.392089 0.0148667 0.0399489 0.388727 4.30952
21 20.6119 11.5988 54.9446
117.432 149.117 0.308838 0.392089 0.0148667 0.0399489 0.388727 4.30952
22 20.6119 11.8081 56.964
117.432 149.117 0.308838 0.392089 0.0148667 0.0399489 0.388727 4.30952
23 20.6119 12.8999 41.9824
117.432 149.117 0.308838 0.392089 0.0148667 0.0399489 0.388727 4.30952
24 20.6119 13.2059 37.6522
117.432 149.117 0.308838 0.392089 0.0148667 0.0399489 0.388727 4.30952
25 20.6119 13.0457 37.9367
117.432 149.117 0.308838 0.392089 0.0148667 0.0399489 0.388727 4.30952
26 20.6119 14.5575 27.3886
117.432 149.117 0.308838 0.392089 0.0148667 0.0399489 0.388727 4.30952
27 20.6119 15.3603 26.5456
117.432 149.117 0.308838 0.392089 0.0148667 0.0399489 0.388727 4.30952
28 20.6119 16.1247 28.1082
117.432 149.117 0.308838 0.392089 0.0148667 0.0399489 0.388727 4.30952
29 20.6119 14.8491 34.4119
117.432 149.117 0.308838 0.392089 0.0148667 0.0399489 0.388727 4.30952
30 20.6119 14.4728 35.0308
117.432 149.117 0.308838 0.392089 0.0148667 0.0399489 0.388727 4.30952
31 20.6119 14.0297 29.2501
117.432 149.117 0.308838 0.392089 0.0148667 0.0399489 0.388727 4.30952
32 20.6119 14.7493 35.1849
117.432 149.117 0.308838 0.392089 0.0148667 0.0399489 0.388727 4.30952
33 20.7549 14.8357 36.8676
115.543 144.759 0.325212 0.37975 0 0.00595582 0.343924 4.63272
34 20.7549 13.9804 37.033
115.543 144.759 0.325212 0.37975 0 0.00595582 0.343924 4.63272
35 20.7549 13.2896 53.3063
115.543 144.759 0.325212 0.37975 0 0.00595582 0.343924 4.63272
36 20.7549 14.059 48.9792
115.543 144.759 0.325212 0.37975 0 0.00595582 0.343924 4.63272
37 20.7549 13.8349 45.8164
115.543 144.759 0.325212 0.37975 0 0.00595582 0.343924 4.63272
38 21.6457 14.1398 53.9024
108.997 139.048 0.340006 0.362306 0.00151486 0.00126315 0.290555 3.65264
39 21.6457 13.8705 50.2127
108.997 139.048 0.340006 0.362306 0.00151486 0.00126315 0.290555 3.65264
40 21.6457 15.1904 41.2755
108.997 139.048 0.340006 0.362306 0.00151486 0.00126315 0.290555 3.65264
41 21.6457 16.0021 39.7066
108.997 139.048 0.340006 0.362306 0.00151486 0.00126315 0.290555 3.65264
42 21.6457 15.032 38.9286
108.997 139.048 0.340006 0.362306 0.00151486 0.00126315 0.290555 3.65264
43 21.6457 15.3112 41.3073
108.997 139.048 0.340006 0.362306 0.00151486 0.00126315 0.290555 3.65264
44 21.7256 14.2699 41.5596
109.033 143.599 0.31764 0.40227 0.00438362 0.0161501 0.388606 4.15213
45 21.7256 15.2315 38.0491
109.033 143.599 0.31764 0.40227 0.00438362 0.0161501 0.388606 4.15213
46 22.1668 15.7619 33.4551
107.017 140.407 0.33511 0.36795 0.0155606 0.00511666 0.356995 3.25548
47 22.1668 14.1311 46.5033
107.017 140.407 0.33511 0.36795 0.0155606 0.00511666 0.356995 3.25548
48 22.1756 14.2162 45.3521
111.11 140.801 0.347351 0.385174 0 0.000542783 0.248451 3.37166
49 22.1756 14.9165 53.2689
111.11 140.801 0.347351 0.385174 0 0.000542783 0.248451 3.37166
50 22.1881 14.6397 39.2578
106.961 140.388 0.333883 0.367603 0.0140611 0.004813 0.350983 3.25783
51 22.2142 15.6463 45.8609
107.298 140.768 0.33195 0.367949 0.014482 0.0100564 0.482411 3.09891
52 22.2142 14.6958 53.3584
107.298 140.768 0.33195 0.367949 0.014482 0.0100564 0.482411 3.09891
53 22.2142 12.7538 61.853
107.298 140.768 0.33195 0.367949 0.014482 0.0100564 0.482411 3.09891
54 22.2142 12.7095 55.7442
107.298 140.768 0.33195 0.367949 0.014482 0.0100564 0.482411 3.09891
55 22.2142 14.5195 53.6764
107.298 140.768 0.33195 0.367949 0.014482 0.0100564 0.482411 3.09891
56 22.2142 15.6334 50.0127
107.298 140.768 0.33195 0.367949 0.014482 0.0100564 0.482411 3.09891
57 22.2142 16.3647 42.4363
107.298 140.768 0.33195 0.367949 0.014482 0.0100564 0.482411 3.09891
58 22.2429 16.6541 41.3818
107.02 140.682 0.330273 0.368252 0.010325 0.00789005 0.518883 3.1318
59 22.2429 17.3297 34.6249
107.02 140.682 0.330273 0.368252 0.010325 0.00789005 0.518883 3.1318
60 22.2429 16.4488 35.77
107.02 140.682 0.330273 0.368252 0.010325 0.00789005 0.518883 3.1318
61 22.2508 17.6109 29.0686
106.991 140.54 0.331538 0.377888 0.00913636 0.0127545 0.436647 3.18009
62 22.2508 16.9175 39.9533
106.991 140.54 0.331538 0.377888 0.00913636 0.0127545 0.436647 3.18009
63 22.2508 16.6373 40.125
106.991 140.54 0.331538 0.377888 0.00913636 0.0127545 0.436647 3.18009
64 22.2582 15.7778 40.4465
109.182 134.929 0.334604 0.373848 0.00777825 0 0.717502 2.27926
65 22.2582 15.4026 57.0891
109.182 134.929 0.334604 0.373848 0.00777825 0 0.717502 2.27926
66 22.3757 15.9101 56.362
109.355 136.855 0.379294 0.368975 0.0171581 0.00541117 0.39233 3.31365
67 22.3757 15.4982 51.3433
109.355 136.855 0.379294 0.368975 0.0171581 0.00541117 0.39233 3.31365
68 22.3757 14.8147 52.0935
109.355 136.855 0.379294 0.368975 0.0171581 0.00541117 0.39233 3.31365
69 22.3757 13.3577 60.3028
109.355 136.855 0.379294 0.368975 0.0171581 0.00541117 0.39233 3.31365
70 22.3757 13.1136 62.9991
109.355 136.855 0.379294 0.368975 0.0171581 0.00541117 0.39233 3.31365
71 22.3757 13.7892 63.2914
109.355 136.855 0.379294 0.368975 0.0171581 0.00541117 0.39233 3.31365
72 22.3757 14.2736 54.15
109.355 136.855 0.379294 0.368975 0.0171581 0.00541117 0.39233 3.31365
73 22.3757 14.5398 56.0958
109.355 136.855 0.379294 0.368975 0.0171581 0.00541117 0.39233 3.31365
74 22.3757 15.6358 52.0502
109.355 136.855 0.379294 0.368975 0.0171581 0.00541117 0.39233 3.31365
75 22.3757 13.6452 58.9582
109.355 136.855 0.379294 0.368975 0.0171581 0.00541117 0.39233 3.31365
76 22.3757 15.1541 46.7199
109.355 136.855 0.379294 0.368975 0.0171581 0.00541117 0.39233 3.31365
77 22.3757 15.6598 37.1886
109.355 136.855 0.379294 0.368975 0.0171581 0.00541117 0.39233 3.31365
78 22.3757 16.4388 35.4041
109.355 136.855 0.379294 0.368975 0.0171581 0.00541117 0.39233 3.31365
79 22.9827 17.1327 34.6821
106.813 133.701 0.365925 0.37284 0.00406916 0.0121045 0.613619 3.4509
80 22.9827 17.2811 39.1987
106.813 133.701 0.365925 0.37284 0.00406916 0.0121045 0.613619 3.4509
81 22.9827 17.2966 30.201
106.813 133.701 0.365925 0.37284 0.00406916 0.0121045 0.613619 3.4509
82 22.9827 16.8917 37.2903
106.813 133.701 0.365925 0.37284 0.00406916 0.0121045 0.613619 3.4509
83 22.9827 16.5334 40.4955
106.813 133.701 0.365925 0.37284 0.00406916 0.0121045 0.613619 3.4509
84 22.9827 15.4924 36.6173
106.813 133.701 0.365925 0.37284 0.00406916 0.0121045 0.613619 3.4509
85 22.9827 16.7331 36.136
106.813 133.701 0.365925 0.37284 0.00406916 0.0121045 0.613619 3.4509
86 22.9827 17.2363 33.0996
106.813 133.701 0.365925 0.37284 0.00406916 0.0121045 0.613619 3.4509
87 22.9827 16.2735 36.3664
106.813 133.701 0.365925 0.37284 0.00406916 0.0121045 0.613619 3.4509
88 22.9827 16.202 31.058
106.813 133.701 0.365925 0.37284 0.00406916 0.0121045 0.613619 3.4509
89 22.997 15.9951 38.3297
100.153 130.3 0.372507 0.38792 0 0 0.501502 3.58611
90 23.0181 16.4308 40.3733
102.551 132.802 0.366681 0.387378 0.00526493 0.0102409 0.157761 3.35968
91 23.0181 15.2106 38.5754
102.551 132.802 0.366681 0.387378 0.00526493 0.0102409 0.157761 3.35968
92 23.0181 16.1343 36.7534
102.551 132.802 0.366681 0.387378 0.00526493 0.0102409 0.157761 3.35968
93 23.0181 17.0251 25.7371
102.551 132.802 0.366681 0.387378 0.00526493 0.0102409 0.157761 3.35968
94 23.0181 14.8701 51.7378
102.551 132.802 0.366681 0.387378 0.00526493 0.0102409 0.157761 3.35968
95 23.0181 15.2664 53.8601
102.551 132.802 0.366681 0.387378 0.00526493 0.0102409 0.157761 3.35968
96 23.0181 14.0638 64.4284
102.551 132.802 0.366681 0.387378 0.00526493 0.0102409 0.157761 3.35968
97 23.0181 13.627 63.2802
102.551 132.802 0.366681 0.387378 0.00526493 0.0102409 0.157761 3.35968
98 23.0181 14.287 61.7877
102.551 132.802 0.366681 0.387378 0.00526493 0.0102409 0.157761 3.35968
99 23.0181 13.8736 63.6424
102.551 132.802 0.366681 0.387378 0.00526493 0.0102409 0.157761 3.35968
100 23.0181 14.1831 59.8635
102.551 132.802 0.366681 0.387378 0.00526493 0.0102409 0.157761 3.35968
