0 7.2513 1.46061 3.85901
185.196 175.306 0.33178 0.253557 0.518004 0.329059 9.20748 6.51816
1 10.4523 2.76053 9.19945
135.372 115.826 0.22884 0.141981 0.156992 0.564474 1.22092 1.56935
2 13.1646 4.06243 15.7344
128.05 102.487 0.264104 0.0851539 0.079851 0.587019 0.922099 0
3 16.0328 5.6473 24.7706
136.668 110.381 0.375263 0.0726407 0.0560201 0.605288 0.829307 0
4 16.5771 6.99691 29.8102
127.464 100.887 0.357198 0.0772296 0.11074 0.578152 1.45435 0
5 17.5404 8.58464 39.3019
141.835 121.731 0.420409 0 0 0.636596 0.337184 0
6 20.623 9.78313 42.1196
106.455 115.681 0.400982 0.0341866 0.0731624 0.431877 1.42058 2.63396
7 20.623 10.5725 42.4583
106.455 115.681 0.400982 0.0341866 0.0731624 0.431877 1.42058 2.63396
8 20.623 10.3097 48.4329
106.455 115.681 0.400982 0.0341866 0.0731624 0.431877 1.42058 2.63396
9 20.6335 10.8827 50.7397
105.855 117.526 0.394356 0.0461787 0.0861696 0.435092 1.23303 2.78711
10 20.6335 11.8671 54.7309
105.855 117.526 0.394356 0.0461787 0.0861696 0.435092 1.23303 2.78711
11 20.6335 11.9997 57.2833
105.855 117.526 0.394356 0.0461787 0.0861696 0.435092 1.23303 2.78711
12 20.6335 13.5976 55.296
105.855 117.526 0.394356 0.0461787 0.0861696 0.435092 1.23303 2.78711
13 20.6335 13.7001 54.9013
105.855 117.526 0.394356 0.0461787 0.0861696 0.435092 1.23303 2.78711
14 20.6335 13.1678 55.1075
105.855 117.526 0.394356 0.0461787 0.0861696 0.435092 1.23303 2.78711
15 21.1306 13.7834 65.7379
108.693 114.938 0.418796 0.0881502 0.00986871 0.336927 1.04505 2.62876
16 21.1306 13.8113 54.9051
108.693 114.938 0.418796 0.0881502 0.00986871 0.336927 1.04505 2.62876
17 21.1325 13.7953 47.253
108.471 115.198 0.417761 0.0876725 0.0107561 0.336419 1.01632 2.64004
18 21.1325 14.3097 52.5984
108.471 115.198 0.417761 0.0876725 0.0107561 0.336419 1.01632 2.64004
19 21.6603 15.0898 45.3818
109.99 111.657 0.410804 0.0916031 0 0.322803 0.92251 2.75734
20 21.6603 15.7195 40.5398
109.99 111.657 0.410804 0.0916031 0 0.322803 0.92251 2.75734
21 23.0511 13.8174 57.138
100 100 0.507051 0 0.0214595 0.261232 5.29455 6.63349
22 23.0511 14.3705 51.391
100 100 0.507051 0 0.0214595 0.261232 5.29455 6.63349
23 23.0706 15.4801 44.0764
100 100 0.522818 0.032694 0.0453244 0.294857 5.52912 6.51675
24 23.0706 15.695 47.706
100 100 0.522818 0.032694 0.0453244 0.294857 5.52912 6.51675
25 23.0706 15.7996 54.1037
100 100 0.522818 0.032694 0.0453244 0.294857 5.52912 6.51675
26 23.0706 15.9848 45.731
100 100 0.522818 0.032694 0.0453244 0.294857 5.52912 6.51675
27 23.0706 14.6219 53.481
100 100 0.522818 0.032694 0.0453244 0.294857 5.52912 6.51675
28 23.0706 15.9453 44.4697
100 100 0.522818 0.032694 0.0453244 0.294857 5.52912 6.51675
29 23.0706 15.2233 45.0905
100 100 0.522818 0.032694 0.0453244 0.294857 5.52912 6.51675
30 23.0706 15.877 52.5095
100 100 0.522818 0.032694 0.0453244 0.294857 5.52912 6.51675
31 23.0706 16.4386 50.3727
100 100 0.522818 0.032694 0.0453244 0.294857 5.52912 6.51675
32 23.0706 16.7146 55.4604
100 100 0.522818 0.032694 0.0453244 0.294857 5.52912 6.51675
33 23.0706 16.5596 55.9386
100 100 0.522818 0.032694 0.0453244 0.294857 5.52912 6.51675
34 23.0786 17.0943 52.1307
101.446 100 0.510265 0.0236025 0.0455738 0.310105 5.46505 6.37895
35 23.0786 18.532 36.9131
101.446 100 0.510265 0.0236025 0.0455738 0.310105 5.46505 6.37895
36 23.0922 18.2313 37.5084
101.338 103.311 0.521959 0.0486118 0.0174728 0.324303 5.39036 6.8629
37 23.0922 18.6385 17.8242
101.338 103.311 0.521959 0.0486118 0.0174728 0.324303 5.39036 6.8629
38 23.0922 18.8388 23.7679
101.338 103.311 0.521959 0.0486118 0.0174728 0.324303 5.39036 6.8629
39 23.0922 17.7706 34.0412
101.338 103.311 0.521959 0.0486118 0.0174728 0.324303 5.39036 6.8629
40 23.0922 17.4877 20.5018
101.338 103.311 0.521959 0.0486118 0.0174728 0.324303 5.39036 6.8629
41 23.0922 16.2735 44.0774
101.338 103.311 0.521959 0.0486118 0.0174728 0.324303 5.39036 6.8629
42 23.0922 16.078 50.9603
101.338 103.311 0.521959 0.0486118 0.0174728 0.324303 5.39036 6.8629
43 23.0957 14.9687 47.8279
101.16 102.432 0.512749 0.0385475 0.0140595 0.333994 5.38799 6.9091
44 23.5576 16.611 42.2386
102.85 100 0.517174 0.0211988 0.0126608 0.258019 6.30038 6.96496
45 23.5576 15.9693 48.7257
102.85 100 0.517174 0.0211988 0.0126608 0.258019 6.30038 6.96496
46 23.5576 15.882 48.0927
102.85 100 0.517174 0.0211988 0.0126608 0.258019 6.30038 6.96496
47 23.5604 15.9069 53.6276
100 100 0.517483 0 0 0.274529 6.12976 7.15999
48 23.5604 15.9948 59.1346
100 100 0.517483 0 0 0.274529 6.12976 7.15999
49 23.5604 14.9699 64.9174
100 100 0.517483 0 0 0.274529 6.12976 7.15999
50 24.0878 16.6519 56.1533
100 100 0.504075 0 0 0.303783 6.94571 7.08999
51 24.0878 16.9871 56.2934
100 100 0.504075 0 0 0.303783 6.94571 7.08999
52 24.0878 17.9324 49.726
100 100 0.504075 0 0 0.303783 6.94571 7.08999
53 24.0878 17.0039 48.6646
100 100 0.504075 0 0 0.303783 6.94571 7.08999
54 24.0878 17.538 46.7446
100 100 0.504075 0 0 0.303783 6.94571 7.08999
55 24.0878 15.9697 56.8688
100 100 0.504075 0 0 0.303783 6.94571 7.08999
56 24.0878 16.7332 65.4337
100 100 0.504075 0 0 0.303783 6.94571 7.08999
57 24.0878 17.1077 49.9778
100 100 0.504075 0 0 0.303783 6.94571 7.08999
58 24.0878 16.1594 51.0398
100 100 0.504075 0 0 0.303783 6.94571 7.08999
59 24.0878 16.7132 55.5761
100 100 0.504075 0 0 0.303783 6.94571 7.08999
60 24.0878 16.242 59.7306
100 100 0.504075 0 0 0.303783 6.94571 7.08999
61 24.0878 16.4168 56.8052
100 100 0.504075 0 0 0.303783 6.94571 7.08999
62 24.0878 17.3999 49.4547
100 100 0.504075 0 0 0.303783 6.94571 7.08999
63 24.0878 17.6456 52.4807
100 100 0.504075 0 0 0.303783 6.94571 7.08999
64 24.0878 15.6502 65.5727
100 100 0.504075 0 0 0.303783 6.94571 7.08999
65 24.0878 16.1588 70.4771
100 100 0.504075 0 0 0.303783 6.94571 7.08999
66 24.0878 16.4249 54.3869
100 100 0.504075 0 0 0.303783 6.94571 7.08999
67 24.0878 15.7386 48.6011
100 100 0.504075 0 0 0.303783 6.94571 7.08999
68 24.0878 16.7696 44.6749
100 100 0.504075 0 0 0.303783 6.94571 7.08999
69 24.0934 14.8785 60.3846
100 100 0.503688 0.00984397 0.0046646 0.308146 6.73771 6.84881
70 24.0938 15.9716 70.0256
100 100 0.503792 0.010712 0.0048367 0.309293 6.72963 6.85426
71 24.0951 15.2443 66.5692
100 100 0.506348 0 0 0.314778 6.49876 6.55495
72 24.0951 14.9162 63.5819
100 100 0.506348 0 0 0.314778 6.49876 6.55495
73 24.0951 15.8386 59.651
100 100 0.506348 0 0 0.314778 6.49876 6.55495
74 24.0951 16.0702 66.6689
100 100 0.506348 0 0 0.314778 6.49876 6.55495
75 24.0951 16.2582 62.7323
100 100 0.506348 0 0 0.314778 6.49876 6.55495
76 24.0951 16.0011 60.742
100 100 0.506348 0 0 0.314778 6.49876 6.55495
77 24.0951 15.938 51.5986
100 100 0.506348 0 0 0.314778 6.49876 6.55495
78 24.0951 16.4514 54.2431
100 100 0.506348 0 0 0.314778 6.49876 6.55495
79 24.0951 15.3531 50.5545
100 100 0.506348 0 0 0.314778 6.49876 6.55495
80 24.0951 16.9448 41.0539
100 100 0.506348 0 0 0.314778 6.49876 6.55495
81 24.0951 17.7974 35.7554
100 100 0.506348 0 0 0.314778 6.49876 6.55495
82 24.0951 18.1036 29.7155
100 100 0.506348 0 0 0.314778 6.49876 6.55495
83 24.0951 17.7991 44.2621
100 100 0.506348 0 0 0.314778 6.49876 6.55495
84 24.0951 16.9638 39.4146
100 100 0.506348 0 0 0.314778 6.49876 6.55495
85 24.0951 18.625 32.6256
100 100 0.506348 0 0 0.314778 6.49876 6.55495
86 24.0951 18.9344 29.7713
100 100 0.506348 0 0 0.314778 6.49876 6.55495
87 24.0973 17.8618 42.766
100.05 100 0.502861 0 0 0.31626 6.58192 6.52475
88 24.0989 16.6132 52.5473
100 101.159 0.504001 0.00488901 0 0.318543 6.66044 6.61711
89 24.0989 16.0085 55.2505
100 101.159 0.504001 0.00488901 0 0.318543 6.66044 6.61711
90 24.0989 16.9902 51.4575
100 101.159 0.504001 0.00488901 0 0.318543 6.66044 6.61711
91 24.1066 16.528 41.5279
100 100.733 0.506213 0.0106649 0 0.325022 6.74554 6.22986
92 24.1066 17.1912 54.2117
100 100.733 0.506213 0.0106649 0 0.325022 6.74554 6.22986
93 24.1066 18.1375 41.8905
100 100.733 0.506213 0.0106649 0 0.325022 6.74554 6.22986
94 24.1066 19.0009 41.2586
100 100.733 0.506213 0.0106649 0 0.325022 6.74554 6.22986
95 24.1066 16.5247 64.8804
100 100.733 0.506213 0.0106649 0 0.325022 6.74554 6.22986
96 24.1066 15.3205 64.0561
100 100.733 0.506213 0.0106649 0 0.325022 6.74554 6.22986
97 24.1066 15.424 52.2486
100 100.733 0.506213 0.0106649 0 0.325022 6.74554 6.22986
98 24.1066 16.0056 55.6362
100 100.733 0.506213 0.0106649 0 0.325022 6.74554 6.22986
99 24.1066 16.9772 56.3995
100 100.733 0.506213 0.0106649 0 0.325022 6.74554 6.22986
100 24.1066 17.2693 41.53
100 100.733 0.506213 0.0106649 0 0.325022 6.74554 6.22986
