0 0.0111111 0.00152778 1.01324e-05
177.171 179.461 0.744023 0.0427906 0.863183 0.615032 5.22998 0.251708
1 0.0222222 0.00319444 3.35242e-05
179.379 179.067 0.764469 0.0340564 0.862345 0.630347 5.19495 0.486878
2 0.0222222 0.00430556 4.58699e-05
179.379 179.067 0.764469 0.0340564 0.862345 0.630347 5.19495 0.486878
3 0.0305556 0.00708333 9.5415e-05
168.486 181.141 0.682777 0 0.716312 0.644721 5.66681 1.86966
4 0.0333333 0.00930556 0.000149671
200 174.391 0.689022 0 0.968133 0.641215 5.00785 1.11464
5 0.0333333 0.00930556 0.000143173
200 174.391 0.689022 0 0.968133 0.641215 5.00785 1.11464
6 1.45657 0.153437 0.195801
146.939 119.49 0.532276 0.274657 0.69992 0.845707 9.6028 9.33303
7 1.45657 0.22498 0.2771
146.939 119.49 0.532276 0.274657 0.69992 0.845707 9.6028 9.33303
8 1.45657 0.225166 0.275917
146.939 119.49 0.532276 0.274657 0.69992 0.845707 9.6028 9.33303
9 1.45657 0.296117 0.347137
146.939 119.49 0.532276 0.274657 0.69992 0.845707 9.6028 9.33303
10 1.45657 0.224013 0.278
146.939 119.49 0.532276 0.274657 0.69992 0.845707 9.6028 9.33303
11 2.86101 0.512936 0.70911
146.127 128.718 0.658458 0.241536 0.695702 0.698085 10 9.04994
12 2.86101 0.507341 0.702359
146.127 128.718 0.658458 0.241536 0.695702 0.698085 10 9.04994
13 2.87119 0.505728 0.922354
154.679 118.533 0.588489 0.34513 0.700387 0.862408 9.78895 10
14 2.87119 0.505765 0.919849
154.679 118.533 0.588489 0.34513 0.700387 0.862408 9.78895 10
15 2.91591 0.651803 1.40169
135.628 125.2 0.553875 0.309259 0.623551 0.606079 10 7.02059
16 2.91591 0.650759 1.40218
135.628 125.2 0.553875 0.309259 0.623551 0.606079 10 7.02059
17 4.31335 0.727287 1.6366
122.217 130.332 0.563066 0.287192 0.722141 0.712387 9.62818 9.23548
18 4.31335 0.723383 2.06623
122.217 130.332 0.563066 0.287192 0.722141 0.712387 9.62818 9.23548
19 4.3317 1.37175 2.72609
154.335 123.901 0.594553 0.313028 0.615651 0.73188 9.08412 7.03907
20 4.3317 1.1595 2.74875
154.335 123.901 0.594553 0.313028 0.615651 0.73188 9.08412 7.03907
21 4.3317 1.01085 2.62835
154.335 123.901 0.594553 0.313028 0.615651 0.73188 9.08412 7.03907
22 4.36587 1.3742 2.95177
144.965 115.19 0.577075 0.312476 0.408109 0.664236 9.40241 8.64925
23 4.36587 1.37877 2.73983
144.965 115.19 0.577075 0.312476 0.408109 0.664236 9.40241 8.64925
24 4.37052 1.8169 2.8319
155.779 126.526 0.59227 0.327108 0.546525 0.698765 9.27055 7.17183
25 4.37052 1.73949 3.22056
155.779 126.526 0.59227 0.327108 0.546525 0.698765 9.27055 7.17183
26 4.37052 0.874839 2.3066
155.779 126.526 0.59227 0.327108 0.546525 0.698765 9.27055 7.17183
27 4.37052 1.23014 2.50253
155.779 126.526 0.59227 0.327108 0.546525 0.698765 9.27055 7.17183
28 4.37052 1.37423 2.52778
155.779 126.526 0.59227 0.327108 0.546525 0.698765 9.27055 7.17183
29 4.37052 1.01714 2.68667
155.779 126.526 0.59227 0.327108 0.546525 0.698765 9.27055 7.17183
30 4.37052 1.44207 2.42686
155.779 126.526 0.59227 0.327108 0.546525 0.698765 9.27055 7.17183
31 4.37052 1.30761 2.43596
155.779 126.526 0.59227 0.327108 0.546525 0.698765 9.27055 7.17183
32 4.37052 1.01319 2.23073
155.779 126.526 0.59227 0.327108 0.546525 0.698765 9.27055 7.17183
33 4.37052 1.01378 2.45676
155.779 126.526 0.59227 0.327108 0.546525 0.698765 9.27055 7.17183
34 4.37052 0.870177 2.08713
155.779 126.526 0.59227 0.327108 0.546525 0.698765 9.27055 7.17183
35 4.37052 0.86824 2.72588
155.779 126.526 0.59227 0.327108 0.546525 0.698765 9.27055 7.17183
36 4.39503 1.45334 3.3421
155.385 134.382 0.608138 0.330005 0.5037 0.761937 9.29705 6.58583
37 4.39503 1.16284 2.58356
155.385 134.382 0.608138 0.330005 0.5037 0.761937 9.29705 6.58583
38 4.39503 1.37534 2.11362
155.385 134.382 0.608138 0.330005 0.5037 0.761937 9.29705 6.58583
39 4.39503 1.58914 3.28847
155.385 134.382 0.608138 0.330005 0.5037 0.761937 9.29705 6.58583
40 4.39503 1.87441 3.53409
155.385 134.382 0.608138 0.330005 0.5037 0.761937 9.29705 6.58583
41 4.39896 1.87844 3.5613
158.14 124.384 0.59492 0.3283 0.520628 0.689997 9.13528 7.31493
42 4.39896 1.23506 3.39243
158.14 124.384 0.59492 0.3283 0.520628 0.689997 9.13528 7.31493
43 4.39896 1.45479 3.76285
158.14 124.384 0.59492 0.3283 0.520628 0.689997 9.13528 7.31493
44 4.39896 0.872758 2.76057
158.14 124.384 0.59492 0.3283 0.520628 0.689997 9.13528 7.31493
45 4.39896 1.08368 2.20013
158.14 124.384 0.59492 0.3283 0.520628 0.689997 9.13528 7.31493
46 4.39896 1.37447 2.76194
158.14 124.384 0.59492 0.3283 0.520628 0.689997 9.13528 7.31493
47 4.39896 1.58906 3.06419
158.14 124.384 0.59492 0.3283 0.520628 0.689997 9.13528 7.31493
48 4.4007 1.24146 2.97534
155.387 134.385 0.608188 0.329983 0.503696 0.762013 9.29698 6.58617
49 4.4007 1.37527 3.6442
155.387 134.385 0.608188 0.329983 0.503696 0.762013 9.29698 6.58617
50 4.4007 1.01996 2.03738
155.387 134.385 0.608188 0.329983 0.503696 0.762013 9.29698 6.58617
51 4.4007 0.95409 2.09222
155.387 134.385 0.608188 0.329983 0.503696 0.762013 9.29698 6.58617
52 4.4007 1.09766 2.66575
155.387 134.385 0.608188 0.329983 0.503696 0.762013 9.29698 6.58617
53 4.4007 1.15678 1.92126
155.387 134.385 0.608188 0.329983 0.503696 0.762013 9.29698 6.58617
54 4.4007 1.4493 2.65571
155.387 134.385 0.608188 0.329983 0.503696 0.762013 9.29698 6.58617
55 4.4007 1.3032 1.99317
155.387 134.385 0.608188 0.329983 0.503696 0.762013 9.29698 6.58617
56 4.4007 1.37574 2.56175
155.387 134.385 0.608188 0.329983 0.503696 0.762013 9.29698 6.58617
57 4.40659 1.74102 2.81007
155.927 134.949 0.608775 0.330707 0.518747 0.763022 9.26753 6.60196
58 4.40659 1.45157 2.68576
155.927 134.949 0.608775 0.330707 0.518747 0.763022 9.26753 6.60196
59 4.40659 1.37398 2.77281
155.927 134.949 0.608775 0.330707 0.518747 0.763022 9.26753 6.60196
60 4.40659 1.66284 2.50394
155.927 134.949 0.608775 0.330707 0.518747 0.763022 9.26753 6.60196
61 4.40659 1.23452 2.28274
155.927 134.949 0.608775 0.330707 0.518747 0.763022 9.26753 6.60196
62 4.67285 1.5372 3.30723
159.63 134.671 0.594293 0.354594 0.464716 0.72342 9.11299 6.62512
63 4.67285 1.5392 2.6459
159.63 134.671 0.594293 0.354594 0.464716 0.72342 9.11299 6.62512
64 4.67285 1.32137 2.53128
159.63 134.671 0.594293 0.354594 0.464716 0.72342 9.11299 6.62512
65 4.67285 1.75136 3.09016
159.63 134.671 0.594293 0.354594 0.464716 0.72342 9.11299 6.62512
66 4.67285 1.46288 2.75797
159.63 134.671 0.594293 0.354594 0.464716 0.72342 9.11299 6.62512
67 4.67285 1.54232 2.87683
159.63 134.671 0.594293 0.354594 0.464716 0.72342 9.11299 6.62512
68 4.67285 1.47396 3.02204
159.63 134.671 0.594293 0.354594 0.464716 0.72342 9.11299 6.62512
69 4.67285 1.17687 2.47331
159.63 134.671 0.594293 0.354594 0.464716 0.72342 9.11299 6.62512
70 4.67285 1.46761 2.9844
159.63 134.671 0.594293 0.354594 0.464716 0.72342 9.11299 6.62512
71 4.67285 1.53451 3.29008
159.63 134.671 0.594293 0.354594 0.464716 0.72342 9.11299 6.62512
72 4.67285 1.32503 2.54057
159.63 134.671 0.594293 0.354594 0.464716 0.72342 9.11299 6.62512
73 4.80752 1.12711 2.92241
159.693 134.699 0.59417 0.354575 0.463825 0.722579 9.11916 6.6312
74 4.80752 0.904738 2.15209
159.693 134.699 0.59417 0.354575 0.463825 0.722579 9.11916 6.6312
75 4.80752 1.0489 2.5041
159.693 134.699 0.59417 0.354575 0.463825 0.722579 9.11916 6.6312
76 4.80752 1.05367 2.94818
159.693 134.699 0.59417 0.354575 0.463825 0.722579 9.11916 6.6312
77 4.80752 0.76345 2.40104
159.693 134.699 0.59417 0.354575 0.463825 0.722579 9.11916 6.6312
78 4.80752 0.91758 2.60764
159.693 134.699 0.59417 0.354575 0.463825 0.722579 9.11916 6.6312
79 4.80752 0.839004 2.17424
159.693 134.699 0.59417 0.354575 0.463825 0.722579 9.11916 6.6312
80 4.80752 1.05521 2.29424
159.693 134.699 0.59417 0.354575 0.463825 0.722579 9.11916 6.6312
81 4.80752 0.984544 2.77651
159.693 134.699 0.59417 0.354575 0.463825 0.722579 9.11916 6.6312
82 4.80752 0.990799 3.04768
159.693 134.699 0.59417 0.354575 0.463825 0.722579 9.11916 6.6312
83 4.80752 0.989334 2.57467
159.693 134.699 0.59417 0.354575 0.463825 0.722579 9.11916 6.6312
84 4.80752 0.981725 2.76376
159.693 134.699 0.59417 0.354575 0.463825 0.722579 9.11916 6.6312
85 4.80752 1.13096 3.12907
159.693 134.699 0.59417 0.354575 0.463825 0.722579 9.11916 6.6312
86 4.80752 1.05147 2.7282
159.693 134.699 0.59417 0.354575 0.463825 0.722579 9.11916 6.6312
87 4.80752 0.767189 2.40896
159.693 134.699 0.59417 0.354575 0.463825 0.722579 9.11916 6.6312
88 4.80752 0.910617 2.60619
159.693 134.699 0.59417 0.354575 0.463825 0.722579 9.11916 6.6312
89 4.80752 0.980505 2.56511
159.693 134.699 0.59417 0.354575 0.463825 0.722579 9.11916 6.6312
90 4.80752 1.11889 2.66627
159.693 134.699 0.59417 0.354575 0.463825 0.722579 9.11916 6.6312
91 4.80752 0.905712 2.58276
159.693 134.699 0.59417 0.354575 0.463825 0.722579 9.11916 6.6312
92 4.80752 0.906495 3.01485
159.693 134.699 0.59417 0.354575 0.463825 0.722579 9.11916 6.6312
93 4.80752 1.12547 3.1267
159.693 134.699 0.59417 0.354575 0.463825 0.722579 9.11916 6.6312
94 4.80752 1.33555 3.51228
159.693 134.699 0.59417 0.354575 0.463825 0.722579 9.11916 6.6312
95 4.80752 1.19082 3.25341
159.693 134.699 0.59417 0.354575 0.463825 0.722579 9.11916 6.6312
96 4.80752 1.6297 3.73942
159.693 134.699 0.59417 0.354575 0.463825 0.722579 9.11916 6.6312
97 4.80752 1.56263 3.46064
159.693 134.699 0.59417 0.354575 0.463825 0.722579 9.11916 6.6312
98 4.80752 1.34156 2.89627
159.693 134.699 0.59417 0.354575 0.463825 0.722579 9.11916 6.6312
99 4.80752 1.63918 3.34687
159.693 134.699 0.59417 0.354575 0.463825 0.722579 9.11916 6.6312
100 4.80752 1.34258 2.47077
159.693 134.699 0.59417 0.354575 0.463825 0.722579 9.11916 6.6312
