0 20.1522 1.68832 25.1921
187.343 180.384 0.210632 0.0613201 0.124818 0.274829 2.3568 7.13509
1 24.2101 4.37494 62.927
106.348 127.301 0.189132 0.166379 0.508819 0 7.75394 10
2 24.2288 5.38827 79.8659
109.069 126.087 0.204062 0.185544 0.496268 0.0185497 7.29792 10
3 24.2369 7.65027 98.7161
106.335 124.863 0.17863 0.176491 0.517325 0.012034 7.87994 10
4 24.2369 8.35755 90.8677
106.335 124.863 0.17863 0.176491 0.517325 0.012034 7.87994 10
5 24.2386 9.74429 104.714
106.229 124.56 0.179595 0.177511 0.5142 0.0140345 7.87705 9.97974
6 24.2746 9.87619 94.667
106.872 126.242 0.155154 0.184735 0.478699 0 8.04623 9.82394
7 24.2746 10.8917 100.461
106.872 126.242 0.155154 0.184735 0.478699 0 8.04623 9.82394
8 24.2746 12.5189 106.264
106.872 126.242 0.155154 0.184735 0.478699 0 8.04623 9.82394
9 24.2746 13.6218 96.4892
106.872 126.242 0.155154 0.184735 0.478699 0 8.04623 9.82394
10 25.658 12.5156 90.5822
107.013 123.992 0.121891 0.11243 0.463279 0.00476352 7.97648 10
11 25.7302 13.9649 98.1892
100 126.958 0.171573 0.210894 0.394359 0 8.06663 9.60081
12 25.7302 14.7067 100.389
100 126.958 0.171573 0.210894 0.394359 0 8.06663 9.60081
13 25.7302 12.9064 114.142
100 126.958 0.171573 0.210894 0.394359 0 8.06663 9.60081
14 25.9801 13.8511 116.844
108.481 142.482 0.137893 0.196372 0.326327 0 7.73564 10
15 26.0251 11.5569 99.9234
108.823 144.325 0.133457 0.185468 0.335907 0.0069974 7.62492 9.99707
16 26.0251 11.6276 103.427
108.823 144.325 0.133457 0.185468 0.335907 0.0069974 7.62492 9.99707
17 26.0251 14.3461 110.236
108.823 144.325 0.133457 0.185468 0.335907 0.0069974 7.62492 9.99707
18 26.0251 18.0798 86.6273
108.823 144.325 0.133457 0.185468 0.335907 0.0069974 7.62492 9.99707
19 26.1732 18.1646 86.7241
100.427 127.334 0.158865 0.214854 0.272895 0.128474 8.1831 10
20 26.1732 16.1465 92.2186
100.427 127.334 0.158865 0.214854 0.272895 0.128474 8.1831 10
21 26.2268 16.4046 105.895
100 127.379 0.157834 0.224647 0.272028 0.126326 8.19728 10
22 26.2388 15.9502 96.387
102.186 129.433 0.138923 0.173036 0.255012 0.15302 8.17803 9.90965
23 26.8397 14.3232 95.7902
100 131.963 0.143314 0.237522 0.237919 0.19759 7.80105 10
24 26.8397 13.553 79.0946
100 131.963 0.143314 0.237522 0.237919 0.19759 7.80105 10
25 26.8397 14.9091 86.2405
100 131.963 0.143314 0.237522 0.237919 0.19759 7.80105 10
26 26.8397 14.1729 114.895
100 131.963 0.143314 0.237522 0.237919 0.19759 7.80105 10
27 26.8397 15.3573 111.245
100 131.963 0.143314 0.237522 0.237919 0.19759 7.80105 10
28 26.8397 14.1939 100.354
100 131.963 0.143314 0.237522 0.237919 0.19759 7.80105 10
29 26.9067 13.314 115.123
100.072 132.147 0.140587 0.235578 0.234991 0.198679 7.78846 9.9922
30 26.9067 13.4671 104.54
100.072 132.147 0.140587 0.235578 0.234991 0.198679 7.78846 9.9922
31 27.4689 15.0528 117.126
100 140.853 0.120637 0.284588 0.140931 0.166404 7.62138 10
32 27.4689 15.2394 134.956
100 140.853 0.120637 0.284588 0.140931 0.166404 7.62138 10
33 27.4689 15.2289 127.325
100 140.853 0.120637 0.284588 0.140931 0.166404 7.62138 10
34 27.4775 14.9426 129.095
100.039 140.859 0.120877 0.28453 0.141141 0.166389 7.62112 9.9982
35 27.7713 14.7536 113.365
105.49 133.827 0.137355 0.25143 0.174525 0.19775 7.97767 9.53824
36 27.7713 12.957 118.896
105.49 133.827 0.137355 0.25143 0.174525 0.19775 7.97767 9.53824
37 27.7713 12.7815 138.198
105.49 133.827 0.137355 0.25143 0.174525 0.19775 7.97767 9.53824
38 27.7713 12.7821 153.431
105.49 133.827 0.137355 0.25143 0.174525 0.19775 7.97767 9.53824
39 27.7713 12.9473 144.217
105.49 133.827 0.137355 0.25143 0.174525 0.19775 7.97767 9.53824
40 27.7713 14.2635 141.738
105.49 133.827 0.137355 0.25143 0.174525 0.19775 7.97767 9.53824
41 27.9957 16.0078 144.39
108.04 136.971 0.154796 0.215921 0.135786 0.214373 7.98034 8.90946
42 27.9957 15.695 155.312
108.04 136.971 0.154796 0.215921 0.135786 0.214373 7.98034 8.90946
43 27.9957 13.8197 150.511
108.04 136.971 0.154796 0.215921 0.135786 0.214373 7.98034 8.90946
44 27.9957 15.9721 152.502
108.04 136.971 0.154796 0.215921 0.135786 0.214373 7.98034 8.90946
45 27.9957 17.2375 132.151
108.04 136.971 0.154796 0.215921 0.135786 0.214373 7.98034 8.90946
46 28.1964 17.9213 138.123
104.105 170.691 0.140127 0.0988621 0.146297 0.324566 8.13309 9.09987
47 28.1964 16.1794 130.827
104.105 170.691 0.140127 0.0988621 0.146297 0.324566 8.13309 9.09987
48 28.1964 19.5713 99.0071
104.105 170.691 0.140127 0.0988621 0.146297 0.324566 8.13309 9.09987
49 28.7981 17.0828 117.551
108.705 137.037 0.15762 0.215113 0.12304 0.209399 8.29417 9.07061
50 29.014 14.8979 126.373
106.818 135.18 0.138634 0.219244 0.152845 0.213959 8.21844 8.84721
51 29.014 15.6346 122.11
106.818 135.18 0.138634 0.219244 0.152845 0.213959 8.21844 8.84721
52 29.014 15.1634 145.595
106.818 135.18 0.138634 0.219244 0.152845 0.213959 8.21844 8.84721
53 29.014 15.6713 141.973
106.818 135.18 0.138634 0.219244 0.152845 0.213959 8.21844 8.84721
54 29.2851 15.8109 154.153
112.842 137.805 0.129403 0.20689 0.152039 0.167325 8.11957 8.61398
55 29.2851 13.0185 152.282
112.842 137.805 0.129403 0.20689 0.152039 0.167325 8.11957 8.61398
56 29.2851 13.3086 145.408
112.842 137.805 0.129403 0.20689 0.152039 0.167325 8.11957 8.61398
57 29.2851 13.2963 134.179
112.842 137.805 0.129403 0.20689 0.152039 0.167325 8.11957 8.61398
58 29.7394 16.1316 130.539
107.035 135.258 0.137302 0.207791 0.149691 0.21156 8.2497 8.8321
59 29.7394 17.2621 116.712
107.035 135.258 0.137302 0.207791 0.149691 0.21156 8.2497 8.8321
60 29.7394 14.1853 151.807
107.035 135.258 0.137302 0.207791 0.149691 0.21156 8.2497 8.8321
61 29.7394 16.0881 123.264
107.035 135.258 0.137302 0.207791 0.149691 0.21156 8.2497 8.8321
62 30.9859 19.6416 116.43
108.993 141.155 0.138671 0.211436 0.118221 0.200005 8.10023 8.67795
63 34.0452 18.6433 127.352
106.903 135.024 0.122112 0.214799 0.137567 0.205134 8.12818 8.8816
64 34.0452 16.3406 132.242
106.903 135.024 0.122112 0.214799 0.137567 0.205134 8.12818 8.8816
65 34.0452 18.9691 117.742
106.903 135.024 0.122112 0.214799 0.137567 0.205134 8.12818 8.8816
66 34.0452 19.5876 147.351
106.903 135.024 0.122112 0.214799 0.137567 0.205134 8.12818 8.8816
67 34.0452 21.6028 102.902
106.903 135.024 0.122112 0.214799 0.137567 0.205134 8.12818 8.8816
68 34.0452 21.7459 70.0226
106.903 135.024 0.122112 0.214799 0.137567 0.205134 8.12818 8.8816
69 34.0452 19.3501 107.792
106.903 135.024 0.122112 0.214799 0.137567 0.205134 8.12818 8.8816
70 34.0452 16.421 123.216
106.903 135.024 0.122112 0.214799 0.137567 0.205134 8.12818 8.8816
71 34.0452 13.898 153.791
106.903 135.024 0.122112 0.214799 0.137567 0.205134 8.12818 8.8816
72 34.0452 14.6537 145.138
106.903 135.024 0.122112 0.214799 0.137567 0.205134 8.12818 8.8816
73 34.0452 18.2497 99.3153
106.903 135.024 0.122112 0.214799 0.137567 0.205134 8.12818 8.8816
74 34.0452 17.3684 116.952
106.903 135.024 0.122112 0.214799 0.137567 0.205134 8.12818 8.8816
75 34.0452 19.7565 99.692
106.903 135.024 0.122112 0.214799 0.137567 0.205134 8.12818 8.8816
76 34.0452 17.121 101.233
106.903 135.024 0.122112 0.214799 0.137567 0.205134 8.12818 8.8816
77 34.0452 17.1526 110.644
106.903 135.024 0.122112 0.214799 0.137567 0.205134 8.12818 8.8816
78 34.0452 17.4317 138.977
106.903 135.024 0.122112 0.214799 0.137567 0.205134 8.12818 8.8816
79 34.0452 21.1206 121.297
106.903 135.024 0.122112 0.214799 0.137567 0.205134 8.12818 8.8816
80 34.0452 20.2444 133.165
106.903 135.024 0.122112 0.214799 0.137567 0.205134 8.12818 8.8816
81 34.0452 19.6415 133.631
106.903 135.024 0.122112 0.214799 0.137567 0.205134 8.12818 8.8816
82 34.0452 17.4314 157.017
106.903 135.024 0.122112 0.214799 0.137567 0.205134 8.12818 8.8816
83 34.1893 18.4976 147.707
100 138.442 0.175165 0.295545 0.0370881 0.0380356 8.77905 9.60122
84 34.1893 18.1581 132.09
100 138.442 0.175165 0.295545 0.0370881 0.0380356 8.77905 9.60122
85 34.1893 19.536 138.78
100 138.442 0.175165 0.295545 0.0370881 0.0380356 8.77905 9.60122
86 34.1893 15.494 157.581
100 138.442 0.175165 0.295545 0.0370881 0.0380356 8.77905 9.60122
87 34.1893 17.3974 155.023
100 138.442 0.175165 0.295545 0.0370881 0.0380356 8.77905 9.60122
88 34.1893 16.5143 152.379
100 138.442 0.175165 0.295545 0.0370881 0.0380356 8.77905 9.60122
89 34.1893 16.2612 158.33
100 138.442 0.175165 0.295545 0.0370881 0.0380356 8.77905 9.60122
90 34.1893 14.6633 147.249
100 138.442 0.175165 0.295545 0.0370881 0.0380356 8.77905 9.60122
91 34.1893 17.4708 143.311
100 138.442 0.175165 0.295545 0.0370881 0.0380356 8.77905 9.60122
92 34.1893 19.9082 113.592
100 138.442 0.175165 0.295545 0.0370881 0.0380356 8.77905 9.60122
93 34.1893 18.5815 122.661
100 138.442 0.175165 0.295545 0.0370881 0.0380356 8.77905 9.60122
94 34.1893 18.5596 126.988
100 138.442 0.175165 0.295545 0.0370881 0.0380356 8.77905 9.60122
95 34.1893 19.2971 145.904
100 138.442 0.175165 0.295545 0.0370881 0.0380356 8.77905 9.60122
96 34.1893 16.4124 174.639
100 138.442 0.175165 0.295545 0.0370881 0.0380356 8.77905 9.60122
97 34.1893 16.9768 157.375
100 138.442 0.175165 0.295545 0.0370881 0.0380356 8.77905 9.60122
98 34.1893 17.8801 155.785
100 138.442 0.175165 0.295545 0.0370881 0.0380356 8.77905 9.60122
99 35.2285 18.1513 171.397
100.294 138.239 0.177591 0.301272 0.0387017 0.0396916 8.77453 9.58301
100 35.2285 18.7442 155.16
100.294 138.239 0.177591 0.301272 0.0387017 0.0396916 8.77453 9.58301
