0 3.15932 1.14962 0.685299
151.276 109.744 0.218894 0.431252 0.781266 0.41402 2.52487 5.76439
1 3.15932 1.27146 0.671956
151.276 109.744 0.218894 0.431252 0.781266 0.41402 2.52487 5.76439
2 3.17195 1.52823 0.78027
188.903 116.641 0.0363272 0.456791 0.437104 0.917595 8.32942 4.14069
3 3.17195 1.59032 0.936761
188.903 116.641 0.0363272 0.456791 0.437104 0.917595 8.32942 4.14069
4 3.20785 1.77504 0.953786
192.993 139.85 0.416801 0.229205 0.678203 0.307131 3.59239 6.4999
5 3.20785 1.75833 0.812339
192.993 139.85 0.416801 0.229205 0.678203 0.307131 3.59239 6.4999
6 3.20785 1.80169 0.802476
192.993 139.85 0.416801 0.229205 0.678203 0.307131 3.59239 6.4999
7 3.21211 1.65591 1.00644
193.167 140.117 0.416582 0.23615 0.673441 0.286925 3.54679 6.53514
8 3.65966 1.9082 1.00306
185.439 141.378 0.499511 0.409069 0.328319 0.465457 4.73071 8.30059
9 3.65966 1.8539 1.24899
185.439 141.378 0.499511 0.409069 0.328319 0.465457 4.73071 8.30059
10 3.65966 2.0412 1.0436
185.439 141.378 0.499511 0.409069 0.328319 0.465457 4.73071 8.30059
11 3.6598 2.28831 1.31368
186.745 140.888 0.499175 0.405006 0.332267 0.464182 4.62674 8.21738
12 3.70121 2.49574 1.2286
189.437 135.141 0.429863 0.417581 0.398445 0.488348 5.72444 7.08438
13 4.21056 2.34882 1.34979
189.961 137.432 0.439284 0.427828 0.221413 0.441576 5.63685 9.31032
14 4.76455 2.46206 2.24852
200 147.328 0.402479 0.448221 0.884819 0.258936 5.2071 6.28904
15 5.27079 2.48215 2.15258
190.402 132.684 0.406914 0.435281 0.2137 0.42237 6.0318 9.17916
16 5.27079 2.65552 1.90738
190.402 132.684 0.406914 0.435281 0.2137 0.42237 6.0318 9.17916
17 5.27079 2.85415 2.16316
190.402 132.684 0.406914 0.435281 0.2137 0.42237 6.0318 9.17916
18 5.27079 2.75889 1.78662
190.402 132.684 0.406914 0.435281 0.2137 0.42237 6.0318 9.17916
19 5.27079 2.85535 2.06262
190.402 132.684 0.406914 0.435281 0.2137 0.42237 6.0318 9.17916
20 5.27079 2.97389 1.76899
190.402 132.684 0.406914 0.435281 0.2137 0.42237 6.0318 9.17916
21 5.28522 2.92956 1.99412
188.006 133.77 0.408336 0.419656 0.160752 0.401254 5.73364 9.39664
22 5.28522 3.01746 2.01431
188.006 133.77 0.408336 0.419656 0.160752 0.401254 5.73364 9.39664
23 5.80847 3.41692 1.98761
187.071 130.147 0.396046 0.429898 0.288342 0.291444 6.86941 9.88466
24 5.80847 3.0228 1.6535
187.071 130.147 0.396046 0.429898 0.288342 0.291444 6.86941 9.88466
25 5.80847 3.26783 1.82526
187.071 130.147 0.396046 0.429898 0.288342 0.291444 6.86941 9.88466
26 5.80847 2.76921 2.19733
187.071 130.147 0.396046 0.429898 0.288342 0.291444 6.86941 9.88466
27 5.80847 2.91186 2.54903
187.071 130.147 0.396046 0.429898 0.288342 0.291444 6.86941 9.88466
28 5.80847 2.69995 2.54181
187.071 130.147 0.396046 0.429898 0.288342 0.291444 6.86941 9.88466
29 5.80847 2.64316 2.53506
187.071 130.147 0.396046 0.429898 0.288342 0.291444 6.86941 9.88466
30 5.80847 2.77706 2.63842
187.071 130.147 0.396046 0.429898 0.288342 0.291444 6.86941 9.88466
31 5.80847 2.97701 2.27351
187.071 130.147 0.396046 0.429898 0.288342 0.291444 6.86941 9.88466
32 5.80847 3.19404 2.42255
187.071 130.147 0.396046 0.429898 0.288342 0.291444 6.86941 9.88466
33 5.80847 3.32709 1.92603
187.071 130.147 0.396046 0.429898 0.288342 0.291444 6.86941 9.88466
34 5.80847 3.39557 1.73304
187.071 130.147 0.396046 0.429898 0.288342 0.291444 6.86941 9.88466
35 5.80847 3.1231 1.85662
187.071 130.147 0.396046 0.429898 0.288342 0.291444 6.86941 9.88466
36 5.80847 3.0792 1.90632
187.071 130.147 0.396046 0.429898 0.288342 0.291444 6.86941 9.88466
37 5.80847 3.14053 2.09011
187.071 130.147 0.396046 0.429898 0.288342 0.291444 6.86941 9.88466
38 5.80847 3.09892 2.00919
187.071 130.147 0.396046 0.429898 0.288342 0.291444 6.86941 9.88466
39 5.80847 3.2212 2.11178
187.071 130.147 0.396046 0.429898 0.288342 0.291444 6.86941 9.88466
40 5.80847 3.39802 2.07067
187.071 130.147 0.396046 0.429898 0.288342 0.291444 6.86941 9.88466
41 5.80847 3.29454 2.45159
187.071 130.147 0.396046 0.429898 0.288342 0.291444 6.86941 9.88466
42 5.80847 3.17523 2.39559
187.071 130.147 0.396046 0.429898 0.288342 0.291444 6.86941 9.88466
43 5.80847 3.11508 2.22363
187.071 130.147 0.396046 0.429898 0.288342 0.291444 6.86941 9.88466
44 5.80847 3.17478 1.92527
187.071 130.147 0.396046 0.429898 0.288342 0.291444 6.86941 9.88466
45 5.80847 3.43607 2.67902
187.071 130.147 0.396046 0.429898 0.288342 0.291444 6.86941 9.88466
46 5.80847 3.42978 2.40635
187.071 130.147 0.396046 0.429898 0.288342 0.291444 6.86941 9.88466
47 5.81676 3.46949 2.54555
175.906 100 0.380122 0.415812 0.192814 0.343139 5.55484 10
48 5.81676 3.03663 2.74569
175.906 100 0.380122 0.415812 0.192814 0.343139 5.55484 10
49 5.81676 3.17066 3.07094
175.906 100 0.380122 0.415812 0.192814 0.343139 5.55484 10
50 5.81676 3.01562 2.41124
175.906 100 0.380122 0.415812 0.192814 0.343139 5.55484 10
51 5.81676 2.99554 2.72372
175.906 100 0.380122 0.415812 0.192814 0.343139 5.55484 10
52 5.90859 3.24972 2.50345
174.586 101.825 0.3686 0.410869 0.204425 0.306248 5.05631 9.86504
53 5.90859 2.98315 2.38937
174.586 101.825 0.3686 0.410869 0.204425 0.306248 5.05631 9.86504
54 5.90859 3.29075 2.78063
174.586 101.825 0.3686 0.410869 0.204425 0.306248 5.05631 9.86504
55 5.90859 3.16193 3.23724
174.586 101.825 0.3686 0.410869 0.204425 0.306248 5.05631 9.86504
56 6.28418 3.53264 2.57651
174.381 100 0.418658 0.411706 0.148603 0.375746 5.41148 10
57 6.42985 4.07743 2.70353
174.336 100 0.367831 0.408345 0.188634 0.345195 5.74914 9.97276
58 6.42985 3.99578 2.65277
174.336 100 0.367831 0.408345 0.188634 0.345195 5.74914 9.97276
59 6.42985 3.68498 3.61826
174.336 100 0.367831 0.408345 0.188634 0.345195 5.74914 9.97276
60 6.42985 3.78187 3.55428
174.336 100 0.367831 0.408345 0.188634 0.345195 5.74914 9.97276
61 6.42985 3.63664 3.11056
174.336 100 0.367831 0.408345 0.188634 0.345195 5.74914 9.97276
62 6.42985 3.31158 3.73192
174.336 100 0.367831 0.408345 0.188634 0.345195 5.74914 9.97276
63 6.42985 3.58371 3.63516
174.336 100 0.367831 0.408345 0.188634 0.345195 5.74914 9.97276
64 6.42985 3.68775 3.01682
174.336 100 0.367831 0.408345 0.188634 0.345195 5.74914 9.97276
65 6.42985 3.26266 2.77325
174.336 100 0.367831 0.408345 0.188634 0.345195 5.74914 9.97276
66 6.42985 3.31189 3.06292
174.336 100 0.367831 0.408345 0.188634 0.345195 5.74914 9.97276
67 6.42985 3.55828 2.94863
174.336 100 0.367831 0.408345 0.188634 0.345195 5.74914 9.97276
68 6.42985 3.01577 3.55359
174.336 100 0.367831 0.408345 0.188634 0.345195 5.74914 9.97276
69 6.42985 2.82981 3.88186
174.336 100 0.367831 0.408345 0.188634 0.345195 5.74914 9.97276
70 6.42985 3.08309 3.76756
174.336 100 0.367831 0.408345 0.188634 0.345195 5.74914 9.97276
71 6.42985 3.25108 4.51328
174.336 100 0.367831 0.408345 0.188634 0.345195 5.74914 9.97276
72 6.42985 3.06018 4.02965
174.336 100 0.367831 0.408345 0.188634 0.345195 5.74914 9.97276
73 6.42985 3.10558 3.4107
174.336 100 0.367831 0.408345 0.188634 0.345195 5.74914 9.97276
74 6.42985 2.93243 2.93519
174.336 100 0.367831 0.408345 0.188634 0.345195 5.74914 9.97276
75 6.42985 3.41527 3.72983
174.336 100 0.367831 0.408345 0.188634 0.345195 5.74914 9.97276
76 6.42985 3.48155 3.92528
174.336 100 0.367831 0.408345 0.188634 0.345195 5.74914 9.97276
77 6.42985 3.57934 3.75578
174.336 100 0.367831 0.408345 0.188634 0.345195 5.74914 9.97276
78 6.42985 3.42275 3.82377
174.336 100 0.367831 0.408345 0.188634 0.345195 5.74914 9.97276
79 6.42985 3.27992 3.74216
174.336 100 0.367831 0.408345 0.188634 0.345195 5.74914 9.97276
80 6.42985 3.06306 2.98915
174.336 100 0.367831 0.408345 0.188634 0.345195 5.74914 9.97276
81 6.42985 3.18458 3.79027
174.336 100 0.367831 0.408345 0.188634 0.345195 5.74914 9.97276
82 6.42985 3.52454 3.21062
174.336 100 0.367831 0.408345 0.188634 0.345195 5.74914 9.97276
83 6.42985 3.35605 2.76468
174.336 100 0.367831 0.408345 0.188634 0.345195 5.74914 9.97276
84 6.42985 3.11913 3.88451
174.336 100 0.367831 0.408345 0.188634 0.345195 5.74914 9.97276
85 6.42985 3.21586 3.70732
174.336 100 0.367831 0.408345 0.188634 0.345195 5.74914 9.97276
86 6.42985 3.15169 3.53417
174.336 100 0.367831 0.408345 0.188634 0.345195 5.74914 9.97276
87 6.42985 3.00321 3.26305
174.336 100 0.367831 0.408345 0.188634 0.345195 5.74914 9.97276
88 6.42985 2.8893 3.12621
174.336 100 0.367831 0.408345 0.188634 0.345195 5.74914 9.97276
89 6.42985 2.99983 3.21837
174.336 100 0.367831 0.408345 0.188634 0.345195 5.74914 9.97276
90 6.42985 3.24664 3.28881
174.336 100 0.367831 0.408345 0.188634 0.345195 5.74914 9.97276
91 6.42985 3.30637 3.7954
174.336 100 0.367831 0.408345 0.188634 0.345195 5.74914 9.97276
92 6.42985 3.1474 2.77831
174.336 100 0.367831 0.408345 0.188634 0.345195 5.74914 9.97276
93 6.42985 3.4687 3.82217
174.336 100 0.367831 0.408345 0.188634 0.345195 5.74914 9.97276
94 6.42985 3.49602 3.29269
174.336 100 0.367831 0.408345 0.188634 0.345195 5.74914 9.97276
95 6.42985 3.50213 3.44645
174.336 100 0.367831 0.408345 0.188634 0.345195 5.74914 9.97276
96 6.42985 3.49737 3.40424
174.336 100 0.367831 0.408345 0.188634 0.345195 5.74914 9.97276
97 6.42985 3.25189 3.72184
174.336 100 0.367831 0.408345 0.188634 0.345195 5.74914 9.97276
98 6.42985 3.32497 3.79714
174.336 100 0.367831 0.408345 0.188634 0.345195 5.74914 9.97276
99 6.42985 3.6768 4.06402
174.336 100 0.367831 0.408345 0.188634 0.345195 5.74914 9.97276
100 6.42985 3.68213 3.62482
174.336 100 0.367831 0.408345 0.188634 0.345195 5.74914 9.97276
