0 22.0323 4.66476 39.9461
106.538 116.809 0.234258 0.109874 0.778781 0.617594 8.99446 2.00929
1 22.6648 6.32979 64.1617
116.238 143.439 0.0240216 0.391294 0.144047 0.460984 8.05218 2.00503
2 25.5153 7.77532 78.6199
115.805 139.288 0.051125 0.380158 0.143971 0.454698 7.82273 1.0224
3 25.5153 8.73203 76.7052
115.805 139.288 0.051125 0.380158 0.143971 0.454698 7.82273 1.0224
4 25.5504 9.97284 90.516
113.955 132.357 0.100466 0.409909 0.0917389 0.477384 7.60335 2.60464
5 25.5973 13.3999 96.6153
115.047 134.118 0.0423618 0.36406 0.218467 0.464399 7.05057 2.12682
6 25.5973 11.9004 115.865
115.047 134.118 0.0423618 0.36406 0.218467 0.464399 7.05057 2.12682
7 25.5991 11.124 102.654
114.441 133.003 0.142788 0.407795 0.106528 0.459964 7.57721 2.52294
8 25.6641 11.1978 112.287
113.908 129.66 0.0875526 0.294119 0.216886 0.477088 7.41212 1.42533
9 25.8786 10.2999 112.068
111.052 128.554 0.150163 0.251835 0.186232 0.436314 7.29402 1.96383
10 25.8786 11.7928 125.595
111.052 128.554 0.150163 0.251835 0.186232 0.436314 7.29402 1.96383
11 25.8786 13.4148 127.946
111.052 128.554 0.150163 0.251835 0.186232 0.436314 7.29402 1.96383
12 25.8786 13.7365 122.803
111.052 128.554 0.150163 0.251835 0.186232 0.436314 7.29402 1.96383
13 25.8786 15.1529 116.561
111.052 128.554 0.150163 0.251835 0.186232 0.436314 7.29402 1.96383
14 25.9543 13.6679 127.56
109.25 126.491 0.170055 0.207388 0.195605 0.308594 7.50484 0.503685
15 26.0181 14.4797 133.703
114.559 113.652 0.208027 0.30966 0.0494231 0.227945 9.19723 1.61722
16 26.0181 17.5536 101.043
114.559 113.652 0.208027 0.30966 0.0494231 0.227945 9.19723 1.61722
17 26.0252 19.3929 83.2236
113.223 140.178 0.200482 0.204879 0.154512 0.460255 6.66973 1.56354
18 26.3365 18.0754 99.8074
116.064 115.099 0.24136 0.295928 0.0666117 0.176579 9.08662 1.22991
19 26.4099 18.1508 98.4056
106.018 143.805 0.164231 0.185548 0.127148 0.379972 7.05228 1.8738
20 26.4099 19.6119 85.7818
106.018 143.805 0.164231 0.185548 0.127148 0.379972 7.05228 1.8738
21 26.7944 19.8828 87.7892
100 115.649 0.287296 0.253274 0 0.174721 9.37477 1.25386
22 26.7944 19.8488 78.8547
100 115.649 0.287296 0.253274 0 0.174721 9.37477 1.25386
23 26.7944 19.9824 94.4132
100 115.649 0.287296 0.253274 0 0.174721 9.37477 1.25386
24 27.9972 20.8494 86.4351
132.793 100 0.184934 0.289415 0.0507747 0.0499859 10 1.80608
25 27.9972 22.2647 57.4413
132.793 100 0.184934 0.289415 0.0507747 0.0499859 10 1.80608
26 27.9972 21.0181 60.9654
132.793 100 0.184934 0.289415 0.0507747 0.0499859 10 1.80608
27 27.9972 20.7691 76.7603
132.793 100 0.184934 0.289415 0.0507747 0.0499859 10 1.80608
28 27.9972 16.7682 110.883
132.793 100 0.184934 0.289415 0.0507747 0.0499859 10 1.80608
29 27.9972 19.001 86.4317
132.793 100 0.184934 0.289415 0.0507747 0.0499859 10 1.80608
30 27.9972 20.7143 77.6195
132.793 100 0.184934 0.289415 0.0507747 0.0499859 10 1.80608
31 27.9972 20.2031 69.4339
132.793 100 0.184934 0.289415 0.0507747 0.0499859 10 1.80608
32 27.9972 18.3384 86.0064
132.793 100 0.184934 0.289415 0.0507747 0.0499859 10 1.80608
33 27.9972 20.6978 58.7651
132.793 100 0.184934 0.289415 0.0507747 0.0499859 10 1.80608
34 27.9972 18.1798 105.584
132.793 100 0.184934 0.289415 0.0507747 0.0499859 10 1.80608
35 27.9972 17.9378 113.381
132.793 100 0.184934 0.289415 0.0507747 0.0499859 10 1.80608
36 27.9972 19.2525 111.271
132.793 100 0.184934 0.289415 0.0507747 0.0499859 10 1.80608
37 27.9972 21.0444 92.7467
132.793 100 0.184934 0.289415 0.0507747 0.0499859 10 1.80608
38 27.9972 20.6351 100.134
132.793 100 0.184934 0.289415 0.0507747 0.0499859 10 1.80608
39 27.9972 22.4454 61.8322
132.793 100 0.184934 0.289415 0.0507747 0.0499859 10 1.80608
40 27.9972 25.2427 11.1495
132.793 100 0.184934 0.289415 0.0507747 0.0499859 10 1.80608
41 29.1533 23.2978 57.8416
131.544 100 0.254678 0.226688 0.00194357 0.0869685 9.38183 1.92523
42 29.1533 23.3286 61.0924
131.544 100 0.254678 0.226688 0.00194357 0.0869685 9.38183 1.92523
43 29.1533 20.5332 91.7075
131.544 100 0.254678 0.226688 0.00194357 0.0869685 9.38183 1.92523
44 29.1533 20.7962 72.8962
131.544 100 0.254678 0.226688 0.00194357 0.0869685 9.38183 1.92523
45 29.1533 19.2463 90.9764
131.544 100 0.254678 0.226688 0.00194357 0.0869685 9.38183 1.92523
46 29.1533 19.97 87.4579
131.544 100 0.254678 0.226688 0.00194357 0.0869685 9.38183 1.92523
47 29.1533 21.4627 85.0839
131.544 100 0.254678 0.226688 0.00194357 0.0869685 9.38183 1.92523
48 29.1533 21.229 78.1863
131.544 100 0.254678 0.226688 0.00194357 0.0869685 9.38183 1.92523
49 29.1533 18.0793 123.244
131.544 100 0.254678 0.226688 0.00194357 0.0869685 9.38183 1.92523
50 29.1533 20.6837 89.2476
131.544 100 0.254678 0.226688 0.00194357 0.0869685 9.38183 1.92523
51 29.1533 20.637 94.8654
131.544 100 0.254678 0.226688 0.00194357 0.0869685 9.38183 1.92523
52 29.1533 20.2686 115.135
131.544 100 0.254678 0.226688 0.00194357 0.0869685 9.38183 1.92523
53 29.1533 21.0969 97.0071
131.544 100 0.254678 0.226688 0.00194357 0.0869685 9.38183 1.92523
54 29.1533 18.9892 89.0522
131.544 100 0.254678 0.226688 0.00194357 0.0869685 9.38183 1.92523
55 29.1533 18.6981 87.6951
131.544 100 0.254678 0.226688 0.00194357 0.0869685 9.38183 1.92523
56 29.1533 19.868 88.0372
131.544 100 0.254678 0.226688 0.00194357 0.0869685 9.38183 1.92523
57 29.1533 20.71 84.8749
131.544 100 0.254678 0.226688 0.00194357 0.0869685 9.38183 1.92523
58 29.1533 21.8602 74.5651
131.544 100 0.254678 0.226688 0.00194357 0.0869685 9.38183 1.92523
59 29.3744 20.846 94.8841
131.541 100.007 0.25494 0.226633 0.00188838 0.0870398 9.38328 1.92593
60 29.3744 22.1688 79.3335
131.541 100.007 0.25494 0.226633 0.00188838 0.0870398 9.38328 1.92593
61 29.3744 20.2169 98.9358
131.541 100.007 0.25494 0.226633 0.00188838 0.0870398 9.38328 1.92593
62 29.3744 22.2539 87.7314
131.541 100.007 0.25494 0.226633 0.00188838 0.0870398 9.38328 1.92593
63 29.3744 23.5086 59.6798
131.541 100.007 0.25494 0.226633 0.00188838 0.0870398 9.38328 1.92593
64 29.3744 23.2772 66.0745
131.541 100.007 0.25494 0.226633 0.00188838 0.0870398 9.38328 1.92593
65 29.3744 23.5877 63.6331
131.541 100.007 0.25494 0.226633 0.00188838 0.0870398 9.38328 1.92593
66 29.3744 21.8788 79.5392
131.541 100.007 0.25494 0.226633 0.00188838 0.0870398 9.38328 1.92593
67 29.3744 21.0514 88.9787
131.541 100.007 0.25494 0.226633 0.00188838 0.0870398 9.38328 1.92593
68 29.3744 20.0199 105.484
131.541 100.007 0.25494 0.226633 0.00188838 0.0870398 9.38328 1.92593
69 29.3744 20.8093 100.722
131.541 100.007 0.25494 0.226633 0.00188838 0.0870398 9.38328 1.92593
70 29.3744 20.4925 112.738
131.541 100.007 0.25494 0.226633 0.00188838 0.0870398 9.38328 1.92593
71 29.3744 21.4835 104.402
131.541 100.007 0.25494 0.226633 0.00188838 0.0870398 9.38328 1.92593
72 29.3744 21.3166 104.159
131.541 100.007 0.25494 0.226633 0.00188838 0.0870398 9.38328 1.92593
73 29.3744 20.3971 80.1898
131.541 100.007 0.25494 0.226633 0.00188838 0.0870398 9.38328 1.92593
74 29.3744 20.1683 83.4513
131.541 100.007 0.25494 0.226633 0.00188838 0.0870398 9.38328 1.92593
75 29.3744 19.4955 89.6254
131.541 100.007 0.25494 0.226633 0.00188838 0.0870398 9.38328 1.92593
76 29.3744 20.8296 93.0903
131.541 100.007 0.25494 0.226633 0.00188838 0.0870398 9.38328 1.92593
77 29.3744 20.8293 96.7248
131.541 100.007 0.25494 0.226633 0.00188838 0.0870398 9.38328 1.92593
78 29.3744 19.78 95.8321
131.541 100.007 0.25494 0.226633 0.00188838 0.0870398 9.38328 1.92593
79 29.3744 21.919 86.5803
131.541 100.007 0.25494 0.226633 0.00188838 0.0870398 9.38328 1.92593
80 29.3744 22.4374 70.3684
131.541 100.007 0.25494 0.226633 0.00188838 0.0870398 9.38328 1.92593
81 29.3744 19.3599 107.414
131.541 100.007 0.25494 0.226633 0.00188838 0.0870398 9.38328 1.92593
82 29.3744 19.7732 99.7793
131.541 100.007 0.25494 0.226633 0.00188838 0.0870398 9.38328 1.92593
83 29.3744 17.9193 110.699
131.541 100.007 0.25494 0.226633 0.00188838 0.0870398 9.38328 1.92593
84 29.3744 19.3867 97.1529
131.541 100.007 0.25494 0.226633 0.00188838 0.0870398 9.38328 1.92593
85 29.3744 17.0872 89.9964
131.541 100.007 0.25494 0.226633 0.00188838 0.0870398 9.38328 1.92593
86 29.3744 18.7648 113.635
131.541 100.007 0.25494 0.226633 0.00188838 0.0870398 9.38328 1.92593
87 29.3744 20.8339 100.082
131.541 100.007 0.25494 0.226633 0.00188838 0.0870398 9.38328 1.92593
88 29.3744 20.3635 107.151
131.541 100.007 0.25494 0.226633 0.00188838 0.0870398 9.38328 1.92593
89 29.3744 20.916 86.7385
131.541 100.007 0.25494 0.226633 0.00188838 0.0870398 9.38328 1.92593
90 29.3744 19.62 93.4274
131.541 100.007 0.25494 0.226633 0.00188838 0.0870398 9.38328 1.92593
91 29.3744 20.1472 72.2493
131.541 100.007 0.25494 0.226633 0.00188838 0.0870398 9.38328 1.92593
92 30.4887 18.5577 93.4748
125.358 104.177 0.151552 0.199924 0.0691079 0.123272 9.69125 1.19233
93 30.4887 17.3002 129.671
125.358 104.177 0.151552 0.199924 0.0691079 0.123272 9.69125 1.19233
94 30.4887 18.2144 110.948
125.358 104.177 0.151552 0.199924 0.0691079 0.123272 9.69125 1.19233
95 30.4887 18.7975 111.691
125.358 104.177 0.151552 0.199924 0.0691079 0.123272 9.69125 1.19233
96 30.4887 19.6394 90.4297
125.358 104.177 0.151552 0.199924 0.0691079 0.123272 9.69125 1.19233
97 30.4887 20.2305 79.1622
125.358 104.177 0.151552 0.199924 0.0691079 0.123272 9.69125 1.19233
98 30.4887 18.8475 96.6192
125.358 104.177 0.151552 0.199924 0.0691079 0.123272 9.69125 1.19233
99 30.4887 21.7085 67.1579
125.358 104.177 0.151552 0.199924 0.0691079 0.123272 9.69125 1.19233
100 30.4887 22.988 62.9979
125.358 104.177 0.151552 0.199924 0.0691079 0.123272 9.69125 1.19233
