0 16.0464 0.65986 7.82419
164.092 119.902 166.055 0.102599 0.030234 0.34158 0.783746 0.58747 0.164799 7.94428 3.42562 0.979558
1 16.0464 1.2882 14.4893
164.092 119.902 166.055 0.102599 0.030234 0.34158 0.783746 0.58747 0.164799 7.94428 3.42562 0.979558
2 17.4243 2.3962 26.2879
165.663 122.549 167.385 0.0713956 0 0.331409 0.841225 0.582982 0.131999 8.3011 3.74345 0.604448
3 17.4243 3.31816 35.1594
165.663 122.549 167.385 0.0713956 0 0.331409 0.841225 0.582982 0.131999 8.3011 3.74345 0.604448
4 18.0427 4.53822 47.3262
165.682 122.609 167.347 0.071023 0.000519145 0.331511 0.841435 0.583033 0.131909 8.29973 3.74776 0.59461
5 18.0427 6.58884 58.5576
165.682 122.609 167.347 0.071023 0.000519145 0.331511 0.841435 0.583033 0.131909 8.29973 3.74776 0.59461
6 18.0427 6.96539 55.2789
165.682 122.609 167.347 0.071023 0.000519145 0.331511 0.841435 0.583033 0.131909 8.29973 3.74776 0.59461
7 20.5249 8.2914 58.5233
177.562 100 172.316 0.163323 0.109014 0.271956 0.724749 0.649631 0.182747 7.53741 5.07686 0.83633
8 20.5319 8.6877 57.7282
177.875 100 172.096 0.162089 0.104465 0.266907 0.726051 0.645323 0.18572 7.56731 5.02536 0.893417
9 20.5319 9.66465 61.1895
177.875 100 172.096 0.162089 0.104465 0.266907 0.726051 0.645323 0.18572 7.56731 5.02536 0.893417
10 20.9988 10.5968 63.0101
178.634 101.675 176.67 0.149546 0.126213 0.262539 0.738682 0.640818 0.168919 7.52759 5.03951 0.618801
11 20.9988 11.3921 62.1436
178.634 101.675 176.67 0.149546 0.126213 0.262539 0.738682 0.640818 0.168919 7.52759 5.03951 0.618801
12 21.4136 12.7919 57.5108
175.154 106.297 178.094 0.0706795 0.187826 0.208555 0.764125 0.633149 0.0822485 8.05277 5.62167 0.439632
13 21.4136 13.0657 57.916
175.154 106.297 178.094 0.0706795 0.187826 0.208555 0.764125 0.633149 0.0822485 8.05277 5.62167 0.439632
14 21.4136 13.0368 50.5669
175.154 106.297 178.094 0.0706795 0.187826 0.208555 0.764125 0.633149 0.0822485 8.05277 5.62167 0.439632
15 22.7677 12.9804 56.4878
183.39 104.173 178.958 0.136574 0.204871 0.0999989 0.768181 0.640316 0 8.51009 5.98885 1.05515
16 23.6972 13.3762 56.9264
185.516 100 183.994 0.10165 0.141407 0.101489 0.722996 0.708475 0.0860633 8.3971 7.08299 0.794906
17 23.6972 12.9842 55.5936
185.516 100 183.994 0.10165 0.141407 0.101489 0.722996 0.708475 0.0860633 8.3971 7.08299 0.794906
18 23.6972 13.5367 59.3385
185.516 100 183.994 0.10165 0.141407 0.101489 0.722996 0.708475 0.0860633 8.3971 7.08299 0.794906
19 23.6972 14.2906 63.7652
185.516 100 183.994 0.10165 0.141407 0.101489 0.722996 0.708475 0.0860633 8.3971 7.08299 0.794906
20 24.1382 14.2748 60.0861
177.385 100.307 179.781 0.134533 0.0670258 0.00376043 0.761774 0.765276 0.0242262 9.92348 7.3712 1.06434
21 24.1382 14.0452 56.7063
177.385 100.307 179.781 0.134533 0.0670258 0.00376043 0.761774 0.765276 0.0242262 9.92348 7.3712 1.06434
22 24.1382 13.861 67.2812
177.385 100.307 179.781 0.134533 0.0670258 0.00376043 0.761774 0.765276 0.0242262 9.92348 7.3712 1.06434
23 24.5841 14.3592 65.4338
175.122 102.433 178.53 0.152697 0.0962216 0 0.751266 0.748584 0.0364987 9.66579 7.39542 1.05796
24 24.5899 14.4147 65.5479
175.104 101.526 178.43 0.152134 0.104294 0.000763537 0.738704 0.743719 0.0292294 9.62304 7.33772 1.15502
25 24.5899 14.5871 61.3612
175.104 101.526 178.43 0.152134 0.104294 0.000763537 0.738704 0.743719 0.0292294 9.62304 7.33772 1.15502
26 24.5955 13.3129 61.516
178.218 100 182.657 0.120938 0.048775 0 0.769922 0.779161 0.0229179 10 7.27469 1.05088
27 24.5988 14.1491 67.4186
179.004 103.387 177.776 0.109535 0.0608091 0 0.772225 0.765381 0.00965587 10 7.27933 1.12736
28 24.5988 14.9955 70.8654
179.004 103.387 177.776 0.109535 0.0608091 0 0.772225 0.765381 0.00965587 10 7.27933 1.12736
29 24.6042 15.7831 63.8922
177.535 106.496 180.389 0.102435 0.0690611 0 0.791918 0.763593 0.025702 10 7.27179 0.954407
30 24.6042 15.8991 58.3956
177.535 106.496 180.389 0.102435 0.0690611 0 0.791918 0.763593 0.025702 10 7.27179 0.954407
31 24.6042 16.2051 49.5278
177.535 106.496 180.389 0.102435 0.0690611 0 0.791918 0.763593 0.025702 10 7.27179 0.954407
32 24.6042 16.2878 58.2056
177.535 106.496 180.389 0.102435 0.0690611 0 0.791918 0.763593 0.025702 10 7.27179 0.954407
33 24.6165 15.4897 54.1045
181.342 104.902 178.807 0.0812733 0.105903 0 0.822846 0.746665 0.0342365 9.88441 7.28219 1.22996
34 24.6165 15.2314 59.8169
181.342 104.902 178.807 0.0812733 0.105903 0 0.822846 0.746665 0.0342365 9.88441 7.28219 1.22996
35 24.6165 15.5594 64.3361
181.342 104.902 178.807 0.0812733 0.105903 0 0.822846 0.746665 0.0342365 9.88441 7.28219 1.22996
36 24.6165 14.6708 65.2522
181.342 104.902 178.807 0.0812733 0.105903 0 0.822846 0.746665 0.0342365 9.88441 7.28219 1.22996
37 25.5358 16.1053 66.7553
179.745 100 175.526 0.116344 0.17852 0 0.698769 0.708042 0.0802096 10 6.50524 1.40263
38 25.5358 15.1734 62.0419
179.745 100 175.526 0.116344 0.17852 0 0.698769 0.708042 0.0802096 10 6.50524 1.40263
39 25.5358 16.1607 55.4934
179.745 100 175.526 0.116344 0.17852 0 0.698769 0.708042 0.0802096 10 6.50524 1.40263
40 25.5358 16.3042 54.6492
179.745 100 175.526 0.116344 0.17852 0 0.698769 0.708042 0.0802096 10 6.50524 1.40263
41 25.5402 16.6072 48.5421
179.715 100 175.94 0.106378 0.171151 0 0.695178 0.709719 0.0579045 10 6.54145 1.42278
42 25.5402 15.8605 57.4382
179.715 100 175.94 0.106378 0.171151 0 0.695178 0.709719 0.0579045 10 6.54145 1.42278
43 25.5402 15.3149 58.704
179.715 100 175.94 0.106378 0.171151 0 0.695178 0.709719 0.0579045 10 6.54145 1.42278
44 25.5495 14.6939 61.6186
177.093 101.198 173.386 0.108213 0.172725 0 0.650068 0.718547 0.120456 10 6.87702 1.56487
45 25.5495 14.863 70.3241
177.093 101.198 173.386 0.108213 0.172725 0 0.650068 0.718547 0.120456 10 6.87702 1.56487
46 25.5495 14.6344 71.4233
177.093 101.198 173.386 0.108213 0.172725 0 0.650068 0.718547 0.120456 10 6.87702 1.56487
47 25.5495 14.3867 69.8465
177.093 101.198 173.386 0.108213 0.172725 0 0.650068 0.718547 0.120456 10 6.87702 1.56487
48 25.5495 13.5194 59.745
177.093 101.198 173.386 0.108213 0.172725 0 0.650068 0.718547 0.120456 10 6.87702 1.56487
49 25.5495 13.8145 66.9803
177.093 101.198 173.386 0.108213 0.172725 0 0.650068 0.718547 0.120456 10 6.87702 1.56487
50 25.5495 13.4302 66.1415
177.093 101.198 173.386 0.108213 0.172725 0 0.650068 0.718547 0.120456 10 6.87702 1.56487
51 25.5495 13.7131 71.003
177.093 101.198 173.386 0.108213 0.172725 0 0.650068 0.718547 0.120456 10 6.87702 1.56487
52 25.5495 14.5337 65.0556
177.093 101.198 173.386 0.108213 0.172725 0 0.650068 0.718547 0.120456 10 6.87702 1.56487
53 25.5621 14.3561 65.6468
177.122 101.363 173.726 0.108582 0.173665 0.000712968 0.649548 0.719395 0.11794 9.96593 6.91233 1.56057
54 25.5621 15.217 74.1102
177.122 101.363 173.726 0.108582 0.173665 0.000712968 0.649548 0.719395 0.11794 9.96593 6.91233 1.56057
55 25.5621 14.5884 83.6015
177.122 101.363 173.726 0.108582 0.173665 0.000712968 0.649548 0.719395 0.11794 9.96593 6.91233 1.56057
56 25.5621 15.3237 73.8019
177.122 101.363 173.726 0.108582 0.173665 0.000712968 0.649548 0.719395 0.11794 9.96593 6.91233 1.56057
57 25.5649 14.7385 72.8438
176.968 101.303 173.541 0.108209 0.173333 0.00107177 0.642553 0.71605 0.123476 9.96567 6.93381 1.59599
58 25.5649 14.9247 69.7205
176.968 101.303 173.541 0.108209 0.173333 0.00107177 0.642553 0.71605 0.123476 9.96567 6.93381 1.59599
59 25.5649 14.7798 73.6566
176.968 101.303 173.541 0.108209 0.173333 0.00107177 0.642553 0.71605 0.123476 9.96567 6.93381 1.59599
60 25.5649 15.3633 74.8272
176.968 101.303 173.541 0.108209 0.173333 0.00107177 0.642553 0.71605 0.123476 9.96567 6.93381 1.59599
61 25.5649 15.417 83.9861
176.968 101.303 173.541 0.108209 0.173333 0.00107177 0.642553 0.71605 0.123476 9.96567 6.93381 1.59599
62 25.5649 16.5263 74.9079
176.968 101.303 173.541 0.108209 0.173333 0.00107177 0.642553 0.71605 0.123476 9.96567 6.93381 1.59599
63 25.5649 16.515 74.464
176.968 101.303 173.541 0.108209 0.173333 0.00107177 0.642553 0.71605 0.123476 9.96567 6.93381 1.59599
64 25.5649 15.5775 59.4424
176.968 101.303 173.541 0.108209 0.173333 0.00107177 0.642553 0.71605 0.123476 9.96567 6.93381 1.59599
65 25.5649 14.981 71.6175
176.968 101.303 173.541 0.108209 0.173333 0.00107177 0.642553 0.71605 0.123476 9.96567 6.93381 1.59599
66 25.5705 15.498 63.9507
160.788 111.966 168.871 0.103058 0.163999 0.00954538 0.614249 0.698356 0.181882 10 7.19805 2.46202
67 25.5705 16.228 66.9042
160.788 111.966 168.871 0.103058 0.163999 0.00954538 0.614249 0.698356 0.181882 10 7.19805 2.46202
68 25.5705 16.1976 71.0113
160.788 111.966 168.871 0.103058 0.163999 0.00954538 0.614249 0.698356 0.181882 10 7.19805 2.46202
69 25.5705 15.3707 69.1238
160.788 111.966 168.871 0.103058 0.163999 0.00954538 0.614249 0.698356 0.181882 10 7.19805 2.46202
70 25.5705 14.9648 66.1078
160.788 111.966 168.871 0.103058 0.163999 0.00954538 0.614249 0.698356 0.181882 10 7.19805 2.46202
71 25.5705 13.6302 66.075
160.788 111.966 168.871 0.103058 0.163999 0.00954538 0.614249 0.698356 0.181882 10 7.19805 2.46202
72 25.5705 14.5419 69.936
160.788 111.966 168.871 0.103058 0.163999 0.00954538 0.614249 0.698356 0.181882 10 7.19805 2.46202
73 25.5705 14.9091 71.8591
160.788 111.966 168.871 0.103058 0.163999 0.00954538 0.614249 0.698356 0.181882 10 7.19805 2.46202
74 25.5705 15.2852 80.5195
160.788 111.966 168.871 0.103058 0.163999 0.00954538 0.614249 0.698356 0.181882 10 7.19805 2.46202
75 25.5705 15.6758 65.0081
160.788 111.966 168.871 0.103058 0.163999 0.00954538 0.614249 0.698356 0.181882 10 7.19805 2.46202
76 25.5705 16.0285 60.7529
160.788 111.966 168.871 0.103058 0.163999 0.00954538 0.614249 0.698356 0.181882 10 7.19805 2.46202
77 25.5705 14.6433 63.3369
160.788 111.966 168.871 0.103058 0.163999 0.00954538 0.614249 0.698356 0.181882 10 7.19805 2.46202
78 25.5705 14.4322 66.8386
160.788 111.966 168.871 0.103058 0.163999 0.00954538 0.614249 0.698356 0.181882 10 7.19805 2.46202
79 25.5705 14.5411 73.9805
160.788 111.966 168.871 0.103058 0.163999 0.00954538 0.614249 0.698356 0.181882 10 7.19805 2.46202
80 25.5705 14.9158 65.0626
160.788 111.966 168.871 0.103058 0.163999 0.00954538 0.614249 0.698356 0.181882 10 7.19805 2.46202
81 25.5705 14.9842 69.0342
160.788 111.966 168.871 0.103058 0.163999 0.00954538 0.614249 0.698356 0.181882 10 7.19805 2.46202
82 25.5705 13.8674 68.0027
160.788 111.966 168.871 0.103058 0.163999 0.00954538 0.614249 0.698356 0.181882 10 7.19805 2.46202
83 25.5705 12.9697 62.7419
160.788 111.966 168.871 0.103058 0.163999 0.00954538 0.614249 0.698356 0.181882 10 7.19805 2.46202
84 25.5705 12.934 59.7975
160.788 111.966 168.871 0.103058 0.163999 0.00954538 0.614249 0.698356 0.181882 10 7.19805 2.46202
85 25.5705 12.5834 60.337
160.788 111.966 168.871 0.103058 0.163999 0.00954538 0.614249 0.698356 0.181882 10 7.19805 2.46202
86 25.5705 14.1233 65.2694
160.788 111.966 168.871 0.103058 0.163999 0.00954538 0.614249 0.698356 0.181882 10 7.19805 2.46202
87 25.571 14.8409 64.6779
197.048 100 167.734 0.104898 0.159503 0.00142125 0.730846 0.709958 0.070754 9.50947 7.46849 2.64022
88 25.5737 15.1814 71.8634
197.173 100 170.033 0.0992305 0.172016 0.0126573 0.729606 0.701838 0.0721253 9.41628 7.51676 2.56354
89 25.5737 15.0451 64.3853
197.173 100 170.033 0.0992305 0.172016 0.0126573 0.729606 0.701838 0.0721253 9.41628 7.51676 2.56354
90 25.5737 15.4055 64.9951
197.173 100 170.033 0.0992305 0.172016 0.0126573 0.729606 0.701838 0.0721253 9.41628 7.51676 2.56354
91 25.5737 15.7345 66.4105
197.173 100 170.033 0.0992305 0.172016 0.0126573 0.729606 0.701838 0.0721253 9.41628 7.51676 2.56354
92 25.5737 15.5167 74.8863
197.173 100 170.033 0.0992305 0.172016 0.0126573 0.729606 0.701838 0.0721253 9.41628 7.51676 2.56354
93 25.5745 15.984 74.9794
195.76 101.807 172.297 0.10046 0.169202 0.0167676 0.690396 0.696001 0.0770569 9.66211 7.58501 2.61509
94 25.5745 16.3644 66.4799
195.76 101.807 172.297 0.10046 0.169202 0.0167676 0.690396 0.696001 0.0770569 9.66211 7.58501 2.61509
95 25.5745 16.5712 70.5196
195.76 101.807 172.297 0.10046 0.169202 0.0167676 0.690396 0.696001 0.0770569 9.66211 7.58501 2.61509
96 25.5745 16.6535 66.1107
195.76 101.807 172.297 0.10046 0.169202 0.0167676 0.690396 0.696001 0.0770569 9.66211 7.58501 2.61509
97 25.5745 14.8474 66.9269
195.76 101.807 172.297 0.10046 0.169202 0.0167676 0.690396 0.696001 0.0770569 9.66211 7.58501 2.61509
98 25.5745 15.6066 67.0701
195.76 101.807 172.297 0.10046 0.169202 0.0167676 0.690396 0.696001 0.0770569 9.66211 7.58501 2.61509
99 25.5766 14.6792 70.1499
198 101.528 173.224 0.0964998 0.152546 0.0212764 0.697465 0.698859 0.0597866 9.5348 7.76577 2.62418
100 25.5766 15.3248 78.3688
198 101.528 173.224 0.0964998 0.152546 0.0212764 0.697465 0.698859 0.0597866 9.5348 7.76577 2.62418
