6.65132 7.80573 7.86492 7.55059 7.80573 8.46637 7.57154 7.23246 8.57996 
8.96879 8.89212 9.33458 9.38361 9.33458 9.17221 8.89212 9.38361 8.89212 
1.33188 8.4213 8.39072 8.64932 8.79647 8.47296 8.39072 8.4213 8.39072 
7.12919 7.67271 8.60722 7.12919 7.67271 8.46637 7.12919 7.80573 7.91228 
9.82053 8.76013 9.82053 9.58893 9.58893 9.58893 8.72952 8.72952 8.72952 

2.40357 4.06614 0 1.35188 2.33164 0 1.39597 1.09827 0 
1.29054 1.34802 1.23633 1.33352 1.37265 1.3292 1.34816 1.35643 1.35045 
2.23502 2.21432 2.11174 2.48895 2.41243 2.31504 2.57082 2.56197 2.52767 
1.07978 1.03814 1.03579 1.06261 1.05944 1.03579 1.06585 1.05176 1.04424 
0.536971 0.523188 0.572303 0.54705 0.530369 0.576437 0.544114 0.563171 0.599265 

0.780087 0.782549 0.7774 0.782549 0.782549 0.780087 0.782549 0.782549 0.782549 
4.1463 0 0 1.42167 0 2.0947 1.23705 1.774 1.04648 
0.777745 0.777704 0.777992 0.780175 0.777745 0.778957 0.776325 0.778957 0.778957 
0.726231 0.736201 0.736201 0.720754 0.729476 0.732315 0.714952 0.72574 0.726437 
0.770953 0.766492 0.774844 0.771881 0.772311 0.766088 0.769086 0.765877 0.769767 

5.89752 6.08767 6.08901 5.89752 5.67588 5.89752 5.67588 5.89752 5.67588 
5.54281 5.86838 5.86838 5.86838 5.54731 5.49126 1.96399 5.49126 5.49126 
5.63532 5.63532 5.63532 5.64954 5.45139 5.97342 1.4168 5.14251 5.97342 
6.4502 6.25726 5.99559 6.26434 5.99559 6.2541 5.82948 6.01175 6.4502 
5.31365 5.31157 5.31157 5.0455 5.23153 5.31365 5.09556 5.52195 5.31365 

18.6694 22.6875 21.8157 20.0557 20.0557 22.0114 1.04934 3.32407 22.6875 
21.2087 21.5061 21.5061 17.1066 21.0275 21.2087 21.5061 21.5061 22.9939 
19.3114 18.3766 22.9939 22.9939 18.9316 18.3766 18.9316 22.9939 20.9328 
15.0162 16.0779 15.1806 13.9507 15.0162 16.0779 6.71446 16.9766 15.1806 
4.65756 18.6694 21.8157 1.38084 20.3427 18.0681 13.481 23.7473 19.0221 

5.42218 5.42218 5.42218 5.41809 5.41809 5.42218 4.7088 5.09764 5.56009 
5.40824 5.40824 5.40824 5.40824 5.40824 5.55179 5.55179 5.40824 5.55179 
5.0376 5.02647 5.21037 4.88285 5.13704 5.13704 4.76262 5.0538 5.13704 
4.53601 4.53601 4.30111 4.38534 4.30111 4.20887 4.38534 4.53601 4.20887 
5.48886 5.49127 5.36481 5.29914 5.28678 5.48886 5.21892 5.35085 5.48886 

0.999984 1.0047 1.00809 1.00495 0.999984 0.999984 0.999984 1.00495 1.00495 
0 3.60859 3.66061 0 3.49514 3.67108 0 1.05921 4.10124 
0.660316 0.666089 0.67575 0.657879 0.661742 0.67928 0.656215 0.666401 0.693918 
0.810452 0.800143 0.801186 0.806294 0.800143 0.800143 0.803947 0.800143 0.800121 
1.50602 1.49744 1.48605 1.51325 1.4964 1.49744 1.4964 1.49744 1.48605 

4.53177 4.51342 0.713715 4.68996 4.35522 0.584953 2.96246 3.61353 0.582091 
4.5122 4.22419 4.51615 4.57653 4.57653 4.57653 4.49418 4.51615 4.22419 
5.21486 5.21486 4.85896 5.21486 5.23135 4.85896 5.23135 5.21486 5.23135 
5.04642 5.15223 5.16471 5.21486 5.21486 5.04642 5.16471 5.04642 5.21486 
5.15064 5.04642 5.04642 5.04642 4.79248 4.98803 4.98803 5.04642 4.98803 

1.00507 1.00158 0.979964 1.00507 0.996127 0.690128 0.534472 0.534188 0.533885 
0.643663 0.624727 0.593401 0.612929 0.59943 0.570819 0.535991 0.551392 0.559694 
0.706077 0.701657 0.696406 0.70056 0.69313 0.680784 0.590929 0.591052 0.591309 
0.890247 0.882631 0.882631 0.882631 0.881209 0.854463 0.530638 0.530638 0.530757 
0.82581 0.822591 0.808286 0.819411 0.813165 0.709106 0.5699 0.570298 0.570298 

0 0.05 0 0 0 0.1 0 0 0.1 
0 0 0 0 0 0 0 0 0 
0 0 0 0.674491 0.642487 0.610995 0.59729 0.595262 0 
0 0 0 1.87948 1.62198 1.21661 0.834456 0.737733 0 
0 0.1 0 0 0 0.1 0.1 0 0.05 

5.10981 5.06739 5.06739 5.03461 5.11384 5.06739 5.08116 5.02502 5.06739 
5.51249 5.51249 5.51249 5.54782 5.42871 5.51249 5.4434 5.4828 5.55258 
4.1474 4.05164 4.09028 4.02046 3.98223 4.02046 3.98222 3.94147 3.90383 
4.72627 4.67245 4.67245 4.68938 4.67245 4.67245 4.68938 4.68938 4.7492 
3.45457 3.45826 3.48535 3.45457 3.45826 3.45826 3.45457 3.45826 3.48535 

0.833719 0.836398 0.833817 0.768285 0.828427 0.833719 0.763419 0.779034 0.833719 
0.753333 0.753333 0.759733 0.734525 0.749085 0.751942 0.729471 0.736991 0.744114 
0.789201 0.790497 0.788152 0.782704 0.791362 0.791362 0.78026 0.783119 0.791362 
0.789201 0.78961 0.789835 0.781906 0.788152 0.790474 0.782704 0.783119 0.788344 
0.849175 0.849175 0.849175 0.850324 0.849175 0.850324 0.839087 0.849175 0.850324 

9.21707 8.95761 9.21707 9.21707 9.21707 9.17247 9.21707 9.53961 9.69086 
8.82942 9.32444 8.82942 9.40208 8.82942 8.82942 9.32027 9.08091 9.32444 
5.18904 5.35767 5.52475 5.24531 5.18904 5.52475 5.35767 5.35767 5.52475 
7.70046 7.67448 8.04024 7.70046 7.74021 8.04024 8.42014 8.88507 8.42014 
9.26221 9.26221 8.91171 9.1866 8.92843 9.26221 9.26221 9.1866 9.13819 

7.28483 7.30304 7.04798 7.04798 7.12513 7.16801 7.00674 7.12513 7.16801 
7.30137 7.24108 7.24108 7.24108 7.10756 7.24108 7.10756 7.24108 7.4737 
4.69911 4.68794 4.72104 4.65051 4.69911 4.65051 4.72104 4.74627 4.57741 
7.50497 7.4216 7.68703 7.53674 7.48857 7.4216 7.53674 7.53674 7.53674 
6.01348 6.01348 6.12497 6.01348 6.01348 6.01348 6.21337 6.01348 6.01348 

9.10369 7.97667 8.57085 9.01093 8.3135 8.65521 8.35688 8.74571 8.47813 
9.25874 9.35739 10.1069 9.06947 9.38708 9.74639 9.48129 9.74639 10.6463 
0.537946 8.13117 7.99491 0.538362 8.3531 8.13117 0.538475 8.13117 8.13117 
7.18608 8.13495 7.73293 7.73293 7.75633 7.75633 7.75633 7.73293 7.75633 
1.3197 10.1469 10.1469 1.16277 9.67808 1.33209 0.995261 1.09972 1.07626 

0.630658 1.22762 0 0 0.1 0.6213 0 0 0 
0.676625 7.42322 0 0 0 0.701713 0 0 0 
2.95085 0 0 1.11017 2.21383 0.05 1.13136 1.3313 0 
0 0 0 0.909472 0.851428 0 1.18735 1.4656 0 
0 0 0 1.59122 0 0 1.6724 0.934211 0 

3.9259 1.3317 0.940325 0.568991 0.852204 0.900162 0.56188 0.562501 0.659509 
1.77918 1.35267 0.901606 0.617002 0.847714 0.861566 0.560948 0.560948 0.601815 
4.01461 0.823267 0.1 0.55927 0.840708 0.866694 0.560343 0.560343 0.629936 
6.33054 1.33952 0.25 0.56681 0.850973 0.25 0 0 0.25 
1.5129 1.13826 0.1 0.550935 0.863646 1.0863 0.560569 0.551681 0.728636 

5.00512 5.22218 5.00512 5.11899 5.02642 3.99213 4.51276 4.26157 3.94139 
5.11571 4.9081 4.975 5.10253 5.00199 5.00199 4.91014 5.00199 4.91014 
4.28226 4.25243 4.28226 4.40201 4.30059 4.50101 4.57638 4.66188 4.57638 
2.77884 2.77884 2.71268 2.73943 2.73943 2.71268 2.71492 2.71492 2.68721 
4.91605 4.91605 5.0166 4.82771 5.15437 5.12019 4.95428 5.02689 5.16015 

0 0 0 0 0 0 0 0 0 
0 0 0 0 0 0 0 0 0 
0 0 0 0 0 0 0 0 0 
0 0 0 0 0 0 0 0 0 
0 0 0 0 0 0 0 0 0 

11.652 11.652 11.652 11.652 9.37122 11.652 4.60315 8.82315 11.652 
15.3975 14.8185 16.6792 15.3975 16.7097 16.6792 3.99867 11.2443 13.9549 
13.9438 15.0066 13.9438 11.9813 13.491 11.9813 12.753 12.753 11.2405 
0.478352 0.478562 0.472955 0.472008 0.472008 0.472186 0.475005 0.475353 0.476291 
1.75566 17.3844 10.1806 20.7991 19.0173 6.78681 1.71295 3.12751 5.6079 

0.760432 0.764042 1.21722 0 0.709253 0 0 0 0.832856 
0.806364 2.35639 0 0 2.06613 0 0 1.24 1.85759 
1.25033 1.55474 0 0 1.35228 0 0 0.906127 1.22736 
0.679813 0.771429 1.11351 0 0.714153 0 0 0 0.802257 
0 0.830481 0.934087 0 0 1.05495 0 0 0 

3.64721 5.63022 5.18192 4.02663 5.18192 5.63298 4.48158 5.18192 5.24858 
6.14447 1.38296 0.679094 6.41517 1.39487 0.501368 6.41517 1.08081 0.474965 
6.0325 6.00741 6.03229 6.17922 6.03229 6.03229 6.07914 6.03229 5.91945 
4.08672 5.03229 5.03229 4.38908 4.53647 5.03229 5.00743 4.53647 5.00743 
6.1218 6.10767 6.39093 6.10767 5.57945 6.04424 5.57945 6.39093 5.60073 

16.9422 16.7452 15.1651 15.1651 16.2755 16.9422 15.1651 16.2755 15.1651 
5.55526 8.34555 11.1545 7.5778 9.022 11.5608 8.34555 9.022 11.1545 
14.5387 15.8754 14.2835 14.2835 14.8372 15.7752 15.5527 15.5527 15.6399 
10.3892 15.6633 5.48457 16.2016 2.71088 0.913949 0.927285 0.897156 0.893518 
14.1521 11.9711 14.7708 13.2402 13.853 14.422 0.706699 11.9645 12.0744 

0.540938 0.540938 0.540657 0.540335 0.540657 0.540335 0.540938 0.540747 0.540335 
9.63404 9.1759 9.82854 0 9.63404 9.1759 9.1759 9.1759 9.55209 
1.51036 1.49793 1.48904 1.49793 1.49793 1.52845 1.51036 1.49793 1.51894 
9.32695 10.1286 10.1788 0 9.64225 9.71597 9.36928 9.59733 10.1286 
8.88505 8.37634 7.96844 8.93011 8.88505 7.96844 8.34292 8.34292 8.88505 

0 0 0 0 0 0 0 0 0 
0 0 0 0 0 0 0 0 0 
0 0 0 0 0 0 0 0 0 
0 0 0 0 0 0 0 0 0 
0.57381 0.573868 0.05 0 0 0 0 0 0 

8.08796 8.08374 8.11147 6.65688 7.94531 7.94531 8.61032 8.29866 8.3235 
7.97981 8.53799 7.97981 0.835089 7.09774 7.51245 0.25 0.25 0.25 
5.66526 5.57853 5.66526 5.59124 5.57853 5.66526 5.5893 5.75542 5.66526 
8.585 9.35364 9.35364 8.40337 9.35364 9.35364 8.11212 8.55006 9.35364 
7.46982 7.7075 7.46982 7.46982 7.46982 7.2622 7.46982 7.7075 7.2622 

0.602754 0.602237 0.603529 0 0.595165 0.597731 0 0 0.59904 
0.590906 0.59111 0.25 0.589388 0.590119 0.25 0 0 0.25 
0.612406 0.611267 0.610454 0.609587 0.61066 0.612406 0 0 0.62332 
0.621425 0.621425 0.621542 0.621095 0.621721 0.62332 0 0 0.624655 
0.599593 0.603529 0.613494 0 0.598783 0.619974 0 0 0.624187 

0.595417 0.593438 0.592341 0.588559 0.589047 0.589047 0.595937 0.590104 0.591064 
1.66094 1.64895 1.65999 1.61134 1.66094 1.66094 1.61727 1.62689 1.65999 
1.23225 1.22634 1.23225 1.20381 1.23535 1.24285 1.19505 1.21576 1.23033 
1.03709 1.04052 1.03433 1.02823 1.03897 1.04242 1.03343 1.03736 1.03585 
1.3908 1.3908 1.28573 1.36057 1.354 0.903199 0.991412 1.08965 0.708461 

0.76517 0.841413 0 0 0.803742 0 0 0.780229 0.951186 
0 0 0.547776 0 0 0 0 0 0.1 
0.562227 0.563772 0.567692 0 0.543915 0 0 0 0.546721 
0.547506 0.549956 0.553101 0 0 0 0 0 0 
0.589063 0.591888 0.602322 0 0.566064 0.695545 0 0.546366 0.580317 

1.17007 1.82848 0 0.959741 1.29225 0 0.962625 1.116 0 
0 0 0 0 0 0 0 0 0 
0.870591 0.98319 1.03492 0.751876 0.902153 1.14725 0.753529 0.804871 0.950701 
1.07512 0 0 0.932663 0.843994 0 0.932663 0.981115 0 
1.07599 0 0 1.29623 0.782641 0 1.28727 1.17715 0 

2.67212 2.74122 2.67212 1.91914 2.28748 0.769561 1.04456 0.676124 0.606761 
6.33127 7.7372 6.36276 6.78615 6.33127 5.85883 6.06188 6.36276 6.24393 
7.84223 8.36624 8.11891 8.36624 7.88398 7.42175 7.01342 7.04656 7.2285 
6.99765 6.99765 6.24393 6.53174 6.33605 5.7575 6.53174 6.53174 6.02801 
7.57999 7.39662 7.64566 7.06636 7.39662 0.820276 1.87744 0.750926 0.630155 

2.49153 2.49224 2.49153 2.00847 2.15957 2.04672 0.646328 0.805018 1.20657 
1.57988 1.56559 1.54729 1.49715 1.54413 1.57321 1.06744 1.39412 1.54311 
5.08826 4.76078 4.53518 4.01169 4.1033 4.11188 0.592071 0.669589 0.668263 
2.16189 2.09701 2.04928 1.81286 1.7101 1.62636 0.59181 0.658304 0.784791 
1.50993 1.50993 1.53363 1.28237 1.23585 1.16488 0.582057 0.631328 0.63375 

2.02066 2.3905 2.82776 1.97722 2.6716 2.80196 2.0567 2.97494 2.86605 
4.87113 4.96052 4.92394 4.87113 4.89996 4.89996 4.87113 4.89996 4.99088 
3.97739 4.01982 4.19971 3.70312 4.20402 4.09987 3.84593 4.29204 4.24329 
2.04341 2.27567 2.55769 1.97465 2.3656 2.57936 2.00385 2.46371 2.62544 
4.10205 4.40417 4.54573 4.00784 4.38218 4.54573 4.02275 4.44739 4.59045 

16.3919 15.097 16.3919 14.9812 15.097 17.3241 16.7207 16.3919 18.1055 
0 14.1535 15.4895 15.5183 15.5183 15.4895 15.2803 14.5922 14.5922 
9.34434 8.04996 10.4056 8.15508 9.29481 10.4487 9.87366 9.62846 10.8355 
8.51051 8.70486 8.98675 8.56148 8.56148 8.89393 8.51051 8.15714 8.98675 
4.97212 4.96404 4.97212 4.97212 4.97212 5.24911 4.97212 5.02516 5.24911 

0 0 0 1.29965 1.29062 0.05 0 0 0.844752 
5.83936 0 0 0 1.22164 5.40695 0 0 0.921112 
4.45316 0 0 0 1.12013 1.6013 0 0 0.665255 
0.755133 0.738523 0 0 0.748901 0.910017 0 0 0.599124 
0.792116 0.905027 0 0 0.804444 0.25 0 0 0.25 

6.38942 6.58825 6.38942 6.38295 6.58825 6.5313 6.48023 6.5313 6.38942 
16.062 15.2307 17.0664 17.0664 16.0102 17.0664 17.0664 16.062 17.0664 
19.3017 18.4345 18.4931 19.3017 18.4345 19.3017 18.7137 18.7137 19.3017 
16.0372 15.576 16.0372 15.3389 14.9051 15.5347 15.5835 14.9051 16.5271 
21.4008 21.4008 19.6847 21.4008 21.4008 21.3223 21.513 21.2235 23.236 

1.37624 0 0 0.857538 0 0 0 1.89922 0 
0 0 0 0 0 0 0 0 0 
0 0 0 0 0 0 0 0 0 
0 0 0 0 0 0 0 0 0 
0 0 0 0 0 0 0 0 0 

12.5918 11.8723 11.1671 11.8723 11.8723 11.8723 11.8389 11.8389 11.8723 
0.811813 9.1595 9.30679 0.857163 7.28861 5.56736 0.789772 5.99235 5.09339 
0.784969 10.4134 10.1011 0.784969 9.9672 1.77494 0.799087 0.881998 0.880681 
2.75204 2.78681 2.76187 2.78681 2.78649 2.78681 2.75204 2.78681 2.75204 
11.6799 13.1509 12.1712 12.0292 13.0338 12.1712 11.8139 12.9857 12.9857 

3.2319 3.21252 3.21252 3.33843 3.01671 1.10609 0.978386 0.99143 0.645892 
2.60059 2.56559 2.57739 2.5967 2.30115 1.84988 0.941221 0.950842 0.678001 
2.64255 2.61124 2.60059 3.09158 2.38029 1.32539 0.929228 0.962927 0.665138 
6.27044 5.95819 5.95819 5.84812 5.95819 5.95819 5.9613 5.95819 5.97867 
5.06262 5.06262 4.87741 5.14696 4.59124 4.67642 4.36903 4.67423 4.41324 

13.1004 0.818475 0 0.723198 0.941226 0.95631 0.599031 0.599031 0.687142 
6.63933 0.801803 0 0.689775 0.877953 0.932838 0.631457 0.631457 0.692166 
1.55992 0.909963 0 0.667745 0.789883 0.827231 0.626453 0.619952 0.689888 
1.70471 0.945708 0 0.761328 0.798758 0.798932 0 0.601671 0.662043 
1.42025 0 0 1.06806 1.45286 1.73809 0.627413 0 1.45286 

0.448741 0.449157 0.450268 0.448503 0.448741 0.450484 0.448421 0.448596 0.448948 
0.547909 0.549943 0.580259 0.514442 0.535712 0.583577 0 0.48467 0.486788 
0.493616 0.493565 0.503659 0.478312 0.483698 0.504496 0.476633 0.478884 0.485732 
0.451566 0.451796 0.452623 0.445413 0.449095 0.45256 0.440655 0.443075 0.44871 
0.4434 0.443558 0.444721 0.25 0.25 0.444357 0.25 0.25 0.25 

5.94081 6.14405 6.0278 6.17944 5.89372 7.01664 6.16607 5.78519 8.01641 
11.0527 11.0157 12.7701 11.0157 11.0983 11.8594 10.3907 10.6333 12.1549 
13.4709 13.4709 13.4709 12.6605 14.2423 13.4709 13.4709 12.731 12.772 
12.948 12.7364 12.7364 14.5766 12.7364 12.9908 12.7364 13.4245 12.7364 
7.68803 7.68803 7.88331 7.57141 8.76284 10.4212 1.74521 1.76851 1.83195 

1.46856 1.4446 1.4446 1.35587 1.26451 0.97017 0.780374 0.897722 0.735681 
1.09338 1.09252 1.09128 1.09128 1.09128 1.09252 1.08814 1.09338 1.09252 
1.09338 1.09054 1.08608 1.09338 1.08608 1.08608 1.08608 1.08608 1.08608 
2.84198 2.84198 2.74096 2.59627 2.59627 1.94566 1.52323 1.97193 1.02286 
3.36405 3.36405 3.10178 2.61792 2.55345 1.779 0.740616 1.50217 1.19998 

3.00918 3.04416 3.02974 3.04416 3.05097 2.9867 3.02974 3.02974 3.04219 
2.61425 2.57144 2.54564 2.59936 2.54798 2.54564 2.54798 2.54798 2.51899 
3.7681 3.7342 3.56711 3.68539 3.71442 3.65653 3.7681 3.71442 3.56711 
1.29489 1.27648 1.28154 1.29085 1.27104 1.3624 1.28154 1.28508 1.36245 
1.27827 1.27421 1.24712 1.27827 1.25093 1.26575 1.25184 1.24454 1.26822 

0.585529 0.587427 0.584019 0 0.1 0.627182 0 0 0 
0.675233 0.673589 0.672123 0.614713 0.640142 0.993433 0 0 0.1 
0.704913 0.704913 0.705079 0 0.639993 0.693889 0.1 0 0 
0.622116 0.622971 0.636687 0 0.1 0.673583 0 0 0 
0.57637 0.574851 0.601876 0 0 0.604687 0 0 0 

1.17348 1.17348 1.16325 0.985671 1.1578 1.16682 0.912091 1.11702 1.17762 
9.34714 9.2693 9.2693 9.05386 9.2693 9.2693 8.49999 8.03592 9.06504 
1.69751 1.80462 1.58521 0.750193 1.39777 1.57203 0.821065 1.06233 1.8586 
8.84297 9.04979 8.75607 1.24747 7.9243 8.7802 4.37254 8.06303 9.2524 
5.43912 5.4375 6.62702 0.979875 4.11271 6.62702 1.17152 4.31335 5.43912 

9.57787 9.73633 9.43169 9.73633 9.5997 9.22085 9.71713 9.80106 8.96927 
7.11433 6.49114 2.58765 4.39941 1.33902 1.10356 1.1132 1.10787 1.10263 
9.35868 9.30081 9.35868 9.37549 9.1676 8.91872 9.08546 9.06836 8.80933 
3.45059 3.41543 3.42953 3.41543 3.42953 3.42953 3.42953 3.42953 3.39485 
8.73115 8.95778 9.33529 8.88976 9.4665 9.33529 8.95778 9.4665 9.80758 

2.89923 2.89923 3.12887 2.66583 2.45761 1.00333 0.72336 0.968769 0.790986 
5.14245 5.43768 4.94919 5.08051 4.86263 3.5198 0.949442 1.52689 0.835987 
3.731 3.90436 4.50162 3.5828 3.89643 0.873926 0.774821 0.849839 0.781304 
2.72116 2.67947 2.70474 2.13332 1.91347 1.12997 0.728487 0.79496 0.738123 
3.5449 3.45032 3.63952 3.5449 3.25088 1.21509 0.707358 1.10878 0.743029 

0 2.0138 2.38074 0 1.86391 4.51131 0 1.74912 0 
0 12.4125 11.3972 0 12.4125 12.4125 0 12.4125 13.3207 
0.78189 0.776331 0.779814 0.779814 0.779814 0.776331 0.779814 0.778157 0.779139 
0 1.53475 1.6856 0.1 1.59286 0.990279 0 1.75075 0 
0.1 6.47536 1.86692 0.1 2.97155 0.696714 0 1.37194 0 

9.14381 9.29746 9.0173 8.75047 8.99224 8.7784 8.7784 8.61159 9.0173 
8.49867 8.72156 8.72156 8.36764 8.36764 8.86486 8.36764 8.58345 8.24046 
8.4355 8.12335 8.12335 7.89037 8.12335 8.12335 8.12335 8.12335 8.12335 
9.0937 9.35621 8.80222 9.0937 9.32917 8.94378 9.0937 9.0937 8.97304 
8.51717 8.76927 8.51717 9.03377 8.64917 8.64917 9.03377 9.03377 8.38543 

3.8289 4.02629 4.16485 3.546 3.8289 4.09377 3.02539 4.0077 4.23229 
2.30421 2.71491 3.07776 2.22582 2.71353 3.07776 1.38641 2.82723 3.15109 
2.89809 3.15109 3.74162 2.37214 3.07776 3.74162 2.1758 3.3275 3.83822 
2.7729 2.89258 3.194 2.40569 2.68023 3.11779 1.71891 2.68065 3.03493 
2.46535 2.72939 3.38824 2.04702 2.72596 3.4382 1.79744 2.91672 3.34633 

10.2413 10.8855 10.2413 10.3022 9.77135 12.1497 9.77135 10.9545 12.2364 
11.4065 11.4065 11.4065 11.4065 11.1462 1.12321 1.07452 0.846677 0.750743 
11.7802 11.8493 11.8493 11.8955 11.8955 11.8955 11.7802 12.4034 11.6311 
10.5641 10.5298 9.45461 9.45461 9.45461 0.905441 1.16635 0.871451 0.806118 
14.1825 12.2364 13.4173 12.2364 12.2294 14.5668 12.2294 13.1791 12.2364 

5.19382 5.34558 5.27261 5.19382 5.27261 5.35557 5.21271 5.27261 5.35557 
5.3833 5.39619 5.35041 5.35041 5.39619 5.3833 5.39619 5.39619 5.39619 
1.01746 5.21509 5.06968 1.09549 5.25883 5.13562 5.24915 5.22634 5.29651 
4.20204 4.81411 4.87857 4.47587 4.78096 5.20129 4.53221 5.07587 5.01582 
4.81411 5.00547 5.07158 4.69365 5.01973 5.061 4.79553 5.01973 5.07158 

24.8441 25.9882 23.329 23.3827 25.9882 23.329 26.0727 22.8497 23.329 
21.2271 21.2785 21.2785 23.3827 21.2271 21.2271 21.2785 23.3827 24.8441 
5.4652 5.79675 6.37035 5.0435 5.73819 6.40938 5.39806 6.74897 6.74897 
18.9604 17.031 17.6272 15.4957 17.031 17.031 17.031 18.9604 17.7492 
13.0006 13.699 15.4256 11.8618 13.0006 15.7934 13.699 15.7934 15.7934 

9.01081 8.76986 8.69226 7.9606 9.32935 1.34337 1.01664 0.880817 0.754903 
11.5392 11.3107 11.3962 10.375 11.3962 2.43099 2.63441 2.48049 2.00876 
9.34043 9.34592 7.51624 5.82464 6.13327 0.925596 1.07978 0.903239 0.821397 
11.1984 11.1984 11.1984 11.1984 11.1984 0.991324 0.865733 0.833331 0.662647 
9.62953 9.32978 9.99273 9.99273 10.7211 9.42966 12.1522 9.62953 9.95167 

6.42751 6.80802 6.80802 6.80802 6.57204 6.42751 6.42751 6.80802 6.37483 
6.8732 6.62883 6.81787 6.8732 6.81787 6.76822 6.51306 7.19283 7.19283 
5.80994 5.42965 5.69418 5.61995 5.7117 5.62214 5.7117 5.83017 5.42965 
5.77608 6.21543 6.11633 6.11633 6.22474 6.23651 6.23651 5.78652 6.21543 
0.578235 0.592133 0.589529 0.556001 0.577613 0.592133 0.25 0.431497 0.433301 

8.30609 8.5839 8.99495 8.99495 8.99495 9.38788 8.5839 8.30609 8.94566 
8.57479 8.57479 8.57479 8.07454 8.43902 8.57479 8.07454 8.57479 8.07454 
9.45329 9.33196 9.50173 8.57936 8.74097 9.33196 9.45329 8.74097 9.03925 
2.79416 9.29836 8.70283 3.88428 1.07343 1.07018 1.07018 1.06901 1.06177 
7.10051 6.98784 7.10051 7.17505 7.17505 7.10051 7.17505 7.73364 7.17505 

0.636291 0.636291 0.63997 0.6164 0.622957 0.632998 0.614031 0.616842 0.62436 
0.546917 0.588738 0.588084 0.531068 0.567556 0.593051 0.524344 0.558276 0.595084 
0.453685 0.504888 0.508681 0 0.477588 0.522304 0 0.25 0.25 
0.432034 0.454709 0.450858 0.423996 0.433714 0.458332 0.424237 0.430396 0.456316 
3.00591 3.07188 3.09067 2.79597 2.89684 3.12397 2.82916 2.88254 3.00591 

5.15415 5.27291 4.98908 1.39976 5.00114 5.11253 4.21785 5.15729 5.52169 
6.23806 6.17108 6.62624 6.01334 6.23806 6.23806 6.01334 6.17108 6.24457 
7.19851 7.45612 7.19851 6.83712 7.62777 7.34805 7.45612 7.62777 7.62777 
4.81629 4.95811 4.95811 4.40562 4.57777 4.80682 4.29404 4.61321 4.95811 
6.70335 6.45913 6.70335 6.31187 6.8807 6.45913 6.46227 6.8807 6.96405 

1.19009 2.63239 0 0.25 1.43836 1.19719 0 0 0 
0 0 0 0.998213 0 0 0 0 0 
1.08289 0 0 0 0 0 0 0 0 
0.976504 0 0 0.25 0.25 0.904854 0 0 0 
2.06439 0 0 0.25 0.25 0.989073 0 0 0 

8.36822 7.89489 7.89131 8.03338 7.89489 8.36822 7.89131 7.87151 7.89489 
5.5908 4.95606 3.64375 4.53969 1.67308 1.48514 1.35381 1.47151 1.43057 
8.11576 8.11576 8.00381 8.00381 8.11576 8.11576 8.00381 8.11576 7.80684 
5.99758 7.09641 7.19315 5.72346 6.94793 6.64157 4.41431 6.87722 6.85271 
7.88774 7.15774 0.829979 7.73377 0.829996 0.829278 0.834248 0.830993 0.829979 

2.23085 2.79818 3.60502 2.0479 3.16264 3.85423 2.52767 3.69402 4.06805 
2.35555 2.51595 2.99583 2.11799 2.79818 3.1316 2.83357 3.31352 3.44216 
4.09394 5.05325 3.99938 4.04072 4.22406 3.99938 4.09394 3.56592 3.59523 
3.84656 3.966 4.31417 3.2222 4.25328 4.46726 4.43394 4.89535 4.80931 
4.66538 4.84614 5.00828 3.32719 4.98301 5.16394 5.45749 5.57009 5.48754 

8.78031 8.76699 8.78031 8.76699 8.78031 8.78031 8.78031 8.78031 8.78031 
13.9031 13.8624 13.8624 14.888 13.9031 14.6091 14.4332 14.888 14.6091 
3.49625 3.39815 3.50916 3.3569 3.37663 3.49675 3.14231 3.28539 3.22523 
2.90333 2.91246 2.90333 2.90181 2.91246 2.91246 2.90053 2.90049 2.9096 
9.00612 9.00612 9.27924 9.00612 9.00612 8.95488 9.12262 8.70103 9.00612 

3.98446 3.98707 4.02356 4.02356 3.76489 3.2927 2.61487 3.03292 2.42716 
4.82803 4.38319 4.38319 4.38319 4.21142 4.04693 3.03721 3.59416 2.90461 
5.76508 5.76508 5.675 5.5935 5.45609 5.59689 0.627597 1.95815 5.82857 
4.60804 4.76739 4.51141 4.76739 4.35934 3.9011 3.07813 3.76489 3.01745 
5.97474 5.62366 5.62366 5.76109 5.32486 2.59942 0.739203 3.68347 0.758417 

0 0 0.574235 0 0 0.803138 0 0 1.24225 
0 0 0 0 0 0.1 0 0 0 
0 0 0 0 0 0.62784 0 0 0.742865 
0 0 0 0 0 0.581017 0 0 0.66796 
0 2.05023 2.66193 0 2.44476 2.92804 0 2.95514 3.63773 

6.98923 6.37363 6.65372 7.61311 6.62124 1.16413 0.973499 0.852719 0.811816 
6.54016 7.74796 6.60943 8.40898 8.20028 0.75962 0.970099 0.748771 0.712848 
7.72876 4.24287 3.5162 6.22664 4.49773 0.774505 0.932752 0.764177 0.734606 
6.81435 5.61205 5.73946 6.83153 7.00613 1.87139 2.21524 1.96218 1.7115 
1.05888 0.774675 1.07709 1.07114 0.836162 2.59636 1.33976 2.04856 4.30464 

24.3837 20.5602 24.3837 19.2572 24.3837 24.3837 24.0124 22.5848 22.5848 
23.6201 26.1616 23.6201 23.6201 26.3518 24.5997 23.9014 27.4477 26.3518 
24.2327 24.2327 22.4702 23.6487 22.6095 24.2327 25.327 22.6095 23.6487 
16.2573 14.6957 16.2573 16.2573 16.2573 17.0038 17.4248 14.6957 16.2573 
22.522 24.3034 24.3034 20.6312 22.6882 20.6312 24.3013 24.4676 24.3307 

12.1883 12.7937 11.9412 12.1883 12.1883 11.9412 12.2225 12.1883 11.9412 
11.6813 11.6813 11.7168 11.0409 11.6813 11.6813 11.6813 11.6813 11.6813 
12.5151 12.486 12.6133 12.8374 12.8374 12.8374 12.1415 12.5635 12.5635 
11.9094 11.9094 11.4644 11.9094 11.1286 12.495 0.53223 11.4334 12.2612 
11.1442 11.4205 11.3175 11.0466 11.1442 11.1442 11.4205 11.1442 11.1442 

15.8665 14.9419 14.9419 15.8142 14.9419 14.9419 15.8083 15.8142 15.8142 
15.2503 14.8996 14.1251 14.8996 14.8996 14.7597 14.1251 15.2503 14.7597 
15.7487 15.6813 15.1899 15.6813 15.8453 15.1899 15.1899 15.1899 15.6813 
15.7389 16.385 16.385 16.385 15.7779 15.8462 15.9046 16.385 16.385 
16.385 15.4499 16.385 16.385 15.5154 16.385 15.5714 15.5714 15.5154 

0.532751 0.604905 0.611793 0.529861 0.591627 0.600244 0.524823 0.576577 0.577182 
0.601147 0.603179 0.601052 0.5683 0.579601 0.578325 0 0.558287 0.565027 
0.1 0.652477 0.670006 0.1 0.619487 0.639548 0.05 0.589011 0.617262 
0.531867 0.569642 0.571077 0.1 0.55631 0.559746 0.1 0.538558 0.544446 
0.579906 0.578735 0.578325 0.533396 0.548576 0.547255 0 0.1 0.528732 

1.17255 0 0 0.25 0.25 0.751006 0.25 0.25 0.25 
0 0 0 0 0 0 0.1 0 0 
0 0 1.21131 0 0 1.42463 0 0 0.57562 
0.872987 0 0 0.25 1.02458 0.780901 0.25 0.25 0.25 
0 0 0 1.05576 0 0 1.27822 1.28549 0 

9.27763 9.28396 9.28396 9.69389 9.27763 9.27763 9.27763 9.28396 9.27763 
8.51293 8.26713 8.48805 8.26713 8.26713 8.26713 8.46023 8.26713 8.27513 
10.1687 10.972 10.5919 10.972 10.5919 10.6019 10.972 10.972 10.972 
10.1829 10.2882 10.1829 10.1829 10.1829 10.1884 10.2882 10.1884 10.5217 
5.71882 5.70795 5.83003 5.68479 5.56529 5.71882 5.71882 5.71882 5.72807 

1.98233 2.0027 1.83315 1.40807 1.62326 1.35453 0.754198 0.979647 0.978166 
2.42906 2.36547 2.29921 2.02941 1.98912 1.63986 0.816886 0.956381 0.960718 
3.09492 3.09492 2.75245 1.31239 2.69585 2.83681 1.42464 2.35176 2.79007 
9.26185 9.33567 7.49287 5.57953 7.11348 4.79346 0.744834 1.03441 1.03983 
1.27495 1.26181 1.23563 1.08345 1.07571 0.977058 0.886032 0.911956 0.949513 

6.85742 7.28152 7.05933 7.05933 6.51849 0.669778 0.623131 0.590765 0.578035 
5.76457 6.65282 7.00199 6.39634 6.63846 0.629616 0.619246 0.576796 0.582335 
2.91051 2.72334 2.848 2.37848 2.18294 0.580036 0.594208 0.580535 0.58594 
3.43247 3.66486 3.5019 2.9107 2.84447 0.767987 0.607793 0.576796 0.584084 
7.13019 7.16216 7.46394 7.18949 7.55193 7.28152 7.03641 7.16216 7.37276 

0.466471 0.466071 0.470303 0.05 0.446962 0.481568 0.1 0.443467 0.457534 
0.453543 0.454083 0.459225 0 0.1 0.450107 0 0.444718 0.446209 
0.484667 0.525884 0.537483 0.476466 0.518773 0.538813 0.460435 0.513953 0.537483 
0.480334 0.480259 0.480334 0.480263 0.479364 0.481472 0.480188 0.480668 0.480263 
0.557754 0.557262 0.558256 0.512032 0.536149 0.573248 0.490157 0.531398 0.544662 

0.795107 0.799837 0 0.631996 0.706658 0.915578 0 0 0 
0.879397 0.887111 0.905824 0.665226 0.735477 0.824091 0 0 0.658436 
0.669696 0.693167 0.741522 0.25 0.609163 0.663194 0 0 0 
0 0 0 0.811325 0.809623 0.803407 1.51323 0.946086 0.852238 
0.869569 0.879959 0.913384 0.627232 0.736086 0.847887 0 0 0 

1.12031 0.874282 0 0 0.738111 0.25 0 0 0 
1.60288 0.933295 0 0 0.748497 0.25 0 0 0 
1.35689 0.921909 0 0 0.742952 0.938068 0 0 0 
4.40253 0.801482 0 0 0.872243 1.18763 0 0 0 
4.17788 0.922517 0 0 0.851279 0.25 0 0 0 

8.45259 8.45259 8.45259 8.45259 8.45259 8.9614 8.00677 8.45259 7.50082 
8.7383 10.4297 9.74436 9.27132 10.5279 9.74436 8.64316 9.27132 9.27132 
5.5026 5.77012 5.26928 5.09717 4.49238 4.49238 3.48683 3.62256 3.89614 
6.30705 6.55285 7.45318 5.90771 6.55285 7.98371 6.55285 7.45318 7.98371 
4.37937 4.37937 3.89472 3.89472 3.47635 3.89472 2.75707 3.00202 3.15213 

3.81604 3.81688 3.76673 3.81604 3.79417 3.79417 3.70453 3.79417 3.74259 
3.65713 3.49912 3.49912 3.56445 3.49912 3.41317 3.47395 3.41384 3.43718 
5.8451 6.13977 5.97617 5.97578 5.97617 6.2553 5.97578 5.97617 6.22136 
5.24294 5.13639 5.24294 4.94126 4.80485 3.34616 4.03844 1.52577 1.13354 
1.34266 1.34021 1.34266 1.34276 1.34266 1.34266 1.34266 1.34021 1.33815 

0.791501 0.791501 0.804241 1.07107 0.915716 11.9188 5.97976 13.068 13.7143 
1.06107 0.454002 1.26688 0 0 1.28599 0.590565 0.825644 1.26851 
1.72098 1.75649 1.81646 17.893 2.91404 2.82518 1.10319 2.44879 2.42624 
4.55504 4.83173 4.83173 5.06641 4.60039 5.126 4.60039 4.41149 5.00836 
3.59905 3.8819 3.59905 2.68432 3.63037 3.0422 11.2217 4.34089 2.19386 

0 0 0 0 0 0 0 0 0 
1.06301 0 0 0 0 0 0 0 0 
0.808534 0.934533 0.797698 0.79556 0.784554 0.796254 0.79556 0.77621 0.776014 
2.23638 1.19121 0 1.49767 1.36846 1.07713 1.37781 1.13699 0 
1.56005 1.26652 0 1.77484 1.74527 1.90457 1.80388 1.9625 0.748874 

0.635417 0.641224 0.635034 0.641224 0.641314 0.635417 0 0.630358 0.630358 
0.618358 0.615079 0.618358 0.60133 0.618358 0.618358 0 0.618358 0.606863 
0.606863 0.616569 0.615079 0.616569 0.606863 0.605177 0 0.605177 0.605177 
0.639469 0.647555 0.647555 0.639469 0.630901 0.639469 0 0.630901 0.637523 
0.656767 0.651286 0.651286 0.656767 0.656767 0.639469 0 0.644905 0.639469 

0.536877 0.554214 0 0.541138 0.555792 0 0.538848 1.28254 0 
0.451024 0.451802 0.452217 0.452129 0.452129 0.452411 0.450258 0.451802 0.452527 
0.474174 0.470757 0.469489 0.472751 0.469489 0.471026 0.474559 0.473793 0.471026 
0.496575 0.495915 0.496739 0.495915 0.497555 0.498435 0.498288 0.4973 0.497865 
0.470782 0.517174 0.569793 0.486403 0.515303 0.532737 0.472996 0.532612 0.535962 

4.06619 4.06619 4.22669 2.4998 3.74159 4.52053 0.638749 0.64219 0.64219 
6.7035 5.77705 7.85959 3.96339 4.76422 6.96888 0.606726 4.79066 7.85959 
3.20094 3.46917 3.18403 2.58058 2.88083 3.093 1.03101 1.42557 2.17792 
2.52991 2.46512 2.35185 1.79159 1.9658 2.35185 0.52929 0.622562 0.625438 
2.45017 2.33796 2.59692 1.78562 1.99218 2.2847 0.543954 0.662543 0.897014 

2.41473 3.14093 1.77811 1.77811 1.73935 1.65611 0.572775 0.613577 0.707823 
19.5954 19.5954 19.5954 19.5954 19.5954 19.5954 35.4655 19.5954 21.2988 
12.2902 13.3681 13.0928 14.3322 12.2902 13.3681 27.1607 16.0513 15.7913 
20.3927 19.1196 19.1196 18.4594 18.4594 20.7445 20.7445 18.4659 18.4594 
24.6392 24.1806 23.5971 24.6392 21.6793 21.3528 20.3109 23.2118 23.5971 

9.46048 9.16053 9.09176 10.175 9.92036 10.0443 9.74307 8.98146 9.30422 
5.9412 5.91775 5.76167 5.86358 6.12387 6.12954 6.12387 6.7258 6.13132 
2.17175 2.20078 2.18875 2.18875 2.1791 2.20078 2.15185 2.19914 2.24253 
2.63893 2.67054 2.71994 2.69442 2.74737 2.69695 3.49067 2.75526 2.6775 
5.07679 5.25515 5.67317 6.06501 6.2414 6.00281 6.33545 6.4546 5.4835 

18.9639 19.8244 18.9639 17.9548 18.9639 17.4453 14.2737 18.9639 18.9639 
13.9454 11.9461 16.1315 14.584 11.9461 14.2737 11.3248 16.3894 16.3894 
1.74064 1.42103 0.956644 1.35524 1.21515 5.86211 5.05176 5.04777 7.86021 
6.8893 7.459 6.92413 7.51196 7.51196 1.14074 1.53543 1.11429 1.00613 
10.9517 12.3928 8.90616 8.90616 6.92413 1.7585 0.738128 1.22104 1.06134 

1.17046 1.20012 0 1.23015 1.19266 0.1 1.21759 1.24306 0 
1.25122 1.3172 1.45762 1.26016 1.30015 1.41794 1.26016 1.29674 1.45929 
0.91799 0.914528 0.792392 0.926883 0.924158 0.800096 0.9389 0.953779 0 
0.738979 4.05377 0 0 0.68712 0.25 0 0 0 
1.28217 0.1 0 1.23303 1.1536 0 1.13836 0.853547 0 

5.12316 5.12316 5.19398 5.30652 5.44882 5.31913 5.44882 5.19398 5.6736 
5.09715 5.10871 5.03193 4.96948 5.04148 5.03954 5.20068 5.26419 4.92729 
6.1809 6.00758 5.73529 6.03495 6.03495 5.73529 6.18676 6.00758 6.03495 
5.36252 5.36252 5.23691 5.36252 5.36252 5.36252 5.36252 5.36252 5.36252 
5.00755 5.29594 4.9897 5.29594 5.29594 5.50648 5.10303 5.29594 5.50648 

25.066 31.946 0.688438 31.946 0.698448 0.643984 0.702931 0.643984 0.640876 
4.38309 4.38309 6.73459 4.1187 5.21018 9.0798 5.07777 6.39211 9.85926 
28.7354 15.4191 15.4191 21.1515 18.3755 17.9313 28.7354 21.1515 28.7354 
28.7354 46.2783 39.3669 31.946 39.3669 78.039 39.3669 39.3669 31.946 
39.3669 45.6547 0.700365 31.946 0.708444 0.62851 0.7067 0.62851 0.624243 

1.43532 0 1.65476 1.41147 0 1.52594 1.10154 1.54529 1.51448 
1.26145 0 0 1.22371 0 0 0 0 0 
1.49347 0 1.91811 1.48305 0 2.41507 1.01044 2.26126 2.38225 
0.782904 0 0.859403 0.764078 0 0.713761 0.646547 0.71481 0.705643 
0 0 1.89282 0 2.92453 1.63131 3.69061 2.66422 1.63131 

0.667306 1.53114 4.271 0.780839 4.13264 1.28799 0.532406 0.474033 0 
5.1823 5.25702 4.99445 4.89594 4.99445 4.99445 4.99445 4.99445 4.99335 
0.522661 1.66345 4.14204 0.631752 3.81397 4.26985 0.827954 4.03386 4.45651 
4.46349 4.68876 4.68876 4.68324 4.83836 4.53574 4.68876 4.68876 4.39212 
4.53356 4.53356 4.50535 4.22387 4.24477 4.1918 4.24477 4.20026 3.99963 

1.14636 1.16484 0.873241 1.15254 2.04627 0.901576 0.872712 1.16484 1.3373 
0 0 0 0 1.99327 2.06046 0 0 0 
1.54621 1.56695 1.67827 1.56958 1.58013 1.31633 1.54794 1.56695 1.2293 
0.994663 1.0007 0.770961 0.981004 2.01357 0.939786 0.989268 1.0007 1.76068 
1.42779 0 0.780404 1.46694 2.14349 0.887239 1.50195 1.15108 2.08652 

0.870144 0.866109 0.866109 0.866109 0.869092 0.831505 0.888879 0.85278 0.830042 
2.08594 2.12434 0.666603 1.43675 0.668898 0.664647 0.554344 0.555929 0.554334 
1.99671 2.02241 1.01878 1.94713 0.768141 0.616067 0.554278 0.554344 0.554278 
2.072 2.07458 2.072 2.08474 0.929327 0.634226 0.554278 0.554278 0.554344 
1.62861 1.55095 0.577604 1.13759 0.608687 0.567265 0.554278 0.554278 0.554278 

6.83825 7.23182 6.83825 6.83825 5.95254 4.25585 2.41839 5.56297 3.207 
5.01915 4.62619 4.62619 4.62619 4.15482 3.58215 0.962063 3.31331 1.45795 
5.73414 5.73414 5.73414 5.73414 4.76642 4.15482 3.74738 4.76642 3.47136 
3.35362 3.43938 3.3691 1.36331 3.30616 1.73033 0.672365 2.38333 0.986601 
3.76041 3.63007 3.29093 2.71769 3.15134 2.32983 0.989271 2.4031 1.13792 

1.19073 0 0 2.76268 0 0 2.651 0 0 
1.39108 0 0 0.896404 1.22986 0 0.896404 0.930189 0 
0.598703 4.01961 0 0 0.598849 0 0 0 0 
1.73292 0 0 0 1.26731 2.25617 0 0.878323 1.98702 
1.10924 2.12585 0 0.753608 0.952522 1.27508 0.775958 1.25893 0 

8.99672 1.87436 1.48637 7.15413 5.60393 5.95896 6.63935 6.60615 6.36494 
9.11716 10.0346 9.81282 9.07854 9.81282 10.0346 10.0346 10.0346 9.54934 
9.01151 8.82089 9.2725 9.44209 8.82089 9.95556 9.95556 9.31298 8.82089 
8.76842 9.16566 9.16566 9.01598 8.76842 9.14961 9.16566 9.14961 9.21211 
9.49509 8.46272 8.11719 8.11719 9.49509 8.86692 8.86692 8.86692 8.11719 

1.96629 2.76684 2.53574 1.02589 2.35765 2.53574 0.843872 0.936533 2.65428 
6.85216 7.94468 8.57263 6.05186 7.30196 7.89581 6.05186 7.30196 10.3623 
6.12468 6.94909 6.56827 6.12468 6.94909 6.56827 6.5352 6.88858 7.0434 
0.489418 7.35112 6.88858 0.489418 6.04122 6.483 0.489019 6.88858 6.483 
7.30196 7.94468 7.95354 7.30196 7.95354 6.9811 7.30196 7.95354 7.94468 

2.27226 2.34277 2.27226 2.44236 2.27226 2.18099 2.27226 2.0603 2.00824 
0 0.05 0.560626 0.05 0.556439 0.556109 0.566899 0.05 0.05 
9.08963 9.08963 6.37441 9.64558 5.24755 6.92158 4.82458 3.89445 5.57736 
0.566315 1.19696 1.0777 0.566315 0.857582 0.638786 0.561278 0.05 0.05 
2.82173 3.67041 1.23369 3.6774 0.93395 0.596207 3.12002 0.509219 0.509711 

5.65826 4.90451 4.01019 4.90451 4.72026 2.31912 0.630801 2.30542 2.30323 
8.54265 9.05776 8.19168 9.45325 6.18675 3.58504 1.34765 3.9118 2.00079 
0.852942 0.853035 0.850299 0.868567 0.850396 1.07455 1.13844 1.06835 1.10617 
0.816764 2.78565 2.84303 0.623475 2.32961 2.27707 0.621972 1.78099 2.09224 
1.3305 9.67579 5.49902 0.655633 9.79792 2.65189 0.629207 3.0986 2.52327 

