1
0.841461 1 -0.499371 -0.275763 -0.680542 -1 0.32553 0.221308
192.073 200 0.250314 0.362119 0.250314 0.362119 6.96488 6.49588
36.786

2
0.766483 -0.695343 -0.579283 -0.72474 -1 -0.578473 -0.029861 -0.797068
188.324 115.233 0.210359 0.13763 0.210359 0.210764 5.36563 1.91319
39.1132

3
-0.881295 -0.505069 -0.492146 -0.450507 -0.642262 -0.559122 0.214507 -0.470065
105.935 124.747 0.253927 0.274746 0.253927 0.274746 6.46528 3.38471
43.0165

4
-0.430564 0.556493 -0.820728 -0.463108 -0.627146 -0.180201 -0.362084 -0.0862339
128.472 177.825 0.0896362 0.268446 0.186427 0.4099 3.87062 5.11195
40.7627

