0.005 0.02
0.005 0.02
0.005 0.025
0.005 0.025
0.005 0.025
0.005 0.025
0.005 0.03
0.005 0.03
0.005 0.03
0.005 0.035
0.005 0.035
0.005 0.04
0.005 0.04
0.005 0.045
0.005 0.05
0.005 0.05
0.005 0.055
0.005 0.06
0.005 0.065
0.005 0.07
0.005 0.075
0.005 0.085
0.005 0.09
0.005 0.1
0.005 0.11
0.005 0.125
0.005 0.14
0.005 0.16
0.005 0.19
0.005 0.225
0.005 0.275
0.005 0.32
0.005 0.35
0.005 0.37
0.005 0.385
0.005 0.4
0.005 0.41
0.005 0.415
0.005 0.425
0.005 0.43
0.005 0.435
0.005 0.435
0.005 0.42
0.005 0.375
0.005 0.335
0.005 0.265
0.005 0.235
0.005 0.165
0.005 0.11
0.005 0.025
0.005 0.005
0.005 0.005
0.005 0.005
0.005 0.005
0.005 0.005
0.005 0.005
0.005 0.005
0.005 0.005
0.005 0.005
0.005 0.005
0.005 0.005
0.005 0.005
0.005 0.005
0.005 0.005
0.005 0.005
0.005 0.005
0.005 0.005
0.005 0.005
0.005 0.005
0.005 0.005
0.005 0.005
0.005 0.005
0.005 0.005
0.005 0.005
0.005 0.005
0.005 0.005
0.005 0.005
0.005 0.005
0.005 0.005
0.005 0.005
0.005 0.005
0.005 0.005
0.005 0.005
0.005 0.005
0.005 0.005
0.005 0.005
0.005 0.005
0.005 0.005
0.005 0.005
0.005 0.005
0.005 0.005
0.005 0.005
0.005 0.005
0.005 0.005
0.005 0.005
0.005 0.005
0.005 0.005
0.005 0.005
0.005 0.005
0.005 0.005
0.005 0.005
0.005 0.005
0.005 0.005
0.005 0.005
0.005 0.005
0.005 0.005
0.005 0.005
0.005 0.005
0.005 0.005
0.005 0.005
0.005 0.005
0.005 0.005
0.005 0.005
0.005 0.005
0.005 0.005
0.005 0.005
0.005 0.005
0.005 0.005
0.005 0.005
0.005 0.005
0.005 0.005
0.005 0.005
0.005 0.005
0.005 0.005
0.005 0.005
0.005 0.005
0.005 0.005
0.005 0.005
0.005 0.005
0.005 0.005
0.005 0.005
0.005 0.005
0.005 0.005
0.005 0.005
0.005 0.005
0.005 0.005
0.005 0.005
0.005 0.005
0.005 0.005
0.005 0.005
0.005 0.005
0.005 0.005
0.005 0.005
0.005 0.005
0.005 0.005
0.005 0.005
0.005 0.005
0.005 0.005
0.005 0.005
0.005 0.005
0.005 0.005
0.005 0.005
0.005 0.005
0.005 0.005
0.005 0.005
0.005 0.005
0.005 0.005
0.005 0.005
0.005 0.005
0.005 0.005
0.005 0.005
0.005 0.005
0.005 0.005
0.005 0.01
0.005 0.01
0.005 0.005
0.005 0.005
0.005 0.005
0.005 0.005
0.005 0.01
0.005 0.01
0.005 0.01
0.005 0.01
0.005 0.01
0.005 0.01
0.005 0.01
0.005 0.01
0.005 0.01
0.005 0.01
0.005 0.01
0.005 0.01
0.005 0.01
0.005 0.01
0.005 0.01
0.005 0.01
0.005 0.01
0.005 0.01
0.005 0.01
0.005 0.01
0.005 0.01
0.005 0.01
0.005 0.01
0.005 0.01
0.005 0.01
0.005 0.01
0.005 0.01
0.005 0.01
0.005 0.01
0.005 0.01
0.005 0.01
0.005 0.01
0.005 0.015
0.005 0.015
0.005 0.015
0.005 0.015
0.005 0.015
0.005 0.015
0.005 0.015
0.01 0.015
0.01 0.01
0.01 0.01
0.01 0.01
0.01 0.01
0.01 0.01
0.01 0.01
0.01 0.01
0.01 0.015
0.01 0.015
0.01 0.015
0.01 0.015
0.01 0.015
0.01 0.015
0.01 0.015
0.01 0.015
0.01 0.015
0.01 0.015
0.01 0.015
0.01 0.015
0.01 0.015
0.01 0.015
0.01 0.02
0.01 0.02
0.01 0.02
0.01 0.02
0.01 0.025
0.01 0.025
0.01 0.03
0.01 0.035
0.01 0.04
0.01 0.045
0.01 0.05
0.01 0.045
0.01 0.035
0.01 0.03
0.01 0.03
0.01 0.035
0.01 0.045
0.01 0.055
0.01 0.065
0.01 0.065
0.01 0.055
0.01 0.05
0.015 0.055
0.01 0.07
0.01 0.08
0.01 0.085
0.01 0.08
0.015 0.085
0.015 0.09
0.015 0.095
0.015 0.1
0.015 0.125
0.015 0.135
0.015 0.115
0.015 0.11
0.015 0.19
0.015 0.17
0.015 0.125
0.015 0.21
0.015 0.265
0.015 0.145
0.02 0.23
0.015 0.34
0.02 0.16
0.015 0.345
0.015 0.335
0.025 0.22
0.015 0.535
0.02 0.225
0.02 0.49
0.015 0.37
0.02 0.47
0.015 0.5
0.02 0.505
0.015 0.565
0.02 0.575
0.02 0.59
0.02 0.63
0.02 0.705
0.025 0.635
0.02 0.8
0.03 0.74
0.025 0.69
0.02 0.935
0.03 0.85
0.03 0.695
0.02 0.94
0.025 0
0.03 0.97
0.03 0.92
0.035 0.95
0.03 0
0.03 0
0.04 0
0.045 0
0.045 0
0.04 0
0.03 0
0.025 0
0.025 0
0.04 0
0.035 0
0.035 0
0.035 0
0.035 0
0.05 0
0.055 0
0.045 0
0.045 0
0.05 0
0.035 0
0.05 0
0.05 0
0.06 0
0.07 0
0.06 0
0.055 0
0.055 0
0.05 0
0.05 0
0.05 0
0.05 0
0.045 0
0.045 0
0.045 0
0.045 0
0.045 0
0.045 0
0.045 0
0.045 0
0.045 0
0.04 0
0.04 0
0.04 0
0.04 0
0.04 0
0.04 0
0.04 0
0.04 0
0.04 0
0.04 0
0.04 0
0.04 0
0.04 0
0.04 0
0.04 0
0.04 0
0.04 0
0.04 0
0.04 0
0.04 0
0.04 0
0.04 0
0.04 0
0.04 0
0.04 0
0.04 0
0.04 0
0.04 0
0.04 0
0.04 0
0.04 0
0.04 0
0.04 0
0.04 0
0.04 0
0.04 0
0.04 0
0.04 0
0.04 0
0.04 0
0.04 0
0.04 0
0.04 0
0.04 0
0.04 0
0.04 0
0.04 0
0.04 0
0.04 0
0.04 0
0.04 0
0.04 0
0.04 0
0.04 0
0.04 0
0.04 0
0.04 0
0.04 0
0.04 0
0.04 0
0.04 0
0.04 0
0.04 0
0.04 0
0.04 0
0.04 0
0.04 0
0.04 0
0.04 0
0.035 0
0.035 0
0.035 0
0.035 0
0.035 0
0.035 0
0.035 0
0.035 0
0.035 0
0.035 0
0.035 0
0.035 0
0.035 0
0.035 0
0.035 0
0.035 0
0.035 0
0.035 0
0.035 0
0.035 0
0.035 0
0.035 0
0.035 0
0.035 0
0.035 0
0.035 0
0.035 0
0.035 0
0.035 0
0.035 0
0.035 0
0.035 0
0.035 0
0.035 0
0.035 0
0.035 0
0.035 0
0.035 0
0.035 0
0.035 0
0.035 0
0.035 0
0.035 0
0.035 0
0.035 0
0.035 0
0.035 0
0.035 0
0.035 0
0.035 0
0.035 0
0.035 0
0.035 0
0.035 0
0.035 0
0.035 0
0.035 0
0.035 0
0.035 0
0.035 0
0.035 0
0.035 0
0.035 0
0.035 0
0.035 0
0.035 0
0.035 0
0.035 0
0.035 0
0.035 0
0.035 0
0.035 0
0.035 0
0.035 0
0.035 0
0.035 0
0.035 0
0.035 0
0.035 0
0.035 0
0.035 0
0.035 0
0.035 0
0.035 0
0.035 0
0.035 0
0.035 0
0.035 0
0.035 0
0.035 0
0.035 0
0.035 0
0.035 0
0.035 0
0.035 0
0.035 0
0.035 0
0.035 0
0.035 0
0.035 0
0.035 0
0.035 0
0.035 0
0.035 0
0.035 0
0.035 0
0.035 0
0.035 0
0.035 0
0.035 0
0.035 0
0.035 0
0.035 0
0.035 0
0.035 0
0.035 0
0.035 0
0.035 0
0.035 0
0.035 0
0.035 0
0.035 0
0.035 0
0.035 0
0.035 0
0.035 0
0.035 0
0.035 0
0.035 0
0.035 0
0.035 0
0.035 0
0.035 0
0.035 0
0.035 0
0.035 0
0.035 0
0.035 0
0.035 0
0.035 0
0.035 0
0.035 0
0.035 0
0.035 0
0.035 0
0.035 0
0.035 0
0.035 0
0.035 0
0.035 0
0.035 0
0.035 0
0.035 0
0.035 0
0.035 0
0.035 0
0.035 0
0.035 0
0.035 0
0.035 0
0.035 0
0.035 0
0.035 0
0.035 0
0.035 0
0.035 0
0.035 0
0.035 0
0.035 0
0.035 0
0.035 0
0.035 0
0.035 0
0.035 0
0.035 0
0.035 0
0.035 0
0.035 0
0.035 0
0.035 0
0.035 0
0.035 0
0.035 0
0.035 0
0.035 0
0.035 0
0.035 0
0.035 0
0.035 0
0.035 0

