0.005 0.02
0.005 0.02
0.005 0.025
0.005 0.025
0.005 0.025
0.005 0.025
0.005 0.03
0.005 0.03
0.005 0.03
0.005 0.035
0.005 0.035
0.005 0.04
0.005 0.04
0.005 0.045
0.005 0.05
0.005 0.05
0.005 0.055
0.005 0.06
0.005 0.065
0.005 0.07
0.005 0.075
0.005 0.085
0.005 0.09
0.005 0.1
0.005 0.11
0.005 0.125
0.005 0.14
0.005 0.16
0.005 0.19
0.005 0.225
0.005 0.275
0.005 0.32
0.005 0.35
0.005 0.37
0.005 0.385
0.005 0.4
0.005 0.41
0.005 0.415
0.005 0.425
0.005 0.43
0.005 0.435
0.005 0.435
0.005 0.42
0.005 0.375
0.005 0.33
0.005 0.265
0.005 0.235
0.005 0.165
0.005 0.115
0.005 0.025
0.27 0.005
0.27 0.005
0.005 0.005
0.005 0.005
0.005 0.005
0.005 0.005
0.005 0.005
0.005 0.005
0.005 0.005
0.005 0.005
0.005 0.005
0.005 0.005
0.005 0.005
0.005 0.005
0.005 0.005
0.005 0.005
0.005 0.005
0.005 0.005
0.005 0.005
0.005 0.005
0.005 0.005
0.005 0.005
0.005 0.005
0.005 0.005
0.005 0.005
0.005 0.005
0.005 0.005
0.005 0.005
0.005 0.005
0.005 0.005
0.27 0.005
0.27 0.005
0.27 0.005
0.27 0.005
0.27 0.005
0.27 0.005
0.27 0.005
0.27 0.005
0.27 0.005
0.27 0.005
0.27 0.005
0.27 0.005
0.27 0.005
0.27 0.005
0.27 0.005
0.27 0.005
0.27 0.005
0.27 0.005
0.27 0.005
0.27 0.005
0.27 0.005
0.27 0.005
0.27 0.005
0.27 0.005
0.27 0.005
0.27 0.005
0.27 0.005
0.27 0.005
0.27 0.005
0.27 0.005
0.27 0.005
0.27 0.005
0.27 0.005
0.27 0.005
0.27 0.005
0.27 0.005
0.27 0.005
0.27 0.005
0.27 0.005
0.27 0.005
0.27 0.005
0.27 0.005
0.27 0.005
0.27 0.005
0.27 0.005
0.27 0.005
0.27 0.005
0.27 0.005
0.27 0.005
0.27 0.005
0.27 0.005
0.27 0.005
0.27 0.005
0.27 0.005
0.27 0.005
0.27 0.005
0.27 0.005
0.27 0.005
0.27 0.005
0.27 0.005
0.27 0.005
0.27 0.005
0.27 0.005
0.27 0.005
0.27 0.005
0.27 0.005
0.27 0.005
0.27 0.005
0.27 0.005
0.27 0.005
0.27 0.005
0.27 0.005
0.27 0.005
0.27 0.005
0.27 0.005
0.27 0.005
0.27 0.005
0.27 0.005
0.27 0.005
0.27 0.005
0.27 0.005
0.27 0.005
0.27 0.005
0.27 0.005
0.27 0.005
0.27 0.005
0.27 0.005
0.27 0.005
0.27 0.005
0.27 0.005
0.27 0.005
0.27 0.005
0.27 0.005
0.27 0.005
0.27 0.005
0.27 0.005
0.27 0.005
0.27 0.005
0.27 0.005
0.27 0.005
0.27 0.005
0.27 0.005
0.27 0.005
0.27 0.005
0.27 0.005
0.27 0.005
0.27 0.005
0.27 0.005
0.27 0.005
0.27 0.005
0.27 0.005
0.27 0.005
0.27 0.005
0.27 0.005
0.27 0.005
0.27 0.005
0.27 0.005
0.27 0.005
0.27 0.005
0.27 0.005
0.27 0.005
0.27 0.005
0.27 0.005
0.27 0.005
0.27 0.005
0.27 0.005
0.27 0.005
0.27 0.005
0.27 0.005
0.27 0.005
0.27 0.005
0.27 0.005
0.27 0.005
0.27 0.005
0.27 0.005
0.27 0.005
0.27 0.005
0.27 0.005
0.27 0.005
0.27 0.005
0.27 0.005
0.27 0.005
0.27 0.005
0.005 0.01
0.01 0.01
0.01 0.01
0.01 0.005
0.01 0.005
0.01 0.01
0.01 0.01
0.01 0.01
0.005 0.01
0.005 0.01
0.005 0.01
0.005 0.01
0.01 0.01
0.01 0.01
0.01 0.01
0.01 0.01
0.01 0.01
0.01 0.01
0.01 0.01
0.01 0.01
0.01 0.01
0.01 0.01
0.01 0.01
0.01 0.01
0.01 0.01
0.01 0.01
0.01 0.01
0.01 0.015
0.01 0.015
0.01 0.015
0.01 0.015
0.01 0.015
0.01 0.015
0.01 0.015
0.015 0.015
0.015 0.015
0.015 0.015
0.015 0.015
0.015 0.02
0.015 0.02
0.01 0.025
0.01 0.03
0.01 0.03
0.01 0.03
0.01 0.025
0.015 0.025
0.015 0.02
0.02 0.02
0.015 0.025
0.015 0.04
0.01 0.05
0.015 0.04
0.015 0.03
0.02 0.025
0.015 0.045
0.015 0.07
0.015 0.045
0.02 0.03
0.02 0.055
0.015 0.085
0.02 0.04
0.02 0.06
0.015 0.105
0.02 0.05
0.02 0.09
0.015 0.105
0.025 0.08
0.02 0.125
0.025 0.095
0.02 0.135
0.02 0.135
0.025 0.14
0.025 0.16
0.02 0.24
0.03 0.15
0.025 0.215
0.02 0.39
0.03 0.32
0.035 0.24
0.035 0.225
0.035 0.26
0.035 0.335
0.03 0.445
0.03 0.525
0.03 0.525
0.025 0.755
0.03 0.58
0.03 0.87
0.035 0.84
0.035 0.87
0.035 0.875
0.03 0
0.03 0
0.04 0
0.04 0
0.04 0
0.03 0
0.025 0
0.025 0
0.025 0
0.025 0
0.025 0
0.025 0
0.02 0
0.02 0
0.02 0
0.02 0
0.02 0
0.02 0
0.02 0
0.02 0
0.02 0
0.02 0
0.02 0
0.02 0
0.02 0
0.02 0
0.02 0
0.02 0
0.02 0
0.02 0
0.02 0
0.02 0
0.02 0
0.02 0
0.02 0
0.02 0
0.02 0
0.02 0
0.02 0
0.02 0
0.02 0
0.02 0
0.02 0
0.02 0
0.02 0
0.02 0
0.02 0
0.02 0
0.02 0
0.02 0
0.02 0
0.02 0
0.02 0
0.02 0
0.02 0
0.02 0
0.02 0
0.02 0
0.02 0
0.02 0
0.02 0
0.02 0
0.02 0
0.02 0
0.02 0
0.02 0
0.02 0
0.02 0
0.02 0
0.02 0
0.02 0
0.02 0
0.02 0
0.02 0
0.02 0
0.02 0
0.02 0
0.02 0
0.02 0
0.02 0
0.02 0
0.02 0
0.02 0
0.02 0
0.02 0
0.02 0
0.02 0
0.02 0
0.02 0
0.02 0
0.02 0
0.02 0
0.02 0
0.02 0
0.02 0
0.02 0
0.02 0
0.02 0
0.02 0
0.02 0
0.02 0
0.02 0
0.02 0
0.02 0
0.02 0
0.02 0
0.02 0
0.02 0
0.02 0
0.02 0
0.02 0
0.02 0
0.02 0
0.02 0
0.02 0
0.02 0
0.02 0
0.02 0
0.02 0
0.02 0
0.02 0
0.02 0
0.02 0
0.02 0
0.015 0
0.015 0
0.015 0
0.015 0
0.015 0
0.015 0
0.015 0
0.015 0
0.015 0
0.015 0
0.015 0
0.015 0
0.015 0
0.015 0
0.015 0
0.015 0
0.015 0
0.015 0
0.015 0
0.015 0
0.015 0
0.015 0
0.015 0
0.015 0
0.015 0
0.015 0
0.015 0
0.015 0
0.015 0
0.015 0
0.015 0
0.015 0
0.015 0
0.015 0
0.015 0
0.015 0
0.015 0
0.015 0
0.015 0
0.015 0
0.015 0
0.015 0
0.015 0
0.015 0
0.015 0
0.015 0
0.015 0
0.015 0
0.015 0
0.015 0
0.015 0
0.015 0
0.015 0
0.015 0
0.015 0
0.015 0
0.015 0
0.015 0
0.015 0
0.015 0
0.015 0
0.015 0
0.015 0
0.015 0
0.015 0
0.015 0
0.015 0
0.015 0
0.015 0
0.015 0
0.015 0
0.015 0
0.015 0
0.015 0
0.015 0
0.015 0
0.015 0
0.015 0
0.015 0
0.015 0
0.015 0
0.015 0
0.015 0
0.015 0
0.015 0
0.015 0
0.015 0
0.015 0
0.015 0
0.015 0
0.015 0
0.015 0
0.015 0
0.015 0
0.015 0
0.015 0
0.015 0
0.015 0
0.015 0
0.015 0
0.015 0
0.015 0
0.015 0
0.015 0
0.015 0
0.015 0
0.015 0
0.015 0
0.015 0
0.015 0
0.015 0
0.015 0
0.015 0
0.015 0
0.015 0
0.015 0
0.015 0
0.015 0
0.015 0
0.015 0
0.015 0
0.015 0
0.015 0
0.015 0
0.015 0
0.015 0
0.015 0
0.015 0
0.015 0
0.015 0
0.015 0
0.015 0
0.015 0
0.015 0
0.015 0
0.015 0
0.015 0
0.015 0
0.015 0
0.015 0
0.015 0
0.015 0
0.015 0
0.015 0
0.015 0
0.015 0
0.015 0
0.015 0
0.015 0
0.015 0
0.015 0
0.015 0
0.015 0
0.015 0
0.015 0
0.015 0
0.015 0
0.015 0
0.015 0
0.015 0
0.015 0
0.015 0

