0.005 0.02
0.005 0.02
0.005 0.02
0.005 0.025
0.005 0.025
0.005 0.025
0.005 0.03
0.005 0.03
0.005 0.03
0.005 0.035
0.005 0.035
0.005 0.04
0.005 0.04
0.005 0.045
0.005 0.05
0.005 0.05
0.005 0.055
0.005 0.06
0.005 0.065
0.005 0.07
0.005 0.075
0.005 0.08
0.005 0.09
0.005 0.1
0.005 0.11
0.005 0.125
0.005 0.14
0.005 0.16
0.005 0.185
0.005 0.225
0.005 0.275
0.005 0.315
0.005 0.35
0.005 0.37
0.005 0.385
0.005 0.4
0.005 0.41
0.005 0.415
0.005 0.425
0.005 0.43
0.005 0.435
0.005 0.44
0.005 0.425
0.005 0.375
0.005 0.335
0.005 0.275
0.005 0.21
0.005 0.165
0.005 0.115
0.005 0.04
0.005 0.02
0.005 0.015
0.005 0.015
0.005 0.015
0.005 0.01
0.005 0.01
0.005 0.015
0.005 0.015
0.005 0.01
0.005 0.01
0.005 0.015
0.005 0.01
0.005 0.01
0.005 0.01
0.005 0.01
0.005 0.01
0.005 0.01
0.005 0.01
0.005 0.01
0.005 0.01
0.005 0.01
0.005 0.01
0.005 0.01
0.005 0.01
0.005 0.015
0.005 0.01
0.005 0.015
0.005 0.01
0.005 0.01
0.005 0.01
0.005 0.01
0.005 0.01
0.005 0.01
0.005 0.01
0.005 0.01
0.005 0.01
0.005 0.01
0.005 0.01
0.005 0.01
0.005 0.01
0.005 0.01
0.005 0.015
0.005 0.01
0.005 0.01
0.005 0.015
0.01 0.01
0.005 0.015
0.005 0.015
0.01 0.01
0.005 0.015
0.01 0.015
0.01 0.01
0.005 0.015
0.01 0.015
0.01 0.01
0.01 0.01
0.01 0.015
0.01 0.01
0.01 0.01
0.01 0.015
0.01 0.015
0.01 0.015
0.01 0.015
0.01 0.015
0.01 0.015
0.01 0.015
0.01 0.015
0.01 0.015
0.01 0.015
0.01 0.015
0.01 0.015
0.015 0.015
0.015 0.015
0.01 0.015
0.01 0.015
0.01 0.02
0.015 0.015
0.015 0.015
0.015 0.015
0.015 0.02
0.015 0.02
0.015 0.02
0.02 0.015
0.02 0.015
0.015 0.015
0.015 0.02
0.015 0.025
0.015 0.025
0.02 0.02
0.025 0.015
0.02 0.015
0.02 0.015
0.015 0.02
0.015 0.025
0.02 0.03
0.02 0.025
0.025 0.02
0.03 0.015
0.03 0.015
0.025 0.02
0.025 0.02
0.02 0.025
0.02 0.03
0.02 0.035
0.025 0.03
0.03 0.03
0.035 0.025
0.04 0.02
0.04 0.02
0.04 0.02
0.04 0.02
0.04 0.02
0.035 0.025
0.03 0.03
0.03 0.035
0.03 0.04
0.03 0.045
0.03 0.045
0.035 0.045
0.035 0.045
0.04 0.045
0.045 0.045
0.045 0.045
0.05 0.045
0.055 0.04
0.06 0.04
0.065 0.04
0.07 0.04
0.07 0.035
0.075 0.035
0.08 0.035
0.085 0.035
0.085 0.04
0.09 0.04
0.095 0.04
0.095 0.04
0.1 0.04
0.105 0.04
0.105 0.045
0.11 0.045
0.115 0.045
0.115 0.045
0.12 0.05
0.125 0.05
0.125 0.055
0.13 0.055
0.135 0.06
0.135 0.065
0.135 0.07
0.135 0.075
0.135 0.085
0.135 0.095
0.13 0.105
0.13 0.115
0.125 0.13
0.12 0.14
0.115 0.155
0.11 0.165
0.11 0.18
0.11 0.185
0.11 0.19
0.11 0.185
0.115 0.175
0.125 0.165
0.135 0.15
0.15 0.14
0.17 0.125
0.195 0.115
0.22 0.11
0.25 0.105
0.275 0.105
0.3 0.11
0.315 0.125
0.32 0.14
0.315 0.17
0.3 0.205
0.28 0.245
0.255 0.295
0.235 0.345
0.215 0.39
0.2 0.425
0.195 0.43
0.195 0.41
0.205 0.38
0.225 0.345
0.255 0.31
0.29 0.28
0.335 0.25
0.38 0.225
0.43 0.21
0.47 0.22
0.5 0.245
0.51 0.29
0.495 0.35
0.465 0.415
0.43 0.49
0.395 0.57
0.365 0.65
0.335 0.72
0.315 0.75
0.305 0.735
0.31 0.695
0.33 0.65
0.37 0.6
0.42 0.55
0.475 0.5
0.53 0.455
0.59 0.42
0.645 0.42
0.685 0.46
0.7 0.53
0.685 0.61
0.655 0.695
0.62 0.78
0.58 0.86
0.54 0.925
0.505 0.975
0.48 0.995
0.46 0.995
0.46 0.98
0.48 0.955
0.52 0.915
0.58 0.875
0.64 0.825
0.7 0.775
0.765 0.745
0.82 0.75
0.855 0.785
0.86 0.845
0.845 0.915
0.82 0.975
0.79 0
0.755 0
0.715 0
0.685 0
0.66 0
0.65 0
0.65 0
0.67 0
0.715 0
0.775 0
0.84 0
0.895 0
0.94 0
0.965 0
0.97 0
0.965 0
0.955 0
0.935 0
0.91 0
0.885 0
0.86 0
0.845 0
0.845 0
0.85 0
0.87 0
0.905 0
0.955 0
0.995 0
0 0
0 0
0 0
0 0
0 0
0 0
0 0
1 0
0.995 0
0.99 0
0.995 0
0 0
0 0
0 0
0 0
0 0
0 0
0 0
0 0
0 0
0 0
0 0
0 0
0 0
0 0
0 0
0 0
0 0
0 0
0 0
0 0
0 0
0 0
0 0
0 0
0 0
0 0
0 0
0 0
0 0
0 0
0 0
0 0
0 0
0 0
0 0
0 0
0 0
0 0
0 0
0 0
0 0
0 0
0 0
0 0
0 0
0 0
0 0
0 0
0 0
0 0
0 0
0 0
0 0
0 0
0 0
0 0
0 0
0 0
0 0
0 0
0 0
0 0
0 0
0 0
0 0
0 0
0 0
0 0
0 0
0 0
0 0
0 0
0 0
0 0
0 0
0 0
0 0
0 0
0 0
0 0
0 0
0 0
0 0
0 0
0 0
0 0
0 0
0 0
0 0
0 0
0 0
0 0
0 0
0 0
0 0
0 0
0 0
0 0
0 0
0 0
0 0
0 0
0 0
0 0
0 0
0 0
0 0
0 0
0 0
0 0
0 0
0 0
0 0
0 0
0 0
0 0
0 0
0 0
0 0
0 0
0 0
0 0
0 0
0 0
0 0
0 0
0 0
0 0
0 0
0 0
0 0
0 0
0 0
0 0
0 0
0 0
0 0
0 0
0 0
0 0
0 0
0 0
0 0
0 0
0 0
0 0
0 0
0 0
0 0
0 0
0 0
0 0
0 0
0 0
0 0
0 0
0 0
0 0
0 0
0 0
0 0
0 0
0 0
0 0
0 0
0 0
0 0
0 0
0 0
0 0
0 0
0 0
0 0
0 0
0 0
0 0
0 0
0 0
0 0
0 0
0 0
0 0
0 0
0 0
0 0
0 0
0 0
0 0
0 0
0 0
0 0
0 0
0 0
0 0
0 0
0 0
0 0
0 0
0 0
0 0
0 0
0 0
0 0
0 0
0 0
0 0
0 0
0 0
0 0
0 0
0 0
0 0
0 0
0 0
0 0
0 0
0 0
0 0
0 0
0 0
0 0
0 0
0 0
0 0
0 0
0 0
0 0
0 0
0 0
0 0
0 0
0 0
0 0
0 0
0 0
0 0
0 0
0 0
0 0
0 0
0 0
0 0
0 0
0 0
0 0
0 0
0 0
0 0
0 0
0 0
0 0
0 0
0 0
0 0
0 0
0 0
0 0
0 0
0 0
0 0
0 0
0 0
0 0
0 0
0 0
0 0
0 0
0 0
0 0
0 0
0 0
0 0
0 0
0 0
0 0
0 0
0 0
0 0
0 0
0 0

