0.005 0.02
0.005 0.02
0.005 0.02
0.005 0.025
0.005 0.025
0.005 0.025
0.005 0.03
0.005 0.03
0.005 0.03
0.005 0.035
0.005 0.035
0.005 0.04
0.005 0.04
0.005 0.045
0.005 0.045
0.005 0.05
0.005 0.055
0.005 0.06
0.005 0.065
0.005 0.07
0.005 0.075
0.005 0.08
0.005 0.09
0.005 0.1
0.005 0.11
0.005 0.12
0.005 0.135
0.005 0.155
0.005 0.185
0.005 0.22
0.005 0.27
0.005 0.315
0.005 0.345
0.005 0.37
0.005 0.385
0.005 0.4
0.005 0.41
0.005 0.415
0.005 0.425
0.005 0.43
0.005 0.435
0.005 0.44
0.005 0.42
0.005 0.375
0.005 0.335
0.005 0.27
0.005 0.215
0.005 0.17
0.005 0.105
0.005 0.075
0.005 0.045
0.005 0.03
0.005 0.025
0.005 0.025
0.005 0.015
0.005 0.015
0.005 0.02
0.005 0.01
0.005 0.015
0.005 0.015
0.005 0.015
0.005 0.015
0.005 0.01
0.005 0.015
0.005 0.015
0.005 0.01
0.005 0.015
0.005 0.01
0.005 0.01
0.005 0.01
0.005 0.01
0.005 0.015
0.005 0.01
0.005 0.015
0.005 0.01
0.005 0.015
0.005 0.01
0.005 0.015
0.005 0.01
0.005 0.01
0.005 0.01
0.005 0.01
0.005 0.01
0.005 0.015
0.01 0.01
0.005 0.015
0.01 0.01
0.01 0.01
0.01 0.015
0.01 0.01
0.01 0.015
0.01 0.01
0.01 0.01
0.01 0.015
0.01 0.01
0.01 0.01
0.01 0.015
0.01 0.01
0.01 0.01
0.01 0.015
0.01 0.015
0.015 0.01
0.01 0.015
0.01 0.015
0.015 0.01
0.015 0.015
0.01 0.015
0.015 0.015
0.015 0.015
0.015 0.015
0.015 0.015
0.015 0.015
0.015 0.015
0.015 0.015
0.015 0.015
0.015 0.015
0.015 0.015
0.015 0.015
0.02 0.015
0.02 0.015
0.02 0.015
0.02 0.02
0.02 0.02
0.025 0.015
0.025 0.015
0.02 0.015
0.02 0.02
0.02 0.02
0.025 0.02
0.03 0.015
0.03 0.015
0.025 0.015
0.025 0.02
0.02 0.025
0.025 0.025
0.035 0.02
0.04 0.015
0.04 0.015
0.035 0.015
0.03 0.02
0.025 0.025
0.025 0.03
0.03 0.03
0.04 0.025
0.05 0.02
0.055 0.015
0.055 0.015
0.05 0.02
0.04 0.02
0.035 0.025
0.035 0.035
0.035 0.035
0.04 0.035
0.05 0.035
0.055 0.03
0.065 0.025
0.075 0.025
0.08 0.02
0.08 0.02
0.08 0.02
0.075 0.025
0.065 0.025
0.06 0.03
0.06 0.035
0.055 0.04
0.055 0.045
0.055 0.05
0.06 0.05
0.065 0.05
0.07 0.05
0.075 0.05
0.085 0.05
0.09 0.05
0.1 0.05
0.11 0.045
0.12 0.045
0.13 0.045
0.135 0.04
0.145 0.04
0.15 0.04
0.16 0.04
0.165 0.04
0.17 0.04
0.18 0.04
0.185 0.04
0.19 0.04
0.195 0.04
0.2 0.045
0.21 0.045
0.215 0.045
0.22 0.045
0.225 0.045
0.23 0.05
0.24 0.05
0.245 0.05
0.25 0.055
0.26 0.055
0.265 0.055
0.275 0.06
0.285 0.06
0.29 0.06
0.3 0.065
0.31 0.065
0.32 0.07
0.33 0.07
0.34 0.075
0.345 0.08
0.355 0.08
0.365 0.085
0.375 0.09
0.385 0.095
0.395 0.1
0.4 0.105
0.41 0.115
0.415 0.12
0.42 0.13
0.425 0.145
0.425 0.155
0.425 0.175
0.42 0.19
0.415 0.21
0.41 0.23
0.4 0.255
0.395 0.28
0.385 0.305
0.375 0.33
0.37 0.35
0.365 0.37
0.355 0.39
0.355 0.405
0.35 0.42
0.355 0.425
0.36 0.425
0.37 0.42
0.385 0.405
0.4 0.39
0.425 0.375
0.45 0.36
0.485 0.34
0.52 0.325
0.56 0.31
0.605 0.295
0.645 0.285
0.685 0.28
0.72 0.285
0.755 0.29
0.78 0.305
0.8 0.33
0.815 0.36
0.82 0.4
0.82 0.45
0.81 0.505
0.79 0.565
0.77 0.625
0.745 0.685
0.72 0.745
0.7 0.805
0.675 0.85
0.655 0.885
0.635 0.91
0.625 0.92
0.62 0.92
0.625 0.91
0.64 0.895
0.67 0.87
0.7 0.845
0.74 0.82
0.785 0.79
0.83 0.76
0.875 0.73
0.915 0.705
0.955 0.68
0.985 0.67
0 0.675
0 0.705
0 0.75
0 0.81
0 0.87
0 0.925
0 0.975
0 0
0.995 0
0.975 0
0.955 0
0.935 0
0.91 0
0.89 0
0.88 0
0.88 0
0.89 0
0.92 0
0.95 0
0.985 0
0 0
0 0
0 0
0 0
0 0
0 0
0 0
0 0
0 0
0 0
0 0
0 0
0 0
0 0
0 0
0 0
0 0
0 0
0 0
0 0
0 0
0 0
0 0
0 0
0 0
0 0
0 0
0 0
0 0
0 0
0 0
0 0
0 0
0 0
0 0
0 0
0 0
0 0
0 0
0 0
0 0
0 0
0 0
0 0
0 0
0 0
0 0
0 0
0 0
0 0
0 0
0 0
0 0
0 0
0 0
0 0
0 0
0 0
0 0
0 0
0 0
0 0
0 0
0 0
0 0
0 0
0 0
0 0
0 0
0 0
0 0
0 0
0 0
0 0
0 0
0 0
0 0
0 0
0 0
0 0
0 0
0 0
0 0
0 0
0 0
0 0
0 0
0 0
0 0
0 0
0 0
0 0
0 0
0 0
0 0
0 0
0 0
0 0
0 0
0 0
0 0
0 0
0 0
0 0
0 0
0 0
0 0
0 0
0 0
0 0
0 0
0 0
0 0
0 0
0 0
0 0
0 0
0 0
0 0
0 0
0 0
0 0
0 0
0 0
0 0
0 0
0 0
0 0
0 0
0 0
0 0
0 0
0 0
0 0
0 0
0 0
0 0
0 0
0 0
0 0
0 0
0 0
0 0
0 0
0 0
0 0
0 0
0 0
0 0
0 0
0 0
0 0
0 0
0 0
0 0
0 0
0 0
0 0
0 0
0 0
0 0
0 0
0 0
0 0
0 0
0 0
0 0
0 0
0 0
0 0
0 0
0 0
0 0
0 0
0 0
0 0
0 0
0 0
0 0
0 0
0 0
0 0
0 0
0 0
0 0
0 0
0 0
0 0
0 0
0 0
0 0
0 0
0 0
0 0
0 0
0 0
0 0
0 0
0 0
0 0
0 0
0 0
0 0
0 0
0 0
0 0
0 0
0 0
0 0
0 0
0 0
0 0
0 0
0 0
0 0
0 0
0 0
0 0
0 0
0 0
0 0
0 0
0 0
0 0
0 0
0 0
0 0
0 0
0 0
0 0
0 0
0 0
0 0
0 0
0 0
0 0
0 0
0 0
0 0
0 0
0 0
0 0
0 0
0 0
0 0
0 0
0 0
0 0
0 0
0 0
0 0
0 0
0 0
0 0
0 0
0 0
0 0
0 0
0 0
0 0
0 0
0 0
0 0
0 0
0 0
0 0
0 0
0 0
0 0
0 0
0 0
0 0
0 0
0 0
0 0
0 0
0 0
0 0
0 0
0 0
0 0
0 0
0 0
0 0
0 0
0 0
0 0
0 0
0 0
0 0
0 0
0 0
0 0
0 0
0 0
0 0
0 0
0 0
0 0
0 0
0 0
0 0
0 0
0 0
0 0
0 0
0 0

