0.005 0.02
0.005 0.02
0.005 0.02
0.005 0.025
0.005 0.025
0.005 0.025
0.005 0.03
0.005 0.03
0.005 0.03
0.005 0.035
0.005 0.035
0.005 0.04
0.005 0.04
0.005 0.045
0.005 0.05
0.005 0.05
0.005 0.055
0.005 0.06
0.005 0.065
0.005 0.07
0.005 0.075
0.005 0.085
0.005 0.09
0.005 0.1
0.005 0.11
0.005 0.125
0.005 0.14
0.005 0.16
0.005 0.185
0.005 0.225
0.005 0.275
0.005 0.32
0.005 0.35
0.005 0.37
0.005 0.385
0.005 0.4
0.005 0.41
0.005 0.415
0.005 0.425
0.005 0.43
0.005 0.435
0.005 0.44
0.005 0.425
0.005 0.375
0.005 0.335
0.005 0.28
0.005 0.21
0.005 0.165
0.005 0.09
0.005 0.03
0.005 0.015
0.005 0.01
0.005 0.01
0.005 0.01
0.005 0.01
0.005 0.01
0.005 0.01
0.005 0.01
0.005 0.01
0.005 0.005
0.005 0.01
0.005 0.01
0.005 0.01
0.005 0.01
0.005 0.01
0.005 0.01
0.005 0.01
0.005 0.01
0.005 0.01
0.005 0.01
0.005 0.01
0.005 0.01
0.005 0.01
0.005 0.01
0.005 0.01
0.005 0.01
0.005 0.01
0.005 0.01
0.005 0.01
0.005 0.01
0.005 0.01
0.005 0.01
0.005 0.01
0.005 0.01
0.005 0.01
0.005 0.01
0.005 0.01
0.005 0.01
0.005 0.01
0.005 0.01
0.005 0.01
0.005 0.01
0.005 0.01
0.005 0.01
0.005 0.01
0.005 0.01
0.005 0.01
0.005 0.01
0.005 0.01
0.005 0.01
0.005 0.01
0.005 0.01
0.005 0.01
0.005 0.01
0.005 0.01
0.005 0.01
0.005 0.01
0.005 0.015
0.005 0.01
0.005 0.01
0.005 0.015
0.005 0.01
0.005 0.01
0.005 0.01
0.005 0.015
0.005 0.01
0.005 0.01
0.005 0.015
0.005 0.015
0.01 0.01
0.01 0.01
0.005 0.015
0.01 0.015
0.01 0.015
0.01 0.015
0.01 0.015
0.01 0.015
0.01 0.015
0.01 0.015
0.01 0.015
0.01 0.015
0.01 0.015
0.01 0.015
0.01 0.015
0.01 0.02
0.01 0.015
0.01 0.015
0.01 0.015
0.01 0.015
0.01 0.02
0.01 0.02
0.01 0.02
0.015 0.015
0.015 0.015
0.01 0.015
0.01 0.02
0.01 0.025
0.01 0.025
0.015 0.02
0.015 0.015
0.015 0.015
0.015 0.015
0.015 0.02
0.01 0.025
0.01 0.03
0.01 0.03
0.015 0.03
0.015 0.025
0.02 0.02
0.02 0.02
0.02 0.015
0.02 0.02
0.015 0.02
0.015 0.025
0.015 0.03
0.015 0.035
0.015 0.04
0.015 0.04
0.015 0.04
0.02 0.035
0.02 0.035
0.025 0.03
0.025 0.03
0.025 0.03
0.03 0.025
0.03 0.025
0.03 0.025
0.03 0.025
0.03 0.025
0.035 0.025
0.035 0.025
0.035 0.025
0.035 0.03
0.035 0.03
0.035 0.03
0.035 0.03
0.035 0.03
0.04 0.03
0.04 0.035
0.04 0.035
0.045 0.035
0.045 0.035
0.045 0.035
0.05 0.035
0.055 0.04
0.055 0.04
0.06 0.045
0.06 0.045
0.06 0.05
0.06 0.055
0.06 0.065
0.055 0.075
0.055 0.085
0.05 0.1
0.045 0.115
0.045 0.135
0.04 0.145
0.04 0.15
0.04 0.145
0.04 0.13
0.045 0.115
0.055 0.1
0.065 0.09
0.075 0.075
0.09 0.07
0.105 0.075
0.115 0.08
0.115 0.1
0.105 0.13
0.09 0.165
0.075 0.215
0.065 0.265
0.06 0.285
0.06 0.26
0.065 0.22
0.08 0.18
0.1 0.15
0.125 0.125
0.155 0.12
0.17 0.14
0.165 0.18
0.14 0.245
0.12 0.32
0.1 0.405
0.09 0.435
0.085 0.395
0.1 0.33
0.125 0.27
0.16 0.22
0.2 0.195
0.225 0.22
0.215 0.285
0.195 0.375
0.165 0.48
0.14 0.56
0.125 0.585
0.125 0.545
0.145 0.465
0.18 0.385
0.23 0.34
0.27 0.35
0.27 0.395
0.255 0.495
0.23 0.615
0.2 0.69
0.185 0.715
0.18 0.725
0.195 0.665
0.23 0.575
0.28 0.545
0.315 0.565
0.315 0.595
0.31 0.675
0.29 0.775
0.27 0.825
0.26 0.84
0.26 0.855
0.27 0.84
0.295 0.78
0.34 0.785
0.355 0.805
0.36 0.83
0.36 0.875
0.355 0.92
0.35 0.935
0.35 0.945
0.36 0.955
0.37 0.96
0.385 0.965
0.395 0.98
0.4 0.99
0.405 1
0.41 0
0.425 0
0.44 0
0.46 0
0.475 0
0.485 0
0.48 0
0.445 0
0.445 0
0.45 0
0.47 0
0.505 0
0.545 0
0.585 0
0.605 0
0.605 0
0.55 0
0.495 0
0.49 0
0.505 0
0.545 0
0.605 0
0.665 0
0.71 0
0.73 0
0.685 0
0.6 0
0.54 0
0.545 0
0.585 0
0.65 0
0.73 0
0.795 0
0.835 0
0.8 0
0.715 0
0.63 0
0.595 0
0.63 0
0.705 0
0.8 0
0.88 0
0.92 0
0.875 0
0.795 0
0.715 0
0.66 0
0.7 0
0.79 0
0.89 0
0.96 0
0.97 0
0.915 0
0.84 0
0.775 0
0.74 0
0.81 0
0.915 0
0.995 0
0 0
0.975 0
0.925 0
0.87 0
0.825 0
0.865 0
0.97 0
0 0
0 0
1 0
0.975 0
0.935 0
0.915 0
0.965 0
0 0
0 0
0 0
0 0
0 0
0.99 0
0 0
0 0
0 0
0 0
0 0
0 0
0 0
0 0
0 0
0 0
0 0
0 0
0 0
0 0
0 0
0 0
0 0
0 0
0 0
0 0
0 0
0 0
0 0
0 0
0 0
0 0
0 0
0 0
0 0
0 0
0 0
0 0
0 0
0 0
0 0
0 0
0 0
0 0
0 0
0 0
0 0
0 0
0 0
0 0
0 0
0 0
0 0
0 0
0 0
0 0
0 0
0 0
0 0
0 0
0 0
0 0
0 0
0 0
0 0
0 0
0 0
0 0
0 0
0 0
0 0
0 0
0 0
0 0
0 0
0 0
0 0
0 0
0 0
0 0
0 0
0 0
0 0
0 0
0 0
0 0
0 0
