0.015 0.02
0.015 0.02
0.015 0.02
0.015 0.02
0.015 0.02
0.015 0.025
0.015 0.025
0.015 0.025
0.015 0.03
0.015 0.03
0.015 0.03
0.015 0.035
0.015 0.035
0.015 0.04
0.015 0.04
0.015 0.045
0.015 0.05
0.015 0.05
0.015 0.055
0.015 0.06
0.015 0.065
0.015 0.07
0.01 0.08
0.01 0.085
0.01 0.095
0.01 0.105
0.01 0.115
0.01 0.13
0.01 0.155
0.01 0.18
0.01 0.225
0.01 0.28
0.01 0.33
0.01 0.36
0.01 0.38
0.01 0.395
0.01 0.41
0.01 0.42
0.01 0.425
0.01 0.435
0.01 0.44
0.01 0.445
0.01 0.42
0.005 0.375
0.005 0.32
0.005 0.28
0.005 0.245
0.01 0.195
0.01 0.16
0.01 0.12
0.01 0.105
0.01 0.09
0.01 0.065
0.015 0.05
0.015 0.045
0.015 0.04
0.015 0.035
0.015 0.03
0.015 0.03
0.02 0.025
0.02 0.025
0.02 0.025
0.025 0.02
0.02 0.02
0.025 0.015
0.02 0.02
0.03 0.015
0.025 0.02
0.03 0.015
0.025 0.015
0.03 0.015
0.03 0.015
0.03 0.015
0.035 0.015
0.03 0.015
0.035 0.015
0.035 0.015
0.04 0.015
0.04 0.015
0.04 0.015
0.04 0.015
0.045 0.015
0.045 0.015
0.045 0.015
0.055 0.015
0.05 0.015
0.045 0.015
0.06 0.015
0.055 0.015
0.05 0.015
0.06 0.015
0.07 0.01
0.055 0.015
0.055 0.02
0.08 0.01
0.07 0.01
0.06 0.02
0.07 0.015
0.095 0.01
0.08 0.015
0.065 0.02
0.08 0.015
0.1 0.015
0.1 0.01
0.075 0.015
0.085 0.02
0.105 0.015
0.12 0.015
0.105 0.015
0.09 0.02
0.105 0.02
0.12 0.015
0.13 0.015
0.13 0.015
0.11 0.02
0.12 0.02
0.13 0.015
0.14 0.015
0.15 0.015
0.15 0.015
0.14 0.02
0.15 0.02
0.155 0.02
0.16 0.02
0.165 0.02
0.17 0.02
0.175 0.02
0.19 0.02
0.195 0.02
0.2 0.02
0.195 0.02
0.195 0.02
0.195 0.02
0.195 0.025
0.215 0.025
0.255 0.02
0.265 0.02
0.27 0.02
0.26 0.02
0.245 0.02
0.24 0.025
0.235 0.025
0.235 0.03
0.25 0.03
0.295 0.03
0.35 0.025
0.375 0.02
0.38 0.02
0.365 0.02
0.345 0.025
0.325 0.025
0.31 0.03
0.3 0.035
0.295 0.04
0.3 0.04
0.335 0.045
0.39 0.04
0.445 0.035
0.505 0.03
0.54 0.025
0.54 0.025
0.525 0.025
0.5 0.03
0.475 0.03
0.445 0.035
0.42 0.04
0.405 0.045
0.395 0.055
0.395 0.06
0.415 0.065
0.455 0.07
0.5 0.065
0.555 0.06
0.615 0.05
0.675 0.045
0.73 0.04
0.765 0.04
0.775 0.035
0.765 0.035
0.74 0.04
0.72 0.04
0.69 0.045
0.665 0.05
0.64 0.06
0.61 0.065
0.59 0.075
0.575 0.09
0.565 0.105
0.575 0.115
0.6 0.13
0.635 0.135
0.675 0.135
0.72 0.13
0.765 0.12
0.815 0.115
0.86 0.105
0.905 0.1
0.945 0.09
0.975 0.085
0.995 0.08
0 0.075
0 0.075
0 0.075
0 0.075
0 0.075
0.995 0.08
0.985 0.09
0.97 0.1
0.955 0.115
0.94 0.125
0.92 0.145
0.905 0.16
0.89 0.18
0.88 0.2
0.87 0.225
0.865 0.25
0.87 0.28
0.885 0.305
0.9 0.33
0.92 0.35
0.945 0.365
0.97 0.37
0.99 0.375
0 0.375
0 0.37
0 0.365
0 0.36
0 0.35
0 0.34
0 0.335
0 0.325
0 0.32
0 0.315
0 0.305
0 0.3
0 0.295
0 0.295
0 0.29
0 0.29
0 0.29
0 0.295
0 0.295
0 0.3
0 0.31
0 0.32
0 0.33
0 0.345
0 0.36
0 0.38
0 0.4
0 0.42
0 0.445
0 0.47
0 0.5
0 0.525
0 0.555
0 0.585
0 0.615
0 0.645
0 0.675
0 0.705
0 0.735
0 0.76
0 0.79
0 0.815
0 0.84
0 0.865
0 0.89
0 0.91
0 0.93
0 0.945
0 0.965
0 0.975
0 0.99
0 0.995
0 0
0 0
0 0
0 0
0 0
0 0
0 0
0 0
0 0
0 0
0 0
0 0
0 0
0 0
0 0
0 0
0 0
0 0
0 0
0 0
0 0
0 0
0 0
0 0
0 0
0 0
0 0
0 0
0 0
0 0
0 0
0 0
0 0
0 0
0 0
0 0
0 0
0 0
0 0
0 0
0 0
0 0
0 0
0 0
0 0
0 0
0 0
0 0
0 0
0 0
0 0
0 0
0 0
0 0
0 0
0 0
0 0
0 0
0 0
0 0
0 0
0 0
0 0
0 0
0 0
0 0
0 0
0 0
0 0
0 0
0 0
0 0
0 0
0 0
0 0
0 0
0 0
0 0
0 0
0 0
0 0
0 0
0 0
0 0
0 0
0 0
0 0
0 0
0 0
0 0
0 0
0 0
0 0
0 0
0 0
0 0
0 0
0 0
0 0
0 0
0 0
0 0
0 0
0 0
0 0
0 0
0 0
0 0
0 0
0 0
0 0
0 0
0 0
0 0
0 0
0 0
0 0
0 0
0 0
0 0
0 0
0 0
0 0
0 0
0 0
0 0
0 0
0 0
0 0
0 0
0 0
0 0
0 0
0 0
0 0
0 0
0 0
0 0
0 0
0 0
0 0
0 0
0 0
0 0
0 0
0 0
0 0
0 0
0 0
0 0
0 0
0 0
0 0
0 0
0 0
0 0
0 0
0 0
0 0
0 0
0 0
0 0
0 0
0 0
0 0
0 0
0 0
0 0
0 0
0 0
0 0
0 0
0 0
0 0
0 0
0 0
0 0
0 0
0 0
0 0
0 0
0 0
0 0
0 0
0 0
0 0
0 0
0 0
0 0
0 0
0 0
0 0
0 0
0 0
0 0
0 0
0 0
0 0
0 0
0 0
0 0
0 0
0 0
0 0
0 0
0 0
0 0
0 0
0 0
0 0
0 0
0 0
0 0
0 0
0 0
0 0
0 0
0 0
0 0
0 0
0 0
0 0
0 0
0 0
0 0
0 0
0 0
0 0
0 0
0 0
0 0
0 0
0 0
0 0
0 0
0 0
0 0
0 0
0 0
0 0
0 0
0 0
0 0
0 0
0 0
0 0
0 0
0 0
0 0
0 0
0 0
0 0
0 0
0 0
0 0
0 0
0 0
0 0
0 0
0 0
0 0
0 0
0 0
0 0
0 0
0 0
0 0
0 0
0 0
0 0
0 0
0 0
0 0
0 0
0 0
0 0
0 0
0 0
0 0
0 0
0 0
0 0
0 0
0 0
0 0
0 0
0 0
0 0
0 0
0 0
0 0
0 0
0 0
0 0
0 0
0 0
0 0
0 0
0 0
0 0
0 0
0 0
0 0
0 0
0 0
0 0
0 0
0 0
0 0
0 0
0 0
0 0
0 0
0 0
0 0
0 0
0 0
0 0
0 0
0 0
0 0
0 0
0 0
0 0
0 0

