0.005 0.02
0.005 0.02
0.005 0.025
0.005 0.025
0.005 0.025
0.005 0.025
0.005 0.03
0.005 0.03
0.005 0.03
0.005 0.035
0.005 0.035
0.005 0.04
0.005 0.04
0.005 0.045
0.005 0.05
0.005 0.05
0.005 0.055
0.005 0.06
0.005 0.065
0.005 0.07
0.005 0.075
0.005 0.085
0.005 0.09
0.005 0.1
0.13 0.005
0.13 0.005
0.13 0.005
0.13 0.005
0.13 0.005
0.13 0.005
0.13 0.005
0.13 0.005
0.13 0.005
0.13 0.005
0.13 0.005
0.13 0.005
0.13 0.005
0.13 0.005
0.13 0.005
0.13 0.005
0.13 0.005
0.13 0.005
0.13 0.005
0.13 0.005
0.13 0.005
0.13 0.005
0.13 0.005
0.13 0.005
0.13 0.005
0.13 0.005
0.13 0.005
0.13 0.005
0.13 0.005
0.13 0.005
0.13 0.005
0.13 0.005
0.13 0.005
0.13 0.005
0.13 0.005
0.13 0.005
0.13 0.005
0.13 0.005
0.13 0.005
0.13 0.005
0.13 0.005
0.13 0.005
0.13 0.005
0.13 0.005
0.13 0.005
0.13 0.005
0.13 0.005
0.13 0.005
0.13 0.005
0.13 0.005
0.13 0.005
0.13 0.005
0.13 0.005
0.13 0.005
0.13 0.005
0.13 0.005
0.13 0.005
0.13 0.005
0.13 0.005
0.13 0.005
0.13 0.005
0.13 0.005
0.13 0.005
0.13 0.005
0.13 0.005
0.13 0.005
0.13 0.005
0.13 0.005
0.13 0.005
0.13 0.005
0.13 0.005
0.13 0.005
0.13 0.005
0.13 0.005
0.13 0.005
0.13 0.005
0.13 0.005
0.13 0.005
0.13 0.005
0.13 0.005
0.13 0.005
0.13 0.005
0.13 0.005
0.13 0.005
0.13 0.005
0.13 0.005
0.13 0.005
0.13 0.005
0.13 0.005
0.13 0.005
0.13 0.005
0.13 0.005
0.13 0.005
0.13 0.005
0.13 0.005
0.13 0.005
0.13 0.005
0.13 0.005
0.13 0.005
0.13 0.005
0.13 0.005
0.13 0.005
0.13 0.005
0.13 0.005
0.13 0.005
0.13 0.005
0.13 0.005
0.13 0.005
0.13 0.005
0.13 0.005
0.13 0.005
0.13 0.005
0.13 0.005
0.13 0.005
0.13 0.005
0.13 0.005
0.13 0.005
0.13 0.005
0.13 0.005
0.13 0.005
0.13 0.005
0.13 0.005
0.13 0.005
0.13 0.005
0.13 0.005
0.13 0.005
0.13 0.005
0.13 0.005
0.13 0.005
0.13 0.005
0.13 0.005
0.13 0.005
0.13 0.005
0.13 0.005
0.13 0.005
0.13 0.005
0.13 0.005
0.13 0.005
0.13 0.005
0.13 0.005
0.13 0.005
0.13 0.005
0.13 0.005
0.13 0.005
0.13 0.005
0.13 0.005
0.13 0.005
0.13 0.005
0.13 0.005
0.13 0.005
0.13 0.005
0.13 0.005
0.13 0.005
0.13 0.005
0.13 0.005
0.13 0.005
0.13 0.005
0.13 0.005
0.13 0.005
0.13 0.005
0.13 0.005
0.13 0.005
0.13 0.005
0.13 0.005
0.13 0.005
0.13 0.005
0.13 0.005
0.13 0.005
0.13 0.005
0.13 0.005
0.13 0.005
0.13 0.005
0.13 0.005
0.13 0.005
0.13 0.005
0.13 0.005
0.13 0.005
0.13 0.005
0.13 0.005
0.13 0.005
0.13 0.005
0.13 0.005
0.13 0.005
0.13 0.005
0.13 0.005
0.13 0.005
0.13 0.005
0.13 0.005
0.13 0.005
0.13 0.005
0.13 0.005
0.13 0.005
0.13 0.005
0.13 0.005
0.13 0.005
0.13 0.005
0.13 0.005
0.13 0.005
0.13 0.005
0.13 0.005
0.13 0.005
0.13 0.005
0.13 0.005
0.13 0.005
0.13 0.005
0.13 0.005
0.13 0.005
0.13 0.005
0.13 0.005
0.13 0.005
0.13 0.005
0.13 0.005
0.13 0.005
0.13 0.005
0.13 0.005
0.13 0.005
0.13 0.005
0.13 0.005
0.13 0.005
0.13 0.005
0.13 0.005
0.13 0.005
0.13 0.005
0.13 0.005
0.13 0.005
0.13 0.005
0.13 0.005
0.13 0.005
0.13 0.005
0.13 0.005
0.13 0.005
0.13 0.005
0.13 0.005
0.13 0.005
0.13 0.005
0.13 0.005
0.13 0.005
0.13 0.005
0.13 0.005
0.13 0.005
0.13 0.005
0.13 0.005
0.13 0.005
0.13 0.005
0.13 0.005
0.13 0.005
0.13 0.005
0.13 0.005
0.13 0.005
0.13 0.005
0.13 0.005
0.13 0.005
0.13 0.005
0.13 0.005
0.13 0.005
0.13 0.005
0.13 0.005
0.13 0.005
0.13 0.005
0.13 0.005
0.13 0.005
0.13 0.005
0.13 0.005
0.13 0.005
0.125 0.005
0.125 0.005
0.125 0.005
0.125 0.005
0.125 0.005
0.125 0.005
0.125 0.005
0.125 0.005
0.125 0.005
0.125 0.005
0.125 0.005
0.125 0.005
0.125 0.005
0.125 0.005
0.125 0.005
0.125 0.005
0.125 0.005
0.125 0.005
0.125 0.005
0.125 0.005
0.125 0.01
0.125 0.01
0.125 0.01
0.125 0.01
0.125 0.01
0.125 0.01
0.125 0.01
0.125 0.01
0.125 0.01
0.125 0.01
0.125 0.01
0.005 0
0.005 0
0.005 0
0.005 0
0.005 0
0.005 0
0.005 0
0.005 0
0.005 0
0.005 0
0.005 0
0.005 0
0.005 0
0.005 0
0.005 0
0.005 0
0.005 0
0.005 0
0.005 0
0.005 0
0.005 0
0.005 0
0.005 0
0.005 0
0.005 0
0.005 0
0.005 0
0.005 0
0.005 0
0.005 0
0.005 0
0.005 0
0.005 0
0.005 0
0.005 0
0.005 0
0.005 0
0.005 0
0.005 0
0.005 0
0.005 0
0.005 0
0.005 0
0.005 0
0.005 0
0.005 0
0.005 0
0.005 0
0.005 0
0.005 0
0.005 0
0.005 0
0.005 0
0.005 0
0.005 0
0.005 0
0.005 0
0.005 0
0.005 0
0.005 0
0.005 0
0.005 0
0.005 0
0.005 0
0.005 0
0.005 0
0.005 0
0.005 0
0.005 0
0.005 0
0.005 0
0.005 0
0.005 0
0.005 0
0.005 0
0.005 0
0.005 0
0.005 0
0.005 0
0.005 0
0.005 0
0.005 0
0.005 0
0.005 0
0.005 0
0.005 0
0.005 0
0.005 0
0.005 0
0.005 0
0.005 0
0.005 0
0.005 0
0.005 0
0.005 0
0.005 0
0.005 0
0.005 0
0.005 0
0.005 0
0.005 0
0.005 0
0.005 0
0.005 0
0.005 0
0.005 0
0.005 0
0.005 0
0.005 0
0.005 0
0.005 0
0.005 0
0.005 0
0.005 0
0.005 0
0.005 0
0.005 0
0.005 0
0.005 0
0.005 0
0.005 0
0.005 0
0.005 0
0.005 0
0.005 0
0.005 0
0.005 0
0.005 0
0.005 0
0.005 0
0.005 0
0.005 0
0.005 0
0.005 0
0.005 0
0.005 0
0.005 0
0.005 0
0.005 0
0.005 0
0.005 0
0.005 0
0.005 0
0.005 0
0.005 0
0.005 0
0.005 0
0.005 0
0.005 0
0.005 0
0.005 0
0.005 0
0.005 0
0.005 0
0.005 0
0.005 0
0.005 0
0.005 0
0.005 0
0.005 0
0.005 0
0.005 0
0.005 0
0.005 0
0.005 0
0.005 0
0.005 0
0.005 0
0.005 0
0.005 0
0.005 0
0.005 0
0.005 0
0.005 0
0.005 0
0.005 0
0.005 0
0.005 0
0.005 0
0.005 0
0.005 0
0.005 0
0.005 0
0.005 0
0.005 0
0.005 0
0.005 0
0.005 0
0.005 0
0.005 0
0.005 0
0.005 0
0.005 0
0.005 0
0.005 0
0.005 0
0.005 0
0.005 0
0.005 0
0.005 0
0.005 0
0.005 0
0.005 0
0.005 0
0.005 0
0.005 0
0.005 0
0.005 0
0.005 0
0.005 0
0.005 0
0.005 0
0.005 0
0.005 0
0.005 0
0.005 0
0.005 0
0.005 0
0.005 0
0.005 0
0.005 0
0.005 0
0.005 0
0.005 0
0.005 0
0.005 0
0.005 0
0.005 0
0.005 0
0.005 0
0.005 0
0.005 0
0.005 0
0.005 0
0.005 0
0.005 0
0.005 0
0.005 0
0.005 0
0.005 0
0.005 0
0.005 0
0.005 0
0.005 0
0.005 0
0.005 0
0.005 0
0.005 0
0.005 0
0.005 0
0.005 0
0.005 0
0.005 0
0.005 0
0.005 0
0.005 0
0.005 0
0.005 0
0.005 0
0.005 0
0.005 0
0.005 0
0.005 0
0.005 0
0.005 0
0.005 0
0.005 0
0.005 0
0.005 0
0.005 0
0.005 0
0.005 0
0.005 0
0.005 0
0.005 0
0.005 0
0.005 0
0.005 0
0.005 0
0.005 0
0.005 0

