0 1.30402 0.323723 0.0321696
1 1.30402 0.355829 0.0524108
2 1.30402 0.405769 0.0673517
3 1.64962 0.456542 0.125401
4 3.26065 0.520461 0.282788
5 4.30302 0.688018 0.648049
6 8.78052 0.849363 2.0917
7 8.78052 0.99248 2.47248
8 8.78052 0.967315 2.42799
9 8.78052 1.08254 3.07573
10 25.2967 1.69124 15.1207
11 25.2967 1.67492 15.2812
12 25.2967 1.85256 16.1876
13 25.2967 2.12387 26.7219
14 25.2967 2.12905 26.529
15 25.2967 2.3551 30.753
16 25.2967 2.39671 30.7013
17 25.2967 2.7213 32.1909
18 25.2967 2.57527 31.3926
19 25.2967 2.47016 30.958
20 25.2967 2.36442 31.1125
21 25.2967 2.83297 34.972
22 25.2967 2.96536 36.2931
23 25.2967 2.72145 35.4938
24 25.2967 3.26711 40.1016
25 25.2967 2.82308 37.6303
26 25.2967 2.93019 38.172
27 25.2967 3.06176 40.9397
28 8485.62 172.748 1.4391e+06
29 8485.62 172.505 1.43918e+06
30 8485.62 172.636 1.43914e+06
31 8485.62 173.354 1.43891e+06
32 8485.62 172.679 1.43914e+06
33 8485.62 172.359 1.43925e+06
34 8485.62 172.302 1.43927e+06
35 8485.62 173.001 1.43904e+06
36 8485.62 173.448 1.43889e+06
37 8485.62 173.063 1.43901e+06
38 8485.62 173.251 1.43895e+06
39 8485.62 172.862 1.43908e+06
40 8485.62 172.86 1.43909e+06
41 8485.62 173.516 1.43888e+06
42 8485.62 173.192 1.43899e+06
43 8485.62 173.988 1.43873e+06
44 8485.62 174.087 1.4387e+06
45 8485.62 173.893 1.43876e+06
46 8485.62 174.573 1.4386e+06
47 8485.62 228.914 1.56037e+06
48 8485.62 228.828 1.56041e+06
49 8485.62 235.331 1.56025e+06
50 8485.62 234.634 1.56055e+06
51 8485.62 236.404 1.55981e+06
52 8485.62 234.584 1.56058e+06
53 8485.62 236.551 1.55989e+06
54 8485.62 245.024 1.55816e+06
55 8485.62 241.305 1.55963e+06
56 8485.62 245.487 1.55871e+06
57 8485.62 318.795 1.81109e+06
58 8485.62 314.023 1.81299e+06
59 8485.62 314.412 1.81277e+06
60 8485.62 313.667 1.81322e+06
61 8485.62 313.734 1.81317e+06
62 8485.62 314.212 1.81288e+06
63 8485.62 313.554 1.81329e+06
64 8485.62 313.721 1.81318e+06
65 8485.62 313.991 1.81301e+06
66 51697.3 1348.07 5.46023e+07
67 51697.3 1341.46 5.46184e+07
68 51697.3 1341.77 5.46175e+07
69 51697.3 1342.02 5.46168e+07
70 51697.3 1342.13 5.46166e+07
71 51697.3 1341.99 5.46169e+07
72 51697.3 1357.51 5.45881e+07
73 51697.3 1350.33 5.4605e+07
74 51697.3 1349.89 5.46062e+07
75 51697.3 1350 5.46059e+07
76 51697.3 1350.46 5.46046e+07
77 51697.3 1350.39 5.46048e+07
78 51697.3 1352.14 5.46002e+07
79 51697.3 1354.9 5.45931e+07
80 51697.3 1349.93 5.46061e+07
81 51697.3 1350.66 5.46041e+07
82 51697.3 1381.86 5.45615e+07
83 51697.3 1363.9 5.45977e+07
84 51697.3 1389.83 5.45603e+07
85 51697.3 1363.62 5.45984e+07
86 51697.3 1363.69 5.45982e+07
87 51697.3 1363.33 5.45992e+07
88 51697.3 1364.89 5.4595e+07
89 51697.3 1366.67 5.45902e+07
90 51697.3 1366.02 5.45922e+07
91 51697.3 1363.04 5.46e+07
92 51697.3 1422.29 5.46098e+07
93 51697.3 1392.59 5.46509e+07
94 51697.3 1393.01 5.46497e+07
95 51697.3 1392.86 5.46501e+07
96 51697.3 1393.1 5.46495e+07
97 51697.3 1392.88 5.46501e+07
98 51697.3 1392.94 5.46499e+07
99 51697.3 1393.42 5.46485e+07
100 51697.3 1393.5 5.46483e+07
101 51697.3 1394.68 5.4645e+07
102 51697.3 1393.46 5.46484e+07
103 51697.3 1392.93 5.46499e+07
104 51697.3 1392.51 5.46511e+07
105 51697.3 1392.71 5.46506e+07
106 51697.3 1392.68 5.46506e+07
107 51697.3 1394.13 5.46466e+07
108 51697.3 1394.33 5.4646e+07
109 51697.3 1393.58 5.46481e+07
110 51697.3 1393.19 5.46492e+07
111 51697.3 1395.08 5.46441e+07
112 51697.3 1394.14 5.46465e+07
113 51697.3 1394.43 5.46457e+07
114 51697.3 1392.94 5.46499e+07
115 51697.3 1392.6 5.46509e+07
116 51697.3 1392.69 5.46506e+07
117 51697.3 1393.17 5.46493e+07
118 51697.3 1396.36 5.46406e+07
119 51697.3 1392.9 5.465e+07
120 51697.3 1392.69 5.46506e+07
121 51697.3 1392.94 5.46499e+07
122 51697.3 1392.55 5.4651e+07
123 51697.3 1392.64 5.46507e+07
124 51697.3 1392.84 5.46502e+07
125 51697.3 1408.2 5.46189e+07
126 51697.3 1393.72 5.46477e+07
127 51697.3 1392.87 5.46501e+07
128 51697.3 1401.17 5.46303e+07
129 51697.3 1392.83 5.46502e+07
130 51697.3 1392.53 5.4651e+07
131 51697.3 1392.82 5.46502e+07
132 51697.3 1393.15 5.46493e+07
133 51697.3 1393.33 5.46488e+07
134 51697.3 1393.58 5.46481e+07
135 51697.3 1393.86 5.46473e+07
136 51697.3 1393.58 5.46481e+07
137 51697.3 1393.36 5.46487e+07
138 51697.3 1392.78 5.46504e+07
139 51697.3 1392.77 5.46504e+07
140 51697.3 1396.26 5.46407e+07
141 51697.3 1393.24 5.46491e+07
142 51697.3 1393.24 5.46491e+07
143 51697.3 1392.72 5.46505e+07
144 51697.3 1393.48 5.46484e+07
145 51697.3 1393.01 5.46497e+07
146 51697.3 1392.6 5.46509e+07
147 51697.3 1393.63 5.4648e+07
148 51697.3 1394.58 5.46454e+07
149 51697.3 1393.43 5.46485e+07
150 51697.3 1392.9 5.465e+07
151 51697.3 1392.97 5.46498e+07
152 51697.3 1393.88 5.46472e+07
153 51697.3 1393.15 5.46493e+07
154 51697.3 1392.9 5.465e+07
155 51697.3 1392.82 5.46502e+07
156 51697.3 1394.51 5.46456e+07
157 51697.3 1392.95 5.46499e+07
158 51697.3 1392.7 5.46506e+07
159 51697.3 1392.82 5.46502e+07
160 51697.3 1392.71 5.46506e+07
161 51697.3 1392.89 5.465e+07
162 51697.3 1393.05 5.46496e+07
163 51697.3 1392.79 5.46503e+07
164 51697.3 1393.57 5.46481e+07
165 51697.3 1392.71 5.46506e+07
166 51697.3 1392.54 5.4651e+07
167 51697.3 1393.51 5.46483e+07
168 51697.3 1392.57 5.4651e+07
169 51697.3 1392.56 5.4651e+07
170 51697.3 1421.36 5.4608e+07
171 51697.3 1393.07 5.46495e+07
172 51697.3 1394.82 5.46447e+07
173 51697.3 1397.1 5.46387e+07
174 51697.3 1392.6 5.46509e+07
175 51697.3 1393.54 5.46482e+07
176 51697.3 1392.73 5.46505e+07
177 51697.3 1392.55 5.4651e+07
178 51697.3 1400.23 5.46321e+07
179 51697.3 1392.81 5.46503e+07
180 51697.3 1392.91 5.465e+07
181 51697.3 1392.58 5.46509e+07
182 51697.3 1393.44 5.46485e+07
183 51697.3 1392.7 5.46506e+07
184 51697.3 1392.81 5.46503e+07
185 51697.3 1393.18 5.46492e+07
186 51697.3 1393.89 5.46472e+07
187 51697.3 1393.16 5.46493e+07
188 51697.3 1393.39 5.46486e+07
189 51697.3 1392.8 5.46503e+07
190 51697.3 1393.47 5.46484e+07
191 51697.3 1394.15 5.46465e+07
192 51697.3 1396.99 5.46391e+07
193 51697.3 1392.99 5.46498e+07
194 51697.3 1393.05 5.46496e+07
195 51697.3 1399.11 5.46333e+07
196 51697.3 1392.97 5.46498e+07
197 51697.3 1392.99 5.46498e+07
198 51697.3 1394.41 5.46458e+07
199 51697.3 1395.41 5.46432e+07
200 51697.3 1392.87 5.46501e+07
201 51697.3 1399.53 5.46335e+07
202 51697.3 1393.37 5.46487e+07
203 51697.3 1393 5.46497e+07
204 51697.3 1393.14 5.46493e+07
205 51697.3 1394.06 5.46467e+07
206 51697.3 1394.55 5.46455e+07
207 51697.3 1393.58 5.46481e+07
208 51697.3 1393.3 5.46489e+07
209 51697.3 1392.75 5.46504e+07
210 51697.3 1396.67 5.464e+07
211 51697.3 1399.8 5.46326e+07
212 51697.3 1392.71 5.46506e+07
213 51697.3 1393.17 5.46492e+07
214 51697.3 1392.98 5.46498e+07
215 51697.3 1392.68 5.46506e+07
216 51697.3 1393.23 5.46491e+07
217 51697.3 1393.05 5.46496e+07
218 51697.3 1393.51 5.46483e+07
219 51697.3 1392.94 5.46499e+07
220 51697.3 1400.32 5.46304e+07
221 51697.3 1393.21 5.46492e+07
222 51697.3 1399.79 5.46328e+07
223 51697.3 1392.64 5.46507e+07
224 51697.3 1393.24 5.4649e+07
225 51697.3 1393.01 5.46497e+07
226 51697.3 1393.13 5.46494e+07
227 51697.3 1392.73 5.46505e+07
228 51697.3 1392.62 5.46508e+07
229 51697.3 1393.22 5.46491e+07
230 51697.3 1392.69 5.46506e+07
231 51697.3 1393.12 5.46494e+07
232 51697.3 1392.66 5.46507e+07
233 51697.3 1392.96 5.46498e+07
234 51697.3 1393.32 5.46488e+07
235 51697.3 1407.54 5.46193e+07
236 51697.3 1393.76 5.46476e+07
237 51697.3 1395.54 5.46429e+07
238 51697.3 1392.81 5.46503e+07
239 51697.3 1405.91 5.46177e+07
240 51697.3 1393.8 5.46475e+07
241 51697.3 1396.91 5.46395e+07
242 51697.3 1399.96 5.46313e+07
243 51697.3 1394.18 5.46464e+07
244 51697.3 1392.88 5.46501e+07
245 51697.3 1392.85 5.46502e+07
246 51697.3 1392.64 5.46507e+07
247 51697.3 1392.8 5.46503e+07
248 51697.3 1417.67 5.46007e+07
249 51697.3 1393.25 5.4649e+07
250 51697.3 1392.55 5.4651e+07
251 51697.3 1392.56 5.4651e+07
252 51697.3 1393.37 5.46487e+07
253 51697.3 1396.43 5.46402e+07
254 51697.3 1396.76 5.46395e+07
255 51697.3 1393.14 5.46493e+07
256 51697.3 1393.16 5.46493e+07
257 51697.3 1394.6 5.46454e+07
258 51697.3 1393.46 5.46485e+07
259 51697.3 1394.35 5.4646e+07
260 51697.3 1394.05 5.46468e+07
261 51697.3 1392.76 5.46504e+07
262 51697.3 1392.65 5.46507e+07
263 51697.3 1399.94 5.46314e+07
264 51697.3 1393.92 5.46471e+07
265 51697.3 1393.84 5.46474e+07
266 51697.3 1392.84 5.46502e+07
267 51697.3 1392.66 5.46507e+07
268 51697.3 1393.1 5.46494e+07
269 51697.3 1393.79 5.46475e+07
270 51697.3 1393.2 5.46491e+07
271 51697.3 1392.94 5.46499e+07
272 51697.3 1393.26 5.4649e+07
273 51697.3 1393.64 5.46479e+07
274 51697.3 1392.63 5.46508e+07
275 51697.3 1392.56 5.4651e+07
276 51697.3 1393.05 5.46496e+07
277 51697.3 1392.71 5.46506e+07
278 51697.3 1393.33 5.46488e+07
279 51697.3 1404.32 5.46215e+07
280 51697.3 1392.7 5.46506e+07
281 51697.3 1392.82 5.46502e+07
282 51697.3 1393.19 5.46492e+07
283 51697.3 1393.35 5.46487e+07
284 51697.3 1392.71 5.46505e+07
285 51697.3 1393.08 5.46495e+07
286 51697.3 1394.57 5.46454e+07
287 51697.3 1394.32 5.46461e+07
288 51697.3 1393.45 5.46485e+07
289 51697.3 1393.39 5.46486e+07
290 51697.3 1423.68 5.46107e+07
291 51697.3 1393.27 5.4649e+07
292 51697.3 1393.04 5.46496e+07
293 51697.3 1393.25 5.4649e+07
294 51697.3 1392.85 5.46502e+07
295 51697.3 1396.41 5.46405e+07
296 51697.3 1392.51 5.46511e+07
297 51697.3 1404.81 5.46234e+07
298 51697.3 1392.77 5.46504e+07
299 51697.3 1392.6 5.46509e+07
300 51697.3 1392.58 5.46509e+07
301 51697.3 1393.95 5.46471e+07
302 51697.3 1393.06 5.46496e+07
303 51697.3 1513.02 5.46667e+07
304 51697.3 1415.4 5.4678e+07
305 51697.3 1409.75 5.4692e+07
306 51697.3 1410.66 5.46896e+07
307 51697.3 1412.6 5.46848e+07
308 51697.3 1407.32 5.46987e+07
309 51697.3 1407.3 5.46988e+07
310 51697.3 1407.46 5.46983e+07
311 51697.3 1407.81 5.46973e+07
312 51697.3 1407.46 5.46983e+07
313 51697.3 1407.29 5.46988e+07
314 51697.3 1408.55 5.46952e+07
315 51697.3 1407.45 5.46983e+07
316 51697.3 1408.07 5.46966e+07
317 51697.3 1407.64 5.46978e+07
318 51697.3 1407.18 5.46991e+07
319 51697.3 1407.25 5.46989e+07
320 51697.3 1409.03 5.46939e+07
321 51697.3 1408.9 5.46943e+07
322 51697.3 1418.76 5.46721e+07
323 51697.3 1407.48 5.46983e+07
324 51697.3 1408.28 5.4696e+07
325 51697.3 1407.83 5.46973e+07
326 51697.3 1407.9 5.4697e+07
327 51697.3 1407.87 5.46971e+07
328 51697.3 1408.93 5.46942e+07
329 51697.3 1407.6 5.46979e+07
330 51697.3 1408.67 5.46949e+07
331 51697.3 1407.39 5.46985e+07
332 51697.3 1407.56 5.4698e+07
333 51697.3 1407.19 5.46991e+07
334 51697.3 1407.62 5.46979e+07
335 51697.3 1408.39 5.46957e+07
336 51697.3 1407.85 5.46972e+07
337 51697.3 1409.99 5.46914e+07
338 51697.3 1412.72 5.46844e+07
339 51697.3 1407.75 5.46975e+07
340 51697.3 1407.36 5.46986e+07
341 51697.3 1407.34 5.46986e+07
342 51697.3 1407.32 5.46987e+07
343 51697.3 1407.53 5.46981e+07
344 51697.3 1409.27 5.46932e+07
345 51697.3 1407.65 5.46978e+07
346 51697.3 1407.25 5.46989e+07
347 51697.3 1407.88 5.46971e+07
348 51697.3 1409.03 5.4694e+07
349 51697.3 1407.82 5.46973e+07
350 51697.3 1407.04 5.46995e+07
351 51697.3 1407.35 5.46986e+07
352 51697.3 1407.32 5.46987e+07
353 51697.3 1409.92 5.46916e+07
354 51697.3 1410.27 5.46907e+07
355 51697.3 1408.36 5.46958e+07
356 51697.3 1433.79 5.46578e+07
357 51697.3 1409.07 5.46938e+07
358 51697.3 1407.62 5.46979e+07
359 51697.3 1409.82 5.46917e+07
360 51697.3 1408.12 5.46964e+07
361 51697.3 1408.04 5.46967e+07
362 51697.3 1443.08 5.46596e+07
363 51697.3 2255.55 8.82292e+07
364 51697.3 2196.87 8.83176e+07
365 51697.3 2204.49 8.82869e+07
366 51697.3 2197.05 8.83169e+07
367 51697.3 2200.64 8.83016e+07
368 51697.3 2196.46 8.83195e+07
369 51697.3 2197.52 8.83148e+07
370 51697.3 2198.77 8.83093e+07
371 51697.3 2196.36 8.83199e+07
372 51697.3 2196.7 8.83184e+07
373 51697.3 2199.48 8.83062e+07
374 51697.3 2196.83 8.83178e+07
375 51697.3 2197.8 8.83135e+07
376 51697.3 2196.43 8.83196e+07
377 51697.3 2196.48 8.83194e+07
378 51697.3 2196.62 8.83188e+07
379 51697.3 2196.42 8.83196e+07
380 51697.3 2198.03 8.83126e+07
381 51697.3 2196.56 8.8319e+07
382 51697.3 2196.08 8.83212e+07
383 51697.3 2196.32 8.83201e+07
384 51697.3 2196.58 8.8319e+07
385 51697.3 2198.41 8.83109e+07
386 51697.3 2197.14 8.83165e+07
387 51697.3 2202.11 8.82954e+07
388 51697.3 2197.05 8.83168e+07
389 51697.3 2197.05 8.83168e+07
390 51697.3 2196.21 8.83206e+07
391 51697.3 2196.14 8.83209e+07
392 51697.3 2197.82 8.83135e+07
393 51697.3 2196.37 8.83199e+07
394 51697.3 2196.28 8.83203e+07
395 51697.3 2197 8.83171e+07
396 51697.3 2197.48 8.83149e+07
397 51697.3 2196.66 8.83186e+07
398 51697.3 2196.37 8.83199e+07
399 51697.3 2211.62 8.82594e+07
400 51697.3 2196.56 8.8319e+07
401 51697.3 2196.1 8.83211e+07
402 51697.3 2196.13 8.83209e+07
403 51697.3 2196.31 8.83201e+07
404 51697.3 2196.19 8.83207e+07
405 51697.3 2196.4 8.83197e+07
406 51697.3 2196.34 8.832e+07
407 51697.3 2196.62 8.83188e+07
408 51697.3 2196.63 8.83187e+07
409 51697.3 2196.92 8.83174e+07
410 51697.3 2197.15 8.83164e+07
411 51697.3 2196.81 8.83179e+07
412 51697.3 2197.14 8.83164e+07
413 51697.3 2196.62 8.83187e+07
414 51697.3 2197.07 8.83167e+07
415 51697.3 2197.21 8.83161e+07
416 51697.3 2197.09 8.83167e+07
417 51697.3 2196.74 8.83182e+07
418 51697.3 2196.29 8.83202e+07
419 51697.3 2196.82 8.83179e+07
420 51697.3 2196.66 8.83186e+07
421 51697.3 2196.53 8.83192e+07
422 51697.3 2209.89 8.82678e+07
423 51697.3 2197.5 8.83148e+07
424 51697.3 2196.46 8.83195e+07
425 51697.3 2203.28 8.82913e+07
426 51697.3 2196.7 8.83184e+07
427 51697.3 2196.26 8.83204e+07
428 51697.3 2198.83 8.83091e+07
429 51697.3 2197.04 8.83169e+07
430 51697.3 2200.74 8.83013e+07
431 51697.3 2196.16 8.83208e+07
432 51697.3 2196.55 8.83191e+07
433 51697.3 2196.32 8.83201e+07
434 51697.3 2197.14 8.83165e+07
435 51697.3 2196.69 8.83185e+07
436 51697.3 2196.57 8.8319e+07
437 51697.3 2197.26 8.83159e+07
438 51697.3 2197.34 8.83156e+07
439 51697.3 2197.8 8.83135e+07
440 51697.3 2196.55 8.83191e+07
441 51697.3 2196.53 8.83192e+07
442 51697.3 2196.38 8.83198e+07
443 51697.3 2196.45 8.83195e+07
444 51697.3 2196.44 8.83196e+07
445 51697.3 2199.97 8.83042e+07
446 51697.3 2196.69 8.83184e+07
447 51697.3 2301.69 8.83922e+07
448 51697.3 2234.1 8.84711e+07
449 51697.3 2233.17 8.84753e+07
450 51697.3 2240.06 8.84459e+07
451 51697.3 2233.6 8.84733e+07
452 51697.3 2233.38 8.84743e+07
453 51697.3 2232.82 8.84768e+07
454 51697.3 2232.88 8.84766e+07
455 51697.3 2233.04 8.84758e+07
456 51697.3 2238.86 8.8451e+07
457 51697.3 2233.32 8.84746e+07
458 51697.3 2233.15 8.84754e+07
459 51697.3 2233.94 8.84718e+07
460 51697.3 2232.96 8.84762e+07
461 51697.3 2233.5 8.84737e+07
462 51697.3 2233.05 8.84758e+07
463 51697.3 2242.9 8.84361e+07
464 51697.3 2233.35 8.84745e+07
465 51697.3 2232.93 8.84763e+07
466 51697.3 2232.95 8.84762e+07
467 51697.3 2233.06 8.84758e+07
468 51697.3 2235.09 8.84667e+07
469 51697.3 2234.01 8.84715e+07
470 51697.3 2232.9 8.84765e+07
471 51697.3 2235.91 8.84632e+07
472 51697.3 2232.84 8.84768e+07
473 51697.3 2233.97 8.84716e+07
474 51697.3 2236.6 8.84602e+07
475 51697.3 2235.55 8.84647e+07
476 51697.3 2235.35 8.84655e+07
477 51697.3 2233.23 8.8475e+07
478 51697.3 2233.22 8.8475e+07
479 51697.3 2235.96 8.84627e+07
480 51697.3 2232.84 8.84767e+07
481 51697.3 2233.06 8.84757e+07
482 51697.3 2233.04 8.84758e+07
483 51697.3 2232.99 8.84761e+07
484 51697.3 2235.26 8.84659e+07
485 51697.3 2232.74 8.84772e+07
486 51697.3 2232.94 8.84763e+07
487 51697.3 2232.95 8.84762e+07
488 51697.3 2234.26 8.84703e+07
489 51697.3 2233.77 8.84726e+07
490 51697.3 2233.2 8.84751e+07
491 51697.3 2233.32 8.84746e+07
492 51697.3 2232.92 8.84764e+07
493 51697.3 2233.47 8.84739e+07
494 51697.3 2233.98 8.84716e+07
495 51697.3 2241.05 8.84426e+07
496 51697.3 2234.14 8.84709e+07
497 51697.3 2233.02 8.84759e+07
498 51697.3 2233.25 8.84749e+07
499 51697.3 2232.9 8.84765e+07
500 51697.3 2232.94 8.84763e+07
