0 0.35 0.012 0.00281224
199.172 189.398 0.678631 0.0164061 0.682858 0.341218 67 90
1 0.5 0.029 0.00827449
199.23 189.472 0.678817 0.0166612 0.683941 0.341534 67 90
2 0.55 0.059 0.01905
198.99 189.632 0.701117 0.0158725 0.701117 0.38303 66 88
3 0.55 0.054 0.0191673
198.99 189.632 0.701117 0.0158725 0.701117 0.38303 66 88
4 1.8463 0.101926 0.0917733
121.165 164.064 0.199266 0 0.199266 0.386464 1 41
5 1.99835 0.154893 0.162707
116.921 157.721 0.120755 0 0.26152 0.375849 1 47
6 2.00118 0.256105 0.302792
106.366 165.705 0.212525 0 0.536251 0.349036 1 81
7 2.00118 0.286867 0.330973
106.366 165.705 0.212525 0 0.536251 0.349036 1 81
8 8.61465 0.605659 2.0158
127.076 196.058 0.198754 0 0.298151 0.408551 5 116
9 8.61465 0.86009 4.02729
127.076 196.058 0.198754 0 0.298151 0.408551 5 116
10 8.61465 0.784594 3.91958
127.076 196.058 0.198754 0 0.298151 0.408551 5 116
11 8.61465 0.7051 3.92351
127.076 196.058 0.198754 0 0.298151 0.408551 5 116
12 8.61465 0.795878 4.12386
127.076 196.058 0.198754 0 0.298151 0.408551 5 116
13 8.61465 0.95737 5.20105
127.076 196.058 0.198754 0 0.298151 0.408551 5 116
14 16.4873 1.3059 10.0475
118.313 152.158 0 0 0.462793 0.44574 7 23
15 16.4873 1.81616 15.5758
118.313 152.158 0 0 0.462793 0.44574 7 23
16 16.4873 1.76774 13.888
118.313 152.158 0 0 0.462793 0.44574 7 23
17 16.4873 2.36009 26.6448
118.313 152.158 0 0 0.462793 0.44574 7 23
18 16.4873 2.46442 30.1573
118.313 152.158 0 0 0.462793 0.44574 7 23
19 16.4873 2.89302 36.706
118.313 152.158 0 0 0.462793 0.44574 7 23
20 16.4873 3.36646 43.9659
118.313 152.158 0 0 0.462793 0.44574 7 23
21 16.4873 2.69079 33.8252
118.313 152.158 0 0 0.462793 0.44574 7 23
22 16.4873 2.93727 36.6152
118.313 152.158 0 0 0.462793 0.44574 7 23
23 16.4873 2.75794 36.9585
118.313 152.158 0 0 0.462793 0.44574 7 23
24 20.5164 3.00724 39.417
112.99 155.067 0.0647942 0 0.297006 0.482388 6 24
25 20.5164 3.94698 46.8636
112.99 155.067 0.0647942 0 0.297006 0.482388 6 24
26 20.5164 3.28785 38.9857
112.99 155.067 0.0647942 0 0.297006 0.482388 6 24
27 24.0418 4.6852 55.4458
114.71 155.653 0.0367868 0 0.307117 0.492548 6 25
28 24.0418 4.73145 56.5627
114.71 155.653 0.0367868 0 0.307117 0.492548 6 25
29 24.0418 4.22992 55.4252
114.71 155.653 0.0367868 0 0.307117 0.492548 6 25
30 24.0418 3.10157 46.5329
114.71 155.653 0.0367868 0 0.307117 0.492548 6 25
31 24.0418 2.18894 35.3804
114.71 155.653 0.0367868 0 0.307117 0.492548 6 25
32 24.0418 4.48819 55.7079
114.71 155.653 0.0367868 0 0.307117 0.492548 6 25
33 24.0418 3.3266 46.525
114.71 155.653 0.0367868 0 0.307117 0.492548 6 25
34 24.0418 3.38772 49.5831
114.71 155.653 0.0367868 0 0.307117 0.492548 6 25
35 24.0418 3.72516 51.2102
114.71 155.653 0.0367868 0 0.307117 0.492548 6 25
36 24.0418 3.52011 46.3719
114.71 155.653 0.0367868 0 0.307117 0.492548 6 25
37 24.0418 3.2733 46.7143
114.71 155.653 0.0367868 0 0.307117 0.492548 6 25
38 24.0418 3.59104 50.2545
114.71 155.653 0.0367868 0 0.307117 0.492548 6 25
39 24.0418 4.08512 52.2421
114.71 155.653 0.0367868 0 0.307117 0.492548 6 25
40 24.0418 3.237 50.4819
114.71 155.653 0.0367868 0 0.307117 0.492548 6 25
41 24.0418 2.72288 42.6958
114.71 155.653 0.0367868 0 0.307117 0.492548 6 25
42 24.0418 2.74744 43.7473
114.71 155.653 0.0367868 0 0.307117 0.492548 6 25
43 24.0418 3.15526 50.864
114.71 155.653 0.0367868 0 0.307117 0.492548 6 25
44 24.0418 3.37506 49.5948
114.71 155.653 0.0367868 0 0.307117 0.492548 6 25
45 24.0418 3.81701 53.8396
114.71 155.653 0.0367868 0 0.307117 0.492548 6 25
46 24.0418 4.32291 55.3434
114.71 155.653 0.0367868 0 0.307117 0.492548 6 25
47 24.0418 2.31894 39.2093
114.71 155.653 0.0367868 0 0.307117 0.492548 6 25
48 24.0418 3.2326 46.6429
114.71 155.653 0.0367868 0 0.307117 0.492548 6 25
49 24.0418 2.74441 43.1282
114.71 155.653 0.0367868 0 0.307117 0.492548 6 25
50 24.0418 3.82559 52.9723
114.71 155.653 0.0367868 0 0.307117 0.492548 6 25
51 24.0418 3.69956 53.3374
114.71 155.653 0.0367868 0 0.307117 0.492548 6 25
52 24.0418 2.98524 46.7645
114.71 155.653 0.0367868 0 0.307117 0.492548 6 25
53 24.0418 3.12483 49.2979
114.71 155.653 0.0367868 0 0.307117 0.492548 6 25
54 24.0418 2.5594 43.4011
114.71 155.653 0.0367868 0 0.307117 0.492548 6 25
55 24.0418 3.38346 51.0151
114.71 155.653 0.0367868 0 0.307117 0.492548 6 25
56 24.0418 4.07011 56.5155
114.71 155.653 0.0367868 0 0.307117 0.492548 6 25
57 24.0418 2.36446 39.5463
114.71 155.653 0.0367868 0 0.307117 0.492548 6 25
58 24.0418 4.2626 54.8484
114.71 155.653 0.0367868 0 0.307117 0.492548 6 25
59 24.0418 3.34766 47.6796
114.71 155.653 0.0367868 0 0.307117 0.492548 6 25
60 24.0418 3.49178 50.0031
114.71 155.653 0.0367868 0 0.307117 0.492548 6 25
61 24.0418 3.7831 51.5354
114.71 155.653 0.0367868 0 0.307117 0.492548 6 25
62 24.0418 3.80452 54.4708
114.71 155.653 0.0367868 0 0.307117 0.492548 6 25
63 24.0418 4.11726 56.0032
114.71 155.653 0.0367868 0 0.307117 0.492548 6 25
64 24.0418 4.09154 56.133
114.71 155.653 0.0367868 0 0.307117 0.492548 6 25
65 24.0418 3.28582 51.2516
114.71 155.653 0.0367868 0 0.307117 0.492548 6 25
66 24.0418 3.83007 53.6676
114.71 155.653 0.0367868 0 0.307117 0.492548 6 25
67 27.4588 3.81592 62.8854
112.89 155.226 0.0611045 0 0.300607 0.483022 6 25
68 27.4588 3.55605 53.5105
112.89 155.226 0.0611045 0 0.300607 0.483022 6 25
69 27.4588 3.42161 57.6605
112.89 155.226 0.0611045 0 0.300607 0.483022 6 25
70 27.4588 3.74622 60.9131
112.89 155.226 0.0611045 0 0.300607 0.483022 6 25
71 27.4588 5.13783 70.6967
112.89 155.226 0.0611045 0 0.300607 0.483022 6 25
72 29.5336 4.4903 73.2311
113.181 154.647 0.0589504 0 0.290811 0.494929 6 27
73 29.5336 3.65577 63.6782
113.181 154.647 0.0589504 0 0.290811 0.494929 6 27
74 29.5336 3.44866 63.1157
113.181 154.647 0.0589504 0 0.290811 0.494929 6 27
75 29.5336 3.60641 63.2151
113.181 154.647 0.0589504 0 0.290811 0.494929 6 27
76 29.5336 3.57565 63.5196
113.181 154.647 0.0589504 0 0.290811 0.494929 6 27
77 29.5336 3.32538 56.5167
113.181 154.647 0.0589504 0 0.290811 0.494929 6 27
78 29.5336 4.07656 62.2717
113.181 154.647 0.0589504 0 0.290811 0.494929 6 27
79 29.5336 3.51346 62.7192
113.181 154.647 0.0589504 0 0.290811 0.494929 6 27
80 29.5336 3.26911 60.0575
113.181 154.647 0.0589504 0 0.290811 0.494929 6 27
81 29.5336 3.25393 59.8193
113.181 154.647 0.0589504 0 0.290811 0.494929 6 27
82 29.5336 3.16377 59.9888
113.181 154.647 0.0589504 0 0.290811 0.494929 6 27
83 29.5336 3.07165 60.6003
113.181 154.647 0.0589504 0 0.290811 0.494929 6 27
84 29.5336 3.42254 63.1441
113.181 154.647 0.0589504 0 0.290811 0.494929 6 27
85 29.5336 4.09452 67.4428
113.181 154.647 0.0589504 0 0.290811 0.494929 6 27
86 29.5336 4.89078 75.1055
113.181 154.647 0.0589504 0 0.290811 0.494929 6 27
87 29.5336 3.39322 63.0057
113.181 154.647 0.0589504 0 0.290811 0.494929 6 27
88 29.5336 3.03513 59.7251
113.181 154.647 0.0589504 0 0.290811 0.494929 6 27
89 29.5336 3.54434 58.4213
113.181 154.647 0.0589504 0 0.290811 0.494929 6 27
90 29.5336 3.71441 62.9193
113.181 154.647 0.0589504 0 0.290811 0.494929 6 27
91 29.5336 3.35388 62.9869
113.181 154.647 0.0589504 0 0.290811 0.494929 6 27
92 31.9691 4.95974 80.5421
113.021 155.316 0.0610131 0 0.30022 0.484673 6 25
93 31.9691 4.03869 77.8693
113.021 155.316 0.0610131 0 0.30022 0.484673 6 25
94 31.9691 4.30163 75.647
113.021 155.316 0.0610131 0 0.30022 0.484673 6 25
95 31.9691 5.35593 84.7539
113.021 155.316 0.0610131 0 0.30022 0.484673 6 25
96 31.9691 4.12321 76.1631
113.021 155.316 0.0610131 0 0.30022 0.484673 6 25
97 31.9691 3.90864 73.6172
113.021 155.316 0.0610131 0 0.30022 0.484673 6 25
98 31.9691 3.60205 69.4817
113.021 155.316 0.0610131 0 0.30022 0.484673 6 25
99 31.9691 3.98599 73.3156
113.021 155.316 0.0610131 0 0.30022 0.484673 6 25
100 31.9691 3.9681 72.7722
113.021 155.316 0.0610131 0 0.30022 0.484673 6 25
0 0.2 0.013 0.00171531
149.171 126.333 0.0794397 0.196602 0.0817676 0.508404 10 47
1 3.80668 0.107134 0.289784
151.786 186.269 0 0.243298 0.437692 0.657478 9 1
2 3.80668 0.199667 0.528571
151.786 186.269 0 0.243298 0.437692 0.657478 9 1
3 3.80668 0.260733 0.763278
151.786 186.269 0 0.243298 0.437692 0.657478 9 1
4 3.80668 0.322526 1.0091
151.786 186.269 0 0.243298 0.437692 0.657478 9 1
5 3.80668 0.489078 1.38256
151.786 186.269 0 0.243298 0.437692 0.657478 9 1
6 3.94907 0.689502 2.00537
153.547 182.359 0 0.214834 0.414377 0.658253 16 1
7 4.44535 0.759645 2.13731
150.573 171.002 0.0477219 0.161873 0.490974 0.677771 5 1
8 4.44535 0.872747 2.54802
150.573 171.002 0.0477219 0.161873 0.490974 0.677771 5 1
9 4.44535 0.866847 2.58145
150.573 171.002 0.0477219 0.161873 0.490974 0.677771 5 1
10 5.0779 1.15864 3.3001
146.022 177.332 0.0318842 0.156019 0.545016 0.625971 1 1
11 5.0779 1.14465 3.17272
146.022 177.332 0.0318842 0.156019 0.545016 0.625971 1 1
12 5.0779 1.15378 3.34648
146.022 177.332 0.0318842 0.156019 0.545016 0.625971 1 1
13 5.48179 1.39399 3.90397
157.94 184.199 0 0.0802938 0.526298 0.582332 15 1
14 5.60669 1.53224 4.267
155.452 183.321 0 0.075044 0.495715 0.534333 14 1
15 5.60669 1.13491 3.78789
155.452 183.321 0 0.075044 0.495715 0.534333 14 1
16 5.60669 1.169 3.7468
155.452 183.321 0 0.075044 0.495715 0.534333 14 1
17 5.60669 1.1145 3.40259
155.452 183.321 0 0.075044 0.495715 0.534333 14 1
18 5.60669 1.01239 3.69153
155.452 183.321 0 0.075044 0.495715 0.534333 14 1
19 8.96255 1.11693 4.80604
134.235 179.332 0.0554514 0 0.378194 0.683112 6 2
20 8.96255 1.19796 4.79979
134.235 179.332 0.0554514 0 0.378194 0.683112 6 2
21 8.96255 1.10196 4.38423
134.235 179.332 0.0554514 0 0.378194 0.683112 6 2
22 16.4873 1.35907 9.18753
162.817 182.051 0.0129278 0 0.491173 0.468661 20 4
23 16.4873 1.47514 8.92219
162.817 182.051 0.0129278 0 0.491173 0.468661 20 4
24 16.4873 2.19749 17.6947
162.817 182.051 0.0129278 0 0.491173 0.468661 20 4
25 16.4873 2.24444 21.3576
162.817 182.051 0.0129278 0 0.491173 0.468661 20 4
26 16.4873 2.02901 20.8155
162.817 182.051 0.0129278 0 0.491173 0.468661 20 4
27 16.4873 2.37896 25.2417
162.817 182.051 0.0129278 0 0.491173 0.468661 20 4
28 16.4873 3.03972 35.2444
162.817 182.051 0.0129278 0 0.491173 0.468661 20 4
29 16.4873 2.17505 28.957
162.817 182.051 0.0129278 0 0.491173 0.468661 20 4
30 16.4873 2.40528 33.1952
162.817 182.051 0.0129278 0 0.491173 0.468661 20 4
31 16.4873 2.45438 28.3858
162.817 182.051 0.0129278 0 0.491173 0.468661 20 4
32 16.4873 2.22002 24.4093
162.817 182.051 0.0129278 0 0.491173 0.468661 20 4
33 16.4873 2.61034 29.4178
162.817 182.051 0.0129278 0 0.491173 0.468661 20 4
34 16.4873 2.59973 33.0322
162.817 182.051 0.0129278 0 0.491173 0.468661 20 4
35 16.4873 2.22163 28.9422
162.817 182.051 0.0129278 0 0.491173 0.468661 20 4
36 16.4873 2.1544 25.7864
162.817 182.051 0.0129278 0 0.491173 0.468661 20 4
37 16.4873 2.8577 36.3951
162.817 182.051 0.0129278 0 0.491173 0.468661 20 4
38 16.4873 2.5941 32.5887
162.817 182.051 0.0129278 0 0.491173 0.468661 20 4
39 16.4873 4.20064 48.8102
162.817 182.051 0.0129278 0 0.491173 0.468661 20 4
40 16.4873 3.17444 40.0533
162.817 182.051 0.0129278 0 0.491173 0.468661 20 4
41 16.4873 2.83715 36.5358
162.817 182.051 0.0129278 0 0.491173 0.468661 20 4
42 16.4873 2.70353 31.7558
162.817 182.051 0.0129278 0 0.491173 0.468661 20 4
43 22.8214 3.14861 40.7509
120.489 179.594 0 0 0.969673 0.635158 1 13
44 22.8214 3.23511 40.2741
120.489 179.594 0 0 0.969673 0.635158 1 13
45 22.8214 4.17655 50.185
120.489 179.594 0 0 0.969673 0.635158 1 13
46 22.8214 3.52355 48.0318
120.489 179.594 0 0 0.969673 0.635158 1 13
47 22.8214 4.32528 53.7999
120.489 179.594 0 0 0.969673 0.635158 1 13
48 22.8214 3.99475 51.0276
120.489 179.594 0 0 0.969673 0.635158 1 13
49 22.8214 2.90917 41.8161
120.489 179.594 0 0 0.969673 0.635158 1 13
50 22.8214 3.95575 52.196
120.489 179.594 0 0 0.969673 0.635158 1 13
51 22.8214 5.14994 61.1377
120.489 179.594 0 0 0.969673 0.635158 1 13
52 22.8214 3.75752 46.8754
120.489 179.594 0 0 0.969673 0.635158 1 13
53 22.8214 3.56321 47.9089
120.489 179.594 0 0 0.969673 0.635158 1 13
54 22.8214 5.0659 63.7676
120.489 179.594 0 0 0.969673 0.635158 1 13
55 22.8214 3.68704 54.514
120.489 179.594 0 0 0.969673 0.635158 1 13
56 22.8214 3.64359 53.821
120.489 179.594 0 0 0.969673 0.635158 1 13
57 22.8214 2.94675 46.6713
120.489 179.594 0 0 0.969673 0.635158 1 13
58 22.8214 3.03742 46.6731
120.489 179.594 0 0 0.969673 0.635158 1 13
59 22.8214 3.95186 56.3929
120.489 179.594 0 0 0.969673 0.635158 1 13
60 22.8214 3.24898 45.9054
120.489 179.594 0 0 0.969673 0.635158 1 13
61 22.8214 3.36923 50.6634
120.489 179.594 0 0 0.969673 0.635158 1 13
62 22.8214 3.73574 57.4154
120.489 179.594 0 0 0.969673 0.635158 1 13
63 22.8214 5.02733 66.7256
120.489 179.594 0 0 0.969673 0.635158 1 13
64 22.8214 3.22504 50.574
120.489 179.594 0 0 0.969673 0.635158 1 13
65 22.8214 3.94404 56.369
120.489 179.594 0 0 0.969673 0.635158 1 13
66 22.8214 3.56097 57.2518
120.489 179.594 0 0 0.969673 0.635158 1 13
67 22.8214 4.00778 58.7842
120.489 179.594 0 0 0.969673 0.635158 1 13
68 22.8214 4.01967 64.9817
120.489 179.594 0 0 0.969673 0.635158 1 13
69 22.8214 4.89785 66.8901
120.489 179.594 0 0 0.969673 0.635158 1 13
70 22.8214 4.13812 62.3954
120.489 179.594 0 0 0.969673 0.635158 1 13
71 22.9551 3.83943 60.4132
100 176.115 0 0 0.968486 0.627932 1 27
72 22.9551 3.19259 53.1385
100 176.115 0 0 0.968486 0.627932 1 27
73 22.9551 2.69437 46.183
100 176.115 0 0 0.968486 0.627932 1 27
74 22.9551 3.95343 62.0052
100 176.115 0 0 0.968486 0.627932 1 27
75 22.9551 3.54436 57.0158
100 176.115 0 0 0.968486 0.627932 1 27
76 22.9551 3.24273 53.5654
100 176.115 0 0 0.968486 0.627932 1 27
77 22.9551 2.94516 50.3082
100 176.115 0 0 0.968486 0.627932 1 27
78 22.9551 4.28938 62.929
100 176.115 0 0 0.968486 0.627932 1 27
79 22.9551 3.04602 50.4461
100 176.115 0 0 0.968486 0.627932 1 27
