-2.68802 -13.0571
1.16458 -3.4223

-3.72793 4.92541
0.218247 -5.16203

-3.7307 4.21231
0.0615299 -4.31357

-8.39122 -7.6015
0.311518 -5.7057

-13.6741 -7.27328
0.48031 -5.77534

-4.50352 -8.09476
0.728173 -5.56384

-14.8937 15.7132
-0.8105 -0.934695

-3.70745 -0.712584
0.32205 -5.74465

-5.79095 6.4381
0.442069 -5.78843

15.5725 -7.13338
0.887671 -5.35353

-2.03484 15.4416
-0.808347 -0.936824

0.144733 -0.192746
-0.600942 -1.14367

-2.81342 -6.1977
0.442344 -5.78837

1.19373 2.84725
-0.10869 -3.48726

12.4343 10.4902
0.485734 -2.33691

-7.38185 7.21318
0.527883 -5.7503

-9.19195 -14.4811
0.296605 -2.10743

-14.2892 -15.904
-0.846647 -0.877083

2.91563 3.99518
0.445378 -5.78733

5.80308 1.10239
0.671036 -5.62917

-5.4965 11.0584
1.19968 -4.615

-11.2789 2.88348
1.25923 -4.28298

11.7839 15.4658
-0.390223 -2.31597

-3.59279 14.1114
0.424294 -2.26071

9.69834 6.71423
1.2106 -4.55393

-7.93195 -10.8874
1.15026 -4.77676

4.13661 12.8536
0.232233 -2.03238

-13.0504 -11.2592
0.51865 -5.75584

-1.43017 -3.65393
1.06113 -4.9981

-1.52639 -9.11205
1.22104 -4.50686

2.07676 -0.919605
-0.717023 -1.21937

3.2126 -11.1893
1.09832 -4.91032

14.4438 -7.99598
0.827745 -5.44954

12.3407 -4.30915
1.26952 -4.20072

-2.75109 14.5413
0.0564434 -1.83368

-0.754182 -1.20816
0.692414 -2.60861

6.90055 7.35193
1.09494 -4.91395

-11.967 11.2406
1.12957 -4.82155

0.799597 6.87072
0.574306 -5.71791

-1.17367 13.3323
0.964401 -3.02334

-5.78401 14.5731
0.0316023 -1.80624

1.19762 -2.91947
1.25623 -4.2863

12.353 4.17562
-0.795583 -1.00031

10.3903 12.2081
-0.139988 -1.62025

5.36573 -1.58888
0.672975 -5.62722

7.27472 15.6596
-0.482454 -1.97923

3.72321 6.04739
0.804679 -5.46327

14.4691 -1.03898
1.19078 -4.63582

6.68546 -3.52469
1.27838 -3.89582

10.5187 -8.19026
-0.819493 -0.943762

14.3214 8.85971
-0.839114 -0.893083

0.190588 -4.31494
-0.308917 -2.63125

-9.86164 -6.91088
1.25877 -4.22508

-3.55766 6.27977
0.462053 -5.78248

-11.6334 -9.79304
0.116946 -4.60371

-5.79911 -13.3844
1.05118 -3.18021

14.0127 -10.9526
-0.541353 -1.13541

7.64789 -9.15673
0.914694 -5.28726

6.49566 -7.71703
-0.327209 -2.55848

-8.73575 4.26976
1.19677 -4.62921

6.27223 -4.15276
1.26621 -4.17734

-7.87449 -0.771321
0.722923 -5.56976

5.49709 10.2312
1.26829 -3.94952

4.1463 7.31547
0.990602 -5.14625

0.729847 0.54865
-0.668647 -1.36435

10.5356 -3.14135
0.359104 -5.79195

-5.71008 6.20876
0.400767 -5.79383

-1.25769 9.08369
0.915031 -5.28742

2.63748 15.5681
-0.683783 -1.31825

-11.1874 14.2321
0.400662 -2.23185

5.44315 13.3711
-0.367295 -1.38175

-7.46837 6.6224
0.39181 -5.79425

-10.7814 0.913545
0.80479 -5.46304

-2.02757 -1.70029
0.4606 -5.78293

7.89373 -4.99784
-0.368943 -2.39659

5.08971 -15.7009
-0.813961 -0.958337

-12.6785 -15.8639
-0.841168 -0.888591

2.81981 -3.52859
-0.594731 -1.59804

-6.49529 1.33473
0.422817 -5.79218

-14.2311 10.0245
0.243635 -5.30769

15.7291 -7.05562
0.909572 -5.31789

-1.41595 8.82817
0.874931 -5.35376

-0.137886 14.0852
0.443717 -2.28461

-14.3807 -0.331146
1.21944 -4.54235

0.639632 -15.947
-0.617735 -1.52382

10.8193 -15.0606
0.484737 -5.36421

8.33975 -4.7578
-0.184531 -3.14878

-7.71155 5.73863
0.10557 -4.54328

5.99726 -12.0436
1.09775 -4.9104

-7.56415 -13.3598
1.06388 -3.2048

15.5803 6.23541
-0.0555884 -3.7347

-7.99503 13.889
0.612653 -2.50057

2.00327 1.16054
-0.316067 -2.60281

-10.3688 10.0175
0.962483 -5.20121

7.81134 -1.54076
1.07647 -3.22963

-10.8878 -12.0018
1.24626 -4.35134

15.1761 7.97605
-0.465978 -2.03777

-0.0014294 4.8839
0.262846 -5.41948

-12.0798 7.09989
0.997625 -3.08137

-0.506225 -1.03228
-0.026353 -1.74276

15.1471 0.613596
1.02495 -5.07743

14.8752 -13.9086
0.460398 -5.38206

5.8133 0.566631
0.694257 -5.60398

-8.90665 -10.8773
1.13848 -4.8

-12.0368 -10.5159
0.540801 -5.74206

-3.14585 15.2698
-0.635817 -1.10862

-0.109376 -13.7493
-0.409776 -2.24279

5.50091 -13.4078
1.23637 -4.41112

9.6646 -7.03075
1.1359 -4.81355

-6.72747 -2.4355
0.379119 -5.79452

10.7711 13.9277
-0.714361 -1.22714

-1.73024 -11.7107
1.14418 -3.37411

6.83349 14.8312
-0.660373 -1.38977

-0.883842 -10.0216
0.996058 -3.07858

-8.19999 10.4268
1.09354 -4.9156

-13.9583 9.45128
-0.163368 -3.24165

-14.6745 8.54608
1.27392 -4.13475

8.26386 -1.77539
0.178928 -1.97119

9.6667 -8.55656
0.360025 -2.18528

9.46738 1.1689
0.6019 -2.48631

-7.48419 -8.5735
0.760852 -5.52269

10.3325 -6.02863
1.08876 -4.92377

0.878051 6.77028
0.5589 -5.72955

-10.9051 -8.9435
-0.372604 -2.38282

6.39011 -14.6856
-0.000943828 -4.01185

10.2827 1.32911
-0.611141 -1.13338

7.5896 10.093
1.2695 -3.76578

15.5944 -9.85652
0.0717467 -1.78338

-9.57938 8.395
0.647626 -5.65277

-13.5256 2.8739
0.873661 -5.35719

0.191028 -11.0268
0.0952737 -4.48897

2.37953 3.2524
0.217454 -5.15752

-5.45348 -11.4973
1.22526 -4.5008

2.75251 6.35386
0.730811 -5.55976

-11.2515 -14.987
-0.146957 -1.61283

-5.73945 5.37489
0.221529 -5.18073

3.55554 5.34558
0.701668 -5.59491

-12.5702 6.35073
0.865024 -5.36947

-10.646 -7.25596
1.24495 -4.39832

-8.15545 -15.283
-0.437837 -1.30922

6.50782 9.05607
1.24637 -4.3969

14.0241 -12.9108
0.245745 -4.95744

-7.03668 3.37722
0.391323 -2.22051

-0.426203 0.975666
-0.622505 -1.50858

12.7847 -4.20601
1.22452 -3.58826

4.84847 -15.8459
-0.142626 -1.62041

-3.74501 3.11924
-0.244441 -2.8941

-1.87951 3.10939
-0.119278 -3.43897

-9.52058 13.6161
0.826102 -2.80157

10.2777 -2.76818
0.163299 -4.85436

6.47908 -7.95449
-0.239047 -2.9163

0.877216 -6.13352
0.563337 -5.7262

6.30386 -14.0754
-0.459808 -2.06813

11.8238 -3.82053
1.01415 -5.09796

8.64149 -1.02075
0.160419 -1.95016

-7.12966 10.0613
1.04722 -5.02747

-7.1473 7.78003
0.650467 -5.65053

0.618772 -2.55878
1.23752 -4.42376

0.706031 -12.9143
1.07097 -4.97238

4.84143 -6.49395
1.03597 -5.05332

8.61952 2.5556
1.22925 -4.47573

-10.8471 -3.75617
0.727155 -2.65719

12.1851 -8.38338
0.192825 -5.03171

4.32657 -2.27605
0.313335 -5.7128

6.67482 6.00249
0.938829 -5.24523

-0.432938 -4.24337
-0.825864 -0.923886

-1.57649 7.97264
0.741611 -5.54631

-8.37087 11.4948
1.23622 -4.45029

-11.8566 -4.21751
1.12726 -3.33605

15.2282 14.8211
-0.356432 -2.44483

15.8528 6.33813
0.0163305 -4.08463

-9.93445 -11.2388
1.17523 -4.69014

-0.715495 -4.5545
0.0838506 -1.86414

4.68785 -0.043822
0.394204 -5.79426

-5.92964 -11.3874
1.2134 -4.54925

12.6888 10.6712
0.319126 -2.134

4.44985 11.3397
1.10252 -3.28288

12.1299 -6.68801
-0.679592 -1.33632

-12.4794 -11.0121
0.669999 -5.62999

0.529007 -12.1043
0.720858 -5.57185

-11.3633 0.46689
0.189121 -4.99777

-1.34253 -2.47832
1.17457 -4.70568

2.86142 4.30782
0.475944 -5.777

6.19484 -15.6925
0.388283 -5.80993

7.94595 10.2249
1.23188 -3.6094

-4.0525 -14.3846
0.375397 -2.20126

-4.02402 -9.77028
0.988996 -5.15178

-3.94187 10.6681
1.15114 -4.77153

10.6088 5.1164
1.2784 -3.89006

-10.2017 5.44629
1.26374 -4.25776

14.4561 -3.11232
0.0317417 -1.80844

10.764 -5.34629
1.05372 -5.00663

1.94926 0.837815
-0.415601 -2.22118

12.3752 -15.631
-0.615353 -2.21897

3.94376 14.1257
-0.817943 -0.927324

-2.68776 13.4871
0.873023 -2.87378

5.63409 -12.3006
0.941835 -5.24027

11.3626 10.7866
0.592025 -2.47332

-8.09684 3.27696
0.917049 -5.28542

-10.7853 13.375
1.00775 -3.09951

-0.409221 -15.8212
-0.291537 -2.70095

-9.72231 -7.07854
1.14566 -3.37752

10.8377 -9.49893
0.108449 -4.57131

-9.04289 11.429
1.22534 -4.50071

-13.0624 2.89467
1.06978 -4.97368

-10.3546 -14.9439
-0.112082 -1.65012

-11.9669 2.11784
1.02108 -5.08223

-8.57935 0.161888
0.890616 -5.32844

-3.47221 -15.7757
-0.854943 -0.863279

-3.62536 -12.622
1.27842 -3.88462

-0.584952 -2.09591
0.0199984 -1.79348

-12.2113 2.59102
1.14537 -4.78321

14.9671 -4.76248
-0.121406 -3.43861

4.73841 5.40494
0.785146 -5.48892

14.7218 9.34344
-0.770302 -1.06816

-1.45449 8.94907
0.894314 -5.32465

14.2225 -10.7328
-0.240968 -1.4453

5.32365 -13.6581
1.21487 -4.5469

13.7383 6.10981
-0.683499 -1.31908

-12.3486 3.73002
1.27175 -3.78012

-9.16583 -6.96114
0.441377 -2.28173

8.00547 -12.3351
0.015627 -4.09363

-5.39867 -2.11429
0.596368 -5.70018

-9.1547 4.94812
0.848546 -2.83578

13.2598 -3.40957
1.2775 -3.92222

10.1541 9.3165
1.27152 -3.77851

2.30052 12.6388
0.985171 -3.05935

-4.73406 7.35947
0.62679 -5.67296

-4.82698 11.3473
1.23115 -4.48025

-2.00831 -6.99057
0.825883 -5.43272

7.93501 -5.93256
-0.0252707 -3.87989

-11.8525 -9.67943
-0.387734 -2.32539

-4.04282 -11.118
1.18475 -4.66968

-5.0104 -13.3976
1.0445 -3.16747

8.01679 9.99377
1.26926 -3.76435

-11.967 9.63737
0.718955 -5.57437

-8.72037 -12.1543
1.26502 -4.17489

-8.71161 13.8562
0.64445 -2.5431

-14.5433 -8.87872
1.21011 -4.55508

-14.2807 3.50298
0.932454 -5.2548

-9.35202 15.5853
-0.853782 -0.864555

3.58585 -15.168
0.270026 -5.46088

5.88627 -9.34005
-0.1111 -3.47583

-11.5931 10.6998
1.03873 -5.04688

-15.9496 1.36321
0.922328 -2.95284

-7.70817 5.47455
0.00134451 -4.01041

15.0496 10.025
-0.737713 -1.15947

-1.62858 10.1043
1.06982 -4.97364

13.2161 0.431966
0.442711 -5.78799

4.5675 7.67781
1.05259 -5.00995

-1.66995 -1.32861
1.10248 -4.89037

12.3712 -3.22513
1.04888 -5.02516

-9.80372 -12.7741
1.27104 -3.7754

-11.6162 -1.04932
1.26777 -3.95026

-6.27416 6.20563
0.375273 -5.79468

8.49702 2.87066
1.18768 -4.6431

-1.0173 -9.63199
1.23705 -3.62687

16 14.7815
-0.319328 -2.58984

1.75288 4.54705
0.214138 -5.13867

4.55441 -5.30031
0.677431 -5.62155

1.37038 2.29206
-0.222496 -2.98627

-5.80642 -5.37367
-0.0106735 -3.95133

11.086 11.0285
0.511282 -2.36914

-3.61878 -0.188275
0.74707 -5.54071

5.7187 1.77449
0.631754 -5.66848

-12.4542 -3.22744
1.12589 -4.8329

-4.2994 -3.95914
-0.27545 -2.76622

-9.83531 -14.7308
0.0808778 -1.86083

-8.11839 -7.07151
0.0820898 -4.41997

5.92527 -13.2286
1.09398 -3.26814

15.9097 -1.75657
-0.776961 -0.969876

1.58448 2.65969
-0.140923 -3.34135

-11.5461 1.01953
0.568676 -5.72234

6.35855 7.73173
1.11855 -4.8525

-2.21362 11.8999
1.27005 -4.19687

-12.0229 11.2707
1.13367 -4.81647

-14.1009 -11.9284
0.277659 -5.50648

10.0552 -2.43695
-0.0213286 -3.89911

0.761104 9.55041
0.987963 -5.15324

13.6199 -7.79572
0.483228 -5.78877

5.38476 4.86548
0.753738 -5.53079

-10.5489 -13.0034
1.22371 -3.58318

5.14967 -12.5093
0.651267 -5.64888

1.95626 -1.06664
-0.828328 -0.917993

8.10678 -15.8778
-0.501868 -1.17282

3.1346 -10.3582
0.788415 -5.48471

-10.7068 -6.35553
1.07196 -4.97136

-15.4856 -1.45389
-0.538576 -1.7848

6.67133 -0.414467
1.01454 -5.09801

-9.47478 0.559431
0.913654 -5.28888

-15.0387 -3.01203
-0.777623 -1.04825

-7.98861 8.21205
0.703276 -5.59355

0.841603 4.65107
0.226989 -5.21192

2.08196 14.9452
-0.698905 -1.04551

-3.82635 1.06177
0.714155 -2.63889

-13.4971 -10.1006
-0.0297762 -1.73904

5.07565 -5.2767
0.955698 -5.21207

4.52402 -6.10821
0.783557 -5.49194

-14.7941 -10.7882
-0.315624 -1.43531

-4.82339 -4.66156
-0.063193 -3.6988

-12.7532 11.2528
1.07821 -4.95013

-14.6597 -8.94751
1.21064 -4.57196

-12.7722 1.84353
0.483816 -5.77377

-15.002 8.31032
0.955445 -5.21299

4.53328 15.5357
-0.573134 -1.66891

-1.99966 14.7506
-0.135306 -1.62526

-8.5136 15.9453
-0.776179 -1.05215

-6.68268 12.2337
1.27765 -4.01542

-12.721 7.85671
0.183841 -1.97684

-7.63896 0.107443
1.00393 -5.11569

3.86153 11.3082
1.1704 -3.43657

9.02817 -11.2712
0.0679067 -4.3591

-13.7076 -1.94175
0.295582 -5.61467

14.2287 10.5814
-0.639638 -1.10478

8.48669 -10.6101
-0.762556 -1.09482

15.2094 -7.57911
0.91731 -5.30615

1.57531 -3.22215
1.27526 -4.05261

15.0293 3.41985
0.373565 -5.79444

-6.94952 8.27837
0.747847 -5.53997

1.54768 1.33748
-0.43143 -2.16287

-2.97442 -3.98602
0.0557572 -4.28395

12.8737 10.2146
0.333609 -2.15119

-5.01924 -8.22365
0.746427 -5.54126

1.58331 14.5373
0.058937 -1.83645

6.47295 9.47322
1.26143 -4.22093

-2.88135 7.86542
0.721438 -5.57121

-14.2799 -1.50774
0.223714 -5.1932

12.8798 -15.6295
-1.09761 -1.73883

-4.66223 -3.9259
-0.526785 -1.825

-10.5207 -9.86653
0.758583 -5.52613

15.8018 2.10208
0.893352 -5.32544

4.74094 -14.9652
1.2425 -4.40048

-9.15778 12.5488
1.27771 -3.83589

2.86835 -6.36101
-0.372157 -2.38453

7.34852 -7.40526
0.137981 -4.71622

7.88108 -7.97614
0.614193 -5.68379

-9.08014 -10.4663
1.06588 -4.97926

-0.215848 -11.4162
-0.413834 -2.22772

-1.94719 1.66149
-0.539048 -1.78319

-0.432483 2.80513
-0.145481 -3.32098

15.015 15.4294
-0.268854 -2.79315

3.2642 -2.98401
-0.243429 -2.89832

-4.01211 -2.93679
0.804508 -2.76922

9.84767 2.19622
0.779056 -2.73169

-9.05399 -8.09518
0.339772 -5.7793

-10.754 14.7045
-0.0394537 -1.7285

-15.6434 -7.54035
-0.700154 -1.26916

12.5877 -3.67299
1.22538 -4.50035

-13.0961 -3.30703
0.99527 -5.13429

0.546233 -10.8798
0.645183 -5.65504

-9.68112 -0.821755
0.200755 -5.06302

8.58861 -7.68258
0.863108 -5.37212

-1.15095 -11.8368
0.520385 -2.38072

9.65117 13.6566
-0.804424 -0.977367

5.05807 -7.04986
1.23987 -4.42864

2.72823 6.10472
0.692627 -5.60568

9.0034 -9.31991
0.426391 -2.26586

15.2955 14.5393
-0.397705 -2.28784

13.1191 -3.31239
1.2657 -4.21606

8.68642 -1.02058
0.0730877 -1.85212

12.5372 -7.97905
0.162457 -4.86279

4.70707 9.20662
1.22645 -4.49949

10.5437 15.4236
-0.438694 -2.1363

14.2708 -11.2415
-0.655313 -1.25372

14.6786 -14.6687
0.749262 -5.01061

-2.26428 -3.93027
0.309971 -5.69978

14.2339 14.5488
-0.45219 -2.08733

2.78355 8.07698
0.974042 -5.17871

10.5186 10.1581
1.02336 -3.12796

15.9456 9.55388
-0.418711 -2.20962

2.96658 12.7746
0.593998 -2.47592

-12.9 -12.515
1.22877 -4.4618

3.30751 -3.61312
-0.213663 -3.02376

11.5657 -2.66114
0.613102 -5.68498

12.1487 12.6751
-0.8452 -0.899987

7.44316 -9.10569
0.780102 -5.49679

-5.49345 4.09595
-0.134592 -3.36975

-3.46262 14.6629
-0.0534459 -1.71332

4.27335 -14.3842
0.620728 -5.67799

-2.05528 -15.1104
-0.859292 -0.867185

-12.4953 5.7838
0.351204 -5.78788

4.49134 -12.7278
0.199807 -5.05708

5.3606 8.40707
1.1637 -4.7236

-1.45669 -2.78924
1.04823 -5.02644

-15.4394 4.21896
0.776561 -5.5007

6.50662 6.89473
1.02917 -5.06188

-10.093 8.00333
0.483057 -5.77415

-9.47436 3.27585
0.21884 -5.16541

-6.06951 -8.10266
0.715726 -5.57928

8.60323 8.16419
1.22776 -4.49818

12.7325 -9.75267
0.967014 -5.21885

15.1037 13.0146
-0.642004 -1.44692

4.27814 -6.1592
0.645191 -5.65505

-0.39321 -14.6083
-0.477772 -1.99583

6.3304 10.3136
1.27458 -3.80114

7.20932 -11.0381
1.27223 -3.78924

-10.8225 -14.7629
0.0565536 -1.83382

-1.89958 -2.78992
0.381098 -5.79452

-11.0582 -1.3171
1.27355 -3.98992

-5.50911 1.74219
1.23802 -4.44846

3.91303 -10.7186
1.07751 -3.23164

-4.21281 2.72581
-0.462399 -2.05064

-14.8906 2.03166
-0.766647 -0.978137

7.2199 9.84534
1.26456 -3.95656

2.09474 -7.97678
-0.649803 -1.09461

-11.2482 0.346417
0.151071 -4.78773

0.254959 6.04322
0.445905 -5.78712

9.7758 -5.35557
0.656425 -5.64317

2.42087 -1.87554
-0.683841 -1.31809

6.18511 6.61822
0.986749 -5.15448

10.7211 0.512292
-0.533762 -1.80107

1.58983 10.2429
1.09041 -4.92049

-12.2897 -3.73912
1.26343 -4.17192

11.8976 5.68268
0.599559 -2.48323

-10.2644 9.61633
0.882842 -5.34373

0.345012 -6.26751
-0.0277252 -3.86835

-8.51165 -9.99565
0.997778 -5.13141

4.16528 11.0404
1.22454 -3.58577

9.02959 -2.46078
-0.525251 -1.83012

11.182 9.51624
1.13664 -3.35694

-15.288 7.58577
-0.176012 -3.18616

15.197 14.2872
-0.44345 -2.11899

5.58755 -8.28916
-0.850357 -0.86987

-11.8479 -15.4487
-0.590516 -1.15417

7.55038 8.13531
1.19876 -4.62604

7.54017 2.94061
0.984105 -5.15733

11.864 4.85191
0.222319 -2.02093

-14.728 5.97014
-0.170249 -1.58804

11.6404 -13.6966
0.0727292 -4.04861

10.2443 -13.9818
-0.579831 -1.47575

10.2699 -8.92118
-0.551725 -1.7471

4.83967 9.28506
1.23344 -4.45341

5.8446 -9.83181
0.0772384 -4.39424

-6.76832 11.394
1.22765 -4.46716

-14.6782 13.9151
1.00584 -3.09607

4.8453 1.07293
0.433199 -5.79042

-15.7902 -0.520859
0.0937111 -4.48076

-0.162257 -10.1192
-0.3124 -2.61737

-4.93819 -6.01639
0.361078 -5.79277

-4.97931 -4.76494
-0.059882 -3.71445

-10.1422 -8.19126
-0.623702 -1.50477

-6.97046 11.7338
1.25113 -4.29618

-9.75987 2.26169
1.27473 -3.80247

9.89075 -5.66697
0.798483 -5.46973

-4.74339 5.19839
0.237152 -5.27027

-5.73619 15.4013
-0.764854 -0.979907

15.4852 -3.28364
-0.482086 -1.98664

14.7707 -10.5062
-0.375032 -1.30583

-6.74306 6.09021
0.321462 -5.74255

0.864674 -9.7307
0.93907 -5.24498

-6.87395 7.81165
0.664757 -5.63533

-0.568003 -4.46339
-0.545409 -1.19972

-6.15919 -1.45186
0.689535 -5.60833

2.99742 9.78375
1.21264 -4.55034

0.505326 12.7522
1.22129 -3.57567

-12.8144 -2.13241
0.803544 -5.46514

-12.9003 -8.21258
1.26096 -4.22156

-5.64496 -12.5073
1.2675 -3.95067

10.5301 0.121867
-0.515938 -1.86218

15.8507 -4.76632
0.243142 -5.31735

-3.18678 11.8014
1.25763 -4.24334

-10.4258 3.09186
0.446331 -2.28785

-7.78392 -0.530338
0.786188 -5.48731

2.44577 11.2619
1.26669 -4.06281

-2.12365 6.5234
0.512795 -5.75921

-12.0618 15.4522
-0.744195 -1.00042

4.5335 12.1389
0.677237 -2.58769

9.1189 -14.5708
-0.0111177 -1.68909

3.21958 -10.5092
0.90566 -5.30531

-12.1456 -2.97343
1.05018 -5.02327

-2.5091 0.526111
0.180167 -1.97265

-8.14535 -0.461527
0.77649 -5.50078

-3.72939 8.97471
0.894148 -5.32485

2.96888 -14.4879
-0.580005 -1.16464

5.08369 -10.0135
-0.512785 -1.87291

10.9397 1.6429
-0.729955 -1.18172

-10.7264 -11.8389
1.24066 -4.44247

-12.2408 5.77477
0.568653 -5.72236

6.45656 6.36803
0.96854 -5.18645

-10.7827 10.3165
1.00292 -5.11974

-9.77759 13.01
1.16276 -3.41789

5.28768 -8.50817
-0.178516 -1.57918

-7.59912 -6.4244
-0.165829 -3.23081

12.2515 -15.0074
0.917469 -4.26672

-15.5794 13.9817
1.14411 -3.37395

2.24561 15.3656
-0.787257 -1.02235

-12.471 -10.0554
-0.452448 -2.08644

-13.6757 4.483
1.11553 -3.3105

-4.4899 6.06898
0.41077 -5.79323

-1.82972 -4.76483
0.640019 -5.66084

-10.3815 8.74207
0.660135 -5.6405

3.96574 3.44193
0.50979 -5.76089

14.0276 8.51219
-0.77367 -0.971154

-10.1052 4.96753
1.11316 -4.87056

7.02852 -4.204
0.394232 -2.22398

-5.6985 -14.3624
0.393598 -2.22327

-5.09334 -0.208492
0.0221977 -4.11405

-0.84304 -6.18415
0.511412 -2.36932

-11.0474 -2.74618
1.02827 -5.06395

8.56611 10.1587
1.21145 -3.54622

-14.2855 15.8739
-0.828941 -0.916527

3.56269 8.6331
1.12354 -4.84691

3.94229 -7.97488
0.770406 -5.51069

3.00386 15.996
-0.551843 -1.73995

-3.37777 -0.857854
0.353493 -5.78972

-15.9584 6.11553
0.318506 -2.13328

-14.1324 13.1465
1.27828 -3.90598

-13.0642 12.8721
1.27797 -3.92358

-4.27138 12.8346
1.19653 -3.50424

-2.57123 -5.5733
0.398756 -5.79383

8.88313 15.4869
-0.475286 -2.00462

8.72308 -10.6263
-0.567661 -1.69399

9.7209 6.86701
1.22152 -4.53583

14.9779 -4.38776
-0.269907 -2.79687

-11.1768 -10.068
0.64997 -5.65093

10.0468 -11.0582
0.481365 -5.79042

-0.372222 -9.65394
-0.590585 -1.61156

-14.0663 15.1193
-0.251153 -1.50264

-14.58 13.3103
1.27843 -3.86611

-2.39311 -12.5218
1.24181 -3.64361

-8.71655 -3.82703
0.504217 -5.76387

12.9262 14.6855
-0.48809 -1.95934

-7.3694 15.5556
-0.856738 -0.862695

-3.84764 6.12071
0.431619 -5.79067

-9.52578 -12.63
1.27836 -3.89685

-14.9646 -8.28811
0.406763 -5.79332

15.7367 -7.13296
0.936179 -5.27

2.15945 5.99507
0.556745 -5.73122

7.0319 6.38328
0.994913 -5.13476

15.9089 -4.74002
0.256022 -5.39221

-7.37403 14.5194
0.0857404 -1.86624

-4.52384 14.4087
0.175309 -1.96711

-7.69603 -4.23821
0.792568 -5.48056

-7.14346 13.3278
0.977845 -3.04655

10.4403 -11.3138
0.792913 -5.49955

11.8491 -7.64232
-0.331328 -2.55085

-12.2961 -15.4642
-0.599795 -1.14483

2.65666 13.8629
-0.121313 -1.64022

14.7934 2.48269
0.495329 -5.76809

-11.6217 7.34947
-0.551726 -1.74036

13.0322 -10.0117
1.17153 -4.74393

-15.0645 1.826
-0.431705 -1.31551

4.71581 -8.81079
1.15923 -3.4093

1.59831 -5.36187
1.18677 -4.64998

15.1061 -7.7997
0.958385 -5.22933

-11.6688 -10.1376
0.45713 -5.78383

15.3974 -13.8856
0.363163 -5.40799

-8.57164 -4.91681
0.896643 -5.31912

7.36483 -0.479168
1.21915 -4.54277

4.08662 9.98412
1.25581 -4.23631

0.87745 3.61364
0.0395255 -4.2013

-7.26786 0.0466114
1.13718 -4.812

-10.5132 -11.5237
1.20281 -4.5931

11.7229 -14.7581
0.706228 -5.08069

0.724902 -15.9369
-0.564588 -1.69733

13.9681 6.63847
-0.684914 -1.31481

-9.69948 -9.46904
0.77922 -5.4981

-8.32675 10.3556
1.08023 -4.94685

5.90904 0.668441
0.715823 -5.57915

-3.76777 -11.4478
1.21893 -4.52219

15.8334 -1.54318
-0.244087 -1.51197

5.86421 -10.6474
0.427309 -5.79052

4.1782 -15.045
0.802167 -5.46596

-0.937231 3.54338
0.0031663 -4.0194

-9.32235 13.6693
0.786645 -2.74282

14.3095 -6.77233
0.356111 -5.8049

-9.6291 -7.75483
-0.669236 -1.36254

1.57817 6.07981
0.45429 -5.7849

-15.372 -9.65276
1.26279 -4.15165

11.7089 -8.04168
-0.19765 -3.10186

-6.99886 -8.80867
0.820988 -5.43769

-4.21061 -11.1655
1.18744 -4.64409

11.5608 -1.62215
0.360181 -5.79207

12.4903 11.8352
-0.313808 -1.43718

-10.6768 -11.5953
1.21106 -4.57622

-9.8557 -8.4563
0.181373 -4.95458

-2.53134 -3.53137
0.0837667 -4.42871

1.71419 11.316
1.23158 -4.48914

3.70888 -13.7677
-0.215993 -3.01339

-2.20579 15.3222
-0.688404 -1.05599

10.1447 2.1183
0.335417 -2.15333

-7.34892 8.25175
0.732622 -5.55762

3.81782 -8.59518
0.829294 -5.42555

4.89455 9.03326
1.21554 -4.54662

-0.822662 14.0279
0.489347 -2.34146

-15.1579 -10.6477
0.0394459 -1.8149

-11.0675 -5.08563
0.307687 -5.686

-0.38748 8.90301
0.887324 -5.33289

11.0105 3.29789
0.00940181 -1.78182

-1.79158 13.2023
1.03495 -3.14947

-9.69729 -6.33026
1.13769 -4.81066

-15.0306 4.8572
1.27817 -3.9142

10.0512 -14.6814
-0.195778 -2.84322

-8.44662 15.6207
-0.845896 -0.87859

-3.72275 8.51726
0.821507 -5.4371

-2.90974 1.138
-0.688253 -1.05615

-8.2946 -2.60211
-0.618624 -1.12589

1.40481 4.66097
0.231181 -5.23595

-15.6476 -5.93268
0.897019 -2.91182

-9.61397 1.04201
1.01967 -5.0839

0.342537 -14.5088
1.27449 -4.11036

-1.1897 -14.1265
-0.823081 -0.930619

7.34438 2.99193
0.939712 -5.24435

1.56313 10.605
1.14319 -4.78589

7.96961 1.72166
1.17231 -4.70854

4.26352 2.16802
0.394204 -5.79426

-12.9898 -8.13749
1.24863 -4.34748

13.2317 4.50389
-0.589307 -1.61568

-5.98435 -0.847382
1.14535 -4.78323

-11.1299 4.66751
0.323776 -5.7491

15.4677 2.25518
0.752815 -5.53161

9.72816 -3.60803
0.159491 -4.83343

11.1795 1.26194
-0.528194 -1.82008

11.633 15.8547
-0.324531 -2.56929

-0.0800767 -7.23029
-0.314157 -2.61039

15.3236 1.57994
0.858136 -5.38222

-5.31273 8.1735
0.755541 -5.52889

-4.91172 -15.5362
-0.687657 -1.05675

1.78344 -4.39422
1.27461 -4.11688

-12.8159 5.53583
-0.457144 -2.06951

-12.4825 -12.1531
1.19965 -4.62231

1.25915 9.11003
0.920177 -5.27774

8.25124 -15.7629
-0.676942 -0.996509

11.4745 5.32768
0.873907 -2.87516

13.1078 14.2408
-0.559509 -1.71423

-13.471 13.5963
1.04885 -3.17576

-13.4285 11.8478
1.16362 -4.7377

14.5611 -7.41431
0.657302 -5.65933

-13.6258 3.55183
1.19789 -4.60676

-9.77857 -2.114
1.27564 -3.8107

6.28031 4.69267
0.787452 -5.48573

-4.25014 -0.566248
0.19852 -5.05045

-10.4899 -8.0883
-0.323369 -1.42726

9.95842 13.9798
-0.733962 -1.17023

-10.5616 -14.9205
-0.0894652 -1.67442

9.28303 0.876074
0.652211 -2.55356

-8.12326 12.7805
1.22601 -3.59041

15.2252 14.7557
-0.367059 -2.40398

4.46625 -7.77562
1.07469 -4.96756

-11.4271 -11.766
1.20427 -4.59124

4.18213 -0.471152
0.237388 -5.27164

-14.6574 11.7691
0.983313 -5.1583

8.1147 -13.9259
0.863404 -5.39741

-6.54323 0.401635
-0.567179 -1.68869

7.56112 -7.31417
0.229835 -5.22776

-15.7399 10.2954
-0.744066 -1.1414

-14.8365 11.9212
1.0035 -5.11709

5.90594 6.65043
0.979229 -5.16687

14.701 7.81034
-0.602243 -1.57361

12.4866 11.9293
-0.377703 -1.37101

-3.04649 11.1324
1.21102 -4.57367

3.4982 -2.85344
-0.0943875 -3.55305

-12.8214 14.9759
-0.214034 -1.54169

0.494851 -5.60219
0.11401 -4.58808

6.60089 -15.9364
0.82195 -5.45794

-8.27629 5.17103
-0.341255 -2.50374

-0.56962 9.52289
0.982377 -5.15956

9.45432 -13.2466
1.25936 -4.35704

-9.10177 11.025
1.1762 -4.69693

-6.05981 4.35522
-0.130227 -3.38941

12.3512 9.30247
0.779373 -2.73217

1.74287 10.3041
1.10064 -4.90145

-8.59171 13.6349
0.799818 -2.76225

8.79315 10.4919
1.08951 -3.25598

-12.1944 1.96989
0.884312 -5.34097

-12.68 4.48495
0.88151 -2.88715

5.97261 -11.3776
0.804036 -5.46341

9.56259 7.81568
1.23147 -4.45615

-13.4584 8.61719
-0.72582 -1.0187

-14.494 2.94233
0.07712 -4.39411

3.62131 -12.1062
0.207555 -2.00386

-11.6479 -2.82055
1.04494 -5.02993

10.397 14.597
-0.601027 -1.57756

-3.82557 -0.502693
0.3885 -5.79425

8.94732 -2.37761
-0.594668 -1.59811

13.3062 1.60216
0.218071 -5.1608

-4.15955 -14.3268
0.422395 -2.25839

-11.4948 8.91261
0.554999 -5.73235

10.0705 6.30093
1.23605 -4.45046

15.5234 11.8792
-0.652487 -1.41419

-6.21414 8.96294
0.876646 -5.3506

3.8799 15.3106
-0.642949 -1.44397

4.15124 -15.9495
1.14595 -4.78207

2.21483 -13.9745
0.839549 -5.41094

-0.706502 -1.11072
0.567976 -2.44191

-2.17808 -7.28147
0.794394 -5.47712

-14.4575 8.69622
0.954315 -3.00616

13.1913 5.8781
-0.835051 -0.902247

13.5895 15.7717
-0.271142 -2.78379

13.1422 -3.55062
1.27703 -3.93322

-2.05524 8.31137
0.793981 -5.47803

-9.23455 0.304299
0.870728 -5.36315

-11.8453 9.71485
0.760827 -5.52274

11.0962 9.90171
1.03313 -3.14606

-9.32962 -10.0038
0.965413 -5.19764

-8.749 6.83481
0.314986 -5.72071

-6.28307 -1.39738
0.684842 -5.61409

-6.92016 10.6044
1.13221 -4.81808

8.49116 12.8302
-0.315007 -1.43594

-8.42078 -10.7712
1.12684 -4.82741

2.73781 -8.08551
-0.148613 -3.30703

4.05055 -1.8051
0.183848 -4.96836

5.83011 -5.06658
1.25096 -4.34462

-1.11583 13.2957
0.984827 -3.05875

1.36873 -13.3265
-0.604184 -1.56739

9.22158 9.64348
1.27156 -3.77881

1.84923 7.36009
0.677285 -5.62171

14.4912 -10.5454
-0.127758 -1.56536

13.7357 -3.72105
0.468168 -2.31702

-7.23928 -8.9641
0.843306 -5.40389

-9.76701 -3.63901
-0.534967 -1.79707

-3.65099 5.84892
0.388169 -5.79425

11.7717 13.829
-0.692809 -1.29107

-7.5839 8.71167
0.810667 -5.45312

-3.8551 -9.26609
0.910849 -5.29261

-8.79384 -14.88
-0.0559156 -1.71065

-5.15005 -1.68994
0.981472 -5.161

13.0665 -10.6178
1.29103 -3.77162

9.39044 0.215926
-0.0663749 -1.6993

8.43396 8.6145
1.24508 -4.35411

2.14723 6.34834
0.60546 -5.69222

-10.3586 8.65975
0.640151 -5.66072

14.8354 -7.66199
0.828805 -5.44745

15.8474 1.50178
1.04328 -5.03167

3.47845 15.6649
-0.588199 -1.61934

-7.69356 14.2215
0.345977 -2.16594

5.89223 8.74894
1.20873 -4.56022

9.45847 -4.71468
0.348433 -5.78702

-8.69536 -6.36625
1.13666 -3.357

-3.14407 -7.2792
0.60466 -5.69284

5.43054 11.583
0.9035 -2.92222

0.861124 6.34312
0.49336 -5.76937

-6.43641 14.2077
0.351138 -2.17211

-11.0137 -1.65656
1.25485 -4.3145

-8.39017 5.53718
-0.154404 -3.28128

-12.9286 -10.3108
-0.508081 -1.88949

1.32066 3.03878
-0.0682488 -3.67496

10.431 -14.2054
-0.273195 -2.53756

8.32317 1.20629
1.26424 -4.26823

-13.9671 -9.21089
1.18793 -3.48125

0.60048 1.49802
-0.426296 -2.18171

-11.0393 -13.318
1.10764 -3.29367

15.8214 -3.90662
-0.0698837 -3.67685

12.2623 15.5836
-0.352321 -2.46072

10.6289 -6.76957
1.24674 -3.66489

-4.063 15.2976
-0.66296 -1.08143

14.0581 -8.01961
0.70861 -5.60438

11.5091 -9.71969
0.496205 -5.78331

-1.57774 2.82201
-0.177286 -3.18059

10.9482 -12.5736
0.658227 -2.49224

-5.5695 2.3786
0.248157 -2.05083

-1.17254 -4.19892
1.26202 -4.15341

-4.78823 11.1707
1.20973 -4.55612

-6.51753 4.75007
-0.0575864 -3.72533

1.26587 -1.67901
0.653362 -2.55515

-13.0517 -6.29785
-0.220505 -2.9947

5.91526 -8.68608
-0.382194 -2.34605

4.82989 -14.009
0.974656 -5.17755

0.691884 11.9352
1.26007 -4.16441

-3.87719 5.56593
0.334718 -5.77121

-2.29913 -1.56767
0.36331 -5.79359

12.2494 -7.42367
-0.233874 -2.94737

9.1225 8.63959
1.26428 -4.26428

-0.108012 -11.4145
-0.249074 -2.87482

-11.9457 13.0864
1.19633 -3.50371

8.18508 -4.99696
-0.194647 -3.10499

-15.4669 12.905
1.21108 -4.57465

-10.4123 2.24774
1.20883 -4.55962

-13.2508 -9.49685
0.734121 -2.66705

-12.7718 -5.46609
-0.828734 -0.917029

-0.114867 15.3718
-0.738434 -1.00615

4.20582 6.90067
0.942214 -5.24074

7.99879 7.32555
1.13432 -4.81579

-10.2117 -0.520055
0.0916634 -4.47001

-5.77571 15.6867
-0.830747 -0.912262

1.99706 9.55659
1.04793 -5.02676

-7.13392 -0.711242
0.78001 -5.49739

-11.4351 -0.81751
1.08885 -3.25465

-6.36565 -12.8916
1.24242 -3.6458

8.44695 -9.86831
0.70784 -2.63268

2.0123 15.8568
-0.724944 -1.19628

6.56318 9.08325
1.24955 -4.37964

1.31386 3.39874
0.00230153 -4.01513

-14.5792 9.96747
-0.143677 -3.32903

9.99721 -0.471273
-0.604363 -1.56669

13.8219 -11.4799
-0.629752 -1.32852

10.9978 -11.8833
1.27286 -4.3149

15.321 3.11992
0.522358 -5.75342

15.678 12.4991
-0.595517 -1.59545

-9.83557 8.00615
0.517968 -5.75622

14.8136 -4.24985
-0.4104 -2.2473

0.299856 -9.96962
0.234279 -5.25374

3.41711 -7.59227
0.329791 -5.76312

0.990916 8.2647
0.789747 -5.48339

15.9767 -11.0723
-0.617875 -1.36544

-3.0114 -6.44578
0.47662 -5.7767

-15.6774 8.58614
0.613721 -5.68481

9.72126 -7.42756
1.25096 -4.34425

-12.6959 -12.4749
1.23703 -4.41082

-10.0481 12.5742
1.27838 -3.85355

4.83771 0.483667
0.432932 -5.79048

-3.96461 -6.64369
0.501243 -5.76546

-3.29199 -2.29478
-0.817128 -0.945253

-12.7836 -9.40394
0.618482 -2.50832

-9.77557 12.9659
1.18031 -3.46148

3.60805 2.34543
0.349136 -5.78768

-14.1529 -15.6324
-0.685359 -1.05904

3.47674 -2.54966
-0.10418 -3.50794

10.5931 -5.59148
1.06067 -4.9982

3.32612 10.2158
1.26054 -4.28172

6.50897 6.49555
0.985445 -5.15583

14.0518 6.75125
-0.672799 -1.3516

1.51929 6.85028
0.572103 -5.71959

9.16944 -0.0606607
0.0759624 -1.85532

-12.469 10.3494
0.867426 -5.36644

3.00847 1.59063
0.148739 -4.77503

-0.79942 -10.7055
0.604258 -2.48945

0.525492 14.0497
0.471854 -2.31955

-4.92842 5.14424
0.216222 -5.15051

-3.81579 -13.7522
0.840436 -2.82335

1.21491 -7.06723
0.971686 -5.18134

-10.8603 -5.5824
0.751022 -5.5348

-13.5831 2.55131
0.558105 -5.73014

7.75171 -4.03993
-0.776212 -1.05196

-1.57451 2.34333
-0.301448 -2.6611

3.09548 -11.032
0.950672 -5.22348

2.50737 10.2066
1.21379 -4.54874

-0.0546148 14.7421
-0.127859 -1.63321

-0.133639 -4.1321
-0.572312 -1.67166

1.64951 -3.34509
1.27328 -3.94415

7.12462 -9.42673
0.727881 -5.56342

7.14841 -13.6769
0.0904276 -4.47705

4.93046 15.5952
-0.550167 -1.74558

10.0892 -12.4401
1.19973 -4.66442

0.401492 6.50319
0.517037 -5.75675

11.1035 14.3198
-0.628283 -1.49019

-0.383589 10.8497
1.17528 -4.68869

-15.7773 3.33979
-0.361602 -2.42496

15.1202 -4.37669
-0.207301 -3.05941

-11.5134 -12.6172
1.27759 -4.01276

-12.8798 15.8554
-0.81353 -0.954229

-2.0667 -3.10202
0.3152 -5.72161

-11.8998 9.35895
0.637696 -5.66264

-11.1148 11.9924
1.25044 -4.29981

-14.3023 -5.72255
0.376564 -2.20267

1.49926 -14.9431
0.0640984 -4.32681

-0.382123 7.26105
0.632957 -5.66716

-3.84636 9.66473
1.00159 -5.12647

-13.2031 9.75402
0.497692 -5.76714

-11.3141 -12.8806
1.26861 -3.76054

-12.0703 13.652
0.893975 -2.90694

8.71374 -3.76818
-0.292205 -2.69804

1.28063 7.60824
0.688353 -5.60953

-7.85835 15.7198
-0.824875 -0.926261

-4.237 15.3077
-0.672862 -1.07152

-11.0634 8.26568
0.402978 -5.79383

-8.36574 -14.2609
0.475739 -2.32441

4.77755 0.191173
0.417829 -5.79238

8.45749 -0.160756
1.05317 -3.184

-7.00375 13.0117
1.13456 -3.35227

7.94267 -9.79261
1.26193 -4.25379

-8.51643 -2.15473
-0.336589 -2.52196

-10.6625 1.52939
1.04652 -5.02819

-8.69631 -0.0515298
0.830519 -5.42324

9.4654 1.81603
0.984082 -3.05742

-12.4751 0.386503
-0.46857 -1.2778

-5.22148 -11.2361
1.19981 -4.62048

13.7462 5.05352
-0.492243 -1.9447

-13.1815 5.54891
-0.699137 -1.27219

1.43177 8.28723
0.793685 -5.47865

6.18454 -13.4314
-0.267656 -1.48819

-6.34331 6.11073
0.350813 -5.78768

-14.347 -0.631029
1.08182 -4.94485

7.08188 -4.31887
0.13472 -1.92108

10.571 -5.4812
1.01762 -5.0862

7.53397 -0.508451
1.24477 -4.35507

-3.41054 -13.4691
1.00715 -3.09844

-4.93126 -11.1933
1.19227 -4.63416

7.59632 -9.72349
1.10218 -4.88994

7.14683 6.8344
1.04887 -5.02567

2.27931 -9.286
-0.329958 -2.54797

-4.12549 3.52417
-0.154841 -3.27934

-7.72279 3.26952
1.02939 -5.06145

-6.7111 5.98864
0.300423 -5.64261

-8.02694 -5.79716
1.27038 -3.77116

-8.64401 11.3403
1.22152 -4.53583

12.5501 -13.7037
0.42269 -5.39895

4.85293 -4.09127
0.682174 -5.61732

11.9055 1.38874
-0.252854 -2.859

11.7512 -3.40293
0.873487 -5.35661

-1.23156 -2.98386
1.24471 -4.36775

9.20829 4.62161
1.16807 -4.71341

-7.44476 -11.4997
1.2241 -4.50219

14.23 12.0596
-0.839826 -0.891509

12.0032 9.88661
0.834656 -2.81453

2.26102 11.5731
1.27466 -3.99354

10.8728 9.87585
1.07495 -3.22662

-6.45268 12.8234
1.2046 -3.5266

-0.937787 -2.20958
1.0865 -3.24986

-6.05305 0.341923
-0.131443 -3.38393

-13.2225 10.6382
0.846786 -5.40021

-6.90905 2.69498
1.02672 -5.07172

-2.45215 11.4286
1.24102 -4.43861

9.91527 15.9699
-0.354386 -2.45274

-1.91473 -12.594
0.903825 -2.92276

4.46659 -11.6341
-0.304166 -2.64983

-3.65966 -14.1755
0.541555 -2.40778

0.444022 7.54959
0.678601 -5.62034

10.8436 6.65367
1.26743 -4.06165

8.13677 -14.9451
1.2884 -4.08752

-10.5309 15.2243
-0.552742 -1.1923

-14.607 -12.3581
0.294269 -5.6061

-13.305 4.96281
0.607088 -2.4932

5.72233 -5.66941
1.26953 -4.1427

15.6506 -0.141453
1.26236 -4.0785

-14.027 -1.04898
0.956623 -5.20936

-5.79159 -12.4958
1.26523 -3.95484

-9.40267 -9.20556
0.740179 -5.54852

-1.70156 -14.1534
-0.461461 -1.28506

2.14938 -4.56775
0.68421 -2.59729

0.782909 15.9095
-0.781934 -1.0366

9.02926 -12.3666
0.638678 -5.67904

-5.95398 -7.68279
0.643848 -5.65653

5.82753 -6.27432
1.05764 -3.19259

-6.14602 -9.45011
0.935759 -5.24865

4.98376 -15.9208
-0.809999 -0.96843

-13.437 -0.407488
1.27735 -3.93506

-2.57572 -0.962724
0.857463 -5.38313

14.9379 11.4931
-0.767867 -1.07485

-15.9501 -2.37911
-0.244832 -1.50928

7.2989 15.4842
-0.516943 -1.8588

3.80303 -1.61191
0.07507 -4.38348

9.17002 14.317
-0.69559 -1.28275

-5.2479 -13.9247
0.725202 -2.65443

-13.4919 7.97073
1.08713 -3.25115

6.40688 -0.247042
0.918396 -5.28347

12.3238 -9.96486
0.915435 -5.30867

2.11119 -4.65851
0.813888 -2.78321

11.2798 2.73303
-0.845415 -0.87954

-15.1567 0.331416
1.26207 -4.2798

13.9317 7.91082
-0.855465 -0.862881

-0.0291658 -4.4162
-0.464389 -2.04351

4.7303 -9.27437
0.583797 -2.46245

14.2243 2.46566
0.325827 -5.75433

14.876 5.04696
-0.0800165 -3.61969

15.7516 -10.9074
-0.643615 -1.29263

-14.1729 -8.81599
1.25018 -4.30314

12.7014 -8.83842
0.572967 -5.73481

-9.46135 -0.29356
0.620152 -5.67942

8.83641 8.4055
1.24942 -4.38927

-12.5983 5.39837
-0.440233 -2.13072

2.29671 -7.81631
-0.715943 -1.22254

-4.54577 10.4839
1.12374 -4.84662

6.88346 14.4561
-0.734316 -1.16922

-8.26415 0.79884
1.16343 -4.73897

11.6911 -13.9042
0.226865 -4.85097

4.50093 4.91838
0.716124 -5.57873

-4.96331 12.1081
1.26372 -4.06994

-3.66601 -1.59229
-0.310196 -2.62615

6.45001 0.142348
0.900129 -5.31133

3.82201 11.8772
0.927522 -2.96137

3.64531 3.76953
0.51808 -5.75616

8.66709 10.4022
1.13225 -3.34709

7.59235 -1.76817
1.19063 -3.48835

0.659154 -8.97508
0.616038 -5.68282

5.65061 11.8714
0.720473 -2.64776

-4.23169 -0.303596
0.358037 -5.79242

13.5854 14.1894
-0.545947 -1.75981

14.594 15.173
-0.330174 -2.54707

-9.03242 2.40936
-0.672044 -1.35395

3.05909 6.89343
0.849134 -5.39754

13.9303 -11.5094
-0.573364 -1.49938

3.94748 -8.24303
0.837328 -5.41563

-8.48528 9.52516
0.935235 -5.24935

14.0837 -9.87517
1.29567 -3.89005

-10.6826 -8.90687
-0.065452 -3.68814

9.33923 2.86697
1.26672 -3.97511

-0.358198 -6.87734
-0.62124 -1.51261

12.0859 12.8614
-0.846331 -0.877698

-13.5155 -3.50021
0.971021 -5.18219

-10.9275 -11.0479
1.08541 -4.94101

0.819806 0.105937
-0.783585 -1.03218

-6.08057 4.28443
-0.16276 -3.24433

-3.73629 4.76774
0.185381 -4.9769

6.81692 -12.6554
-0.835753 -0.905259

-9.07814 -3.61227
0.21242 -5.12892

13.8696 -6.90623
0.246764 -5.33896

12.0518 3.34486
-0.688358 -1.30441

8.71837 15.2905
-0.51828 -1.85419

-10.2596 -8.91135
0.314374 -5.71779

-5.64848 14.4518
0.139552 -1.92658

4.17631 4.53385
0.651603 -5.64932

-15.8024 -7.34868
-0.779661 -1.04274

4.69993 14.2586
-0.829239 -0.915815

8.43864 13.5496
-0.857986 -0.863201

-0.0577628 -1.86018
-0.698394 -1.2744

7.30689 3.56886
0.895703 -5.32215

-1.69615 -7.10673
0.961883 -5.20183

-5.37672 10.7144
1.15298 -4.75506

-11.7137 12.4504
1.26947 -4.05893

