0.600703
0.25
0.573791
0.25
0.25
0.574896
0.548131
0.575032
0.573986
0.574068
0.569339
0.572897
0.574864
0.573982
0.570267
0.571996
0.574864
0.641841
0.573511
0.25
0.573462
0.1
0.575195
0.574191
0.634749
0.573621
0.1
0.576174
0.585289
0.574938
0.25
0.574185
0.25
0.573158
0.578163
0.539766
0.559996
0.574261
0.574053
0.574841
0.513273
0.572957
0.576293
0.559662
0.575561
0.52954
0.573583
0.25
0.575688
0.575004
0.25
0.573804
0.573319
0.581449
0.586013
0.573558
0.575824
0.586947
0.25
0.575239
0.575172
0.478543
0.576049
0.576818
0.572277
0.548369
0.539466
0.25
0.574985
0.572632
0.25
0.25
0.572513
0.570204
0.25
0.25
0.572497
0.587364
0.25
0.574328
0.534148
0.572673
0.557745
0.5761
0.57063
0.574657
0.574294
0.553052
0.500115
0.573928
0.575269
0.582916
0.1
0.535409
0.574822
0.582164
0.573809
0.57318
0.25
0.571897
