3.55721 3.73406
3.55721 3.73406
3.55721 3.73406
3.55721 3.73406
3.55721 3.73406
3.55721 3.73406
3.55721 3.73406
3.55721 3.73406
3.55721 3.73406
3.55721 3.73406
3.55721 3.73406
3.55721 3.73406
3.55721 3.73406
3.55721 3.73406
3.55721 3.73406
3.55721 3.73405
3.55721 3.73405
3.55721 3.73405
3.55721 3.73405
3.55721 3.73405
3.55721 3.73405
3.55721 3.73404
3.55721 3.73404
3.55721 3.73404
3.55721 3.73404
3.55721 3.73403
3.55721 3.73403
3.55721 3.73402
3.55721 3.73402
3.55721 3.73402
3.55721 3.73401
3.55721 3.734
3.55721 3.734
3.55721 3.73399
3.55721 3.73398
3.55721 3.73397
3.55721 3.73396
3.55721 3.73395
3.55721 3.73394
3.55721 3.73393
3.55721 3.73391
3.55721 3.73389
3.55721 3.73388
3.55721 3.73386
3.55721 3.73383
3.55721 3.73381
3.55721 3.73378
3.55721 3.73375
3.55721 3.73372
3.55721 3.73368
3.55721 3.73364
3.55721 3.7336
3.55721 3.73355
3.55721 3.73349
3.55721 3.73343
3.55721 3.73337
3.55721 3.73329
3.55721 3.73321
3.55721 3.73312
3.55721 3.73302
3.55721 3.73291
3.55721 3.73279
3.55721 3.73266
3.55721 3.73251
3.55721 3.73234
3.55721 3.73216
3.55721 3.73196
3.55721 3.73174
3.55721 3.73149
3.55721 3.73122
3.55721 3.73092
3.55721 3.73059
3.55721 3.73023
3.55721 3.72982
3.55721 3.72938
3.55721 3.72888
3.55721 3.72834
3.55721 3.72773
3.55721 3.72707
3.55721 3.72633
3.55721 3.72551
3.55721 3.72461
3.55721 3.72361
3.55721 3.72251
3.55721 3.72129
3.55721 3.71994
3.55721 3.71845
3.55721 3.71681
3.55721 3.71498
3.55721 3.71297
3.55721 3.71073
3.55721 3.70827
3.55721 3.70554
3.55721 3.70251
3.55721 3.69917
3.55721 3.69547
3.55721 3.69137
3.55721 3.68683
3.55721 3.6818
3.55721 3.67623
3.55721 3.67006
3.55721 3.66322
3.55721 3.65563
3.55721 3.64722
3.55721 3.63789
3.55721 3.62752
3.55721 3.61601
3.55721 3.60322
3.55721 3.58899
3.55721 3.57315
3.55721 3.55552
3.55721 3.53586
3.55721 3.51392
3.55721 3.48941
3.55721 3.46198
3.55721 3.43125
3.55721 3.39675
3.55721 3.35795
3.55721 3.3142
3.55721 3.26473
3.55721 3.20861
3.55721 3.14469
3.55721 3.07156
3.55721 2.98739
3.55721 2.88983
3.55721 2.77573
3.55721 2.64072
3.55721 2.47845
3.55721 2.27906
3.55721 2.02582
3.55721 1.68564
3.55722 1.17179
3.55722 -3.66691
3.55722 -3.67385
3.55722 -3.68002
3.55722 -3.68551
3.55722 -3.69041
3.55722 -3.69479
3.55722 -3.69871
3.55722 -3.70222
3.55722 -3.70537
3.55722 -3.7082
3.55722 -3.71074
3.55722 -3.71302
3.55722 -3.71507
3.55722 -3.71692
3.55722 -3.71859
3.55722 -3.72009
3.55722 -3.72144
3.55722 -3.72266
3.55722 -3.72376
3.55722 -3.72475
3.55722 -3.72565
3.55722 -3.72646
3.55722 -3.72719
3.55722 -3.72785
3.55722 -3.72845
3.55722 -3.72898
3.55722 -3.72947
3.55722 -3.72991
3.55722 -3.73031
3.55722 -3.73067
3.55722 -3.73099
3.55722 -3.73129
3.55722 -3.73155
3.55722 -3.73179
3.55722 -3.73201
3.55722 -3.73221
3.55722 -3.73238
3.55722 -3.73254
3.55722 -3.73269
3.55722 -3.73282
3.55722 -3.73294
3.55722 -3.73305
3.55722 -3.73314
3.55722 -3.73323
3.55722 -3.73331
3.55722 -3.73338
3.55722 -3.73345
3.55722 -3.73351
3.55722 -3.73356
3.55722 -3.73361
3.55722 -3.73365
3.55722 -3.73369
3.55722 -3.73373
3.55722 -3.73376
3.55722 -3.73379
3.55722 -3.73382
3.55722 -3.73384
3.55722 -3.73386
3.55722 -3.73388
3.55722 -3.7339
3.55722 -3.73391
3.55722 -3.73393
3.55722 -3.73394
3.55722 -3.73395
3.55722 -3.73396
3.55722 -3.73397
3.55722 -3.73398
3.55722 -3.73399
3.55722 -3.734
3.55722 -3.73401
3.55722 -3.73401
3.55722 -3.73402
3.55722 -3.73402
3.55722 -3.73403
3.55722 -3.73403
3.55722 -3.73403
3.55722 -3.73404
3.55722 -3.73404
3.55722 -3.73404
3.55722 -3.73404
3.55722 -3.73405
3.55722 -3.73405
3.55722 -3.73405
3.55722 -3.73405
3.55722 -3.73405
3.55722 -3.73405
3.55722 -3.73406
3.55722 -3.73406
3.55722 -3.73406
3.55722 -3.73406
3.55722 -3.73406
3.55722 -3.73406
3.55722 -3.73406
3.55722 -3.73406
3.55722 -3.73406
3.55722 -3.73406
3.55722 -3.73406
3.55722 -3.73406
3.55722 -3.73406
3.55722 -3.73406
3.55722 -3.73406
3.55722 -3.73406
3.55722 -3.73406
3.55722 -3.73407
3.55722 -3.73407
3.55722 -3.73407
3.55722 -3.73407
3.55722 -3.73407
3.55722 -3.73407
3.55722 -3.73407
3.55722 -3.73407
3.55722 -3.73407
3.55722 -3.73407
3.55722 -3.73407
3.55722 -3.73407
3.55722 -3.73407
3.55722 -3.73407
3.55722 -3.73407
3.55722 -3.73407
3.55722 -3.73407
3.55722 -3.73407
3.55722 -3.73407
3.55722 -3.73407
3.55722 -3.73407
3.55722 -3.73407
3.55722 -3.73407
3.55722 -3.73407
3.55722 -3.73407
3.55722 -3.73407
3.55722 -3.73407
3.55722 -3.73407
3.55722 -3.73407
3.55722 -3.73407
3.55722 -3.73407
3.55722 -3.73407
3.55722 -3.73407
3.55722 -3.73407
3.55722 -3.73407
3.55722 -3.73407
3.55722 -3.73407
3.55722 -3.73407
3.55722 -3.73407
3.55722 -3.73407
3.55722 -3.73407
3.55722 -3.73407
3.55722 -3.73407
3.55722 -3.73407
3.55722 -3.73407
3.55722 -3.73407
3.55722 -3.73407
3.55722 -3.73407
3.55722 -3.73407
3.55722 -3.73407
3.55722 -3.73407
3.55722 -3.73407
3.55722 -3.73407
3.55722 -3.73407
3.55722 -3.73407
3.55722 -3.73407
3.55722 -3.73407
3.55722 -3.73407
3.55722 -3.73407
3.55722 -3.73407
3.55722 -3.73407
3.55722 -3.73407
3.55722 -3.73407
3.55722 -3.73407
3.55722 -3.73407
3.55722 -3.73407
3.55722 -3.73407
3.55722 -3.73407
3.55722 -3.73407
3.55722 -3.73407
3.55722 -3.73407
3.55722 -3.73407
3.55722 -3.73407
3.55722 -3.73407
3.55722 -3.73407
3.55722 -3.73407
3.55722 -3.73407
3.55722 -3.73407
3.55722 -3.73407
3.55722 -3.73407
3.55722 -3.73407
3.55722 -3.73407
3.55722 -3.73407
3.55722 -3.73407
3.55722 -3.73407
3.55722 -3.73407

3.55721 3.73406
3.55721 3.73406
