1.6122
1.65008
1.61547
1.74559
1.73021
1.67923
1.60696
1.64685
1.63057
1.60693
1.56736
1.58066
1.73022
1.61207
1.60924
1.61649
1.61251
1.67742
1.60752
1.62571
1.6242
1.6122
1.55546
1.65638
1.61649
1.63555
1.45198
1.61251
1.62158
1.61072
1.70818
1.63496
1.71491
1.5905
1.62093
1.60359
1.62847
1.64117
1.6148
1.62756
1.53931
1.61251
1.65098
1.68279
1.65522
1.65522
1.41379
1.61649
1.60316
1.64364
1.59242
1.62571
1.59252
1.60752
1.63687
1.62662
1.68199
1.6329
1.36248
1.61054
1.63252
1.6186
1.65108
1.5948
1.42735
1.62756
1.61137
1.63046
1.62501
1.54768
1.61706
1.73834
1.68867
1.6547
1.68269
1.66808
1.63124
1.6247
1.64455
1.62709
1.61251
1.43559
1.65159
1.57317
1.61649
1.53548
1.64
1.61873
1.60259
1.64758
1.59035
1.59212
1.62158
1.76758
1.61547
1.63955
1.65666
1.62676
1.6118
1.61194
