0
0
0
0.929545
1.58318
0.1
0
0.980955
0
0.1
0
0
0
0
0
0
0
0
0
0
0
0
0
1.54665
0
0.682739
0.724907
0
0
0
0
0
0
0
0
1.00795
0
0
0
0
0
0
0
1.016
0
0.852298
1.10621
0.878556
0
0
0
0
0
0
0
0
0
0
1.68709
0
1.61349
0
0
0
1.564
0
0
0
0
0
0
0
0
0.1
0
0
0
1.03234
1.32489
1.08921
0.1
0
0
0
0
1.10393
1.72225
0
0
0
0
0.1
0
0
0
0
0
0
0.768736
0
0
0
0
0
0
0
0
0
0
0
0
0.05
0
1.71837
0
0
0
1.04608
0
0
0
0
0.932308
0
0
0
0
0.1
1.08715
1.38221
0.1
0
0.05
0
0
0
0
0
0
0
0.931264
1.36548
0
0
0
0
0
0
0
0
0.883454
0
0
0
1.59404
0
0
0
0
0.92143
0
0
0.1
0
0
0
0.7034
1.05964
0
0
0
0
1.26465
0
1.31786
0
0
0
0
0.697105
0
0
0
0.77963
0
0
0
0.92143
0
1.62189
0.916936
0
0
0.682268
0
0
0
1.67045
0
1.21917
0
0.05
0
0.05
0
0
0
0
0
1.57777
0
0.05
0
0
0
0
0
1.13969
0
0
0
0
0
1.15688
1.55471
0
0
0
0
0
0
0
0
0
0.05
0
0
0
0
0
0
0
0
0
0
0
0
0
0
1.65143
0
0
0
0
0
0
0
0
0
0
0
0
0.972921
0
0
0
0
0
1.35842
0
0
0
0
0
0
0
0
0
0
0
0
0
0
0
0
0.794264
0
0.1
0
0
0
0
0.1
0
0
0
0
0
1.0053
0
0
0
0
0
0
0
0
0
0
0
0
0
0
0
0
0.05
0
0.05
0.853455
1.35249
0.1
0
1.4453
0
0
0
1.53641
0.1
1.33014
0
0.961737
0
0
0
0
0
1.02214
0
0
0
0
0
0
0
0
0.914287
0
1.3964
0.872111
0
0
0
0
0
0
0
1.46591
0
0
0
0
0.05
0
0
0
0
0.859574
0
0
0
0
0
0
0
1.59404
0.937422
0.05
0
0
0
0
0
0
0
0
0
0
0
0.1
0
0
0
0
0
0
0
0
0
0
0
0
0
0
0
0
1.67121
0
0
0
0
0
0
0
0
0
0
0
0
0
0.780375
0
1.12187
0
0
0
0
0
0
1.14885
0
0
0
0
0
0
0
0
0
0
0
1.02257
0.1
0
0
0
1.38294
0
0
0
0.883454
0
0
0
0
0.649133
0
0
0
0
0
0
0
0
0
0
0
0
0
0
0
0
0
1.41003
0.1
0
0
0
0.951565
1.20151
0
0
0
0.972921
0
0
0
0
0
0
1.10447
0
0
0
0.05
0
0
0
0
0.1
0
0
1.0937
0
1.28399
0.943384
0
0
0
0
1.03393
0
0
1.48193
0
1.03188
0.05
0.05
0.824966
0
0
0.693337
0
0.05
0
1.42032
0
0
0
0
0
0
0
0
0
0
0
0.888476
0
0
0
1.29957
0
0
0
0
0
0
1.05971
0
0
0
0
0
0
0
0
0
0
0
0
0
0
0
0
0
0
0
0
0
0
0.666792
0
0
1.42368
0
0
0
1.36165
0
0
0
0
0
0
0
0
0
0
0
0
0.912432
0
0
0
0
1.45541
0
0
0
0
1.2835
0.943384
0
0
0.891132
0
0
1.11232
0
0
0
0
0
1.27853
1.53641
0
0
0
0
0
0
1.23797
0
0
0
0.05
0
0
0
0
0.696036
0
0.658573
0
0
1.34675
0
0
0.925522
0
0
0
0
1.14347
0.952442
0
0
0
0
0
0
0
0
1.24715
0
0
0
0
0
0
0
0
0
1.1163
0
0
0
0
0
0.988758
1.00696
0
0.961737
0
0
0
0
0
0.944579
1.03188
0
0
1.28092
0
0
0
0
1.08549
0
0
1.10447
0
0.792003
0
0
0
0
0
0
0
0
0
0
0
0.1
0
0
0
0
0
0
0
0.1
0
1.06213
0
0
0
0.952704
0
0
0
0
0
0.1
0
0
0
0
0
0
0.72808
0
0
0
0
0
0
0
0
0.734429
0
1.08415
0
0
1.23797
1.07074
0
0
0
0
1.68401
0
0
0
0
0
0
0
0.844787
0
0
0
0
0
0
0
0
1.27616
0
0.05
0.05
0
0
0
1.05285
0
0
0
0
0
0
0
0
1.46777
0
0
0
0
0.1
0
0
0.715794
0.1
0
0
0
0
1.4453
0
0
0
0
1.26903
0
0
0
0
0
0
0
0
0
0
0
1.63024
1.21065
0
0
0
0
0
0
0
0
0
0
1.17148
0
0
0
0
0.1
0
0
1.20714
0
0
0
0
0.912432
0.878556
1.26498
0
0
0
0
1.05722
0
1.63973
0
0
0
1.6878
0
0
0
0
0
0
1.20132
0
0
0
1.19179
0.914287
0
1.20046
0
0
0
0
0
0
1.03627
1.18365
0
0
1.47997
0
0
0.15
0
0
0
0
0
1.14911
1.3964
0
0
0
0
0
0
0
0
0.884322
0.984557
0
0
0
1.48575
0
0.925522
0
0
0
0
0
0
0
0.934328
1.44181
1.24715
0
0.1
0
0
0
0
0
0
0
0
0
0
0
0
0.930777
0.952704
0
0
0
0
0
0
0
0
0
0
0
0
0
0.9052
0
0
0
0
1.482
0
0
0
0
0
0
0
0
0
0
1.19179
0
0
0
0
0
0
0
0
0
0.1
0
0
0.889369
0
0.976404
0
0
0
0
0
0
0
0
0
0
0
1.41492
1.03662
0
0
0
0.05
1.60157
0
0
0
1.53614
0
0
