0 12.2874 1.82831 12.3005
139.981 100.953 0.682449 0.0182662 0.0231217 0.482767 3.66138 0.524655
1 13.0446 3.20744 19.6412
138.18 100 0.677624 0.0751675 0.0566808 0.448807 3.17335 0.189525
2 13.0504 3.54756 24.4252
138.153 100.412 0.678737 0.0747125 0.0575649 0.448497 3.18696 0.178083
3 20.414 5.34553 39.5616
140.596 100 0.714066 0 0.0401326 0.524374 3.15958 0.447403
4 20.414 6.37713 58.2143
140.596 100 0.714066 0 0.0401326 0.524374 3.15958 0.447403
5 21.361 6.40384 56.0338
140.533 102.149 0.703222 0 0.00440912 0.549717 3.22813 0.797043
6 21.361 7.34893 57.569
140.533 102.149 0.703222 0 0.00440912 0.549717 3.22813 0.797043
7 26.3779 9.15079 71.5235
167.579 173.705 0.0143019 0.590098 0.893757 0.295829 4.25043 2.29332
8 26.3779 7.92175 62.3118
167.579 173.705 0.0143019 0.590098 0.893757 0.295829 4.25043 2.29332
9 29.4474 11.0713 112.703
172.578 181.996 0.0235919 0.507753 0.873118 0.272812 4.4508 1.95181
10 30.3391 12.4728 133.722
145.483 110.935 0.535702 0.0617884 0.00704985 0.353341 4.07722 2.02333
11 30.3391 15.7735 131.327
145.483 110.935 0.535702 0.0617884 0.00704985 0.353341 4.07722 2.02333
12 31.1764 15.6712 158.554
142.457 108.931 0.500112 0.0435501 0 0.314575 3.66123 1.81421
13 31.6501 16.0465 174.029
151.182 114.45 0.514544 0.0810033 0 0.344118 3.60037 1.81095
14 31.6501 17.521 148.982
151.182 114.45 0.514544 0.0810033 0 0.344118 3.60037 1.81095
15 33.2142 19.404 160.89
142.11 108.243 0.492528 0.0522305 0 0.291145 3.68983 1.73999
16 33.7755 18.5537 167.807
176.169 119.418 0.522841 0.133101 0.00560073 0.360478 4.17643 0.854536
17 34.4138 20.8614 177.619
141.462 124.91 0.449836 0.0802915 0 0.3453 4.26015 2.42244
18 34.4138 19.9278 162.073
141.462 124.91 0.449836 0.0802915 0 0.3453 4.26015 2.42244
19 34.4138 20.8392 151.758
141.462 124.91 0.449836 0.0802915 0 0.3453 4.26015 2.42244
20 39.1412 21.4623 155.564
140.574 134.644 0.406857 0.0844527 0.0401133 0.356618 3.9631 1.71565
21 39.9899 24.609 131.542
139.224 132.201 0.402897 0.0836897 0.0468729 0.443928 3.98515 1.68665
22 39.9899 25.1026 120.674
139.224 132.201 0.402897 0.0836897 0.0468729 0.443928 3.98515 1.68665
23 39.9899 26.7932 90.043
139.224 132.201 0.402897 0.0836897 0.0468729 0.443928 3.98515 1.68665
24 42.9689 25.6732 161.691
151.708 128.503 0.381933 0.12524 0 0.307383 2.81798 0.422242
25 43.8628 25.2166 199.463
134.249 161.845 0.332413 0.26027 0.0285791 0 5.81288 0.0352884
26 43.8628 24.4559 222.093
134.249 161.845 0.332413 0.26027 0.0285791 0 5.81288 0.0352884
27 50.1712 26.263 212.555
133.438 164.326 0.315641 0.266917 0 0.0412189 5.56116 0
28 52.4166 29.3114 249.612
131.11 164.147 0.301934 0.249664 0 0.0506346 5.68765 0.103157
29 52.4166 31.8403 212.466
131.11 164.147 0.301934 0.249664 0 0.0506346 5.68765 0.103157
30 53.4936 34.3153 191.85
129.204 165.368 0.293845 0.254637 0 0.0695453 5.9608 0.37142
31 53.4947 34.58 222.126
129.219 165.38 0.293788 0.254603 4.85514e-05 0.0696564 5.95866 0.371949
32 53.5562 34.6109 252.41
129.608 165.017 0.288325 0.259817 0 0.0698066 5.92373 0.344494
33 53.5562 36.3008 220.876
129.608 165.017 0.288325 0.259817 0 0.0698066 5.92373 0.344494
34 55.5917 35.8269 282.904
128.483 148.351 0.274646 0.197879 0 0.123665 5.46646 0.988696
35 55.5917 37.7443 194.654
128.483 148.351 0.274646 0.197879 0 0.123665 5.46646 0.988696
36 55.5917 36.2064 197
128.483 148.351 0.274646 0.197879 0 0.123665 5.46646 0.988696
37 55.5917 36.5475 221.227
128.483 148.351 0.274646 0.197879 0 0.123665 5.46646 0.988696
38 55.5917 37.5795 217.742
128.483 148.351 0.274646 0.197879 0 0.123665 5.46646 0.988696
39 55.5917 36.2026 252.321
128.483 148.351 0.274646 0.197879 0 0.123665 5.46646 0.988696
40 55.5917 38.3571 266.159
128.483 148.351 0.274646 0.197879 0 0.123665 5.46646 0.988696
41 55.5917 35.7979 200.67
128.483 148.351 0.274646 0.197879 0 0.123665 5.46646 0.988696
42 55.5917 36.7255 220.628
128.483 148.351 0.274646 0.197879 0 0.123665 5.46646 0.988696
43 55.5917 36.824 265.93
128.483 148.351 0.274646 0.197879 0 0.123665 5.46646 0.988696
44 55.5917 36.6788 190.558
128.483 148.351 0.274646 0.197879 0 0.123665 5.46646 0.988696
45 55.5917 34.985 234.692
128.483 148.351 0.274646 0.197879 0 0.123665 5.46646 0.988696
46 55.5917 39.4146 217.77
128.483 148.351 0.274646 0.197879 0 0.123665 5.46646 0.988696
47 55.5917 37.7435 157.922
128.483 148.351 0.274646 0.197879 0 0.123665 5.46646 0.988696
48 55.5917 36.606 224.483
128.483 148.351 0.274646 0.197879 0 0.123665 5.46646 0.988696
49 55.5917 35.0385 234.976
128.483 148.351 0.274646 0.197879 0 0.123665 5.46646 0.988696
50 55.5917 37.5888 206.713
128.483 148.351 0.274646 0.197879 0 0.123665 5.46646 0.988696
51 55.5917 38.8513 148.558
128.483 148.351 0.274646 0.197879 0 0.123665 5.46646 0.988696
52 55.5917 37.7308 145.062
128.483 148.351 0.274646 0.197879 0 0.123665 5.46646 0.988696
53 55.5917 35.7376 192.837
128.483 148.351 0.274646 0.197879 0 0.123665 5.46646 0.988696
54 55.5917 35.9997 171.136
128.483 148.351 0.274646 0.197879 0 0.123665 5.46646 0.988696
55 55.5917 35.2804 128.691
128.483 148.351 0.274646 0.197879 0 0.123665 5.46646 0.988696
56 55.5917 37.7046 144.548
128.483 148.351 0.274646 0.197879 0 0.123665 5.46646 0.988696
57 55.5917 36.2671 217.025
128.483 148.351 0.274646 0.197879 0 0.123665 5.46646 0.988696
58 55.5917 37.0258 214.534
128.483 148.351 0.274646 0.197879 0 0.123665 5.46646 0.988696
59 56.0118 37.9685 173.681
126.278 134.881 0.249809 0.223785 0 0.0210775 5.72769 1.35766
60 56.0118 36.8298 172.704
126.278 134.881 0.249809 0.223785 0 0.0210775 5.72769 1.35766
61 56.0118 39.4022 107.067
126.278 134.881 0.249809 0.223785 0 0.0210775 5.72769 1.35766
62 56.0118 39.5352 164.453
126.278 134.881 0.249809 0.223785 0 0.0210775 5.72769 1.35766
63 56.0118 37.8559 151.418
126.278 134.881 0.249809 0.223785 0 0.0210775 5.72769 1.35766
64 57.7544 37.6144 156.932
124.08 128.381 0.249474 0.258432 0.00384175 0.0165866 5.70888 1.05636
65 57.7544 36.8827 188.678
124.08 128.381 0.249474 0.258432 0.00384175 0.0165866 5.70888 1.05636
66 57.7544 38.9212 181.317
124.08 128.381 0.249474 0.258432 0.00384175 0.0165866 5.70888 1.05636
67 57.7544 38.1679 286.548
124.08 128.381 0.249474 0.258432 0.00384175 0.0165866 5.70888 1.05636
68 57.7544 39.2993 267.723
124.08 128.381 0.249474 0.258432 0.00384175 0.0165866 5.70888 1.05636
69 57.7544 38.8752 231.251
124.08 128.381 0.249474 0.258432 0.00384175 0.0165866 5.70888 1.05636
70 57.7544 39.6236 199.915
124.08 128.381 0.249474 0.258432 0.00384175 0.0165866 5.70888 1.05636
71 57.7544 37.3375 265.483
124.08 128.381 0.249474 0.258432 0.00384175 0.0165866 5.70888 1.05636
72 59.3823 40.9076 219.123
129.829 130.981 0.234568 0.266094 0 0 5.43711 1.14626
73 59.3823 40.9106 236.901
129.829 130.981 0.234568 0.266094 0 0 5.43711 1.14626
74 59.3823 39.945 229.754
129.829 130.981 0.234568 0.266094 0 0 5.43711 1.14626
75 59.3823 38.7121 254.789
129.829 130.981 0.234568 0.266094 0 0 5.43711 1.14626
76 59.3823 37.9993 278.175
129.829 130.981 0.234568 0.266094 0 0 5.43711 1.14626
77 59.3823 40.8606 224.717
129.829 130.981 0.234568 0.266094 0 0 5.43711 1.14626
78 59.3823 41.7184 213.284
129.829 130.981 0.234568 0.266094 0 0 5.43711 1.14626
79 59.3823 40.4762 182.963
129.829 130.981 0.234568 0.266094 0 0 5.43711 1.14626
80 59.3823 37.491 238.705
129.829 130.981 0.234568 0.266094 0 0 5.43711 1.14626
81 59.3823 39.5361 232.973
129.829 130.981 0.234568 0.266094 0 0 5.43711 1.14626
82 59.3823 36.7608 313.268
129.829 130.981 0.234568 0.266094 0 0 5.43711 1.14626
83 59.3823 38.4151 268.018
129.829 130.981 0.234568 0.266094 0 0 5.43711 1.14626
84 59.3823 37.4108 332.535
129.829 130.981 0.234568 0.266094 0 0 5.43711 1.14626
85 59.3823 37.6861 252.592
129.829 130.981 0.234568 0.266094 0 0 5.43711 1.14626
86 59.3823 39.9707 199.861
129.829 130.981 0.234568 0.266094 0 0 5.43711 1.14626
87 59.3823 44.0721 115.456
129.829 130.981 0.234568 0.266094 0 0 5.43711 1.14626
88 59.3823 42.5829 188.281
129.829 130.981 0.234568 0.266094 0 0 5.43711 1.14626
89 59.3823 41.6213 198.733
129.829 130.981 0.234568 0.266094 0 0 5.43711 1.14626
90 59.3823 40.2388 226.064
129.829 130.981 0.234568 0.266094 0 0 5.43711 1.14626
91 59.3823 36.5918 364.853
129.829 130.981 0.234568 0.266094 0 0 5.43711 1.14626
92 59.3823 37.568 337.433
129.829 130.981 0.234568 0.266094 0 0 5.43711 1.14626
93 59.3823 38.4922 267.034
129.829 130.981 0.234568 0.266094 0 0 5.43711 1.14626
94 59.3823 40.3572 232.06
129.829 130.981 0.234568 0.266094 0 0 5.43711 1.14626
95 59.3823 38.583 187.501
129.829 130.981 0.234568 0.266094 0 0 5.43711 1.14626
96 59.3823 41.0167 190.856
129.829 130.981 0.234568 0.266094 0 0 5.43711 1.14626
97 59.3823 41.0068 359.037
129.829 130.981 0.234568 0.266094 0 0 5.43711 1.14626
98 59.3823 44.287 201.976
129.829 130.981 0.234568 0.266094 0 0 5.43711 1.14626
99 59.3823 46.1845 111.608
129.829 130.981 0.234568 0.266094 0 0 5.43711 1.14626
100 59.3823 44.7926 103.396
129.829 130.981 0.234568 0.266094 0 0 5.43711 1.14626
