0 12.5147 2.41763 10.2237
194.912 122.01 0.586636 0.30653 0.21578 0.144191 8.54443 7.75457
1 12.5147 3.40177 17.2795
194.912 122.01 0.586636 0.30653 0.21578 0.144191 8.54443 7.75457
2 12.5147 4.51676 23.6187
194.912 122.01 0.586636 0.30653 0.21578 0.144191 8.54443 7.75457
3 12.8941 5.95248 24.8969
200 117.746 0.545222 0.346456 0.321873 0 8.09527 8.32535
4 12.8941 6.74318 25.1249
200 117.746 0.545222 0.346456 0.321873 0 8.09527 8.32535
5 12.8941 7.60246 23.7362
200 117.746 0.545222 0.346456 0.321873 0 8.09527 8.32535
6 13.1055 8.64299 21.5726
199.077 120.083 0.565042 0.306622 0.165964 0.076675 9.21762 7.91688
7 15.1188 9.83045 20.3206
200 124.561 0.49215 0.261815 0.450592 0.0381598 9.32359 8.35441
8 15.1188 9.56756 18.3868
200 124.561 0.49215 0.261815 0.450592 0.0381598 9.32359 8.35441
9 15.1188 9.58112 19.2318
200 124.561 0.49215 0.261815 0.450592 0.0381598 9.32359 8.35441
10 15.1188 9.45737 18.5093
200 124.561 0.49215 0.261815 0.450592 0.0381598 9.32359 8.35441
11 15.1188 9.12515 20.268
200 124.561 0.49215 0.261815 0.450592 0.0381598 9.32359 8.35441
12 15.2754 9.86025 16.8482
199.768 128.957 0.519978 0.248533 0.422423 0.00472263 8.96245 8.76479
13 15.2754 11.1549 13.8664
199.768 128.957 0.519978 0.248533 0.422423 0.00472263 8.96245 8.76479
14 15.9063 11.1465 16.4682
192.924 125.383 0.507861 0.237016 0.403996 0 9.17887 8.73546
15 15.9063 11.7093 13.6849
192.924 125.383 0.507861 0.237016 0.403996 0 9.17887 8.73546
16 15.9063 10.8369 16.0122
192.924 125.383 0.507861 0.237016 0.403996 0 9.17887 8.73546
17 15.9063 11.7377 10.9464
192.924 125.383 0.507861 0.237016 0.403996 0 9.17887 8.73546
18 15.9063 11.4522 13.8696
192.924 125.383 0.507861 0.237016 0.403996 0 9.17887 8.73546
19 15.9063 11.7077 13.8346
192.924 125.383 0.507861 0.237016 0.403996 0 9.17887 8.73546
20 15.9063 11.5217 14.1777
192.924 125.383 0.507861 0.237016 0.403996 0 9.17887 8.73546
21 15.9063 11.81 14.1592
192.924 125.383 0.507861 0.237016 0.403996 0 9.17887 8.73546
22 15.9063 12.2029 16.9333
192.924 125.383 0.507861 0.237016 0.403996 0 9.17887 8.73546
23 15.9063 11.3609 15.8496
192.924 125.383 0.507861 0.237016 0.403996 0 9.17887 8.73546
24 15.9063 11.6644 14.986
192.924 125.383 0.507861 0.237016 0.403996 0 9.17887 8.73546
25 15.9063 11.803 16.5959
192.924 125.383 0.507861 0.237016 0.403996 0 9.17887 8.73546
26 17.5838 11.2801 14.4636
193.238 156.344 0.466024 0.288021 0.0394142 0.057966 6.11539 3.67163
27 17.5838 10.668 15.2127
193.238 156.344 0.466024 0.288021 0.0394142 0.057966 6.11539 3.67163
28 17.5838 11.3224 15.4002
193.238 156.344 0.466024 0.288021 0.0394142 0.057966 6.11539 3.67163
29 17.5838 11.8115 16.1619
193.238 156.344 0.466024 0.288021 0.0394142 0.057966 6.11539 3.67163
30 18.0893 11.8643 20.1069
189.842 152.109 0.496406 0.319612 0.0122908 0.0367759 6.29621 3.85211
31 18.5919 13.073 16.5342
193.976 154.203 0.468861 0.305193 0 0.087625 6.28993 3.48739
32 18.5919 12.8007 21.5848
193.976 154.203 0.468861 0.305193 0 0.087625 6.28993 3.48739
33 18.5993 12.6501 21.712
187.355 155.932 0.449719 0.318825 0 0.0379511 6.44768 4.33162
34 18.6205 12.269 25.532
194.757 157.37 0.4838 0.347278 0 0 6.18553 5.32961
35 18.6205 12.1614 25.8491
194.757 157.37 0.4838 0.347278 0 0 6.18553 5.32961
36 19.1269 12.6226 24.9306
170.655 152.215 0.460342 0.306466 0 0.086546 5.77689 4.65711
37 19.6307 13.2333 22.0598
170.559 152.282 0.465814 0.301535 0.00382018 0.0764431 5.7709 4.72897
38 19.6307 12.7525 21.8856
170.559 152.282 0.465814 0.301535 0.00382018 0.0764431 5.7709 4.72897
39 19.6307 12.6684 23.434
170.559 152.282 0.465814 0.301535 0.00382018 0.0764431 5.7709 4.72897
40 19.6307 13.6931 20.3755
170.559 152.282 0.465814 0.301535 0.00382018 0.0764431 5.7709 4.72897
41 19.676 14.3894 18.987
166.881 150.063 0.460944 0.285278 0.00269554 0.0623698 5.65522 4.54651
42 19.676 14.9188 16.6399
166.881 150.063 0.460944 0.285278 0.00269554 0.0623698 5.65522 4.54651
43 19.676 15.0688 18.4603
166.881 150.063 0.460944 0.285278 0.00269554 0.0623698 5.65522 4.54651
44 19.6762 14.7991 19.7181
167.142 149.428 0.461634 0.284596 0.00587774 0.0638697 5.62234 4.53843
45 19.7004 14.7335 27.01
167.205 149.474 0.462534 0.285567 0.00874615 0.0638692 5.57614 4.56345
46 19.71 13.7032 31.7929
166.186 150.561 0.470024 0.292791 0 0.0817395 5.50898 4.42096
47 19.7106 14.3383 22.1613
167.393 150.93 0.470826 0.281355 0.0185803 0.0646425 5.66022 4.52445
48 19.7106 14.4947 22.9167
167.393 150.93 0.470826 0.281355 0.0185803 0.0646425 5.66022 4.52445
49 19.7106 14.495 27.6369
167.393 150.93 0.470826 0.281355 0.0185803 0.0646425 5.66022 4.52445
50 19.7106 13.9196 30.8857
167.393 150.93 0.470826 0.281355 0.0185803 0.0646425 5.66022 4.52445
51 19.7234 14.0753 25.4688
158.101 127.913 0.455491 0.26926 0.0221259 0.158855 5.427 4.44779
52 19.7234 13.6599 23.9081
158.101 127.913 0.455491 0.26926 0.0221259 0.158855 5.427 4.44779
53 19.7234 14.0105 22.0381
158.101 127.913 0.455491 0.26926 0.0221259 0.158855 5.427 4.44779
54 19.7279 14.1115 22.0344
158.114 127.871 0.455488 0.270221 0.0221674 0.159382 5.42776 4.46428
55 19.7279 14.9076 20.526
158.114 127.871 0.455488 0.270221 0.0221674 0.159382 5.42776 4.46428
56 19.7581 14.3526 26.4679
161.736 132.798 0.466004 0.281752 0 0.111224 5.79628 4.25875
57 19.7581 14.4871 27.3183
161.736 132.798 0.466004 0.281752 0 0.111224 5.79628 4.25875
58 19.7581 15.0605 24.8971
161.736 132.798 0.466004 0.281752 0 0.111224 5.79628 4.25875
59 19.7581 14.7499 22.5837
161.736 132.798 0.466004 0.281752 0 0.111224 5.79628 4.25875
60 19.8042 14.8729 19.5188
147.29 137.646 0.433584 0.328467 0 0.031569 8.08403 3.67739
61 20.1398 15.2838 17.8305
160.934 125.151 0.473963 0.230805 0 0.0305586 4.29805 5.37371
62 20.1398 13.7589 22.6187
160.934 125.151 0.473963 0.230805 0 0.0305586 4.29805 5.37371
63 20.2672 14.065 22.598
162.784 123.445 0.48647 0.230426 0 0.0263318 4.21921 5.56244
64 20.5121 14.4807 24.5892
159.497 125.257 0.513627 0.253862 0 0.0233073 3.98947 5.92855
65 20.5121 14.1846 27.3942
159.497 125.257 0.513627 0.253862 0 0.0233073 3.98947 5.92855
66 20.5121 14.4624 31.0334
159.497 125.257 0.513627 0.253862 0 0.0233073 3.98947 5.92855
67 20.5121 14.9878 26.2846
159.497 125.257 0.513627 0.253862 0 0.0233073 3.98947 5.92855
68 20.5294 13.056 43.3256
159.341 125.384 0.512048 0.25979 0.00170201 0.0285284 4.12704 5.87574
69 20.5294 14.3058 32.9638
159.341 125.384 0.512048 0.25979 0.00170201 0.0285284 4.12704 5.87574
70 20.5561 15.3881 24.8498
158.937 126.332 0.509202 0.262003 0.0068294 0.0420713 3.98224 6.025
71 20.5561 14.8079 30.0619
158.937 126.332 0.509202 0.262003 0.0068294 0.0420713 3.98224 6.025
72 20.5561 14.2432 34.282
158.937 126.332 0.509202 0.262003 0.0068294 0.0420713 3.98224 6.025
73 20.5561 14.0142 38.07
158.937 126.332 0.509202 0.262003 0.0068294 0.0420713 3.98224 6.025
74 20.5561 12.9113 34.5734
158.937 126.332 0.509202 0.262003 0.0068294 0.0420713 3.98224 6.025
75 20.5561 12.9025 37.7017
158.937 126.332 0.509202 0.262003 0.0068294 0.0420713 3.98224 6.025
76 20.5561 13.2883 36.7403
158.937 126.332 0.509202 0.262003 0.0068294 0.0420713 3.98224 6.025
77 20.5561 14.6164 28.0569
158.937 126.332 0.509202 0.262003 0.0068294 0.0420713 3.98224 6.025
78 20.5561 13.6164 40.274
158.937 126.332 0.509202 0.262003 0.0068294 0.0420713 3.98224 6.025
79 20.5561 12.5269 37.2727
158.937 126.332 0.509202 0.262003 0.0068294 0.0420713 3.98224 6.025
80 20.5561 12.7214 35.8868
158.937 126.332 0.509202 0.262003 0.0068294 0.0420713 3.98224 6.025
81 20.5561 13.1246 33.1057
158.937 126.332 0.509202 0.262003 0.0068294 0.0420713 3.98224 6.025
82 20.5561 13.853 26.0702
158.937 126.332 0.509202 0.262003 0.0068294 0.0420713 3.98224 6.025
83 20.5561 13.5523 23.5932
158.937 126.332 0.509202 0.262003 0.0068294 0.0420713 3.98224 6.025
84 20.5561 13.0212 27.8589
158.937 126.332 0.509202 0.262003 0.0068294 0.0420713 3.98224 6.025
85 20.5561 13.2123 35.8619
158.937 126.332 0.509202 0.262003 0.0068294 0.0420713 3.98224 6.025
86 20.5605 14.0133 31.3696
164.967 125.307 0.463779 0.278171 0 0.0151241 4.5319 6.50544
87 20.5605 13.8041 33.9947
164.967 125.307 0.463779 0.278171 0 0.0151241 4.5319 6.50544
88 20.5605 13.7545 36.8166
164.967 125.307 0.463779 0.278171 0 0.0151241 4.5319 6.50544
89 20.5605 13.8428 34.222
164.967 125.307 0.463779 0.278171 0 0.0151241 4.5319 6.50544
90 20.5605 13.9937 34.3158
164.967 125.307 0.463779 0.278171 0 0.0151241 4.5319 6.50544
91 20.5605 13.8428 37.5294
164.967 125.307 0.463779 0.278171 0 0.0151241 4.5319 6.50544
92 20.5605 13.7989 37.2419
164.967 125.307 0.463779 0.278171 0 0.0151241 4.5319 6.50544
93 20.5605 14.4881 37.2755
164.967 125.307 0.463779 0.278171 0 0.0151241 4.5319 6.50544
94 20.5605 13.7583 30.9219
164.967 125.307 0.463779 0.278171 0 0.0151241 4.5319 6.50544
95 21.4816 14.9044 28.1228
156.647 108.683 0.516258 0.257952 0.0296748 0 4.30048 4.51392
96 21.4816 14.4236 26.0109
156.647 108.683 0.516258 0.257952 0.0296748 0 4.30048 4.51392
97 21.4816 14.3381 30.764
156.647 108.683 0.516258 0.257952 0.0296748 0 4.30048 4.51392
98 21.4816 14.139 33.4463
156.647 108.683 0.516258 0.257952 0.0296748 0 4.30048 4.51392
99 21.4816 15.3357 31.9954
156.647 108.683 0.516258 0.257952 0.0296748 0 4.30048 4.51392
100 21.4816 14.9591 40.1103
156.647 108.683 0.516258 0.257952 0.0296748 0 4.30048 4.51392
