0 2.93276 0.18136 0.423443
112.294 127.128 0.325295 0.260971 0.135104 0.54693 8.70462 2.78293
1 2.93276 0.189416 0.42197
112.294 127.128 0.325295 0.260971 0.135104 0.54693 8.70462 2.78293
2 2.93276 0.278935 0.505048
112.294 127.128 0.325295 0.260971 0.135104 0.54693 8.70462 2.78293
3 8.61027 0.840556 4.19404
134.261 139.477 0.269245 0.109983 0.0241105 0.586046 9.78855 2.95046
4 8.65659 1.42106 6.98921
141.918 132.588 0.219991 0.0993666 0.0599666 0.646704 9.73289 2.80132
5 8.65659 1.92055 11.3744
141.918 132.588 0.219991 0.0993666 0.0599666 0.646704 9.73289 2.80132
6 8.65659 2.05932 11.6011
141.918 132.588 0.219991 0.0993666 0.0599666 0.646704 9.73289 2.80132
7 14.3092 2.9252 19.6158
110.812 154.805 0.23601 0.0221704 0 0.453049 8.64944 1.52575
8 14.3092 3.0081 19.1168
110.812 154.805 0.23601 0.0221704 0 0.453049 8.64944 1.52575
9 14.3283 3.51768 28.1393
110.723 156.077 0.236164 0.0272352 0 0.44699 8.64386 1.57391
10 17.4273 5.23836 40.9182
111.711 153.482 0.239077 0.037853 0.0177509 0.455317 8.87159 1.29946
11 17.4273 4.84179 38.0822
111.711 153.482 0.239077 0.037853 0.0177509 0.455317 8.87159 1.29946
12 17.4273 5.1261 39.6719
111.711 153.482 0.239077 0.037853 0.0177509 0.455317 8.87159 1.29946
13 17.4273 7.4062 44.1537
111.711 153.482 0.239077 0.037853 0.0177509 0.455317 8.87159 1.29946
14 17.4273 7.1047 44.205
111.711 153.482 0.239077 0.037853 0.0177509 0.455317 8.87159 1.29946
15 17.4273 6.98794 44.7462
111.711 153.482 0.239077 0.037853 0.0177509 0.455317 8.87159 1.29946
16 17.4273 6.98144 40.8527
111.711 153.482 0.239077 0.037853 0.0177509 0.455317 8.87159 1.29946
17 17.4857 7.68748 45.1521
121.399 153.528 0.191402 0.036633 0.08589 0.624713 8.74668 0.919473
18 17.4857 6.35364 34.6848
121.399 153.528 0.191402 0.036633 0.08589 0.624713 8.74668 0.919473
19 17.4857 8.90187 39.1819
121.399 153.528 0.191402 0.036633 0.08589 0.624713 8.74668 0.919473
20 17.4857 7.01728 46.4378
121.399 153.528 0.191402 0.036633 0.08589 0.624713 8.74668 0.919473
21 17.4857 6.75285 44.3788
121.399 153.528 0.191402 0.036633 0.08589 0.624713 8.74668 0.919473
22 17.4857 6.74477 37.8123
121.399 153.528 0.191402 0.036633 0.08589 0.624713 8.74668 0.919473
23 17.4857 6.78306 36.922
121.399 153.528 0.191402 0.036633 0.08589 0.624713 8.74668 0.919473
24 17.4857 6.97031 40.1255
121.399 153.528 0.191402 0.036633 0.08589 0.624713 8.74668 0.919473
25 17.4857 8.21736 40.3439
121.399 153.528 0.191402 0.036633 0.08589 0.624713 8.74668 0.919473
26 17.4857 7.7397 43.4178
121.399 153.528 0.191402 0.036633 0.08589 0.624713 8.74668 0.919473
27 17.4857 6.17764 51.1303
121.399 153.528 0.191402 0.036633 0.08589 0.624713 8.74668 0.919473
28 17.4857 4.53311 36.8174
121.399 153.528 0.191402 0.036633 0.08589 0.624713 8.74668 0.919473
29 17.4857 5.36229 30.9864
121.399 153.528 0.191402 0.036633 0.08589 0.624713 8.74668 0.919473
30 17.4857 5.06719 31.4111
121.399 153.528 0.191402 0.036633 0.08589 0.624713 8.74668 0.919473
31 17.4857 4.83168 36.1805
121.399 153.528 0.191402 0.036633 0.08589 0.624713 8.74668 0.919473
32 17.4857 5.45846 29.3027
121.399 153.528 0.191402 0.036633 0.08589 0.624713 8.74668 0.919473
33 17.4857 5.81019 36.8697
121.399 153.528 0.191402 0.036633 0.08589 0.624713 8.74668 0.919473
34 17.4857 6.4411 34.9934
121.399 153.528 0.191402 0.036633 0.08589 0.624713 8.74668 0.919473
35 17.4857 8.18153 35.1317
121.399 153.528 0.191402 0.036633 0.08589 0.624713 8.74668 0.919473
36 17.4857 8.85286 45.5287
121.399 153.528 0.191402 0.036633 0.08589 0.624713 8.74668 0.919473
37 17.4857 7.97428 47.8786
121.399 153.528 0.191402 0.036633 0.08589 0.624713 8.74668 0.919473
38 17.4965 6.93957 43.8586
131.309 172.775 0.111904 0.0572028 0.188218 0.434355 5.78597 1.36047
39 17.4965 6.75424 44.6756
131.309 172.775 0.111904 0.0572028 0.188218 0.434355 5.78597 1.36047
40 17.4965 6.86581 43.5492
131.309 172.775 0.111904 0.0572028 0.188218 0.434355 5.78597 1.36047
41 17.4965 8.1353 38.7498
131.309 172.775 0.111904 0.0572028 0.188218 0.434355 5.78597 1.36047
42 17.4965 7.39293 43.3611
131.309 172.775 0.111904 0.0572028 0.188218 0.434355 5.78597 1.36047
43 17.4965 6.41116 39.4958
131.309 172.775 0.111904 0.0572028 0.188218 0.434355 5.78597 1.36047
44 17.4965 6.76444 39.615
131.309 172.775 0.111904 0.0572028 0.188218 0.434355 5.78597 1.36047
45 17.6785 7.58417 44.7668
133.303 171.513 0.156837 0.0701564 0.10347 0.427378 5.53827 1.43937
46 17.6785 7.56772 39.704
133.303 171.513 0.156837 0.0701564 0.10347 0.427378 5.53827 1.43937
47 17.6785 6.68653 31.6724
133.303 171.513 0.156837 0.0701564 0.10347 0.427378 5.53827 1.43937
48 17.6785 6.84648 31.1303
133.303 171.513 0.156837 0.0701564 0.10347 0.427378 5.53827 1.43937
49 17.6785 8.08157 39.8806
133.303 171.513 0.156837 0.0701564 0.10347 0.427378 5.53827 1.43937
50 17.6785 8.29766 42.0384
133.303 171.513 0.156837 0.0701564 0.10347 0.427378 5.53827 1.43937
51 17.6785 9.30774 40.0368
133.303 171.513 0.156837 0.0701564 0.10347 0.427378 5.53827 1.43937
52 17.6785 9.23742 40.6066
133.303 171.513 0.156837 0.0701564 0.10347 0.427378 5.53827 1.43937
53 17.6785 7.64481 43.8457
133.303 171.513 0.156837 0.0701564 0.10347 0.427378 5.53827 1.43937
54 17.6785 8.3318 47.3382
133.303 171.513 0.156837 0.0701564 0.10347 0.427378 5.53827 1.43937
55 17.6785 7.27959 33.0978
133.303 171.513 0.156837 0.0701564 0.10347 0.427378 5.53827 1.43937
56 17.6785 8.53181 38.0494
133.303 171.513 0.156837 0.0701564 0.10347 0.427378 5.53827 1.43937
57 17.6785 8.41224 40.5834
133.303 171.513 0.156837 0.0701564 0.10347 0.427378 5.53827 1.43937
58 17.6785 7.47455 43.8295
133.303 171.513 0.156837 0.0701564 0.10347 0.427378 5.53827 1.43937
59 17.6785 7.14534 43.5922
133.303 171.513 0.156837 0.0701564 0.10347 0.427378 5.53827 1.43937
60 17.6785 8.22438 37.8652
133.303 171.513 0.156837 0.0701564 0.10347 0.427378 5.53827 1.43937
61 17.6785 9.08868 37.0711
133.303 171.513 0.156837 0.0701564 0.10347 0.427378 5.53827 1.43937
62 17.6785 8.88815 42.578
133.303 171.513 0.156837 0.0701564 0.10347 0.427378 5.53827 1.43937
63 17.6785 7.98814 42.5652
133.303 171.513 0.156837 0.0701564 0.10347 0.427378 5.53827 1.43937
64 17.6785 8.82211 51.6243
133.303 171.513 0.156837 0.0701564 0.10347 0.427378 5.53827 1.43937
65 17.6785 7.46467 38.4123
133.303 171.513 0.156837 0.0701564 0.10347 0.427378 5.53827 1.43937
66 17.6785 7.43263 33.6074
133.303 171.513 0.156837 0.0701564 0.10347 0.427378 5.53827 1.43937
67 17.6785 8.00426 39.8238
133.303 171.513 0.156837 0.0701564 0.10347 0.427378 5.53827 1.43937
68 17.6785 7.49968 39.9689
133.303 171.513 0.156837 0.0701564 0.10347 0.427378 5.53827 1.43937
69 17.6785 8.06402 31.6785
133.303 171.513 0.156837 0.0701564 0.10347 0.427378 5.53827 1.43937
70 17.6785 7.46906 33.8621
133.303 171.513 0.156837 0.0701564 0.10347 0.427378 5.53827 1.43937
71 17.6785 7.11092 33.4893
133.303 171.513 0.156837 0.0701564 0.10347 0.427378 5.53827 1.43937
72 17.6785 7.65447 37.8569
133.303 171.513 0.156837 0.0701564 0.10347 0.427378 5.53827 1.43937
73 17.6785 7.7053 38.4916
133.303 171.513 0.156837 0.0701564 0.10347 0.427378 5.53827 1.43937
74 17.6785 7.92292 40.3353
133.303 171.513 0.156837 0.0701564 0.10347 0.427378 5.53827 1.43937
75 17.6785 7.30558 33.365
133.303 171.513 0.156837 0.0701564 0.10347 0.427378 5.53827 1.43937
76 17.6785 8.25273 43.2519
133.303 171.513 0.156837 0.0701564 0.10347 0.427378 5.53827 1.43937
77 17.6785 8.41304 35.1793
133.303 171.513 0.156837 0.0701564 0.10347 0.427378 5.53827 1.43937
78 17.6785 8.93047 33.9405
133.303 171.513 0.156837 0.0701564 0.10347 0.427378 5.53827 1.43937
79 17.6785 9.44288 37.6606
133.303 171.513 0.156837 0.0701564 0.10347 0.427378 5.53827 1.43937
80 17.6785 9.03245 38.0885
133.303 171.513 0.156837 0.0701564 0.10347 0.427378 5.53827 1.43937
81 17.6785 8.79203 36.9016
133.303 171.513 0.156837 0.0701564 0.10347 0.427378 5.53827 1.43937
82 17.6785 8.48603 47.3158
133.303 171.513 0.156837 0.0701564 0.10347 0.427378 5.53827 1.43937
83 17.6785 7.46023 47.0325
133.303 171.513 0.156837 0.0701564 0.10347 0.427378 5.53827 1.43937
84 17.6785 8.18087 50.0238
133.303 171.513 0.156837 0.0701564 0.10347 0.427378 5.53827 1.43937
85 17.6785 7.95721 37.4436
133.303 171.513 0.156837 0.0701564 0.10347 0.427378 5.53827 1.43937
86 17.6785 8.73462 51.0817
133.303 171.513 0.156837 0.0701564 0.10347 0.427378 5.53827 1.43937
87 17.6785 9.68671 45.3067
133.303 171.513 0.156837 0.0701564 0.10347 0.427378 5.53827 1.43937
88 17.6785 6.88035 35.418
133.303 171.513 0.156837 0.0701564 0.10347 0.427378 5.53827 1.43937
89 17.6785 8.65936 36.2053
133.303 171.513 0.156837 0.0701564 0.10347 0.427378 5.53827 1.43937
90 17.6785 7.76162 38.5471
133.303 171.513 0.156837 0.0701564 0.10347 0.427378 5.53827 1.43937
91 17.6785 7.74393 32.8056
133.303 171.513 0.156837 0.0701564 0.10347 0.427378 5.53827 1.43937
92 17.6785 8.76584 38.0609
133.303 171.513 0.156837 0.0701564 0.10347 0.427378 5.53827 1.43937
93 17.6785 9.22417 31.1336
133.303 171.513 0.156837 0.0701564 0.10347 0.427378 5.53827 1.43937
94 17.6785 8.96886 34.3984
133.303 171.513 0.156837 0.0701564 0.10347 0.427378 5.53827 1.43937
95 17.6785 8.71567 44.6911
133.303 171.513 0.156837 0.0701564 0.10347 0.427378 5.53827 1.43937
96 17.6923 8.7713 48.7132
130.284 176.346 0.170123 0.0699736 0.0955846 0.404091 5.41619 1.53154
97 17.6923 8.6712 51.1889
130.284 176.346 0.170123 0.0699736 0.0955846 0.404091 5.41619 1.53154
98 17.6923 9.18526 40.1189
130.284 176.346 0.170123 0.0699736 0.0955846 0.404091 5.41619 1.53154
99 17.6923 10.6505 28.4961
130.284 176.346 0.170123 0.0699736 0.0955846 0.404091 5.41619 1.53154
100 17.6923 10.2435 34.7157
130.284 176.346 0.170123 0.0699736 0.0955846 0.404091 5.41619 1.53154
