0.231767 0.212886 1.21105 0.565711 -10.1674 6.93352 -1.59116 14.9695 -3.18006 -15.4175 9.75561 8.23654 -13.9878 3.49795 -8.68327 
0.231767 0.212886 1.21105 20 -10.1674 -3.41213 -1.59116 14.9695 -3.18006 -15.4175 9.75561 8.23654 -13.9878 3.49795 -8.68327 

0.231767 0.212886 1.21105 14.5219 -10.1674 -15.1692 -1.59116 14.9695 -3.18006 -15.4175 9.75561 8.23654 -13.9878 3.49795 -8.68327 
0.231767 0.212886 1.21105 20 -10.1674 -5.62645 -1.59116 14.9695 -3.18006 -15.4175 9.75561 8.23654 -13.9878 3.49795 -8.68327 

0.231767 0.212886 1.21105 14.3962 -10.1674 -7.82236 -1.59116 14.9695 -3.18006 -15.4175 9.75561 8.23654 -13.9878 3.49795 -8.68327 
0.231767 0.212886 1.21105 20 -10.1674 -5.62645 -1.59116 14.9695 -3.18006 -15.4175 9.75561 8.23654 -13.9878 3.49795 -8.68327 

0.231767 0.212886 1.21105 -5.77522 -10.1674 -17.5729 -1.59116 14.9695 -3.18006 -15.4175 9.75561 8.23654 -13.9878 3.49795 -8.68327 
0.231767 0.212886 1.21105 20 -10.1674 -5.62645 -1.59116 14.9695 -3.18006 -15.4175 9.75561 8.23654 -13.9878 3.49795 -8.68327 

0.231767 0.212886 1.21105 7.32597 -10.1674 -16.825 -1.59116 14.9695 -3.18006 -15.4175 9.75561 8.23654 -13.9878 3.49795 -8.68327 
0.231767 0.212886 1.21105 20 -10.1674 -5.62645 -1.59116 14.9695 -3.18006 -15.4175 9.75561 8.23654 -13.9878 3.49795 -8.68327 

0.231767 0.212886 1.21105 -1.05473 -10.1674 -19.2069 -1.59116 14.9695 -3.18006 -15.4175 9.75561 8.23654 -13.9878 3.49795 -8.68327 
0.231767 0.212886 1.21105 20 -10.1674 -5.62645 -1.59116 14.9695 -3.18006 -15.4175 9.75561 8.23654 -13.9878 3.49795 -8.68327 

0.231767 0.212886 1.21105 -5.87361 -10.1674 4.8396 -1.59116 14.9695 -3.18006 -15.4175 9.75561 8.23654 -13.9878 3.49795 -8.68327 
0.231767 0.212886 1.21105 20 -10.1674 -3.41213 -1.59116 14.9695 -3.18006 -15.4175 9.75561 8.23654 -13.9878 3.49795 -8.68327 

0.231767 0.212886 1.21105 7.97263 -10.1674 -17.6285 -1.59116 14.9695 -3.18006 -15.4175 9.75561 8.23654 -13.9878 3.49795 -8.68327 
0.231767 0.212886 1.21105 20 -10.1674 -5.62645 -1.59116 14.9695 -3.18006 -15.4175 9.75561 8.23654 -13.9878 3.49795 -8.68327 

0.231767 0.212886 1.21105 -0.106889 -10.1674 8.99209 -1.59116 14.9695 -3.18006 -15.4175 9.75561 8.23654 -13.9878 3.49795 -8.68327 
0.231767 0.212886 1.21105 20 -10.1674 -3.41213 -1.59116 14.9695 -3.18006 -15.4175 9.75561 8.23654 -13.9878 3.49795 -8.68327 

0.231767 0.212886 1.21105 7.41761 -10.1674 -18.1404 -1.59116 14.9695 -3.18006 -15.4175 9.75561 8.23654 -13.9878 3.49795 -8.68327 
0.231767 0.212886 1.21105 20 -10.1674 -5.62645 -1.59116 14.9695 -3.18006 -15.4175 9.75561 8.23654 -13.9878 3.49795 -8.68327 

0.231767 0.212886 1.21105 -6.34718 -10.1674 -12.0639 -1.59116 14.9695 -3.18006 -15.4175 9.75561 8.23654 -13.9878 3.49795 -8.68327 
0.231767 0.212886 1.21105 20 -10.1674 -3.78942 -1.59116 14.9695 -3.18006 -15.4175 9.75561 8.23654 -13.9878 3.49795 -8.68327 

0.231767 0.212886 1.21105 10.4149 -10.1674 9.72357 -1.59116 14.9695 -3.18006 -15.4175 9.75561 8.23654 -13.9878 3.49795 -8.68327 
0.231767 0.212886 1.21105 20 -10.1674 -3.41213 -1.59116 14.9695 -3.18006 -15.4175 9.75561 8.23654 -13.9878 3.49795 -8.68327 

0.231767 0.212886 1.21105 18.0183 -10.1674 -3.48303 -1.59116 14.9695 -3.18006 -15.4175 9.75561 8.23654 -13.9878 3.49795 -8.68327 
0.231767 0.212886 1.21105 20 -10.1674 -3.48303 -1.59116 14.9695 -3.18006 -15.4175 9.75561 8.23654 -13.9878 3.49795 -8.68327 

0.231767 0.212886 1.21105 7.24423 -10.1674 -12.827 -1.59116 14.9695 -3.18006 -15.4175 9.75561 8.23654 -13.9878 3.49795 -8.68327 
0.231767 0.212886 1.21105 20 -10.1674 -5.62645 -1.59116 14.9695 -3.18006 -15.4175 9.75561 8.23654 -13.9878 3.49795 -8.68327 

0.231767 0.212886 1.21105 19.3148 -10.1674 -3.04577 -1.59116 14.9695 -3.18006 -15.4175 9.75561 8.23654 -13.9878 3.49795 -8.68327 
0.231767 0.212886 1.21105 20 -10.1674 -3.41213 -1.59116 14.9695 -3.18006 -15.4175 9.75561 8.23654 -13.9878 3.49795 -8.68327 

0.231767 0.212886 1.21105 14.6172 -10.1674 1.29664 -1.59116 14.9695 -3.18006 -15.4175 9.75561 8.23654 -13.9878 3.49795 -8.68327 
0.231767 0.212886 1.21105 20 -10.1674 -3.41213 -1.59116 14.9695 -3.18006 -15.4175 9.75561 8.23654 -13.9878 3.49795 -8.68327 

0.231767 0.212886 1.21105 3.136 -10.1674 -13.2072 -1.59116 14.9695 -3.18006 -15.4175 9.75561 8.23654 -13.9878 3.49795 -8.68327 
0.231767 0.212886 1.21105 20 -10.1674 -5.62645 -1.59116 14.9695 -3.18006 -15.4175 9.75561 8.23654 -13.9878 3.49795 -8.68327 

0.231767 0.212886 1.21105 15.3466 -10.1674 -13.9913 -1.59116 14.9695 -3.18006 -15.4175 9.75561 8.23654 -13.9878 3.49795 -8.68327 
0.231767 0.212886 1.21105 20 -10.1674 -5.62645 -1.59116 14.9695 -3.18006 -15.4175 9.75561 8.23654 -13.9878 3.49795 -8.68327 

0.231767 0.212886 1.21105 19.3545 -10.1674 9.21463 -1.59116 14.9695 -3.18006 -15.4175 9.75561 8.23654 -13.9878 3.49795 -8.68327 
0.231767 0.212886 1.21105 20 -10.1674 -3.41213 -1.59116 14.9695 -3.18006 -15.4175 9.75561 8.23654 -13.9878 3.49795 -8.68327 

0.231767 0.212886 1.21105 0.62148 -10.1674 9.40151 -1.59116 14.9695 -3.18006 -15.4175 9.75561 8.23654 -13.9878 3.49795 -8.68327 
0.231767 0.212886 1.21105 20 -10.1674 -3.41213 -1.59116 14.9695 -3.18006 -15.4175 9.75561 8.23654 -13.9878 3.49795 -8.68327 

0.231767 0.212886 1.21105 -9.78272 -10.1674 -5.16331 -1.59116 14.9695 -3.18006 -15.4175 9.75561 8.23654 -13.9878 3.49795 -8.68327 
0.231767 0.212886 1.21105 20 -10.1674 -3.41213 -1.59116 14.9695 -3.18006 -15.4175 9.75561 8.23654 -13.9878 3.49795 -8.68327 

0.231767 0.212886 1.21105 -1.8347 -10.1674 -8.10157 -1.59116 14.9695 -3.18006 -15.4175 9.75561 8.23654 -13.9878 3.49795 -8.68327 
0.231767 0.212886 1.21105 20 -10.1674 -3.41213 -1.59116 14.9695 -3.18006 -15.4175 9.75561 8.23654 -13.9878 3.49795 -8.68327 

0.231767 0.212886 1.21105 -6.02826 -10.1674 -6.11618 -1.59116 14.9695 -3.18006 -15.4175 9.75561 8.23654 -13.9878 3.49795 -8.68327 
0.231767 0.212886 1.21105 20 -10.1674 -3.41213 -1.59116 14.9695 -3.18006 -15.4175 9.75561 8.23654 -13.9878 3.49795 -8.68327 

0.231767 0.212886 1.21105 -9.37607 -10.1674 -2.06699 -1.59116 14.9695 -3.18006 -15.4175 9.75561 8.23654 -13.9878 3.49795 -8.68327 
0.231767 0.212886 1.21105 20 -10.1674 -3.41213 -1.59116 14.9695 -3.18006 -15.4175 9.75561 8.23654 -13.9878 3.49795 -8.68327 

0.231767 0.212886 1.21105 13.8313 -10.1674 9.39706 -1.59116 14.9695 -3.18006 -15.4175 9.75561 8.23654 -13.9878 3.49795 -8.68327 
0.231767 0.212886 1.21105 20 -10.1674 -3.41213 -1.59116 14.9695 -3.18006 -15.4175 9.75561 8.23654 -13.9878 3.49795 -8.68327 

0.231767 0.212886 1.21105 8.0197 -10.1674 -17.3408 -1.59116 14.9695 -3.18006 -15.4175 9.75561 8.23654 -13.9878 3.49795 -8.68327 
0.231767 0.212886 1.21105 20 -10.1674 -5.62645 -1.59116 14.9695 -3.18006 -15.4175 9.75561 8.23654 -13.9878 3.49795 -8.68327 

0.231767 0.212886 1.21105 5.77932 -10.1674 -1.17794 -1.59116 14.9695 -3.18006 -15.4175 9.75561 8.23654 -13.9878 3.49795 -8.68327 
0.231767 0.212886 1.21105 20 -10.1674 -3.41213 -1.59116 14.9695 -3.18006 -15.4175 9.75561 8.23654 -13.9878 3.49795 -8.68327 

0.231767 0.212886 1.21105 7.80518 -10.1674 -17.9712 -1.59116 14.9695 -3.18006 -15.4175 9.75561 8.23654 -13.9878 3.49795 -8.68327 
0.231767 0.212886 1.21105 20 -10.1674 -5.62645 -1.59116 14.9695 -3.18006 -15.4175 9.75561 8.23654 -13.9878 3.49795 -8.68327 

0.231767 0.212886 1.21105 11.0471 -10.1674 2.73245 -1.59116 14.9695 -3.18006 -15.4175 9.75561 8.23654 -13.9878 3.49795 -8.68327 
0.231767 0.212886 1.21105 20 -10.1674 -3.41213 -1.59116 14.9695 -3.18006 -15.4175 9.75561 8.23654 -13.9878 3.49795 -8.68327 

0.231767 0.212886 1.21105 -5.27479 -10.1674 -17.8937 -1.59116 14.9695 -3.18006 -15.4175 9.75561 8.23654 -13.9878 3.49795 -8.68327 
0.231767 0.212886 1.21105 20 -10.1674 -5.62645 -1.59116 14.9695 -3.18006 -15.4175 9.75561 8.23654 -13.9878 3.49795 -8.68327 

0.231767 0.212886 1.21105 6.51648 -10.1674 -5.48897 -1.59116 14.9695 -3.18006 -15.4175 9.75561 8.23654 -13.9878 3.49795 -8.68327 
0.231767 0.212886 1.21105 20 -10.1674 -4.07143 -1.59116 14.9695 -3.18006 -15.4175 9.75561 8.23654 -13.9878 3.49795 -8.68327 

0.231767 0.212886 1.21105 -7.00387 -10.1674 -18.7696 -1.59116 14.9695 -3.18006 -15.4175 9.75561 8.23654 -13.9878 3.49795 -8.68327 
0.231767 0.212886 1.21105 20 -10.1674 -5.62645 -1.59116 14.9695 -3.18006 -15.4175 9.75561 8.23654 -13.9878 3.49795 -8.68327 

0.231767 0.212886 1.21105 3.88199 -10.1674 7.65423 -1.59116 14.9695 -3.18006 -15.4175 9.75561 8.23654 -13.9878 3.49795 -8.68327 
0.231767 0.212886 1.21105 20 -10.1674 -3.41213 -1.59116 14.9695 -3.18006 -15.4175 9.75561 8.23654 -13.9878 3.49795 -8.68327 

0.231767 0.212886 1.21105 14.7324 -10.1674 3.72204 -1.59116 14.9695 -3.18006 -15.4175 9.75561 8.23654 -13.9878 3.49795 -8.68327 
0.231767 0.212886 1.21105 20 -10.1674 -3.41213 -1.59116 14.9695 -3.18006 -15.4175 9.75561 8.23654 -13.9878 3.49795 -8.68327 

0.231767 0.212886 1.21105 13.8417 -10.1674 -15.3641 -1.59116 14.9695 -3.18006 -15.4175 9.75561 8.23654 -13.9878 3.49795 -8.68327 
0.231767 0.212886 1.21105 20 -10.1674 -5.62645 -1.59116 14.9695 -3.18006 -15.4175 9.75561 8.23654 -13.9878 3.49795 -8.68327 

0.231767 0.212886 1.21105 -9.36327 -10.1674 -13.0829 -1.59116 14.9695 -3.18006 -15.4175 9.75561 8.23654 -13.9878 3.49795 -8.68327 
0.231767 0.212886 1.21105 20 -10.1674 -3.90304 -1.59116 14.9695 -3.18006 -15.4175 9.75561 8.23654 -13.9878 3.49795 -8.68327 

0.231767 0.212886 1.21105 9.74786 -10.1674 9.24067 -1.59116 14.9695 -3.18006 -15.4175 9.75561 8.23654 -13.9878 3.49795 -8.68327 
0.231767 0.212886 1.21105 20 -10.1674 -3.41213 -1.59116 14.9695 -3.18006 -15.4175 9.75561 8.23654 -13.9878 3.49795 -8.68327 

0.231767 0.212886 1.21105 -1.84798 -10.1674 7.67423 -1.59116 14.9695 -3.18006 -15.4175 9.75561 8.23654 -13.9878 3.49795 -8.68327 
0.231767 0.212886 1.21105 20 -10.1674 -3.41213 -1.59116 14.9695 -3.18006 -15.4175 9.75561 8.23654 -13.9878 3.49795 -8.68327 

0.231767 0.212886 1.21105 -5.65321 -10.1674 -1.31194 -1.59116 14.9695 -3.18006 -15.4175 9.75561 8.23654 -13.9878 3.49795 -8.68327 
0.231767 0.212886 1.21105 20 -10.1674 -3.41213 -1.59116 14.9695 -3.18006 -15.4175 9.75561 8.23654 -13.9878 3.49795 -8.68327 

0.231767 0.212886 1.21105 16.6892 -10.1674 -5.7815 -1.59116 14.9695 -3.18006 -15.4175 9.75561 8.23654 -13.9878 3.49795 -8.68327 
0.231767 0.212886 1.21105 20 -10.1674 -5.62645 -1.59116 14.9695 -3.18006 -15.4175 9.75561 8.23654 -13.9878 3.49795 -8.68327 

0.231767 0.212886 1.21105 8.48129 -10.1674 -2.87387 -1.59116 14.9695 -3.18006 -15.4175 9.75561 8.23654 -13.9878 3.49795 -8.68327 
0.231767 0.212886 1.21105 20 -10.1674 -3.41213 -1.59116 14.9695 -3.18006 -15.4175 9.75561 8.23654 -13.9878 3.49795 -8.68327 

0.231767 0.212886 1.21105 13.3709 -10.1674 3.64249 -1.59116 14.9695 -3.18006 -15.4175 9.75561 8.23654 -13.9878 3.49795 -8.68327 
0.231767 0.212886 1.21105 20 -10.1674 -3.41213 -1.59116 14.9695 -3.18006 -15.4175 9.75561 8.23654 -13.9878 3.49795 -8.68327 

0.231767 0.212886 1.21105 1.04945 -10.1674 -18.3072 -1.59116 14.9695 -3.18006 -15.4175 9.75561 8.23654 -13.9878 3.49795 -8.68327 
0.231767 0.212886 1.21105 20 -10.1674 -5.62645 -1.59116 14.9695 -3.18006 -15.4175 9.75561 8.23654 -13.9878 3.49795 -8.68327 

0.231767 0.212886 1.21105 7.83021 -10.1674 8.40738 -1.59116 14.9695 -3.18006 -15.4175 9.75561 8.23654 -13.9878 3.49795 -8.68327 
0.231767 0.212886 1.21105 20 -10.1674 -3.41213 -1.59116 14.9695 -3.18006 -15.4175 9.75561 8.23654 -13.9878 3.49795 -8.68327 

0.231767 0.212886 1.21105 8.89233 -10.1674 -16.8037 -1.59116 14.9695 -3.18006 -15.4175 9.75561 8.23654 -13.9878 3.49795 -8.68327 
0.231767 0.212886 1.21105 20 -10.1674 -5.62645 -1.59116 14.9695 -3.18006 -15.4175 9.75561 8.23654 -13.9878 3.49795 -8.68327 

0.231767 0.212886 1.21105 -1.08676 -10.1674 -3.21204 -1.59116 14.9695 -3.18006 -15.4175 9.75561 8.23654 -13.9878 3.49795 -8.68327 
0.231767 0.212886 1.21105 20 -10.1674 -3.41213 -1.59116 14.9695 -3.18006 -15.4175 9.75561 8.23654 -13.9878 3.49795 -8.68327 

0.231767 0.212886 1.21105 12.4592 -10.1674 -3.97375 -1.59116 14.9695 -3.18006 -15.4175 9.75561 8.23654 -13.9878 3.49795 -8.68327 
0.231767 0.212886 1.21105 20 -10.1674 -3.97375 -1.59116 14.9695 -3.18006 -15.4175 9.75561 8.23654 -13.9878 3.49795 -8.68327 

0.231767 0.212886 1.21105 -1.22645 -10.1674 -14.72 -1.59116 14.9695 -3.18006 -15.4175 9.75561 8.23654 -13.9878 3.49795 -8.68327 
0.231767 0.212886 1.21105 20 -10.1674 -5.62645 -1.59116 14.9695 -3.18006 -15.4175 9.75561 8.23654 -13.9878 3.49795 -8.68327 

0.231767 0.212886 1.21105 1.50426 -10.1674 0.640299 -1.59116 14.9695 -3.18006 -15.4175 9.75561 8.23654 -13.9878 3.49795 -8.68327 
0.231767 0.212886 1.21105 20 -10.1674 -3.41213 -1.59116 14.9695 -3.18006 -15.4175 9.75561 8.23654 -13.9878 3.49795 -8.68327 

0.231767 0.212886 1.21105 2.72073 -10.1674 -4.415 -1.59116 14.9695 -3.18006 -15.4175 9.75561 8.23654 -13.9878 3.49795 -8.68327 
0.231767 0.212886 1.21105 20 -10.1674 -3.41213 -1.59116 14.9695 -3.18006 -15.4175 9.75561 8.23654 -13.9878 3.49795 -8.68327 

0.231767 0.212886 1.21105 -0.512642 -10.1674 -8.30449 -1.59116 14.9695 -3.18006 -15.4175 9.75561 8.23654 -13.9878 3.49795 -8.68327 
0.231767 0.212886 1.21105 20 -10.1674 -3.41213 -1.59116 14.9695 -3.18006 -15.4175 9.75561 8.23654 -13.9878 3.49795 -8.68327 

0.231767 0.212886 1.21105 5.10497 -10.1674 -1.85166 -1.59116 14.9695 -3.18006 -15.4175 9.75561 8.23654 -13.9878 3.49795 -8.68327 
0.231767 0.212886 1.21105 20 -10.1674 -3.41213 -1.59116 14.9695 -3.18006 -15.4175 9.75561 8.23654 -13.9878 3.49795 -8.68327 

0.231767 0.212886 1.21105 13.7306 -10.1674 -9.51897 -1.59116 14.9695 -3.18006 -15.4175 9.75561 8.23654 -13.9878 3.49795 -8.68327 
0.231767 0.212886 1.21105 20 -10.1674 -5.62645 -1.59116 14.9695 -3.18006 -15.4175 9.75561 8.23654 -13.9878 3.49795 -8.68327 

0.231767 0.212886 1.21105 6.2826 -10.1674 -18.5425 -1.59116 14.9695 -3.18006 -15.4175 9.75561 8.23654 -13.9878 3.49795 -8.68327 
0.231767 0.212886 1.21105 20 -10.1674 -5.62645 -1.59116 14.9695 -3.18006 -15.4175 9.75561 8.23654 -13.9878 3.49795 -8.68327 

0.231767 0.212886 1.21105 17.2283 -10.1674 -9.2383 -1.59116 14.9695 -3.18006 -15.4175 9.75561 8.23654 -13.9878 3.49795 -8.68327 
0.231767 0.212886 1.21105 20 -10.1674 -5.62645 -1.59116 14.9695 -3.18006 -15.4175 9.75561 8.23654 -13.9878 3.49795 -8.68327 

0.231767 0.212886 1.21105 -8.22907 -10.1674 -1.40373 -1.59116 14.9695 -3.18006 -15.4175 9.75561 8.23654 -13.9878 3.49795 -8.68327 
0.231767 0.212886 1.21105 20 -10.1674 -3.41213 -1.59116 14.9695 -3.18006 -15.4175 9.75561 8.23654 -13.9878 3.49795 -8.68327 

0.231767 0.212886 1.21105 4.07328 -10.1674 6.47192 -1.59116 14.9695 -3.18006 -15.4175 9.75561 8.23654 -13.9878 3.49795 -8.68327 
0.231767 0.212886 1.21105 20 -10.1674 -3.41213 -1.59116 14.9695 -3.18006 -15.4175 9.75561 8.23654 -13.9878 3.49795 -8.68327 

0.231767 0.212886 1.21105 15.8577 -10.1674 6.89033 -1.59116 14.9695 -3.18006 -15.4175 9.75561 8.23654 -13.9878 3.49795 -8.68327 
0.231767 0.212886 1.21105 20 -10.1674 -3.41213 -1.59116 14.9695 -3.18006 -15.4175 9.75561 8.23654 -13.9878 3.49795 -8.68327 

0.231767 0.212886 1.21105 4.65059 -10.1674 4.74709 -1.59116 14.9695 -3.18006 -15.4175 9.75561 8.23654 -13.9878 3.49795 -8.68327 
0.231767 0.212886 1.21105 20 -10.1674 -3.41213 -1.59116 14.9695 -3.18006 -15.4175 9.75561 8.23654 -13.9878 3.49795 -8.68327 

0.231767 0.212886 1.21105 12.5326 -10.1674 -6.15049 -1.59116 14.9695 -3.18006 -15.4175 9.75561 8.23654 -13.9878 3.49795 -8.68327 
0.231767 0.212886 1.21105 20 -10.1674 -5.62645 -1.59116 14.9695 -3.18006 -15.4175 9.75561 8.23654 -13.9878 3.49795 -8.68327 

0.231767 0.212886 1.21105 -5.43701 -10.1674 1.01922 -1.59116 14.9695 -3.18006 -15.4175 9.75561 8.23654 -13.9878 3.49795 -8.68327 
0.231767 0.212886 1.21105 20 -10.1674 -3.41213 -1.59116 14.9695 -3.18006 -15.4175 9.75561 8.23654 -13.9878 3.49795 -8.68327 

0.231767 0.212886 1.21105 -3.19899 -10.1674 -17.2327 -1.59116 14.9695 -3.18006 -15.4175 9.75561 8.23654 -13.9878 3.49795 -8.68327 
0.231767 0.212886 1.21105 20 -10.1674 -5.62645 -1.59116 14.9695 -3.18006 -15.4175 9.75561 8.23654 -13.9878 3.49795 -8.68327 

0.231767 0.212886 1.21105 12.1852 -10.1674 -18.3715 -1.59116 14.9695 -3.18006 -15.4175 9.75561 8.23654 -13.9878 3.49795 -8.68327 
0.231767 0.212886 1.21105 20 -10.1674 -5.62645 -1.59116 14.9695 -3.18006 -15.4175 9.75561 8.23654 -13.9878 3.49795 -8.68327 

0.231767 0.212886 1.21105 -6.09228 -10.1674 -8.43241 -1.59116 14.9695 -3.18006 -15.4175 9.75561 8.23654 -13.9878 3.49795 -8.68327 
0.231767 0.212886 1.21105 20 -10.1674 -3.41213 -1.59116 14.9695 -3.18006 -15.4175 9.75561 8.23654 -13.9878 3.49795 -8.68327 

0.231767 0.212886 1.21105 -9.86333 -10.1674 4.57932 -1.59116 14.9695 -3.18006 -15.4175 9.75561 8.23654 -13.9878 3.49795 -8.68327 
0.231767 0.212886 1.21105 20 -10.1674 -3.41213 -1.59116 14.9695 -3.18006 -15.4175 9.75561 8.23654 -13.9878 3.49795 -8.68327 

0.231767 0.212886 1.21105 14.2072 -10.1674 -3.37139 -1.59116 14.9695 -3.18006 -15.4175 9.75561 8.23654 -13.9878 3.49795 -8.68327 
0.231767 0.212886 1.21105 20 -10.1674 -3.41213 -1.59116 14.9695 -3.18006 -15.4175 9.75561 8.23654 -13.9878 3.49795 -8.68327 

0.231767 0.212886 1.21105 -0.241044 -10.1674 -11.2333 -1.59116 14.9695 -3.18006 -15.4175 9.75561 8.23654 -13.9878 3.49795 -8.68327 
0.231767 0.212886 1.21105 20 -10.1674 -4.41151 -1.59116 14.9695 -3.18006 -15.4175 9.75561 8.23654 -13.9878 3.49795 -8.68327 

0.231767 0.212886 1.21105 10.2519 -10.1674 -7.91003 -1.59116 14.9695 -3.18006 -15.4175 9.75561 8.23654 -13.9878 3.49795 -8.68327 
0.231767 0.212886 1.21105 20 -10.1674 -5.62645 -1.59116 14.9695 -3.18006 -15.4175 9.75561 8.23654 -13.9878 3.49795 -8.68327 

0.231767 0.212886 1.21105 10.5285 -10.1674 9.55343 -1.59116 14.9695 -3.18006 -15.4175 9.75561 8.23654 -13.9878 3.49795 -8.68327 
0.231767 0.212886 1.21105 20 -10.1674 -3.41213 -1.59116 14.9695 -3.18006 -15.4175 9.75561 8.23654 -13.9878 3.49795 -8.68327 

0.231767 0.212886 1.21105 9.5201 -10.1674 -16.4547 -1.59116 14.9695 -3.18006 -15.4175 9.75561 8.23654 -13.9878 3.49795 -8.68327 
0.231767 0.212886 1.21105 20 -10.1674 -5.62645 -1.59116 14.9695 -3.18006 -15.4175 9.75561 8.23654 -13.9878 3.49795 -8.68327 

0.231767 0.212886 1.21105 -5.39379 -10.1674 -0.425612 -1.59116 14.9695 -3.18006 -15.4175 9.75561 8.23654 -13.9878 3.49795 -8.68327 
0.231767 0.212886 1.21105 20 -10.1674 -3.41213 -1.59116 14.9695 -3.18006 -15.4175 9.75561 8.23654 -13.9878 3.49795 -8.68327 

0.231767 0.212886 1.21105 -4.83645 -10.1674 -10.4187 -1.59116 14.9695 -3.18006 -15.4175 9.75561 8.23654 -13.9878 3.49795 -8.68327 
0.231767 0.212886 1.21105 20 -10.1674 -3.41213 -1.59116 14.9695 -3.18006 -15.4175 9.75561 8.23654 -13.9878 3.49795 -8.68327 

0.231767 0.212886 1.21105 17.2236 -10.1674 4.27371 -1.59116 14.9695 -3.18006 -15.4175 9.75561 8.23654 -13.9878 3.49795 -8.68327 
0.231767 0.212886 1.21105 20 -10.1674 -3.41213 -1.59116 14.9695 -3.18006 -15.4175 9.75561 8.23654 -13.9878 3.49795 -8.68327 

0.231767 0.212886 1.21105 19.6643 -10.1674 5.48747 -1.59116 14.9695 -3.18006 -15.4175 9.75561 8.23654 -13.9878 3.49795 -8.68327 
0.231767 0.212886 1.21105 20 -10.1674 -3.41213 -1.59116 14.9695 -3.18006 -15.4175 9.75561 8.23654 -13.9878 3.49795 -8.68327 

0.231767 0.212886 1.21105 9.6864 -10.1674 -2.86374 -1.59116 14.9695 -3.18006 -15.4175 9.75561 8.23654 -13.9878 3.49795 -8.68327 
0.231767 0.212886 1.21105 20 -10.1674 -3.41213 -1.59116 14.9695 -3.18006 -15.4175 9.75561 8.23654 -13.9878 3.49795 -8.68327 

0.231767 0.212886 1.21105 10.1188 -10.1674 2.78921 -1.59116 14.9695 -3.18006 -15.4175 9.75561 8.23654 -13.9878 3.49795 -8.68327 
0.231767 0.212886 1.21105 20 -10.1674 -3.41213 -1.59116 14.9695 -3.18006 -15.4175 9.75561 8.23654 -13.9878 3.49795 -8.68327 

0.231767 0.212886 1.21105 12.8171 -10.1674 3.0919 -1.59116 14.9695 -3.18006 -15.4175 9.75561 8.23654 -13.9878 3.49795 -8.68327 
0.231767 0.212886 1.21105 20 -10.1674 -3.41213 -1.59116 14.9695 -3.18006 -15.4175 9.75561 8.23654 -13.9878 3.49795 -8.68327 

0.231767 0.212886 1.21105 1.88888 -10.1674 -16.5867 -1.59116 14.9695 -3.18006 -15.4175 9.75561 8.23654 -13.9878 3.49795 -8.68327 
0.231767 0.212886 1.21105 20 -10.1674 -5.62645 -1.59116 14.9695 -3.18006 -15.4175 9.75561 8.23654 -13.9878 3.49795 -8.68327 

0.231767 0.212886 1.21105 15.4849 -10.1674 1.4326 -1.59116 14.9695 -3.18006 -15.4175 9.75561 8.23654 -13.9878 3.49795 -8.68327 
0.231767 0.212886 1.21105 20 -10.1674 -3.41213 -1.59116 14.9695 -3.18006 -15.4175 9.75561 8.23654 -13.9878 3.49795 -8.68327 

0.231767 0.212886 1.21105 -9.91574 -10.1674 -0.600398 -1.59116 14.9695 -3.18006 -15.4175 9.75561 8.23654 -13.9878 3.49795 -8.68327 
0.231767 0.212886 1.21105 20 -10.1674 -3.41213 -1.59116 14.9695 -3.18006 -15.4175 9.75561 8.23654 -13.9878 3.49795 -8.68327 

0.231767 0.212886 1.21105 18.6349 -10.1674 -4.65081 -1.59116 14.9695 -3.18006 -15.4175 9.75561 8.23654 -13.9878 3.49795 -8.68327 
0.231767 0.212886 1.21105 20 -10.1674 -4.65081 -1.59116 14.9695 -3.18006 -15.4175 9.75561 8.23654 -13.9878 3.49795 -8.68327 

0.231767 0.212886 1.21105 5.26462 -10.1674 -2.67654 -1.59116 14.9695 -3.18006 -15.4175 9.75561 8.23654 -13.9878 3.49795 -8.68327 
0.231767 0.212886 1.21105 20 -10.1674 -3.41213 -1.59116 14.9695 -3.18006 -15.4175 9.75561 8.23654 -13.9878 3.49795 -8.68327 

0.231767 0.212886 1.21105 15.7356 -10.1674 7.28481 -1.59116 14.9695 -3.18006 -15.4175 9.75561 8.23654 -13.9878 3.49795 -8.68327 
0.231767 0.212886 1.21105 20 -10.1674 -3.41213 -1.59116 14.9695 -3.18006 -15.4175 9.75561 8.23654 -13.9878 3.49795 -8.68327 

0.231767 0.212886 1.21105 2.23511 -10.1674 1.23974 -1.59116 14.9695 -3.18006 -15.4175 9.75561 8.23654 -13.9878 3.49795 -8.68327 
0.231767 0.212886 1.21105 20 -10.1674 -3.41213 -1.59116 14.9695 -3.18006 -15.4175 9.75561 8.23654 -13.9878 3.49795 -8.68327 

0.231767 0.212886 1.21105 18.2744 -10.1674 4.64981 -1.59116 14.9695 -3.18006 -15.4175 9.75561 8.23654 -13.9878 3.49795 -8.68327 
0.231767 0.212886 1.21105 20 -10.1674 -3.41213 -1.59116 14.9695 -3.18006 -15.4175 9.75561 8.23654 -13.9878 3.49795 -8.68327 

0.231767 0.212886 1.21105 1.80619 -10.1674 -17.4263 -1.59116 14.9695 -3.18006 -15.4175 9.75561 8.23654 -13.9878 3.49795 -8.68327 
0.231767 0.212886 1.21105 20 -10.1674 -5.62645 -1.59116 14.9695 -3.18006 -15.4175 9.75561 8.23654 -13.9878 3.49795 -8.68327 

0.231767 0.212886 1.21105 -6.30783 -10.1674 -11.3675 -1.59116 14.9695 -3.18006 -15.4175 9.75561 8.23654 -13.9878 3.49795 -8.68327 
0.231767 0.212886 1.21105 20 -10.1674 -3.41213 -1.59116 14.9695 -3.18006 -15.4175 9.75561 8.23654 -13.9878 3.49795 -8.68327 

0.231767 0.212886 1.21105 6.83359 -10.1674 7.10583 -1.59116 14.9695 -3.18006 -15.4175 9.75561 8.23654 -13.9878 3.49795 -8.68327 
0.231767 0.212886 1.21105 20 -10.1674 -3.41213 -1.59116 14.9695 -3.18006 -15.4175 9.75561 8.23654 -13.9878 3.49795 -8.68327 

0.231767 0.212886 1.21105 18.8294 -10.1674 4.97134 -1.59116 14.9695 -3.18006 -15.4175 9.75561 8.23654 -13.9878 3.49795 -8.68327 
0.231767 0.212886 1.21105 20 -10.1674 -3.41213 -1.59116 14.9695 -3.18006 -15.4175 9.75561 8.23654 -13.9878 3.49795 -8.68327 

0.231767 0.212886 1.21105 -1.06735 -10.1674 -6.30858 -1.59116 14.9695 -3.18006 -15.4175 9.75561 8.23654 -13.9878 3.49795 -8.68327 
0.231767 0.212886 1.21105 20 -10.1674 -3.41213 -1.59116 14.9695 -3.18006 -15.4175 9.75561 8.23654 -13.9878 3.49795 -8.68327 

0.231767 0.212886 1.21105 3.56604 -10.1674 -0.714988 -1.59116 14.9695 -3.18006 -15.4175 9.75561 8.23654 -13.9878 3.49795 -8.68327 
0.231767 0.212886 1.21105 20 -10.1674 -3.41213 -1.59116 14.9695 -3.18006 -15.4175 9.75561 8.23654 -13.9878 3.49795 -8.68327 

0.231767 0.212886 1.21105 1.49321 -10.1674 6.12199 -1.59116 14.9695 -3.18006 -15.4175 9.75561 8.23654 -13.9878 3.49795 -8.68327 
0.231767 0.212886 1.21105 20 -10.1674 -3.41213 -1.59116 14.9695 -3.18006 -15.4175 9.75561 8.23654 -13.9878 3.49795 -8.68327 

0.231767 0.212886 1.21105 -5.44695 -10.1674 -19.9426 -1.59116 14.9695 -3.18006 -15.4175 9.75561 8.23654 -13.9878 3.49795 -8.68327 
0.231767 0.212886 1.21105 20 -10.1674 -5.62645 -1.59116 14.9695 -3.18006 -15.4175 9.75561 8.23654 -13.9878 3.49795 -8.68327 

0.231767 0.212886 1.21105 -3.49531 -10.1674 1.9738 -1.59116 14.9695 -3.18006 -15.4175 9.75561 8.23654 -13.9878 3.49795 -8.68327 
0.231767 0.212886 1.21105 20 -10.1674 -3.41213 -1.59116 14.9695 -3.18006 -15.4175 9.75561 8.23654 -13.9878 3.49795 -8.68327 

0.231767 0.212886 1.21105 -2.29166 -10.1674 -2.87483 -1.59116 14.9695 -3.18006 -15.4175 9.75561 8.23654 -13.9878 3.49795 -8.68327 
0.231767 0.212886 1.21105 20 -10.1674 -3.41213 -1.59116 14.9695 -3.18006 -15.4175 9.75561 8.23654 -13.9878 3.49795 -8.68327 

0.231767 0.212886 1.21105 19.5857 -10.1674 -6.86871 -1.59116 14.9695 -3.18006 -15.4175 9.75561 8.23654 -13.9878 3.49795 -8.68327 
0.231767 0.212886 1.21105 20 -10.1674 -5.62645 -1.59116 14.9695 -3.18006 -15.4175 9.75561 8.23654 -13.9878 3.49795 -8.68327 

0.231767 0.212886 1.21105 -9.08083 -10.1674 -12.2784 -1.59116 14.9695 -3.18006 -15.4175 9.75561 8.23654 -13.9878 3.49795 -8.68327 
0.231767 0.212886 1.21105 20 -10.1674 -3.48628 -1.59116 14.9695 -3.18006 -15.4175 9.75561 8.23654 -13.9878 3.49795 -8.68327 

0.231767 0.212886 1.21105 12.9269 -10.1674 6.53634 -1.59116 14.9695 -3.18006 -15.4175 9.75561 8.23654 -13.9878 3.49795 -8.68327 
0.231767 0.212886 1.21105 20 -10.1674 -3.41213 -1.59116 14.9695 -3.18006 -15.4175 9.75561 8.23654 -13.9878 3.49795 -8.68327 

0.231767 0.212886 1.21105 16.2019 -10.1674 -5.36646 -1.59116 14.9695 -3.18006 -15.4175 9.75561 8.23654 -13.9878 3.49795 -8.68327 
0.231767 0.212886 1.21105 20 -10.1674 -5.36646 -1.59116 14.9695 -3.18006 -15.4175 9.75561 8.23654 -13.9878 3.49795 -8.68327 

0.231767 0.212886 1.21105 17.4876 -10.1674 -5.11528 -1.59116 14.9695 -3.18006 -15.4175 9.75561 8.23654 -13.9878 3.49795 -8.68327 
0.231767 0.212886 1.21105 20 -10.1674 -5.11528 -1.59116 14.9695 -3.18006 -15.4175 9.75561 8.23654 -13.9878 3.49795 -8.68327 

0.231767 0.212886 1.21105 17.8278 -10.1674 -11.4767 -1.59116 14.9695 -3.18006 -15.4175 9.75561 8.23654 -13.9878 3.49795 -8.68327 
0.231767 0.212886 1.21105 20 -10.1674 -5.62645 -1.59116 14.9695 -3.18006 -15.4175 9.75561 8.23654 -13.9878 3.49795 -8.68327 

0.231767 0.212886 1.21105 7.63906 -10.1674 -3.37873 -1.59116 14.9695 -3.18006 -15.4175 9.75561 8.23654 -13.9878 3.49795 -8.68327 
0.231767 0.212886 1.21105 20 -10.1674 -3.41213 -1.59116 14.9695 -3.18006 -15.4175 9.75561 8.23654 -13.9878 3.49795 -8.68327 

0.231767 0.212886 1.21105 -4.43518 -10.1674 6.7637 -1.59116 14.9695 -3.18006 -15.4175 9.75561 8.23654 -13.9878 3.49795 -8.68327 
0.231767 0.212886 1.21105 20 -10.1674 -3.41213 -1.59116 14.9695 -3.18006 -15.4175 9.75561 8.23654 -13.9878 3.49795 -8.68327 

0.231767 0.212886 1.21105 5.29405 -10.1674 -2.17645 -1.59116 14.9695 -3.18006 -15.4175 9.75561 8.23654 -13.9878 3.49795 -8.68327 
0.231767 0.212886 1.21105 20 -10.1674 -3.41213 -1.59116 14.9695 -3.18006 -15.4175 9.75561 8.23654 -13.9878 3.49795 -8.68327 

0.231767 0.212886 1.21105 -2.05038 -10.1674 7.22622 -1.59116 14.9695 -3.18006 -15.4175 9.75561 8.23654 -13.9878 3.49795 -8.68327 
0.231767 0.212886 1.21105 20 -10.1674 -3.41213 -1.59116 14.9695 -3.18006 -15.4175 9.75561 8.23654 -13.9878 3.49795 -8.68327 

0.231767 0.212886 1.21105 11.178 -10.1674 -2.43237 -1.59116 14.9695 -3.18006 -15.4175 9.75561 8.23654 -13.9878 3.49795 -8.68327 
0.231767 0.212886 1.21105 20 -10.1674 -3.41213 -1.59116 14.9695 -3.18006 -15.4175 9.75561 8.23654 -13.9878 3.49795 -8.68327 

0.231767 0.212886 1.21105 10.2864 -10.1674 -8.97365 -1.59116 14.9695 -3.18006 -15.4175 9.75561 8.23654 -13.9878 3.49795 -8.68327 
0.231767 0.212886 1.21105 20 -10.1674 -5.62645 -1.59116 14.9695 -3.18006 -15.4175 9.75561 8.23654 -13.9878 3.49795 -8.68327 

0.231767 0.212886 1.21105 -7.86425 -10.1674 2.70504 -1.59116 14.9695 -3.18006 -15.4175 9.75561 8.23654 -13.9878 3.49795 -8.68327 
0.231767 0.212886 1.21105 20 -10.1674 -3.41213 -1.59116 14.9695 -3.18006 -15.4175 9.75561 8.23654 -13.9878 3.49795 -8.68327 

0.231767 0.212886 1.21105 14.7846 -10.1674 2.06115 -1.59116 14.9695 -3.18006 -15.4175 9.75561 8.23654 -13.9878 3.49795 -8.68327 
0.231767 0.212886 1.21105 20 -10.1674 -3.41213 -1.59116 14.9695 -3.18006 -15.4175 9.75561 8.23654 -13.9878 3.49795 -8.68327 

0.231767 0.212886 1.21105 -8.79205 -10.1674 -12.6865 -1.59116 14.9695 -3.18006 -15.4175 9.75561 8.23654 -13.9878 3.49795 -8.68327 
0.231767 0.212886 1.21105 20 -10.1674 -3.76507 -1.59116 14.9695 -3.18006 -15.4175 9.75561 8.23654 -13.9878 3.49795 -8.68327 

0.231767 0.212886 1.21105 -3.9209 -10.1674 2.64214 -1.59116 14.9695 -3.18006 -15.4175 9.75561 8.23654 -13.9878 3.49795 -8.68327 
0.231767 0.212886 1.21105 20 -10.1674 -3.41213 -1.59116 14.9695 -3.18006 -15.4175 9.75561 8.23654 -13.9878 3.49795 -8.68327 

0.231767 0.212886 1.21105 19.14 -10.1674 3.1136 -1.59116 14.9695 -3.18006 -15.4175 9.75561 8.23654 -13.9878 3.49795 -8.68327 
0.231767 0.212886 1.21105 20 -10.1674 -3.41213 -1.59116 14.9695 -3.18006 -15.4175 9.75561 8.23654 -13.9878 3.49795 -8.68327 

0.231767 0.212886 1.21105 -8.80997 -10.1674 -2.05015 -1.59116 14.9695 -3.18006 -15.4175 9.75561 8.23654 -13.9878 3.49795 -8.68327 
0.231767 0.212886 1.21105 20 -10.1674 -3.41213 -1.59116 14.9695 -3.18006 -15.4175 9.75561 8.23654 -13.9878 3.49795 -8.68327 

0.231767 0.212886 1.21105 -1.11967 -10.1674 -4.69922 -1.59116 14.9695 -3.18006 -15.4175 9.75561 8.23654 -13.9878 3.49795 -8.68327 
0.231767 0.212886 1.21105 20 -10.1674 -3.41213 -1.59116 14.9695 -3.18006 -15.4175 9.75561 8.23654 -13.9878 3.49795 -8.68327 

0.231767 0.212886 1.21105 1.56198 -10.1674 -4.01757 -1.59116 14.9695 -3.18006 -15.4175 9.75561 8.23654 -13.9878 3.49795 -8.68327 
0.231767 0.212886 1.21105 20 -10.1674 -3.41213 -1.59116 14.9695 -3.18006 -15.4175 9.75561 8.23654 -13.9878 3.49795 -8.68327 

0.231767 0.212886 1.21105 6.80369 -10.1674 -5.34596 -1.59116 14.9695 -3.18006 -15.4175 9.75561 8.23654 -13.9878 3.49795 -8.68327 
0.231767 0.212886 1.21105 20 -10.1674 -4.0807 -1.59116 14.9695 -3.18006 -15.4175 9.75561 8.23654 -13.9878 3.49795 -8.68327 

0.231767 0.212886 1.21105 -8.00172 -10.1674 6.14897 -1.59116 14.9695 -3.18006 -15.4175 9.75561 8.23654 -13.9878 3.49795 -8.68327 
0.231767 0.212886 1.21105 20 -10.1674 -3.41213 -1.59116 14.9695 -3.18006 -15.4175 9.75561 8.23654 -13.9878 3.49795 -8.68327 

0.231767 0.212886 1.21105 7.37315 -10.1674 -16.5503 -1.59116 14.9695 -3.18006 -15.4175 9.75561 8.23654 -13.9878 3.49795 -8.68327 
0.231767 0.212886 1.21105 20 -10.1674 -5.62645 -1.59116 14.9695 -3.18006 -15.4175 9.75561 8.23654 -13.9878 3.49795 -8.68327 

0.231767 0.212886 1.21105 7.78448 -10.1674 0.526777 -1.59116 14.9695 -3.18006 -15.4175 9.75561 8.23654 -13.9878 3.49795 -8.68327 
0.231767 0.212886 1.21105 20 -10.1674 -3.41213 -1.59116 14.9695 -3.18006 -15.4175 9.75561 8.23654 -13.9878 3.49795 -8.68327 

0.231767 0.212886 1.21105 15.8769 -10.1674 -13.6655 -1.59116 14.9695 -3.18006 -15.4175 9.75561 8.23654 -13.9878 3.49795 -8.68327 
0.231767 0.212886 1.21105 20 -10.1674 -5.62645 -1.59116 14.9695 -3.18006 -15.4175 9.75561 8.23654 -13.9878 3.49795 -8.68327 

0.231767 0.212886 1.21105 -0.664255 -10.1674 -8.57419 -1.59116 14.9695 -3.18006 -15.4175 9.75561 8.23654 -13.9878 3.49795 -8.68327 
0.231767 0.212886 1.21105 20 -10.1674 -3.41213 -1.59116 14.9695 -3.18006 -15.4175 9.75561 8.23654 -13.9878 3.49795 -8.68327 

0.231767 0.212886 1.21105 17.8177 -10.1674 -6.50339 -1.59116 14.9695 -3.18006 -15.4175 9.75561 8.23654 -13.9878 3.49795 -8.68327 
0.231767 0.212886 1.21105 20 -10.1674 -5.62645 -1.59116 14.9695 -3.18006 -15.4175 9.75561 8.23654 -13.9878 3.49795 -8.68327 

0.231767 0.212886 1.21105 5.35818 -10.1674 -5.4396 -1.59116 14.9695 -3.18006 -15.4175 9.75561 8.23654 -13.9878 3.49795 -8.68327 
0.231767 0.212886 1.21105 20 -10.1674 -3.60663 -1.59116 14.9695 -3.18006 -15.4175 9.75561 8.23654 -13.9878 3.49795 -8.68327 

0.231767 0.212886 1.21105 -6.75296 -10.1674 -2.70165 -1.59116 14.9695 -3.18006 -15.4175 9.75561 8.23654 -13.9878 3.49795 -8.68327 
0.231767 0.212886 1.21105 20 -10.1674 -3.41213 -1.59116 14.9695 -3.18006 -15.4175 9.75561 8.23654 -13.9878 3.49795 -8.68327 

0.231767 0.212886 1.21105 10.9857 -10.1674 -2.02079 -1.59116 14.9695 -3.18006 -15.4175 9.75561 8.23654 -13.9878 3.49795 -8.68327 
0.231767 0.212886 1.21105 20 -10.1674 -3.41213 -1.59116 14.9695 -3.18006 -15.4175 9.75561 8.23654 -13.9878 3.49795 -8.68327 

0.231767 0.212886 1.21105 -3.11837 -10.1674 5.04375 -1.59116 14.9695 -3.18006 -15.4175 9.75561 8.23654 -13.9878 3.49795 -8.68327 
0.231767 0.212886 1.21105 20 -10.1674 -3.41213 -1.59116 14.9695 -3.18006 -15.4175 9.75561 8.23654 -13.9878 3.49795 -8.68327 

0.231767 0.212886 1.21105 19.0897 -10.1674 -17.3212 -1.59116 14.9695 -3.18006 -15.4175 9.75561 8.23654 -13.9878 3.49795 -8.68327 
0.231767 0.212886 1.21105 20 -10.1674 -5.62645 -1.59116 14.9695 -3.18006 -15.4175 9.75561 8.23654 -13.9878 3.49795 -8.68327 

0.231767 0.212886 1.21105 -5.56297 -10.1674 3.17193 -1.59116 14.9695 -3.18006 -15.4175 9.75561 8.23654 -13.9878 3.49795 -8.68327 
0.231767 0.212886 1.21105 20 -10.1674 -3.41213 -1.59116 14.9695 -3.18006 -15.4175 9.75561 8.23654 -13.9878 3.49795 -8.68327 

0.231767 0.212886 1.21105 -9.99495 -10.1674 -9.18874 -1.59116 14.9695 -3.18006 -15.4175 9.75561 8.23654 -13.9878 3.49795 -8.68327 
0.231767 0.212886 1.21105 20 -10.1674 -3.41213 -1.59116 14.9695 -3.18006 -15.4175 9.75561 8.23654 -13.9878 3.49795 -8.68327 

0.231767 0.212886 1.21105 -5.94303 -10.1674 -3.44614 -1.59116 14.9695 -3.18006 -15.4175 9.75561 8.23654 -13.9878 3.49795 -8.68327 
0.231767 0.212886 1.21105 20 -10.1674 -3.41213 -1.59116 14.9695 -3.18006 -15.4175 9.75561 8.23654 -13.9878 3.49795 -8.68327 

0.231767 0.212886 1.21105 10.3189 -10.1674 -7.70387 -1.59116 14.9695 -3.18006 -15.4175 9.75561 8.23654 -13.9878 3.49795 -8.68327 
0.231767 0.212886 1.21105 20 -10.1674 -5.62645 -1.59116 14.9695 -3.18006 -15.4175 9.75561 8.23654 -13.9878 3.49795 -8.68327 

0.231767 0.212886 1.21105 14.1663 -10.1674 -14.5326 -1.59116 14.9695 -3.18006 -15.4175 9.75561 8.23654 -13.9878 3.49795 -8.68327 
0.231767 0.212886 1.21105 20 -10.1674 -5.62645 -1.59116 14.9695 -3.18006 -15.4175 9.75561 8.23654 -13.9878 3.49795 -8.68327 

0.231767 0.212886 1.21105 17.0664 -10.1674 8.84629 -1.59116 14.9695 -3.18006 -15.4175 9.75561 8.23654 -13.9878 3.49795 -8.68327 
0.231767 0.212886 1.21105 20 -10.1674 -3.41213 -1.59116 14.9695 -3.18006 -15.4175 9.75561 8.23654 -13.9878 3.49795 -8.68327 

0.231767 0.212886 1.21105 -4.68248 -10.1674 -12.8122 -1.59116 14.9695 -3.18006 -15.4175 9.75561 8.23654 -13.9878 3.49795 -8.68327 
0.231767 0.212886 1.21105 20 -10.1674 -4.47889 -1.59116 14.9695 -3.18006 -15.4175 9.75561 8.23654 -13.9878 3.49795 -8.68327 

0.231767 0.212886 1.21105 12.4658 -10.1674 -7.21394 -1.59116 14.9695 -3.18006 -15.4175 9.75561 8.23654 -13.9878 3.49795 -8.68327 
0.231767 0.212886 1.21105 20 -10.1674 -5.62645 -1.59116 14.9695 -3.18006 -15.4175 9.75561 8.23654 -13.9878 3.49795 -8.68327 

0.231767 0.212886 1.21105 16.2917 -10.1674 -12.2837 -1.59116 14.9695 -3.18006 -15.4175 9.75561 8.23654 -13.9878 3.49795 -8.68327 
0.231767 0.212886 1.21105 20 -10.1674 -5.62645 -1.59116 14.9695 -3.18006 -15.4175 9.75561 8.23654 -13.9878 3.49795 -8.68327 

0.231767 0.212886 1.21105 -0.0872817 -10.1674 4.80567 -1.59116 14.9695 -3.18006 -15.4175 9.75561 8.23654 -13.9878 3.49795 -8.68327 
0.231767 0.212886 1.21105 20 -10.1674 -3.41213 -1.59116 14.9695 -3.18006 -15.4175 9.75561 8.23654 -13.9878 3.49795 -8.68327 

0.231767 0.212886 1.21105 3.63275 -10.1674 -12.5853 -1.59116 14.9695 -3.18006 -15.4175 9.75561 8.23654 -13.9878 3.49795 -8.68327 
0.231767 0.212886 1.21105 20 -10.1674 -5.62645 -1.59116 14.9695 -3.18006 -15.4175 9.75561 8.23654 -13.9878 3.49795 -8.68327 

0.231767 0.212886 1.21105 7.19577 -10.1674 -1.98456 -1.59116 14.9695 -3.18006 -15.4175 9.75561 8.23654 -13.9878 3.49795 -8.68327 
0.231767 0.212886 1.21105 20 -10.1674 -3.41213 -1.59116 14.9695 -3.18006 -15.4175 9.75561 8.23654 -13.9878 3.49795 -8.68327 

0.231767 0.212886 1.21105 17.2201 -10.1674 -7.45193 -1.59116 14.9695 -3.18006 -15.4175 9.75561 8.23654 -13.9878 3.49795 -8.68327 
0.231767 0.212886 1.21105 20 -10.1674 -5.62645 -1.59116 14.9695 -3.18006 -15.4175 9.75561 8.23654 -13.9878 3.49795 -8.68327 

0.231767 0.212886 1.21105 18.6095 -10.1674 9.8834 -1.59116 14.9695 -3.18006 -15.4175 9.75561 8.23654 -13.9878 3.49795 -8.68327 
0.231767 0.212886 1.21105 20 -10.1674 -3.41213 -1.59116 14.9695 -3.18006 -15.4175 9.75561 8.23654 -13.9878 3.49795 -8.68327 

0.231767 0.212886 1.21105 -0.16835 -10.1674 8.39233 -1.59116 14.9695 -3.18006 -15.4175 9.75561 8.23654 -13.9878 3.49795 -8.68327 
0.231767 0.212886 1.21105 20 -10.1674 -3.41213 -1.59116 14.9695 -3.18006 -15.4175 9.75561 8.23654 -13.9878 3.49795 -8.68327 

0.231767 0.212886 1.21105 12.0079 -10.1674 -7.88767 -1.59116 14.9695 -3.18006 -15.4175 9.75561 8.23654 -13.9878 3.49795 -8.68327 
0.231767 0.212886 1.21105 20 -10.1674 -5.62645 -1.59116 14.9695 -3.18006 -15.4175 9.75561 8.23654 -13.9878 3.49795 -8.68327 

0.231767 0.212886 1.21105 8.51524 -10.1674 -16.2891 -1.59116 14.9695 -3.18006 -15.4175 9.75561 8.23654 -13.9878 3.49795 -8.68327 
0.231767 0.212886 1.21105 20 -10.1674 -5.62645 -1.59116 14.9695 -3.18006 -15.4175 9.75561 8.23654 -13.9878 3.49795 -8.68327 

0.231767 0.212886 1.21105 17.4403 -10.1674 -10.0033 -1.59116 14.9695 -3.18006 -15.4175 9.75561 8.23654 -13.9878 3.49795 -8.68327 
0.231767 0.212886 1.21105 20 -10.1674 -5.62645 -1.59116 14.9695 -3.18006 -15.4175 9.75561 8.23654 -13.9878 3.49795 -8.68327 

0.231767 0.212886 1.21105 0.0577457 -10.1674 0.531851 -1.59116 14.9695 -3.18006 -15.4175 9.75561 8.23654 -13.9878 3.49795 -8.68327 
0.231767 0.212886 1.21105 20 -10.1674 -3.41213 -1.59116 14.9695 -3.18006 -15.4175 9.75561 8.23654 -13.9878 3.49795 -8.68327 

0.231767 0.212886 1.21105 -3.62483 -10.1674 -10.7114 -1.59116 14.9695 -3.18006 -15.4175 9.75561 8.23654 -13.9878 3.49795 -8.68327 
0.231767 0.212886 1.21105 20 -10.1674 -3.44406 -1.59116 14.9695 -3.18006 -15.4175 9.75561 8.23654 -13.9878 3.49795 -8.68327 

0.231767 0.212886 1.21105 7.43762 -10.1674 -11.3373 -1.59116 14.9695 -3.18006 -15.4175 9.75561 8.23654 -13.9878 3.49795 -8.68327 
0.231767 0.212886 1.21105 20 -10.1674 -5.62645 -1.59116 14.9695 -3.18006 -15.4175 9.75561 8.23654 -13.9878 3.49795 -8.68327 

0.231767 0.212886 1.21105 16.0536 -10.1674 -16.5106 -1.59116 14.9695 -3.18006 -15.4175 9.75561 8.23654 -13.9878 3.49795 -8.68327 
0.231767 0.212886 1.21105 20 -10.1674 -5.62645 -1.59116 14.9695 -3.18006 -15.4175 9.75561 8.23654 -13.9878 3.49795 -8.68327 

0.231767 0.212886 1.21105 3.80995 -10.1674 -9.75503 -1.59116 14.9695 -3.18006 -15.4175 9.75561 8.23654 -13.9878 3.49795 -8.68327 
0.231767 0.212886 1.21105 20 -10.1674 -5.43469 -1.59116 14.9695 -3.18006 -15.4175 9.75561 8.23654 -13.9878 3.49795 -8.68327 

0.231767 0.212886 1.21105 -2.516 -10.1674 -5.21063 -1.59116 14.9695 -3.18006 -15.4175 9.75561 8.23654 -13.9878 3.49795 -8.68327 
0.231767 0.212886 1.21105 20 -10.1674 -3.41213 -1.59116 14.9695 -3.18006 -15.4175 9.75561 8.23654 -13.9878 3.49795 -8.68327 

0.231767 0.212886 1.21105 3.86705 -10.1674 -18.5192 -1.59116 14.9695 -3.18006 -15.4175 9.75561 8.23654 -13.9878 3.49795 -8.68327 
0.231767 0.212886 1.21105 20 -10.1674 -5.62645 -1.59116 14.9695 -3.18006 -15.4175 9.75561 8.23654 -13.9878 3.49795 -8.68327 

0.231767 0.212886 1.21105 7.35309 -10.1674 -18.4924 -1.59116 14.9695 -3.18006 -15.4175 9.75561 8.23654 -13.9878 3.49795 -8.68327 
0.231767 0.212886 1.21105 20 -10.1674 -5.62645 -1.59116 14.9695 -3.18006 -15.4175 9.75561 8.23654 -13.9878 3.49795 -8.68327 

0.231767 0.212886 1.21105 9.32123 -10.1674 -16.4806 -1.59116 14.9695 -3.18006 -15.4175 9.75561 8.23654 -13.9878 3.49795 -8.68327 
0.231767 0.212886 1.21105 20 -10.1674 -5.62645 -1.59116 14.9695 -3.18006 -15.4175 9.75561 8.23654 -13.9878 3.49795 -8.68327 

0.231767 0.212886 1.21105 -1.20609 -10.1674 -11.7466 -1.59116 14.9695 -3.18006 -15.4175 9.75561 8.23654 -13.9878 3.49795 -8.68327 
0.231767 0.212886 1.21105 20 -10.1674 -4.46878 -1.59116 14.9695 -3.18006 -15.4175 9.75561 8.23654 -13.9878 3.49795 -8.68327 

0.231767 0.212886 1.21105 -4.81845 -10.1674 0.0350957 -1.59116 14.9695 -3.18006 -15.4175 9.75561 8.23654 -13.9878 3.49795 -8.68327 
0.231767 0.212886 1.21105 20 -10.1674 -3.41213 -1.59116 14.9695 -3.18006 -15.4175 9.75561 8.23654 -13.9878 3.49795 -8.68327 

0.231767 0.212886 1.21105 2.85028 -10.1674 -10.3157 -1.59116 14.9695 -3.18006 -15.4175 9.75561 8.23654 -13.9878 3.49795 -8.68327 
0.231767 0.212886 1.21105 20 -10.1674 -5.27328 -1.59116 14.9695 -3.18006 -15.4175 9.75561 8.23654 -13.9878 3.49795 -8.68327 

0.231767 0.212886 1.21105 13.6445 -10.1674 -18.4116 -1.59116 14.9695 -3.18006 -15.4175 9.75561 8.23654 -13.9878 3.49795 -8.68327 
0.231767 0.212886 1.21105 20 -10.1674 -5.62645 -1.59116 14.9695 -3.18006 -15.4175 9.75561 8.23654 -13.9878 3.49795 -8.68327 

0.231767 0.212886 1.21105 15.8598 -10.1674 9.42852 -1.59116 14.9695 -3.18006 -15.4175 9.75561 8.23654 -13.9878 3.49795 -8.68327 
0.231767 0.212886 1.21105 20 -10.1674 -3.41213 -1.59116 14.9695 -3.18006 -15.4175 9.75561 8.23654 -13.9878 3.49795 -8.68327 

0.231767 0.212886 1.21105 -5.41603 -10.1674 -17.285 -1.59116 14.9695 -3.18006 -15.4175 9.75561 8.23654 -13.9878 3.49795 -8.68327 
0.231767 0.212886 1.21105 20 -10.1674 -5.62645 -1.59116 14.9695 -3.18006 -15.4175 9.75561 8.23654 -13.9878 3.49795 -8.68327 

0.231767 0.212886 1.21105 -2.62245 -10.1674 8.03147 -1.59116 14.9695 -3.18006 -15.4175 9.75561 8.23654 -13.9878 3.49795 -8.68327 
0.231767 0.212886 1.21105 20 -10.1674 -3.41213 -1.59116 14.9695 -3.18006 -15.4175 9.75561 8.23654 -13.9878 3.49795 -8.68327 

0.231767 0.212886 1.21105 -7.74313 -10.1674 -3.86249 -1.59116 14.9695 -3.18006 -15.4175 9.75561 8.23654 -13.9878 3.49795 -8.68327 
0.231767 0.212886 1.21105 20 -10.1674 -3.41213 -1.59116 14.9695 -3.18006 -15.4175 9.75561 8.23654 -13.9878 3.49795 -8.68327 

0.231767 0.212886 1.21105 -0.575232 -10.1674 -6.94875 -1.59116 14.9695 -3.18006 -15.4175 9.75561 8.23654 -13.9878 3.49795 -8.68327 
0.231767 0.212886 1.21105 20 -10.1674 -3.41213 -1.59116 14.9695 -3.18006 -15.4175 9.75561 8.23654 -13.9878 3.49795 -8.68327 

0.231767 0.212886 1.21105 0.579349 -10.1674 6.50448 -1.59116 14.9695 -3.18006 -15.4175 9.75561 8.23654 -13.9878 3.49795 -8.68327 
0.231767 0.212886 1.21105 20 -10.1674 -3.41213 -1.59116 14.9695 -3.18006 -15.4175 9.75561 8.23654 -13.9878 3.49795 -8.68327 

0.231767 0.212886 1.21105 -0.41932 -10.1674 -1.29263 -1.59116 14.9695 -3.18006 -15.4175 9.75561 8.23654 -13.9878 3.49795 -8.68327 
0.231767 0.212886 1.21105 20 -10.1674 -3.41213 -1.59116 14.9695 -3.18006 -15.4175 9.75561 8.23654 -13.9878 3.49795 -8.68327 

0.231767 0.212886 1.21105 3.86232 -10.1674 -12.7676 -1.59116 14.9695 -3.18006 -15.4175 9.75561 8.23654 -13.9878 3.49795 -8.68327 
0.231767 0.212886 1.21105 20 -10.1674 -5.62645 -1.59116 14.9695 -3.18006 -15.4175 9.75561 8.23654 -13.9878 3.49795 -8.68327 

0.231767 0.212886 1.21105 14.9123 -10.1674 9.83419 -1.59116 14.9695 -3.18006 -15.4175 9.75561 8.23654 -13.9878 3.49795 -8.68327 
0.231767 0.212886 1.21105 20 -10.1674 -3.41213 -1.59116 14.9695 -3.18006 -15.4175 9.75561 8.23654 -13.9878 3.49795 -8.68327 

0.231767 0.212886 1.21105 18.349 -10.1674 8.84189 -1.59116 14.9695 -3.18006 -15.4175 9.75561 8.23654 -13.9878 3.49795 -8.68327 
0.231767 0.212886 1.21105 20 -10.1674 -3.41213 -1.59116 14.9695 -3.18006 -15.4175 9.75561 8.23654 -13.9878 3.49795 -8.68327 

0.231767 0.212886 1.21105 5.4713 -10.1674 -19.8586 -1.59116 14.9695 -3.18006 -15.4175 9.75561 8.23654 -13.9878 3.49795 -8.68327 
0.231767 0.212886 1.21105 20 -10.1674 -5.62645 -1.59116 14.9695 -3.18006 -15.4175 9.75561 8.23654 -13.9878 3.49795 -8.68327 

0.231767 0.212886 1.21105 5.08082 -10.1674 -6.54467 -1.59116 14.9695 -3.18006 -15.4175 9.75561 8.23654 -13.9878 3.49795 -8.68327 
0.231767 0.212886 1.21105 20 -10.1674 -4.1375 -1.59116 14.9695 -3.18006 -15.4175 9.75561 8.23654 -13.9878 3.49795 -8.68327 

0.231767 0.212886 1.21105 -0.0128158 -10.1674 -19.6448 -1.59116 14.9695 -3.18006 -15.4175 9.75561 8.23654 -13.9878 3.49795 -8.68327 
0.231767 0.212886 1.21105 20 -10.1674 -5.62645 -1.59116 14.9695 -3.18006 -15.4175 9.75561 8.23654 -13.9878 3.49795 -8.68327 

0.231767 0.212886 1.21105 4.15096 -10.1674 0.0115813 -1.59116 14.9695 -3.18006 -15.4175 9.75561 8.23654 -13.9878 3.49795 -8.68327 
0.231767 0.212886 1.21105 20 -10.1674 -3.41213 -1.59116 14.9695 -3.18006 -15.4175 9.75561 8.23654 -13.9878 3.49795 -8.68327 

0.231767 0.212886 1.21105 0.933512 -10.1674 -10.8049 -1.59116 14.9695 -3.18006 -15.4175 9.75561 8.23654 -13.9878 3.49795 -8.68327 
0.231767 0.212886 1.21105 20 -10.1674 -4.59162 -1.59116 14.9695 -3.18006 -15.4175 9.75561 8.23654 -13.9878 3.49795 -8.68327 

0.231767 0.212886 1.21105 -6.62585 -10.1674 2.59798 -1.59116 14.9695 -3.18006 -15.4175 9.75561 8.23654 -13.9878 3.49795 -8.68327 
0.231767 0.212886 1.21105 20 -10.1674 -3.41213 -1.59116 14.9695 -3.18006 -15.4175 9.75561 8.23654 -13.9878 3.49795 -8.68327 

0.231767 0.212886 1.21105 19.3633 -10.1674 3.12002 -1.59116 14.9695 -3.18006 -15.4175 9.75561 8.23654 -13.9878 3.49795 -8.68327 
0.231767 0.212886 1.21105 20 -10.1674 -3.41213 -1.59116 14.9695 -3.18006 -15.4175 9.75561 8.23654 -13.9878 3.49795 -8.68327 

0.231767 0.212886 1.21105 -8.98505 -10.1674 -4.33355 -1.59116 14.9695 -3.18006 -15.4175 9.75561 8.23654 -13.9878 3.49795 -8.68327 
0.231767 0.212886 1.21105 20 -10.1674 -3.41213 -1.59116 14.9695 -3.18006 -15.4175 9.75561 8.23654 -13.9878 3.49795 -8.68327 

0.231767 0.212886 1.21105 15.6774 -10.1674 -6.79763 -1.59116 14.9695 -3.18006 -15.4175 9.75561 8.23654 -13.9878 3.49795 -8.68327 
0.231767 0.212886 1.21105 20 -10.1674 -5.62645 -1.59116 14.9695 -3.18006 -15.4175 9.75561 8.23654 -13.9878 3.49795 -8.68327 

0.231767 0.212886 1.21105 6.54687 -10.1674 8.4269 -1.59116 14.9695 -3.18006 -15.4175 9.75561 8.23654 -13.9878 3.49795 -8.68327 
0.231767 0.212886 1.21105 20 -10.1674 -3.41213 -1.59116 14.9695 -3.18006 -15.4175 9.75561 8.23654 -13.9878 3.49795 -8.68327 

0.231767 0.212886 1.21105 9.42687 -10.1674 9.2982 -1.59116 14.9695 -3.18006 -15.4175 9.75561 8.23654 -13.9878 3.49795 -8.68327 
0.231767 0.212886 1.21105 20 -10.1674 -3.41213 -1.59116 14.9695 -3.18006 -15.4175 9.75561 8.23654 -13.9878 3.49795 -8.68327 

0.231767 0.212886 1.21105 3.41253 -10.1674 9.00558 -1.59116 14.9695 -3.18006 -15.4175 9.75561 8.23654 -13.9878 3.49795 -8.68327 
0.231767 0.212886 1.21105 20 -10.1674 -3.41213 -1.59116 14.9695 -3.18006 -15.4175 9.75561 8.23654 -13.9878 3.49795 -8.68327 

0.231767 0.212886 1.21105 18.6918 -10.1674 8.78971 -1.59116 14.9695 -3.18006 -15.4175 9.75561 8.23654 -13.9878 3.49795 -8.68327 
0.231767 0.212886 1.21105 20 -10.1674 -3.41213 -1.59116 14.9695 -3.18006 -15.4175 9.75561 8.23654 -13.9878 3.49795 -8.68327 

0.231767 0.212886 1.21105 4.50453 -10.1674 -13.2566 -1.59116 14.9695 -3.18006 -15.4175 9.75561 8.23654 -13.9878 3.49795 -8.68327 
0.231767 0.212886 1.21105 20 -10.1674 -5.62645 -1.59116 14.9695 -3.18006 -15.4175 9.75561 8.23654 -13.9878 3.49795 -8.68327 

0.231767 0.212886 1.21105 -9.60898 -10.1674 -4.43307 -1.59116 14.9695 -3.18006 -15.4175 9.75561 8.23654 -13.9878 3.49795 -8.68327 
0.231767 0.212886 1.21105 20 -10.1674 -3.41213 -1.59116 14.9695 -3.18006 -15.4175 9.75561 8.23654 -13.9878 3.49795 -8.68327 

0.231767 0.212886 1.21105 18.0539 -10.1674 -14.2813 -1.59116 14.9695 -3.18006 -15.4175 9.75561 8.23654 -13.9878 3.49795 -8.68327 
0.231767 0.212886 1.21105 20 -10.1674 -5.62645 -1.59116 14.9695 -3.18006 -15.4175 9.75561 8.23654 -13.9878 3.49795 -8.68327 

0.231767 0.212886 1.21105 -1.33603 -10.1674 -8.45778 -1.59116 14.9695 -3.18006 -15.4175 9.75561 8.23654 -13.9878 3.49795 -8.68327 
0.231767 0.212886 1.21105 20 -10.1674 -3.41213 -1.59116 14.9695 -3.18006 -15.4175 9.75561 8.23654 -13.9878 3.49795 -8.68327 

0.231767 0.212886 1.21105 9.38731 -10.1674 -7.52148 -1.59116 14.9695 -3.18006 -15.4175 9.75561 8.23654 -13.9878 3.49795 -8.68327 
0.231767 0.212886 1.21105 20 -10.1674 -5.62645 -1.59116 14.9695 -3.18006 -15.4175 9.75561 8.23654 -13.9878 3.49795 -8.68327 

0.231767 0.212886 1.21105 11.5663 -10.1674 5.58921 -1.59116 14.9695 -3.18006 -15.4175 9.75561 8.23654 -13.9878 3.49795 -8.68327 
0.231767 0.212886 1.21105 20 -10.1674 -3.41213 -1.59116 14.9695 -3.18006 -15.4175 9.75561 8.23654 -13.9878 3.49795 -8.68327 

0.231767 0.212886 1.21105 7.05792 -10.1674 -17.0294 -1.59116 14.9695 -3.18006 -15.4175 9.75561 8.23654 -13.9878 3.49795 -8.68327 
0.231767 0.212886 1.21105 20 -10.1674 -5.62645 -1.59116 14.9695 -3.18006 -15.4175 9.75561 8.23654 -13.9878 3.49795 -8.68327 

0.231767 0.212886 1.21105 -9.86277 -10.1674 -14.9428 -1.59116 14.9695 -3.18006 -15.4175 9.75561 8.23654 -13.9878 3.49795 -8.68327 
0.231767 0.212886 1.21105 20 -10.1674 -4.89459 -1.59116 14.9695 -3.18006 -15.4175 9.75561 8.23654 -13.9878 3.49795 -8.68327 

0.231767 0.212886 1.21105 7.56724 -10.1674 -8.64511 -1.59116 14.9695 -3.18006 -15.4175 9.75561 8.23654 -13.9878 3.49795 -8.68327 
0.231767 0.212886 1.21105 20 -10.1674 -5.62645 -1.59116 14.9695 -3.18006 -15.4175 9.75561 8.23654 -13.9878 3.49795 -8.68327 

0.231767 0.212886 1.21105 1.84413 -10.1674 0.0962484 -1.59116 14.9695 -3.18006 -15.4175 9.75561 8.23654 -13.9878 3.49795 -8.68327 
0.231767 0.212886 1.21105 20 -10.1674 -3.41213 -1.59116 14.9695 -3.18006 -15.4175 9.75561 8.23654 -13.9878 3.49795 -8.68327 

0.231767 0.212886 1.21105 -6.68807 -10.1674 -4.25938 -1.59116 14.9695 -3.18006 -15.4175 9.75561 8.23654 -13.9878 3.49795 -8.68327 
0.231767 0.212886 1.21105 20 -10.1674 -3.41213 -1.59116 14.9695 -3.18006 -15.4175 9.75561 8.23654 -13.9878 3.49795 -8.68327 

0.231767 0.212886 1.21105 -3.27991 -10.1674 -15.5026 -1.59116 14.9695 -3.18006 -15.4175 9.75561 8.23654 -13.9878 3.49795 -8.68327 
0.231767 0.212886 1.21105 20 -10.1674 -5.62645 -1.59116 14.9695 -3.18006 -15.4175 9.75561 8.23654 -13.9878 3.49795 -8.68327 

0.231767 0.212886 1.21105 -6.81871 -10.1674 -2.28687 -1.59116 14.9695 -3.18006 -15.4175 9.75561 8.23654 -13.9878 3.49795 -8.68327 
0.231767 0.212886 1.21105 20 -10.1674 -3.41213 -1.59116 14.9695 -3.18006 -15.4175 9.75561 8.23654 -13.9878 3.49795 -8.68327 

0.231767 0.212886 1.21105 -6.09019 -10.1674 -1.67008 -1.59116 14.9695 -3.18006 -15.4175 9.75561 8.23654 -13.9878 3.49795 -8.68327 
0.231767 0.212886 1.21105 20 -10.1674 -3.41213 -1.59116 14.9695 -3.18006 -15.4175 9.75561 8.23654 -13.9878 3.49795 -8.68327 

0.231767 0.212886 1.21105 -9.94119 -10.1674 -14.0824 -1.59116 14.9695 -3.18006 -15.4175 9.75561 8.23654 -13.9878 3.49795 -8.68327 
0.231767 0.212886 1.21105 20 -10.1674 -4.38534 -1.59116 14.9695 -3.18006 -15.4175 9.75561 8.23654 -13.9878 3.49795 -8.68327 

0.231767 0.212886 1.21105 -5.67513 -10.1674 5.91314 -1.59116 14.9695 -3.18006 -15.4175 9.75561 8.23654 -13.9878 3.49795 -8.68327 
0.231767 0.212886 1.21105 20 -10.1674 -3.41213 -1.59116 14.9695 -3.18006 -15.4175 9.75561 8.23654 -13.9878 3.49795 -8.68327 

0.231767 0.212886 1.21105 0.0357797 -10.1674 -1.4943 -1.59116 14.9695 -3.18006 -15.4175 9.75561 8.23654 -13.9878 3.49795 -8.68327 
0.231767 0.212886 1.21105 20 -10.1674 -3.41213 -1.59116 14.9695 -3.18006 -15.4175 9.75561 8.23654 -13.9878 3.49795 -8.68327 

0.231767 0.212886 1.21105 12.0842 -10.1674 -14.351 -1.59116 14.9695 -3.18006 -15.4175 9.75561 8.23654 -13.9878 3.49795 -8.68327 
0.231767 0.212886 1.21105 20 -10.1674 -5.62645 -1.59116 14.9695 -3.18006 -15.4175 9.75561 8.23654 -13.9878 3.49795 -8.68327 

0.231767 0.212886 1.21105 10.3903 -10.1674 -5.12477 -1.59116 14.9695 -3.18006 -15.4175 9.75561 8.23654 -13.9878 3.49795 -8.68327 
0.231767 0.212886 1.21105 20 -10.1674 -4.80646 -1.59116 14.9695 -3.18006 -15.4175 9.75561 8.23654 -13.9878 3.49795 -8.68327 

0.231767 0.212886 1.21105 -7.73908 -10.1674 -18.8316 -1.59116 14.9695 -3.18006 -15.4175 9.75561 8.23654 -13.9878 3.49795 -8.68327 
0.231767 0.212886 1.21105 20 -10.1674 -5.62645 -1.59116 14.9695 -3.18006 -15.4175 9.75561 8.23654 -13.9878 3.49795 -8.68327 

0.231767 0.212886 1.21105 12.9038 -10.1674 -5.39173 -1.59116 14.9695 -3.18006 -15.4175 9.75561 8.23654 -13.9878 3.49795 -8.68327 
0.231767 0.212886 1.21105 20 -10.1674 -5.33571 -1.59116 14.9695 -3.18006 -15.4175 9.75561 8.23654 -13.9878 3.49795 -8.68327 

0.231767 0.212886 1.21105 12.5091 -10.1674 -8.94035 -1.59116 14.9695 -3.18006 -15.4175 9.75561 8.23654 -13.9878 3.49795 -8.68327 
0.231767 0.212886 1.21105 20 -10.1674 -5.62645 -1.59116 14.9695 -3.18006 -15.4175 9.75561 8.23654 -13.9878 3.49795 -8.68327 

0.231767 0.212886 1.21105 3.52052 -10.1674 -19.6903 -1.59116 14.9695 -3.18006 -15.4175 9.75561 8.23654 -13.9878 3.49795 -8.68327 
0.231767 0.212886 1.21105 20 -10.1674 -5.62645 -1.59116 14.9695 -3.18006 -15.4175 9.75561 8.23654 -13.9878 3.49795 -8.68327 

0.231767 0.212886 1.21105 -4.9432 -10.1674 -12.332 -1.59116 14.9695 -3.18006 -15.4175 9.75561 8.23654 -13.9878 3.49795 -8.68327 
0.231767 0.212886 1.21105 20 -10.1674 -4.16248 -1.59116 14.9695 -3.18006 -15.4175 9.75561 8.23654 -13.9878 3.49795 -8.68327 

0.231767 0.212886 1.21105 0.137773 -10.1674 -3.05496 -1.59116 14.9695 -3.18006 -15.4175 9.75561 8.23654 -13.9878 3.49795 -8.68327 
0.231767 0.212886 1.21105 20 -10.1674 -3.41213 -1.59116 14.9695 -3.18006 -15.4175 9.75561 8.23654 -13.9878 3.49795 -8.68327 

0.231767 0.212886 1.21105 -2.67833 -10.1674 -1.99193 -1.59116 14.9695 -3.18006 -15.4175 9.75561 8.23654 -13.9878 3.49795 -8.68327 
0.231767 0.212886 1.21105 20 -10.1674 -3.41213 -1.59116 14.9695 -3.18006 -15.4175 9.75561 8.23654 -13.9878 3.49795 -8.68327 

0.231767 0.212886 1.21105 -6.05492 -10.1674 -1.59619 -1.59116 14.9695 -3.18006 -15.4175 9.75561 8.23654 -13.9878 3.49795 -8.68327 
0.231767 0.212886 1.21105 20 -10.1674 -3.41213 -1.59116 14.9695 -3.18006 -15.4175 9.75561 8.23654 -13.9878 3.49795 -8.68327 

0.231767 0.212886 1.21105 -4.93871 -10.1674 3.36877 -1.59116 14.9695 -3.18006 -15.4175 9.75561 8.23654 -13.9878 3.49795 -8.68327 
0.231767 0.212886 1.21105 20 -10.1674 -3.41213 -1.59116 14.9695 -3.18006 -15.4175 9.75561 8.23654 -13.9878 3.49795 -8.68327 

0.231767 0.212886 1.21105 18.6326 -10.1674 2.8513 -1.59116 14.9695 -3.18006 -15.4175 9.75561 8.23654 -13.9878 3.49795 -8.68327 
0.231767 0.212886 1.21105 20 -10.1674 -3.41213 -1.59116 14.9695 -3.18006 -15.4175 9.75561 8.23654 -13.9878 3.49795 -8.68327 

0.231767 0.212886 1.21105 8.37096 -10.1674 6.20359 -1.59116 14.9695 -3.18006 -15.4175 9.75561 8.23654 -13.9878 3.49795 -8.68327 
0.231767 0.212886 1.21105 20 -10.1674 -3.41213 -1.59116 14.9695 -3.18006 -15.4175 9.75561 8.23654 -13.9878 3.49795 -8.68327 

0.231767 0.212886 1.21105 8.10115 -10.1674 8.76389 -1.59116 14.9695 -3.18006 -15.4175 9.75561 8.23654 -13.9878 3.49795 -8.68327 
0.231767 0.212886 1.21105 20 -10.1674 -3.41213 -1.59116 14.9695 -3.18006 -15.4175 9.75561 8.23654 -13.9878 3.49795 -8.68327 

0.231767 0.212886 1.21105 18.0166 -10.1674 1.86181 -1.59116 14.9695 -3.18006 -15.4175 9.75561 8.23654 -13.9878 3.49795 -8.68327 
0.231767 0.212886 1.21105 20 -10.1674 -3.41213 -1.59116 14.9695 -3.18006 -15.4175 9.75561 8.23654 -13.9878 3.49795 -8.68327 

0.231767 0.212886 1.21105 3.93612 -10.1674 -16.6908 -1.59116 14.9695 -3.18006 -15.4175 9.75561 8.23654 -13.9878 3.49795 -8.68327 
0.231767 0.212886 1.21105 20 -10.1674 -5.62645 -1.59116 14.9695 -3.18006 -15.4175 9.75561 8.23654 -13.9878 3.49795 -8.68327 

0.231767 0.212886 1.21105 -6.98171 -10.1674 -15.4891 -1.59116 14.9695 -3.18006 -15.4175 9.75561 8.23654 -13.9878 3.49795 -8.68327 
0.231767 0.212886 1.21105 20 -10.1674 -5.62645 -1.59116 14.9695 -3.18006 -15.4175 9.75561 8.23654 -13.9878 3.49795 -8.68327 

0.231767 0.212886 1.21105 3.2592 -10.1674 -16.6505 -1.59116 14.9695 -3.18006 -15.4175 9.75561 8.23654 -13.9878 3.49795 -8.68327 
0.231767 0.212886 1.21105 20 -10.1674 -5.62645 -1.59116 14.9695 -3.18006 -15.4175 9.75561 8.23654 -13.9878 3.49795 -8.68327 

0.231767 0.212886 1.21105 16.3255 -10.1674 -4.94263 -1.59116 14.9695 -3.18006 -15.4175 9.75561 8.23654 -13.9878 3.49795 -8.68327 
0.231767 0.212886 1.21105 20 -10.1674 -4.94263 -1.59116 14.9695 -3.18006 -15.4175 9.75561 8.23654 -13.9878 3.49795 -8.68327 

0.231767 0.212886 1.21105 0.939596 -10.1674 -9.3052 -1.59116 14.9695 -3.18006 -15.4175 9.75561 8.23654 -13.9878 3.49795 -8.68327 
0.231767 0.212886 1.21105 20 -10.1674 -3.73481 -1.59116 14.9695 -3.18006 -15.4175 9.75561 8.23654 -13.9878 3.49795 -8.68327 

0.231767 0.212886 1.21105 2.5082 -10.1674 -0.328911 -1.59116 14.9695 -3.18006 -15.4175 9.75561 8.23654 -13.9878 3.49795 -8.68327 
0.231767 0.212886 1.21105 20 -10.1674 -3.41213 -1.59116 14.9695 -3.18006 -15.4175 9.75561 8.23654 -13.9878 3.49795 -8.68327 

0.231767 0.212886 1.21105 -1.93017 -10.1674 -8.88451 -1.59116 14.9695 -3.18006 -15.4175 9.75561 8.23654 -13.9878 3.49795 -8.68327 
0.231767 0.212886 1.21105 20 -10.1674 -3.41213 -1.59116 14.9695 -3.18006 -15.4175 9.75561 8.23654 -13.9878 3.49795 -8.68327 

0.231767 0.212886 1.21105 7.42275 -10.1674 4.79185 -1.59116 14.9695 -3.18006 -15.4175 9.75561 8.23654 -13.9878 3.49795 -8.68327 
0.231767 0.212886 1.21105 20 -10.1674 -3.41213 -1.59116 14.9695 -3.18006 -15.4175 9.75561 8.23654 -13.9878 3.49795 -8.68327 

0.231767 0.212886 1.21105 1.82513 -10.1674 -5.67774 -1.59116 14.9695 -3.18006 -15.4175 9.75561 8.23654 -13.9878 3.49795 -8.68327 
0.231767 0.212886 1.21105 20 -10.1674 -3.41213 -1.59116 14.9695 -3.18006 -15.4175 9.75561 8.23654 -13.9878 3.49795 -8.68327 

0.231767 0.212886 1.21105 -0.905309 -10.1674 7.66653 -1.59116 14.9695 -3.18006 -15.4175 9.75561 8.23654 -13.9878 3.49795 -8.68327 
0.231767 0.212886 1.21105 20 -10.1674 -3.41213 -1.59116 14.9695 -3.18006 -15.4175 9.75561 8.23654 -13.9878 3.49795 -8.68327 

0.231767 0.212886 1.21105 10.0421 -10.1674 5.57672 -1.59116 14.9695 -3.18006 -15.4175 9.75561 8.23654 -13.9878 3.49795 -8.68327 
0.231767 0.212886 1.21105 20 -10.1674 -3.41213 -1.59116 14.9695 -3.18006 -15.4175 9.75561 8.23654 -13.9878 3.49795 -8.68327 

0.231767 0.212886 1.21105 2.90968 -10.1674 -9.9326 -1.59116 14.9695 -3.18006 -15.4175 9.75561 8.23654 -13.9878 3.49795 -8.68327 
0.231767 0.212886 1.21105 20 -10.1674 -5.076 -1.59116 14.9695 -3.18006 -15.4175 9.75561 8.23654 -13.9878 3.49795 -8.68327 

0.231767 0.212886 1.21105 13.8987 -10.1674 8.05935 -1.59116 14.9695 -3.18006 -15.4175 9.75561 8.23654 -13.9878 3.49795 -8.68327 
0.231767 0.212886 1.21105 20 -10.1674 -3.41213 -1.59116 14.9695 -3.18006 -15.4175 9.75561 8.23654 -13.9878 3.49795 -8.68327 

0.231767 0.212886 1.21105 13.1747 -10.1674 7.14528 -1.59116 14.9695 -3.18006 -15.4175 9.75561 8.23654 -13.9878 3.49795 -8.68327 
0.231767 0.212886 1.21105 20 -10.1674 -3.41213 -1.59116 14.9695 -3.18006 -15.4175 9.75561 8.23654 -13.9878 3.49795 -8.68327 

0.231767 0.212886 1.21105 3.38844 -10.1674 -13.9169 -1.59116 14.9695 -3.18006 -15.4175 9.75561 8.23654 -13.9878 3.49795 -8.68327 
0.231767 0.212886 1.21105 20 -10.1674 -5.62645 -1.59116 14.9695 -3.18006 -15.4175 9.75561 8.23654 -13.9878 3.49795 -8.68327 

0.231767 0.212886 1.21105 5.84033 -10.1674 -14.3956 -1.59116 14.9695 -3.18006 -15.4175 9.75561 8.23654 -13.9878 3.49795 -8.68327 
0.231767 0.212886 1.21105 20 -10.1674 -5.62645 -1.59116 14.9695 -3.18006 -15.4175 9.75561 8.23654 -13.9878 3.49795 -8.68327 

0.231767 0.212886 1.21105 -9.1875 -10.1674 -10.0351 -1.59116 14.9695 -3.18006 -15.4175 9.75561 8.23654 -13.9878 3.49795 -8.68327 
0.231767 0.212886 1.21105 20 -10.1674 -3.41213 -1.59116 14.9695 -3.18006 -15.4175 9.75561 8.23654 -13.9878 3.49795 -8.68327 

0.231767 0.212886 1.21105 6.07362 -10.1674 -9.72567 -1.59116 14.9695 -3.18006 -15.4175 9.75561 8.23654 -13.9878 3.49795 -8.68327 
0.231767 0.212886 1.21105 20 -10.1674 -5.62645 -1.59116 14.9695 -3.18006 -15.4175 9.75561 8.23654 -13.9878 3.49795 -8.68327 

0.231767 0.212886 1.21105 2.84962 -10.1674 5.62642 -1.59116 14.9695 -3.18006 -15.4175 9.75561 8.23654 -13.9878 3.49795 -8.68327 
0.231767 0.212886 1.21105 20 -10.1674 -3.41213 -1.59116 14.9695 -3.18006 -15.4175 9.75561 8.23654 -13.9878 3.49795 -8.68327 

0.231767 0.212886 1.21105 -1.87803 -10.1674 -1.6647 -1.59116 14.9695 -3.18006 -15.4175 9.75561 8.23654 -13.9878 3.49795 -8.68327 
0.231767 0.212886 1.21105 20 -10.1674 -3.41213 -1.59116 14.9695 -3.18006 -15.4175 9.75561 8.23654 -13.9878 3.49795 -8.68327 

0.231767 0.212886 1.21105 1.65548 -10.1674 -6.94667 -1.59116 14.9695 -3.18006 -15.4175 9.75561 8.23654 -13.9878 3.49795 -8.68327 
0.231767 0.212886 1.21105 20 -10.1674 -3.41213 -1.59116 14.9695 -3.18006 -15.4175 9.75561 8.23654 -13.9878 3.49795 -8.68327 

0.231767 0.212886 1.21105 1.1636 -10.1674 -11.129 -1.59116 14.9695 -3.18006 -15.4175 9.75561 8.23654 -13.9878 3.49795 -8.68327 
0.231767 0.212886 1.21105 20 -10.1674 -4.8837 -1.59116 14.9695 -3.18006 -15.4175 9.75561 8.23654 -13.9878 3.49795 -8.68327 

0.231767 0.212886 1.21105 0.727367 -10.1674 -1.52868 -1.59116 14.9695 -3.18006 -15.4175 9.75561 8.23654 -13.9878 3.49795 -8.68327 
0.231767 0.212886 1.21105 20 -10.1674 -3.41213 -1.59116 14.9695 -3.18006 -15.4175 9.75561 8.23654 -13.9878 3.49795 -8.68327 

0.231767 0.212886 1.21105 -9.40422 -10.1674 -15.1651 -1.59116 14.9695 -3.18006 -15.4175 9.75561 8.23654 -13.9878 3.49795 -8.68327 
0.231767 0.212886 1.21105 20 -10.1674 -5.09931 -1.59116 14.9695 -3.18006 -15.4175 9.75561 8.23654 -13.9878 3.49795 -8.68327 

0.231767 0.212886 1.21105 10.4527 -10.1674 -18.2658 -1.59116 14.9695 -3.18006 -15.4175 9.75561 8.23654 -13.9878 3.49795 -8.68327 
0.231767 0.212886 1.21105 20 -10.1674 -5.62645 -1.59116 14.9695 -3.18006 -15.4175 9.75561 8.23654 -13.9878 3.49795 -8.68327 

0.231767 0.212886 1.21105 12.2476 -10.1674 7.77436 -1.59116 14.9695 -3.18006 -15.4175 9.75561 8.23654 -13.9878 3.49795 -8.68327 
0.231767 0.212886 1.21105 20 -10.1674 -3.41213 -1.59116 14.9695 -3.18006 -15.4175 9.75561 8.23654 -13.9878 3.49795 -8.68327 

0.231767 0.212886 1.21105 -5.41462 -10.1674 -13.5936 -1.59116 14.9695 -3.18006 -15.4175 9.75561 8.23654 -13.9878 3.49795 -8.68327 
0.231767 0.212886 1.21105 20 -10.1674 -4.81379 -1.59116 14.9695 -3.18006 -15.4175 9.75561 8.23654 -13.9878 3.49795 -8.68327 

0.231767 0.212886 1.21105 -1.12019 -10.1674 -10.7574 -1.59116 14.9695 -3.18006 -15.4175 9.75561 8.23654 -13.9878 3.49795 -8.68327 
0.231767 0.212886 1.21105 20 -10.1674 -3.92065 -1.59116 14.9695 -3.18006 -15.4175 9.75561 8.23654 -13.9878 3.49795 -8.68327 

0.231767 0.212886 1.21105 -6.47862 -10.1674 -9.63928 -1.59116 14.9695 -3.18006 -15.4175 9.75561 8.23654 -13.9878 3.49795 -8.68327 
0.231767 0.212886 1.21105 20 -10.1674 -3.41213 -1.59116 14.9695 -3.18006 -15.4175 9.75561 8.23654 -13.9878 3.49795 -8.68327 

0.231767 0.212886 1.21105 16.7611 -10.1674 -8.41871 -1.59116 14.9695 -3.18006 -15.4175 9.75561 8.23654 -13.9878 3.49795 -8.68327 
0.231767 0.212886 1.21105 20 -10.1674 -5.62645 -1.59116 14.9695 -3.18006 -15.4175 9.75561 8.23654 -13.9878 3.49795 -8.68327 

0.231767 0.212886 1.21105 -9.61166 -10.1674 -14.0008 -1.59116 14.9695 -3.18006 -15.4175 9.75561 8.23654 -13.9878 3.49795 -8.68327 
0.231767 0.212886 1.21105 20 -10.1674 -4.38996 -1.59116 14.9695 -3.18006 -15.4175 9.75561 8.23654 -13.9878 3.49795 -8.68327 

0.231767 0.212886 1.21105 4.54715 -10.1674 6.75434 -1.59116 14.9695 -3.18006 -15.4175 9.75561 8.23654 -13.9878 3.49795 -8.68327 
0.231767 0.212886 1.21105 20 -10.1674 -3.41213 -1.59116 14.9695 -3.18006 -15.4175 9.75561 8.23654 -13.9878 3.49795 -8.68327 

0.231767 0.212886 1.21105 15.7482 -10.1674 6.02105 -1.59116 14.9695 -3.18006 -15.4175 9.75561 8.23654 -13.9878 3.49795 -8.68327 
0.231767 0.212886 1.21105 20 -10.1674 -3.41213 -1.59116 14.9695 -3.18006 -15.4175 9.75561 8.23654 -13.9878 3.49795 -8.68327 

0.231767 0.212886 1.21105 -1.53673 -10.1674 -0.460925 -1.59116 14.9695 -3.18006 -15.4175 9.75561 8.23654 -13.9878 3.49795 -8.68327 
0.231767 0.212886 1.21105 20 -10.1674 -3.41213 -1.59116 14.9695 -3.18006 -15.4175 9.75561 8.23654 -13.9878 3.49795 -8.68327 

0.231767 0.212886 1.21105 -0.68756 -10.1674 2.9902 -1.59116 14.9695 -3.18006 -15.4175 9.75561 8.23654 -13.9878 3.49795 -8.68327 
0.231767 0.212886 1.21105 20 -10.1674 -3.41213 -1.59116 14.9695 -3.18006 -15.4175 9.75561 8.23654 -13.9878 3.49795 -8.68327 

0.231767 0.212886 1.21105 -7.72435 -10.1674 -9.81022 -1.59116 14.9695 -3.18006 -15.4175 9.75561 8.23654 -13.9878 3.49795 -8.68327 
0.231767 0.212886 1.21105 20 -10.1674 -3.41213 -1.59116 14.9695 -3.18006 -15.4175 9.75561 8.23654 -13.9878 3.49795 -8.68327 

0.231767 0.212886 1.21105 -0.752548 -10.1674 0.585833 -1.59116 14.9695 -3.18006 -15.4175 9.75561 8.23654 -13.9878 3.49795 -8.68327 
0.231767 0.212886 1.21105 20 -10.1674 -3.41213 -1.59116 14.9695 -3.18006 -15.4175 9.75561 8.23654 -13.9878 3.49795 -8.68327 

0.231767 0.212886 1.21105 -3.16643 -10.1674 -19.1919 -1.59116 14.9695 -3.18006 -15.4175 9.75561 8.23654 -13.9878 3.49795 -8.68327 
0.231767 0.212886 1.21105 20 -10.1674 -5.62645 -1.59116 14.9695 -3.18006 -15.4175 9.75561 8.23654 -13.9878 3.49795 -8.68327 

0.231767 0.212886 1.21105 12.4366 -10.1674 -0.359206 -1.59116 14.9695 -3.18006 -15.4175 9.75561 8.23654 -13.9878 3.49795 -8.68327 
0.231767 0.212886 1.21105 20 -10.1674 -3.41213 -1.59116 14.9695 -3.18006 -15.4175 9.75561 8.23654 -13.9878 3.49795 -8.68327 

0.231767 0.212886 1.21105 11.8861 -10.1674 -0.444477 -1.59116 14.9695 -3.18006 -15.4175 9.75561 8.23654 -13.9878 3.49795 -8.68327 
0.231767 0.212886 1.21105 20 -10.1674 -3.41213 -1.59116 14.9695 -3.18006 -15.4175 9.75561 8.23654 -13.9878 3.49795 -8.68327 

0.231767 0.212886 1.21105 -5.04729 -10.1674 -5.28147 -1.59116 14.9695 -3.18006 -15.4175 9.75561 8.23654 -13.9878 3.49795 -8.68327 
0.231767 0.212886 1.21105 20 -10.1674 -3.41213 -1.59116 14.9695 -3.18006 -15.4175 9.75561 8.23654 -13.9878 3.49795 -8.68327 

0.231767 0.212886 1.21105 7.55463 -10.1674 -13.7758 -1.59116 14.9695 -3.18006 -15.4175 9.75561 8.23654 -13.9878 3.49795 -8.68327 
0.231767 0.212886 1.21105 20 -10.1674 -5.62645 -1.59116 14.9695 -3.18006 -15.4175 9.75561 8.23654 -13.9878 3.49795 -8.68327 

0.231767 0.212886 1.21105 5.40442 -10.1674 6.75785 -1.59116 14.9695 -3.18006 -15.4175 9.75561 8.23654 -13.9878 3.49795 -8.68327 
0.231767 0.212886 1.21105 20 -10.1674 -3.41213 -1.59116 14.9695 -3.18006 -15.4175 9.75561 8.23654 -13.9878 3.49795 -8.68327 

0.231767 0.212886 1.21105 -4.18722 -10.1674 0.53365 -1.59116 14.9695 -3.18006 -15.4175 9.75561 8.23654 -13.9878 3.49795 -8.68327 
0.231767 0.212886 1.21105 20 -10.1674 -3.41213 -1.59116 14.9695 -3.18006 -15.4175 9.75561 8.23654 -13.9878 3.49795 -8.68327 

0.231767 0.212886 1.21105 10.1169 -10.1674 -14.9562 -1.59116 14.9695 -3.18006 -15.4175 9.75561 8.23654 -13.9878 3.49795 -8.68327 
0.231767 0.212886 1.21105 20 -10.1674 -5.62645 -1.59116 14.9695 -3.18006 -15.4175 9.75561 8.23654 -13.9878 3.49795 -8.68327 

0.231767 0.212886 1.21105 13.1299 -10.1674 9.72352 -1.59116 14.9695 -3.18006 -15.4175 9.75561 8.23654 -13.9878 3.49795 -8.68327 
0.231767 0.212886 1.21105 20 -10.1674 -3.41213 -1.59116 14.9695 -3.18006 -15.4175 9.75561 8.23654 -13.9878 3.49795 -8.68327 

0.231767 0.212886 1.21105 3.1354 -10.1674 6.69702 -1.59116 14.9695 -3.18006 -15.4175 9.75561 8.23654 -13.9878 3.49795 -8.68327 
0.231767 0.212886 1.21105 20 -10.1674 -3.41213 -1.59116 14.9695 -3.18006 -15.4175 9.75561 8.23654 -13.9878 3.49795 -8.68327 

0.231767 0.212886 1.21105 -0.798866 -10.1674 0.5174 -1.59116 14.9695 -3.18006 -15.4175 9.75561 8.23654 -13.9878 3.49795 -8.68327 
0.231767 0.212886 1.21105 20 -10.1674 -3.41213 -1.59116 14.9695 -3.18006 -15.4175 9.75561 8.23654 -13.9878 3.49795 -8.68327 

0.231767 0.212886 1.21105 -1.9227 -10.1674 -12.854 -1.59116 14.9695 -3.18006 -15.4175 9.75561 8.23654 -13.9878 3.49795 -8.68327 
0.231767 0.212886 1.21105 20 -10.1674 -4.96747 -1.59116 14.9695 -3.18006 -15.4175 9.75561 8.23654 -13.9878 3.49795 -8.68327 

0.231767 0.212886 1.21105 18.9575 -10.1674 1.04507 -1.59116 14.9695 -3.18006 -15.4175 9.75561 8.23654 -13.9878 3.49795 -8.68327 
0.231767 0.212886 1.21105 20 -10.1674 -3.41213 -1.59116 14.9695 -3.18006 -15.4175 9.75561 8.23654 -13.9878 3.49795 -8.68327 

0.231767 0.212886 1.21105 2.51814 -10.1674 -11.3465 -1.59116 14.9695 -3.18006 -15.4175 9.75561 8.23654 -13.9878 3.49795 -8.68327 
0.231767 0.212886 1.21105 20 -10.1674 -5.62645 -1.59116 14.9695 -3.18006 -15.4175 9.75561 8.23654 -13.9878 3.49795 -8.68327 

0.231767 0.212886 1.21105 13.0148 -10.1674 -10.7093 -1.59116 14.9695 -3.18006 -15.4175 9.75561 8.23654 -13.9878 3.49795 -8.68327 
0.231767 0.212886 1.21105 20 -10.1674 -5.62645 -1.59116 14.9695 -3.18006 -15.4175 9.75561 8.23654 -13.9878 3.49795 -8.68327 

0.231767 0.212886 1.21105 4.00495 -10.1674 -8.7327 -1.59116 14.9695 -3.18006 -15.4175 9.75561 8.23654 -13.9878 3.49795 -8.68327 
0.231767 0.212886 1.21105 20 -10.1674 -4.92045 -1.59116 14.9695 -3.18006 -15.4175 9.75561 8.23654 -13.9878 3.49795 -8.68327 

0.231767 0.212886 1.21105 2.13787 -10.1674 -6.05619 -1.59116 14.9695 -3.18006 -15.4175 9.75561 8.23654 -13.9878 3.49795 -8.68327 
0.231767 0.212886 1.21105 20 -10.1674 -3.41213 -1.59116 14.9695 -3.18006 -15.4175 9.75561 8.23654 -13.9878 3.49795 -8.68327 

0.231767 0.212886 1.21105 2.19224 -10.1674 -15.1256 -1.59116 14.9695 -3.18006 -15.4175 9.75561 8.23654 -13.9878 3.49795 -8.68327 
0.231767 0.212886 1.21105 20 -10.1674 -5.62645 -1.59116 14.9695 -3.18006 -15.4175 9.75561 8.23654 -13.9878 3.49795 -8.68327 

0.231767 0.212886 1.21105 1.32622 -10.1674 -2.00265 -1.59116 14.9695 -3.18006 -15.4175 9.75561 8.23654 -13.9878 3.49795 -8.68327 
0.231767 0.212886 1.21105 20 -10.1674 -3.41213 -1.59116 14.9695 -3.18006 -15.4175 9.75561 8.23654 -13.9878 3.49795 -8.68327 

0.231767 0.212886 1.21105 17.9626 -10.1674 -13.3428 -1.59116 14.9695 -3.18006 -15.4175 9.75561 8.23654 -13.9878 3.49795 -8.68327 
0.231767 0.212886 1.21105 20 -10.1674 -5.62645 -1.59116 14.9695 -3.18006 -15.4175 9.75561 8.23654 -13.9878 3.49795 -8.68327 

0.231767 0.212886 1.21105 11.2699 -10.1674 6.10383 -1.59116 14.9695 -3.18006 -15.4175 9.75561 8.23654 -13.9878 3.49795 -8.68327 
0.231767 0.212886 1.21105 20 -10.1674 -3.41213 -1.59116 14.9695 -3.18006 -15.4175 9.75561 8.23654 -13.9878 3.49795 -8.68327 

0.231767 0.212886 1.21105 19.2355 -10.1674 0.928415 -1.59116 14.9695 -3.18006 -15.4175 9.75561 8.23654 -13.9878 3.49795 -8.68327 
0.231767 0.212886 1.21105 20 -10.1674 -3.41213 -1.59116 14.9695 -3.18006 -15.4175 9.75561 8.23654 -13.9878 3.49795 -8.68327 

0.231767 0.212886 1.21105 18.0965 -10.1674 8.45429 -1.59116 14.9695 -3.18006 -15.4175 9.75561 8.23654 -13.9878 3.49795 -8.68327 
0.231767 0.212886 1.21105 20 -10.1674 -3.41213 -1.59116 14.9695 -3.18006 -15.4175 9.75561 8.23654 -13.9878 3.49795 -8.68327 

0.231767 0.212886 1.21105 11.1682 -10.1674 -10.5347 -1.59116 14.9695 -3.18006 -15.4175 9.75561 8.23654 -13.9878 3.49795 -8.68327 
0.231767 0.212886 1.21105 20 -10.1674 -5.62645 -1.59116 14.9695 -3.18006 -15.4175 9.75561 8.23654 -13.9878 3.49795 -8.68327 

0.231767 0.212886 1.21105 18.0241 -10.1674 1.38797 -1.59116 14.9695 -3.18006 -15.4175 9.75561 8.23654 -13.9878 3.49795 -8.68327 
0.231767 0.212886 1.21105 20 -10.1674 -3.41213 -1.59116 14.9695 -3.18006 -15.4175 9.75561 8.23654 -13.9878 3.49795 -8.68327 

0.231767 0.212886 1.21105 8.47482 -10.1674 -6.1898 -1.59116 14.9695 -3.18006 -15.4175 9.75561 8.23654 -13.9878 3.49795 -8.68327 
0.231767 0.212886 1.21105 20 -10.1674 -5.10625 -1.59116 14.9695 -3.18006 -15.4175 9.75561 8.23654 -13.9878 3.49795 -8.68327 

0.231767 0.212886 1.21105 -1.34586 -10.1674 -5.35854 -1.59116 14.9695 -3.18006 -15.4175 9.75561 8.23654 -13.9878 3.49795 -8.68327 
0.231767 0.212886 1.21105 20 -10.1674 -3.41213 -1.59116 14.9695 -3.18006 -15.4175 9.75561 8.23654 -13.9878 3.49795 -8.68327 

0.231767 0.212886 1.21105 15.7525 -10.1674 6.53785 -1.59116 14.9695 -3.18006 -15.4175 9.75561 8.23654 -13.9878 3.49795 -8.68327 
0.231767 0.212886 1.21105 20 -10.1674 -3.41213 -1.59116 14.9695 -3.18006 -15.4175 9.75561 8.23654 -13.9878 3.49795 -8.68327 

0.231767 0.212886 1.21105 16.0911 -10.1674 3.40295 -1.59116 14.9695 -3.18006 -15.4175 9.75561 8.23654 -13.9878 3.49795 -8.68327 
0.231767 0.212886 1.21105 20 -10.1674 -3.41213 -1.59116 14.9695 -3.18006 -15.4175 9.75561 8.23654 -13.9878 3.49795 -8.68327 

0.231767 0.212886 1.21105 15.7477 -10.1674 3.08164 -1.59116 14.9695 -3.18006 -15.4175 9.75561 8.23654 -13.9878 3.49795 -8.68327 
0.231767 0.212886 1.21105 20 -10.1674 -3.41213 -1.59116 14.9695 -3.18006 -15.4175 9.75561 8.23654 -13.9878 3.49795 -8.68327 

0.231767 0.212886 1.21105 8.47934 -10.1674 -13.9371 -1.59116 14.9695 -3.18006 -15.4175 9.75561 8.23654 -13.9878 3.49795 -8.68327 
0.231767 0.212886 1.21105 20 -10.1674 -5.62645 -1.59116 14.9695 -3.18006 -15.4175 9.75561 8.23654 -13.9878 3.49795 -8.68327 

0.231767 0.212886 1.21105 9.17016 -10.1674 -7.82336 -1.59116 14.9695 -3.18006 -15.4175 9.75561 8.23654 -13.9878 3.49795 -8.68327 
0.231767 0.212886 1.21105 20 -10.1674 -5.62645 -1.59116 14.9695 -3.18006 -15.4175 9.75561 8.23654 -13.9878 3.49795 -8.68327 

0.231767 0.212886 1.21105 0.823844 -10.1674 -17.3519 -1.59116 14.9695 -3.18006 -15.4175 9.75561 8.23654 -13.9878 3.49795 -8.68327 
0.231767 0.212886 1.21105 20 -10.1674 -5.62645 -1.59116 14.9695 -3.18006 -15.4175 9.75561 8.23654 -13.9878 3.49795 -8.68327 

0.231767 0.212886 1.21105 -4.27455 -10.1674 5.42703 -1.59116 14.9695 -3.18006 -15.4175 9.75561 8.23654 -13.9878 3.49795 -8.68327 
0.231767 0.212886 1.21105 20 -10.1674 -3.41213 -1.59116 14.9695 -3.18006 -15.4175 9.75561 8.23654 -13.9878 3.49795 -8.68327 

0.231767 0.212886 1.21105 11.8959 -10.1674 5.48629 -1.59116 14.9695 -3.18006 -15.4175 9.75561 8.23654 -13.9878 3.49795 -8.68327 
0.231767 0.212886 1.21105 20 -10.1674 -3.41213 -1.59116 14.9695 -3.18006 -15.4175 9.75561 8.23654 -13.9878 3.49795 -8.68327 

0.231767 0.212886 1.21105 3.48354 -10.1674 -5.02059 -1.59116 14.9695 -3.18006 -15.4175 9.75561 8.23654 -13.9878 3.49795 -8.68327 
0.231767 0.212886 1.21105 20 -10.1674 -3.41213 -1.59116 14.9695 -3.18006 -15.4175 9.75561 8.23654 -13.9878 3.49795 -8.68327 

0.231767 0.212886 1.21105 6.02898 -10.1674 4.87101 -1.59116 14.9695 -3.18006 -15.4175 9.75561 8.23654 -13.9878 3.49795 -8.68327 
0.231767 0.212886 1.21105 20 -10.1674 -3.41213 -1.59116 14.9695 -3.18006 -15.4175 9.75561 8.23654 -13.9878 3.49795 -8.68327 

0.231767 0.212886 1.21105 9.49723 -10.1674 -18.641 -1.59116 14.9695 -3.18006 -15.4175 9.75561 8.23654 -13.9878 3.49795 -8.68327 
0.231767 0.212886 1.21105 20 -10.1674 -5.62645 -1.59116 14.9695 -3.18006 -15.4175 9.75561 8.23654 -13.9878 3.49795 -8.68327 

0.231767 0.212886 1.21105 0.159599 -10.1674 -7.53926 -1.59116 14.9695 -3.18006 -15.4175 9.75561 8.23654 -13.9878 3.49795 -8.68327 
0.231767 0.212886 1.21105 20 -10.1674 -3.41213 -1.59116 14.9695 -3.18006 -15.4175 9.75561 8.23654 -13.9878 3.49795 -8.68327 

0.231767 0.212886 1.21105 -2.10965 -10.1674 -5.03922 -1.59116 14.9695 -3.18006 -15.4175 9.75561 8.23654 -13.9878 3.49795 -8.68327 
0.231767 0.212886 1.21105 20 -10.1674 -3.41213 -1.59116 14.9695 -3.18006 -15.4175 9.75561 8.23654 -13.9878 3.49795 -8.68327 

0.231767 0.212886 1.21105 7.78071 -10.1674 -8.86175 -1.59116 14.9695 -3.18006 -15.4175 9.75561 8.23654 -13.9878 3.49795 -8.68327 
0.231767 0.212886 1.21105 20 -10.1674 -5.62645 -1.59116 14.9695 -3.18006 -15.4175 9.75561 8.23654 -13.9878 3.49795 -8.68327 

0.231767 0.212886 1.21105 10.0339 -10.1674 -19.4243 -1.59116 14.9695 -3.18006 -15.4175 9.75561 8.23654 -13.9878 3.49795 -8.68327 
0.231767 0.212886 1.21105 20 -10.1674 -5.62645 -1.59116 14.9695 -3.18006 -15.4175 9.75561 8.23654 -13.9878 3.49795 -8.68327 

0.231767 0.212886 1.21105 19.2997 -10.1674 -1.41137 -1.59116 14.9695 -3.18006 -15.4175 9.75561 8.23654 -13.9878 3.49795 -8.68327 
0.231767 0.212886 1.21105 20 -10.1674 -3.41213 -1.59116 14.9695 -3.18006 -15.4175 9.75561 8.23654 -13.9878 3.49795 -8.68327 

0.231767 0.212886 1.21105 19.6247 -10.1674 -19.7758 -1.59116 14.9695 -3.18006 -15.4175 9.75561 8.23654 -13.9878 3.49795 -8.68327 
0.231767 0.212886 1.21105 20 -10.1674 -5.62645 -1.59116 14.9695 -3.18006 -15.4175 9.75561 8.23654 -13.9878 3.49795 -8.68327 

0.231767 0.212886 1.21105 8.59373 -10.1674 -3.88396 -1.59116 14.9695 -3.18006 -15.4175 9.75561 8.23654 -13.9878 3.49795 -8.68327 
0.231767 0.212886 1.21105 20 -10.1674 -3.56815 -1.59116 14.9695 -3.18006 -15.4175 9.75561 8.23654 -13.9878 3.49795 -8.68327 

0.231767 0.212886 1.21105 -0.947344 -10.1674 -12.1707 -1.59116 14.9695 -3.18006 -15.4175 9.75561 8.23654 -13.9878 3.49795 -8.68327 
0.231767 0.212886 1.21105 20 -10.1674 -4.77052 -1.59116 14.9695 -3.18006 -15.4175 9.75561 8.23654 -13.9878 3.49795 -8.68327 

0.231767 0.212886 1.21105 -3.48042 -10.1674 -16.1491 -1.59116 14.9695 -3.18006 -15.4175 9.75561 8.23654 -13.9878 3.49795 -8.68327 
0.231767 0.212886 1.21105 20 -10.1674 -5.62645 -1.59116 14.9695 -3.18006 -15.4175 9.75561 8.23654 -13.9878 3.49795 -8.68327 

0.231767 0.212886 1.21105 17.3922 -10.1674 -2.55635 -1.59116 14.9695 -3.18006 -15.4175 9.75561 8.23654 -13.9878 3.49795 -8.68327 
0.231767 0.212886 1.21105 20 -10.1674 -3.41213 -1.59116 14.9695 -3.18006 -15.4175 9.75561 8.23654 -13.9878 3.49795 -8.68327 

0.231767 0.212886 1.21105 -1.0768 -10.1674 -18.0899 -1.59116 14.9695 -3.18006 -15.4175 9.75561 8.23654 -13.9878 3.49795 -8.68327 
0.231767 0.212886 1.21105 20 -10.1674 -5.62645 -1.59116 14.9695 -3.18006 -15.4175 9.75561 8.23654 -13.9878 3.49795 -8.68327 

0.231767 0.212886 1.21105 -7.96079 -10.1674 -13.5511 -1.59116 14.9695 -3.18006 -15.4175 9.75561 8.23654 -13.9878 3.49795 -8.68327 
0.231767 0.212886 1.21105 20 -10.1674 -4.38936 -1.59116 14.9695 -3.18006 -15.4175 9.75561 8.23654 -13.9878 3.49795 -8.68327 

