0 3.23228 0.707507 0.859786
176.31 117.979 0.379966 0.351433 0.535444 0.155287 8.16486 2.04118
1 3.23228 0.874668 1.06689
176.31 117.979 0.379966 0.351433 0.535444 0.155287 8.16486 2.04118
2 3.25567 1.12695 1.42937
175.744 117.799 0.378435 0.352381 0.533715 0.154396 8.18005 2.01984
3 3.25567 1.2772 1.42509
175.744 117.799 0.378435 0.352381 0.533715 0.154396 8.18005 2.01984
4 4.21384 1.54641 1.86296
171.742 130.428 0.393499 0.434684 0.489441 0 5.59959 0.968266
5 4.21384 1.68081 1.90213
171.742 130.428 0.393499 0.434684 0.489441 0 5.59959 0.968266
6 4.85731 1.98125 2.47447
177.24 109.562 0.396667 0.373308 0.572035 0 9.09669 1.53547
7 4.85731 2.42262 2.85675
177.24 109.562 0.396667 0.373308 0.572035 0 9.09669 1.53547
8 5.21562 2.60774 3.11486
182.501 100 0.433682 0.329477 0.541755 2.29468e-05 7.57902 0.45684
9 5.21562 2.2972 3.19333
182.501 100 0.433682 0.329477 0.541755 2.29468e-05 7.57902 0.45684
10 5.39114 2.39479 3.62978
174.089 105.123 0.415581 0.393422 0.543757 0.00375124 9.13516 1.73459
11 5.39114 2.67696 3.24945
174.089 105.123 0.415581 0.393422 0.543757 0.00375124 9.13516 1.73459
12 5.39114 2.76569 3.10959
174.089 105.123 0.415581 0.393422 0.543757 0.00375124 9.13516 1.73459
13 5.39114 2.63325 3.05074
174.089 105.123 0.415581 0.393422 0.543757 0.00375124 9.13516 1.73459
14 5.39114 2.87469 2.90767
174.089 105.123 0.415581 0.393422 0.543757 0.00375124 9.13516 1.73459
15 5.61113 3.07054 3.1159
175.653 104.191 0.414623 0.382393 0.53027 0 9.04089 1.70177
16 5.61113 3.00157 2.90044
175.653 104.191 0.414623 0.382393 0.53027 0 9.04089 1.70177
17 5.61113 3.21539 2.58325
175.653 104.191 0.414623 0.382393 0.53027 0 9.04089 1.70177
18 5.61113 2.85638 3.5804
175.653 104.191 0.414623 0.382393 0.53027 0 9.04089 1.70177
19 5.61113 2.24172 3.1194
175.653 104.191 0.414623 0.382393 0.53027 0 9.04089 1.70177
20 5.61113 2.25922 3.67147
175.653 104.191 0.414623 0.382393 0.53027 0 9.04089 1.70177
21 5.61113 2.70623 3.688
175.653 104.191 0.414623 0.382393 0.53027 0 9.04089 1.70177
22 5.61113 2.61745 3.76311
175.653 104.191 0.414623 0.382393 0.53027 0 9.04089 1.70177
23 5.61113 2.71653 3.47733
175.653 104.191 0.414623 0.382393 0.53027 0 9.04089 1.70177
24 5.61113 2.69794 3.17321
175.653 104.191 0.414623 0.382393 0.53027 0 9.04089 1.70177
25 5.61113 2.90407 3.43502
175.653 104.191 0.414623 0.382393 0.53027 0 9.04089 1.70177
26 5.61113 2.72889 3.35605
175.653 104.191 0.414623 0.382393 0.53027 0 9.04089 1.70177
27 5.61113 2.71008 3.43554
175.653 104.191 0.414623 0.382393 0.53027 0 9.04089 1.70177
28 5.61113 2.50186 3.86127
175.653 104.191 0.414623 0.382393 0.53027 0 9.04089 1.70177
29 5.61113 2.81754 3.52014
175.653 104.191 0.414623 0.382393 0.53027 0 9.04089 1.70177
30 5.61113 2.55469 2.49353
175.653 104.191 0.414623 0.382393 0.53027 0 9.04089 1.70177
31 5.61113 2.71025 3.90266
175.653 104.191 0.414623 0.382393 0.53027 0 9.04089 1.70177
32 5.61113 2.59006 3.79764
175.653 104.191 0.414623 0.382393 0.53027 0 9.04089 1.70177
33 5.61113 2.62027 4.27282
175.653 104.191 0.414623 0.382393 0.53027 0 9.04089 1.70177
34 5.61113 2.93717 3.48923
175.653 104.191 0.414623 0.382393 0.53027 0 9.04089 1.70177
35 5.61113 2.41742 3.34755
175.653 104.191 0.414623 0.382393 0.53027 0 9.04089 1.70177
36 5.61113 2.68353 2.73727
175.653 104.191 0.414623 0.382393 0.53027 0 9.04089 1.70177
37 5.61113 2.85916 2.69304
175.653 104.191 0.414623 0.382393 0.53027 0 9.04089 1.70177
38 5.61113 2.67772 3.16029
175.653 104.191 0.414623 0.382393 0.53027 0 9.04089 1.70177
39 5.61113 2.56739 3.75511
175.653 104.191 0.414623 0.382393 0.53027 0 9.04089 1.70177
40 5.61113 2.84821 3.295
175.653 104.191 0.414623 0.382393 0.53027 0 9.04089 1.70177
41 5.61113 2.71896 2.82591
175.653 104.191 0.414623 0.382393 0.53027 0 9.04089 1.70177
42 5.61113 2.54603 3.88428
175.653 104.191 0.414623 0.382393 0.53027 0 9.04089 1.70177
43 5.61113 2.65505 3.86202
175.653 104.191 0.414623 0.382393 0.53027 0 9.04089 1.70177
44 5.61113 2.73893 3.11997
175.653 104.191 0.414623 0.382393 0.53027 0 9.04089 1.70177
45 5.61113 2.89303 3.84793
175.653 104.191 0.414623 0.382393 0.53027 0 9.04089 1.70177
46 5.61113 2.99827 3.71322
175.653 104.191 0.414623 0.382393 0.53027 0 9.04089 1.70177
47 5.61113 3.02075 3.45456
175.653 104.191 0.414623 0.382393 0.53027 0 9.04089 1.70177
48 5.61113 2.86359 3.92455
175.653 104.191 0.414623 0.382393 0.53027 0 9.04089 1.70177
49 5.61113 2.79919 3.84381
175.653 104.191 0.414623 0.382393 0.53027 0 9.04089 1.70177
50 5.61113 2.85053 2.93423
175.653 104.191 0.414623 0.382393 0.53027 0 9.04089 1.70177
51 5.61113 2.98344 2.59456
175.653 104.191 0.414623 0.382393 0.53027 0 9.04089 1.70177
52 5.61113 2.73838 3.48527
175.653 104.191 0.414623 0.382393 0.53027 0 9.04089 1.70177
53 5.61113 2.81791 4.32476
175.653 104.191 0.414623 0.382393 0.53027 0 9.04089 1.70177
54 5.61113 3.14784 3.63352
175.653 104.191 0.414623 0.382393 0.53027 0 9.04089 1.70177
55 5.61113 3.23516 2.83699
175.653 104.191 0.414623 0.382393 0.53027 0 9.04089 1.70177
56 5.61113 3.09205 3.08787
175.653 104.191 0.414623 0.382393 0.53027 0 9.04089 1.70177
57 5.61113 3.15642 3.39096
175.653 104.191 0.414623 0.382393 0.53027 0 9.04089 1.70177
58 5.61113 2.72441 3.88918
175.653 104.191 0.414623 0.382393 0.53027 0 9.04089 1.70177
59 5.61113 2.74259 3.67494
175.653 104.191 0.414623 0.382393 0.53027 0 9.04089 1.70177
60 5.61113 3.40383 3.14053
175.653 104.191 0.414623 0.382393 0.53027 0 9.04089 1.70177
61 5.61113 3.64252 2.56617
175.653 104.191 0.414623 0.382393 0.53027 0 9.04089 1.70177
62 5.61113 3.23968 2.89701
175.653 104.191 0.414623 0.382393 0.53027 0 9.04089 1.70177
63 5.61113 2.83668 4.46814
175.653 104.191 0.414623 0.382393 0.53027 0 9.04089 1.70177
64 5.61113 2.86964 3.89757
175.653 104.191 0.414623 0.382393 0.53027 0 9.04089 1.70177
65 5.61113 2.95868 3.12306
175.653 104.191 0.414623 0.382393 0.53027 0 9.04089 1.70177
66 5.61113 2.68568 2.81276
175.653 104.191 0.414623 0.382393 0.53027 0 9.04089 1.70177
67 5.61113 2.813 2.87871
175.653 104.191 0.414623 0.382393 0.53027 0 9.04089 1.70177
68 5.61113 2.66407 3.50508
175.653 104.191 0.414623 0.382393 0.53027 0 9.04089 1.70177
69 5.61113 2.74834 3.35437
175.653 104.191 0.414623 0.382393 0.53027 0 9.04089 1.70177
70 5.61113 2.84352 3.26881
175.653 104.191 0.414623 0.382393 0.53027 0 9.04089 1.70177
71 5.61113 2.92395 3.62367
175.653 104.191 0.414623 0.382393 0.53027 0 9.04089 1.70177
72 5.61113 2.7843 3.77949
175.653 104.191 0.414623 0.382393 0.53027 0 9.04089 1.70177
73 5.61113 2.7305 3.68441
175.653 104.191 0.414623 0.382393 0.53027 0 9.04089 1.70177
74 5.61113 2.68032 3.82657
175.653 104.191 0.414623 0.382393 0.53027 0 9.04089 1.70177
75 5.61113 3.14756 3.36421
175.653 104.191 0.414623 0.382393 0.53027 0 9.04089 1.70177
76 5.61113 2.7207 3.29996
175.653 104.191 0.414623 0.382393 0.53027 0 9.04089 1.70177
77 5.61113 3.36694 2.54629
175.653 104.191 0.414623 0.382393 0.53027 0 9.04089 1.70177
78 5.61113 3.38296 2.75006
175.653 104.191 0.414623 0.382393 0.53027 0 9.04089 1.70177
79 5.61113 3.18847 3.81855
175.653 104.191 0.414623 0.382393 0.53027 0 9.04089 1.70177
80 5.61113 3.06081 3.05729
175.653 104.191 0.414623 0.382393 0.53027 0 9.04089 1.70177
81 5.61113 2.94121 3.91365
175.653 104.191 0.414623 0.382393 0.53027 0 9.04089 1.70177
82 5.61113 3.2284 2.92785
175.653 104.191 0.414623 0.382393 0.53027 0 9.04089 1.70177
83 5.61113 2.75497 3.70667
175.653 104.191 0.414623 0.382393 0.53027 0 9.04089 1.70177
84 5.79108 2.88155 3.39705
111.31 123.236 0 0.40452 0.427703 0.0658479 5.10283 0.54651
85 5.79108 3.23449 3.47407
111.31 123.236 0 0.40452 0.427703 0.0658479 5.10283 0.54651
86 5.79108 3.17634 2.56648
111.31 123.236 0 0.40452 0.427703 0.0658479 5.10283 0.54651
87 5.79108 3.23104 2.8761
111.31 123.236 0 0.40452 0.427703 0.0658479 5.10283 0.54651
88 5.79108 2.83169 2.75616
111.31 123.236 0 0.40452 0.427703 0.0658479 5.10283 0.54651
89 5.79108 2.72827 3.88801
111.31 123.236 0 0.40452 0.427703 0.0658479 5.10283 0.54651
90 6.34248 3.10757 3.90668
111.522 121.95 0.00147492 0.397116 0.423029 0.0651044 5.07442 0.380564
91 6.34248 3.49071 3.30138
111.522 121.95 0.00147492 0.397116 0.423029 0.0651044 5.07442 0.380564
92 6.37838 3.6666 3.89893
106.659 126.11 0.0839583 0.371951 0.262065 0.0954951 4.83478 0.694791
93 7.37612 3.63636 4.81516
102.656 100 0 0.423591 0.32199 0 6.61497 1.70288
94 7.37612 3.70982 4.51695
102.656 100 0 0.423591 0.32199 0 6.61497 1.70288
95 7.37612 3.68269 5.55221
102.656 100 0 0.423591 0.32199 0 6.61497 1.70288
96 7.37612 3.65836 6.44635
102.656 100 0 0.423591 0.32199 0 6.61497 1.70288
97 7.37612 3.81257 5.92288
102.656 100 0 0.423591 0.32199 0 6.61497 1.70288
98 7.37612 4.54791 4.22473
102.656 100 0 0.423591 0.32199 0 6.61497 1.70288
99 7.92273 4.343 5.17856
100.922 101.798 0 0.428784 0.313555 0.0214427 6.48927 1.4846
100 7.92273 4.25103 4.48449
100.922 101.798 0 0.428784 0.313555 0.0214427 6.48927 1.4846
