0 25.9996 1.68307 23.1558
166.62 139.343 0.20134 0.542669 0.20134 0.542669 9.99176 0.834254
1 25.9996 3.18077 49.4255
166.62 139.343 0.20134 0.542669 0.20134 0.542669 9.99176 0.834254
2 25.9996 5.93795 99.8099
166.62 139.343 0.20134 0.542669 0.20134 0.542669 9.99176 0.834254
3 26.0177 8.11623 121.828
154.426 147.951 0.161452 0.491403 0.161452 0.491403 9.67098 3.29506
4 26.0177 9.391 133.645
154.426 147.951 0.161452 0.491403 0.161452 0.491403 9.67098 3.29506
5 26.028 11.0215 145.478
146.275 150.767 0.0929397 0.401152 0.0929397 0.401152 9.60119 2.99421
6 26.2225 12.722 156.339
149.803 146.998 0.201947 0.418418 0.201947 0.418418 9.66688 3.1369
7 26.2225 13.2644 156.946
149.803 146.998 0.201947 0.418418 0.201947 0.418418 9.66688 3.1369
8 26.2257 15.2033 151.273
151.032 148.051 0.22591 0.415067 0.22591 0.415067 9.56281 3.2823
9 27.8768 15.4324 155.43
200 174.08 0.0763275 0.143431 0.0763275 0.243877 9.31243 10
10 28.1063 14.1194 151.708
200 169.304 0.095876 0.136378 0.095876 0.280743 9.90361 10
11 28.1063 15.7351 149.693
200 169.304 0.095876 0.136378 0.095876 0.280743 9.90361 10
12 28.1095 16.7939 146.59
174.742 171.185 0.0918664 0.224862 0.0918664 0.224862 9.03816 8.61869
13 29.4278 15.7307 151.828
199.673 168.309 0.112735 0.130835 0.112735 0.262841 10 9.89981
14 33.9888 17.5944 140.141
200 189.464 0.0789492 0.246308 0.0789492 0.246308 9.4286 9.34297
15 34.8756 18.1407 162.313
175.562 169.04 0.075008 0.226442 0.075008 0.226442 9.14569 8.24969
16 34.8756 18.5772 152.856
175.562 169.04 0.075008 0.226442 0.075008 0.226442 9.14569 8.24969
17 35.9983 19.5577 152.749
175.179 168.73 0.0729458 0.228415 0.0729458 0.228415 9.14499 8.25044
18 35.9983 19.0943 152.47
175.179 168.73 0.0729458 0.228415 0.0729458 0.228415 9.14499 8.25044
19 35.9983 18.8752 152.676
175.179 168.73 0.0729458 0.228415 0.0729458 0.228415 9.14499 8.25044
20 35.9983 20.1656 127.346
175.179 168.73 0.0729458 0.228415 0.0729458 0.228415 9.14499 8.25044
21 37.6201 19.3058 164.026
194.747 154.28 0.0826487 0.137063 0.114582 0.373117 9.9393 8.45602
22 37.6201 20.0416 133.899
194.747 154.28 0.0826487 0.137063 0.114582 0.373117 9.9393 8.45602
23 37.6201 20.2993 125.443
194.747 154.28 0.0826487 0.137063 0.114582 0.373117 9.9393 8.45602
24 37.6201 18.8426 151.643
194.747 154.28 0.0826487 0.137063 0.114582 0.373117 9.9393 8.45602
25 37.6201 20.664 135.344
194.747 154.28 0.0826487 0.137063 0.114582 0.373117 9.9393 8.45602
26 37.6201 21.2161 125.871
194.747 154.28 0.0826487 0.137063 0.114582 0.373117 9.9393 8.45602
27 37.6201 20.5043 146.52
194.747 154.28 0.0826487 0.137063 0.114582 0.373117 9.9393 8.45602
28 37.6201 24.2099 93.8638
194.747 154.28 0.0826487 0.137063 0.114582 0.373117 9.9393 8.45602
29 37.6201 21.039 145.169
194.747 154.28 0.0826487 0.137063 0.114582 0.373117 9.9393 8.45602
30 37.6201 22.319 128.553
194.747 154.28 0.0826487 0.137063 0.114582 0.373117 9.9393 8.45602
31 37.6201 21.5973 117.379
194.747 154.28 0.0826487 0.137063 0.114582 0.373117 9.9393 8.45602
32 37.6201 21.2407 127.296
194.747 154.28 0.0826487 0.137063 0.114582 0.373117 9.9393 8.45602
33 37.6201 21.5499 131.899
194.747 154.28 0.0826487 0.137063 0.114582 0.373117 9.9393 8.45602
34 37.6201 21.4893 130.651
194.747 154.28 0.0826487 0.137063 0.114582 0.373117 9.9393 8.45602
35 37.6201 22.8442 102.886
194.747 154.28 0.0826487 0.137063 0.114582 0.373117 9.9393 8.45602
36 37.6201 23.3985 87.1497
194.747 154.28 0.0826487 0.137063 0.114582 0.373117 9.9393 8.45602
37 37.6201 21.4529 117.943
194.747 154.28 0.0826487 0.137063 0.114582 0.373117 9.9393 8.45602
38 37.6201 20.7231 129.198
194.747 154.28 0.0826487 0.137063 0.114582 0.373117 9.9393 8.45602
39 37.6201 20.9725 120.564
194.747 154.28 0.0826487 0.137063 0.114582 0.373117 9.9393 8.45602
40 37.6201 21.4462 118.721
194.747 154.28 0.0826487 0.137063 0.114582 0.373117 9.9393 8.45602
41 37.6201 20.5866 135.318
194.747 154.28 0.0826487 0.137063 0.114582 0.373117 9.9393 8.45602
42 37.6201 21.9326 128.142
194.747 154.28 0.0826487 0.137063 0.114582 0.373117 9.9393 8.45602
43 37.6201 21.2386 129.34
194.747 154.28 0.0826487 0.137063 0.114582 0.373117 9.9393 8.45602
44 37.6201 21.692 121.908
194.747 154.28 0.0826487 0.137063 0.114582 0.373117 9.9393 8.45602
45 37.6201 22.8801 104.573
194.747 154.28 0.0826487 0.137063 0.114582 0.373117 9.9393 8.45602
46 37.6201 22.7715 109.907
194.747 154.28 0.0826487 0.137063 0.114582 0.373117 9.9393 8.45602
47 37.6201 22.9016 101.451
194.747 154.28 0.0826487 0.137063 0.114582 0.373117 9.9393 8.45602
48 37.6201 24.1158 90.7052
194.747 154.28 0.0826487 0.137063 0.114582 0.373117 9.9393 8.45602
49 37.6201 23.4315 94.0588
194.747 154.28 0.0826487 0.137063 0.114582 0.373117 9.9393 8.45602
50 37.6201 23.7023 91.845
194.747 154.28 0.0826487 0.137063 0.114582 0.373117 9.9393 8.45602
51 37.6201 24.4381 83.4719
194.747 154.28 0.0826487 0.137063 0.114582 0.373117 9.9393 8.45602
52 37.6201 24.7751 72.2596
194.747 154.28 0.0826487 0.137063 0.114582 0.373117 9.9393 8.45602
53 37.6201 25.3175 63.4776
194.747 154.28 0.0826487 0.137063 0.114582 0.373117 9.9393 8.45602
54 37.6201 21.9008 111.668
194.747 154.28 0.0826487 0.137063 0.114582 0.373117 9.9393 8.45602
55 37.6201 22.2403 117.069
194.747 154.28 0.0826487 0.137063 0.114582 0.373117 9.9393 8.45602
56 37.6201 22.2173 98.637
194.747 154.28 0.0826487 0.137063 0.114582 0.373117 9.9393 8.45602
57 37.6201 21.0418 114.839
194.747 154.28 0.0826487 0.137063 0.114582 0.373117 9.9393 8.45602
58 37.6201 21.3511 109.146
194.747 154.28 0.0826487 0.137063 0.114582 0.373117 9.9393 8.45602
59 37.6201 23.1051 91.9115
194.747 154.28 0.0826487 0.137063 0.114582 0.373117 9.9393 8.45602
60 37.6201 20.8882 132.615
194.747 154.28 0.0826487 0.137063 0.114582 0.373117 9.9393 8.45602
61 37.6201 21.1362 127.521
194.747 154.28 0.0826487 0.137063 0.114582 0.373117 9.9393 8.45602
62 37.6201 20.8578 115.065
194.747 154.28 0.0826487 0.137063 0.114582 0.373117 9.9393 8.45602
63 37.6201 19.3495 117.275
194.747 154.28 0.0826487 0.137063 0.114582 0.373117 9.9393 8.45602
64 37.6201 21.5024 107.987
194.747 154.28 0.0826487 0.137063 0.114582 0.373117 9.9393 8.45602
65 37.6201 21.7473 117.388
194.747 154.28 0.0826487 0.137063 0.114582 0.373117 9.9393 8.45602
66 37.6201 21.6464 110.338
194.747 154.28 0.0826487 0.137063 0.114582 0.373117 9.9393 8.45602
67 37.6201 22.814 95.5174
194.747 154.28 0.0826487 0.137063 0.114582 0.373117 9.9393 8.45602
68 37.6201 23.3221 69.2852
194.747 154.28 0.0826487 0.137063 0.114582 0.373117 9.9393 8.45602
69 37.6201 23.318 91.2739
194.747 154.28 0.0826487 0.137063 0.114582 0.373117 9.9393 8.45602
70 37.6201 22.3268 98.3034
194.747 154.28 0.0826487 0.137063 0.114582 0.373117 9.9393 8.45602
71 37.6201 20.0934 146.809
194.747 154.28 0.0826487 0.137063 0.114582 0.373117 9.9393 8.45602
72 37.6201 21.0171 116.1
194.747 154.28 0.0826487 0.137063 0.114582 0.373117 9.9393 8.45602
73 37.6201 21.3626 112.585
194.747 154.28 0.0826487 0.137063 0.114582 0.373117 9.9393 8.45602
74 37.6201 21.8447 120.1
194.747 154.28 0.0826487 0.137063 0.114582 0.373117 9.9393 8.45602
75 37.6201 22.452 99.8724
194.747 154.28 0.0826487 0.137063 0.114582 0.373117 9.9393 8.45602
76 37.6201 22.0814 108.958
194.747 154.28 0.0826487 0.137063 0.114582 0.373117 9.9393 8.45602
77 37.6201 22.4477 102.094
194.747 154.28 0.0826487 0.137063 0.114582 0.373117 9.9393 8.45602
78 37.6201 23.0891 97.0695
194.747 154.28 0.0826487 0.137063 0.114582 0.373117 9.9393 8.45602
79 37.6201 21.8039 128.307
194.747 154.28 0.0826487 0.137063 0.114582 0.373117 9.9393 8.45602
80 37.6201 23.9501 93.974
194.747 154.28 0.0826487 0.137063 0.114582 0.373117 9.9393 8.45602
81 37.6201 22.8657 107.805
194.747 154.28 0.0826487 0.137063 0.114582 0.373117 9.9393 8.45602
82 37.6201 23.9399 90.7941
194.747 154.28 0.0826487 0.137063 0.114582 0.373117 9.9393 8.45602
83 37.6201 22.1937 122.664
194.747 154.28 0.0826487 0.137063 0.114582 0.373117 9.9393 8.45602
84 37.6201 21.2346 129.688
194.747 154.28 0.0826487 0.137063 0.114582 0.373117 9.9393 8.45602
85 37.6201 22.0251 113.724
194.747 154.28 0.0826487 0.137063 0.114582 0.373117 9.9393 8.45602
86 37.6201 23.6208 96.2486
194.747 154.28 0.0826487 0.137063 0.114582 0.373117 9.9393 8.45602
87 37.6201 22.9526 106.424
194.747 154.28 0.0826487 0.137063 0.114582 0.373117 9.9393 8.45602
88 37.6201 21.426 118.841
194.747 154.28 0.0826487 0.137063 0.114582 0.373117 9.9393 8.45602
89 37.6201 21.2561 123.702
194.747 154.28 0.0826487 0.137063 0.114582 0.373117 9.9393 8.45602
90 37.6201 18.9908 143.297
194.747 154.28 0.0826487 0.137063 0.114582 0.373117 9.9393 8.45602
91 37.6201 20.2743 148.379
194.747 154.28 0.0826487 0.137063 0.114582 0.373117 9.9393 8.45602
92 37.6201 23.2926 105.919
194.747 154.28 0.0826487 0.137063 0.114582 0.373117 9.9393 8.45602
93 37.6201 21.5718 131.163
194.747 154.28 0.0826487 0.137063 0.114582 0.373117 9.9393 8.45602
94 37.6201 23.2708 98.0173
194.747 154.28 0.0826487 0.137063 0.114582 0.373117 9.9393 8.45602
95 37.6201 22.8649 108.866
194.747 154.28 0.0826487 0.137063 0.114582 0.373117 9.9393 8.45602
96 37.6201 23.8249 93.3625
194.747 154.28 0.0826487 0.137063 0.114582 0.373117 9.9393 8.45602
97 37.6201 23.6082 89.7176
194.747 154.28 0.0826487 0.137063 0.114582 0.373117 9.9393 8.45602
98 37.6201 23.1548 94.4537
194.747 154.28 0.0826487 0.137063 0.114582 0.373117 9.9393 8.45602
99 37.6201 23.1434 90.494
194.747 154.28 0.0826487 0.137063 0.114582 0.373117 9.9393 8.45602
100 37.6201 23.8136 89.8516
194.747 154.28 0.0826487 0.137063 0.114582 0.373117 9.9393 8.45602
