0 26.7391 2.14828 31.1653
137.882 101.948 0.0874818 0.167393 0.0926372 0.124798 4.53865 4.6792
1 26.7391 3.55612 47.7925
137.882 101.948 0.0874818 0.167393 0.0926372 0.124798 4.53865 4.6792
2 26.7391 5.24757 68.3084
137.882 101.948 0.0874818 0.167393 0.0926372 0.124798 4.53865 4.6792
3 26.7391 7.68797 91.0112
137.882 101.948 0.0874818 0.167393 0.0926372 0.124798 4.53865 4.6792
4 26.7681 10.398 109.673
138.031 101.986 0.0853051 0.170134 0.0894663 0.123973 4.54216 4.68994
5 26.9726 11.7758 122.136
134.368 100 0.101281 0.200439 0.160184 0.108098 4.73128 4.53693
6 28.4473 13.1077 139.248
133.965 100 0.107817 0.22731 0.171633 0.112018 4.51627 4.40145
7 29.4046 13.6276 124.682
131.202 100 0.140565 0.201831 0.2532 0.145117 5.47223 3.62423
8 29.4046 15.6355 119.223
131.202 100 0.140565 0.201831 0.2532 0.145117 5.47223 3.62423
9 29.4046 16.0637 123.523
131.202 100 0.140565 0.201831 0.2532 0.145117 5.47223 3.62423
10 29.4046 15.0004 131.97
131.202 100 0.140565 0.201831 0.2532 0.145117 5.47223 3.62423
11 29.6958 15.9837 121.933
130.737 100.272 0.13314 0.203097 0.260118 0.151201 5.47237 3.67956
12 29.6958 16.0253 120.954
130.737 100.272 0.13314 0.203097 0.260118 0.151201 5.47237 3.67956
13 29.6958 18.5079 104.733
130.737 100.272 0.13314 0.203097 0.260118 0.151201 5.47237 3.67956
14 31.3379 19.8635 96.5994
130.564 100.84 0.142419 0.215185 0.254245 0.140494 5.50497 3.47876
15 31.3379 20.5562 91.9708
130.564 100.84 0.142419 0.215185 0.254245 0.140494 5.50497 3.47876
16 31.3379 21.537 78.2649
130.564 100.84 0.142419 0.215185 0.254245 0.140494 5.50497 3.47876
17 31.3379 21.1665 79.7762
130.564 100.84 0.142419 0.215185 0.254245 0.140494 5.50497 3.47876
18 31.3379 20.4815 84.5983
130.564 100.84 0.142419 0.215185 0.254245 0.140494 5.50497 3.47876
19 31.3379 20.8533 99.5635
130.564 100.84 0.142419 0.215185 0.254245 0.140494 5.50497 3.47876
20 31.3379 21.7984 85.6563
130.564 100.84 0.142419 0.215185 0.254245 0.140494 5.50497 3.47876
21 31.3379 21.0157 89.3258
130.564 100.84 0.142419 0.215185 0.254245 0.140494 5.50497 3.47876
22 31.3379 21.2695 82.5469
130.564 100.84 0.142419 0.215185 0.254245 0.140494 5.50497 3.47876
23 31.3379 22.2392 66.1698
130.564 100.84 0.142419 0.215185 0.254245 0.140494 5.50497 3.47876
24 31.3379 22.1125 59.3265
130.564 100.84 0.142419 0.215185 0.254245 0.140494 5.50497 3.47876
25 32.0356 21.6397 75.9656
130.083 100 0.0325891 0.27643 0.0702064 0 2.54339 3.4418
26 32.0356 20.9396 86.2284
130.083 100 0.0325891 0.27643 0.0702064 0 2.54339 3.4418
27 32.0356 21.2271 87.3903
130.083 100 0.0325891 0.27643 0.0702064 0 2.54339 3.4418
28 32.0356 22.1832 78.9248
130.083 100 0.0325891 0.27643 0.0702064 0 2.54339 3.4418
29 32.9603 21.2918 82.7951
129.956 100 0.0344191 0.269716 0.0799112 0.0140815 2.54114 3.33083
30 32.9603 21.2668 91.1508
129.956 100 0.0344191 0.269716 0.0799112 0.0140815 2.54114 3.33083
31 32.9603 21.621 90.9971
129.956 100 0.0344191 0.269716 0.0799112 0.0140815 2.54114 3.33083
32 32.9603 20.3248 108.674
129.956 100 0.0344191 0.269716 0.0799112 0.0140815 2.54114 3.33083
33 32.9603 20.8954 100.961
129.956 100 0.0344191 0.269716 0.0799112 0.0140815 2.54114 3.33083
34 32.9603 23.2283 67.819
129.956 100 0.0344191 0.269716 0.0799112 0.0140815 2.54114 3.33083
35 32.9603 21.0682 90.2299
129.956 100 0.0344191 0.269716 0.0799112 0.0140815 2.54114 3.33083
36 32.9603 21.0127 101.957
129.956 100 0.0344191 0.269716 0.0799112 0.0140815 2.54114 3.33083
37 32.9603 20.6551 90.7411
129.956 100 0.0344191 0.269716 0.0799112 0.0140815 2.54114 3.33083
38 32.9603 19.716 114.41
129.956 100 0.0344191 0.269716 0.0799112 0.0140815 2.54114 3.33083
39 32.9603 19.4473 117.903
129.956 100 0.0344191 0.269716 0.0799112 0.0140815 2.54114 3.33083
40 32.9603 19.8976 97.5593
129.956 100 0.0344191 0.269716 0.0799112 0.0140815 2.54114 3.33083
41 32.9603 18.4256 112.093
129.956 100 0.0344191 0.269716 0.0799112 0.0140815 2.54114 3.33083
42 32.9603 20.3015 92.5296
129.956 100 0.0344191 0.269716 0.0799112 0.0140815 2.54114 3.33083
43 32.9603 21.5595 79.8472
129.956 100 0.0344191 0.269716 0.0799112 0.0140815 2.54114 3.33083
44 32.9603 22.0426 75.3285
129.956 100 0.0344191 0.269716 0.0799112 0.0140815 2.54114 3.33083
45 32.9603 19.8106 101.376
129.956 100 0.0344191 0.269716 0.0799112 0.0140815 2.54114 3.33083
46 32.9603 19.6942 104.793
129.956 100 0.0344191 0.269716 0.0799112 0.0140815 2.54114 3.33083
47 32.9603 19.7635 109.073
129.956 100 0.0344191 0.269716 0.0799112 0.0140815 2.54114 3.33083
48 32.9603 20.9172 91.9061
129.956 100 0.0344191 0.269716 0.0799112 0.0140815 2.54114 3.33083
49 32.9603 18.5509 113.318
129.956 100 0.0344191 0.269716 0.0799112 0.0140815 2.54114 3.33083
50 33.2782 18.2341 133.574
133.636 101.151 0.0357798 0.268622 0.0911832 0.02556 2.65536 3.45945
51 35.0972 18.9884 133.871
138.16 101.027 0.0932768 0.273841 0.0342218 0.00853763 3.40807 3.52849
52 35.0972 18.198 129.56
138.16 101.027 0.0932768 0.273841 0.0342218 0.00853763 3.40807 3.52849
53 35.0972 18.2748 138.583
138.16 101.027 0.0932768 0.273841 0.0342218 0.00853763 3.40807 3.52849
54 35.0972 16.3162 163.278
138.16 101.027 0.0932768 0.273841 0.0342218 0.00853763 3.40807 3.52849
55 35.0972 15.7765 160.327
138.16 101.027 0.0932768 0.273841 0.0342218 0.00853763 3.40807 3.52849
56 35.1567 15.7636 156.2
137.849 101.222 0.0877054 0.271126 0.0378151 0.009203 3.38101 3.52284
57 35.1567 15.6734 150.926
137.849 101.222 0.0877054 0.271126 0.0378151 0.009203 3.38101 3.52284
58 35.1567 17.393 160.174
137.849 101.222 0.0877054 0.271126 0.0378151 0.009203 3.38101 3.52284
59 35.6624 20.132 137.887
138.172 101.098 0.0932766 0.273745 0.0342965 0.00796457 3.41215 3.52639
60 35.7059 21.0183 124.607
137.796 101.368 0.0954235 0.274562 0.031193 0.0136986 3.37912 3.46067
61 35.8568 21.3049 129.202
137.318 101.955 0.0970246 0.279256 0.0368073 0.0158533 3.44901 3.6429
62 35.8568 20.7661 127.512
137.318 101.955 0.0970246 0.279256 0.0368073 0.0158533 3.44901 3.6429
63 35.8568 19.9524 137.621
137.318 101.955 0.0970246 0.279256 0.0368073 0.0158533 3.44901 3.6429
64 35.8568 20.6689 137.289
137.318 101.955 0.0970246 0.279256 0.0368073 0.0158533 3.44901 3.6429
65 35.8568 21.847 128.545
137.318 101.955 0.0970246 0.279256 0.0368073 0.0158533 3.44901 3.6429
66 35.8568 22.1898 115.704
137.318 101.955 0.0970246 0.279256 0.0368073 0.0158533 3.44901 3.6429
67 35.8568 20.8835 129.101
137.318 101.955 0.0970246 0.279256 0.0368073 0.0158533 3.44901 3.6429
68 35.8568 21.89 113.558
137.318 101.955 0.0970246 0.279256 0.0368073 0.0158533 3.44901 3.6429
69 35.8568 21.2212 133.166
137.318 101.955 0.0970246 0.279256 0.0368073 0.0158533 3.44901 3.6429
70 35.8568 21.7362 126.693
137.318 101.955 0.0970246 0.279256 0.0368073 0.0158533 3.44901 3.6429
71 35.8568 22.56 109.566
137.318 101.955 0.0970246 0.279256 0.0368073 0.0158533 3.44901 3.6429
72 35.8568 21.7195 127.262
137.318 101.955 0.0970246 0.279256 0.0368073 0.0158533 3.44901 3.6429
73 35.8568 22.1286 113.531
137.318 101.955 0.0970246 0.279256 0.0368073 0.0158533 3.44901 3.6429
74 35.8568 23.0127 98.1628
137.318 101.955 0.0970246 0.279256 0.0368073 0.0158533 3.44901 3.6429
75 35.8568 21.4356 118.841
137.318 101.955 0.0970246 0.279256 0.0368073 0.0158533 3.44901 3.6429
76 35.8568 22.2636 117.253
137.318 101.955 0.0970246 0.279256 0.0368073 0.0158533 3.44901 3.6429
77 35.8568 22.6885 104.66
137.318 101.955 0.0970246 0.279256 0.0368073 0.0158533 3.44901 3.6429
78 35.8568 22.7589 97.9646
137.318 101.955 0.0970246 0.279256 0.0368073 0.0158533 3.44901 3.6429
79 35.8568 20.9831 146.854
137.318 101.955 0.0970246 0.279256 0.0368073 0.0158533 3.44901 3.6429
80 35.8823 20.6749 147.871
130.895 106.51 0.188722 0.22299 0.00449437 0.0917162 4.79098 3.3875
81 35.8823 20.7926 131.226
130.895 106.51 0.188722 0.22299 0.00449437 0.0917162 4.79098 3.3875
82 35.8823 21.9156 106.812
130.895 106.51 0.188722 0.22299 0.00449437 0.0917162 4.79098 3.3875
83 35.8823 22.1709 101.489
130.895 106.51 0.188722 0.22299 0.00449437 0.0917162 4.79098 3.3875
84 35.8823 20.8021 146.31
130.895 106.51 0.188722 0.22299 0.00449437 0.0917162 4.79098 3.3875
85 35.8823 21.6346 133.267
130.895 106.51 0.188722 0.22299 0.00449437 0.0917162 4.79098 3.3875
86 35.8823 21.2773 127.363
130.895 106.51 0.188722 0.22299 0.00449437 0.0917162 4.79098 3.3875
87 35.8823 21.2666 132.063
130.895 106.51 0.188722 0.22299 0.00449437 0.0917162 4.79098 3.3875
88 35.8823 19.7155 140.358
130.895 106.51 0.188722 0.22299 0.00449437 0.0917162 4.79098 3.3875
89 35.8823 19.2667 163.683
130.895 106.51 0.188722 0.22299 0.00449437 0.0917162 4.79098 3.3875
90 35.8823 21.1928 135.46
130.895 106.51 0.188722 0.22299 0.00449437 0.0917162 4.79098 3.3875
91 35.8823 20.3524 140.38
130.895 106.51 0.188722 0.22299 0.00449437 0.0917162 4.79098 3.3875
92 37.2752 21.4063 128.833
130.684 104.154 0.19719 0.223412 0 0.106506 4.93575 3.3879
93 37.2752 20.5875 142.7
130.684 104.154 0.19719 0.223412 0 0.106506 4.93575 3.3879
94 37.2752 23.0319 125.695
130.684 104.154 0.19719 0.223412 0 0.106506 4.93575 3.3879
95 37.2752 21.8695 119.064
130.684 104.154 0.19719 0.223412 0 0.106506 4.93575 3.3879
96 37.2752 22.9374 105.382
130.684 104.154 0.19719 0.223412 0 0.106506 4.93575 3.3879
97 37.2752 23.1348 98.2198
130.684 104.154 0.19719 0.223412 0 0.106506 4.93575 3.3879
98 37.2752 22.1204 123.386
130.684 104.154 0.19719 0.223412 0 0.106506 4.93575 3.3879
99 37.2752 22.6942 113.458
130.684 104.154 0.19719 0.223412 0 0.106506 4.93575 3.3879
100 37.2752 22.1894 133.647
130.684 104.154 0.19719 0.223412 0 0.106506 4.93575 3.3879
