0 26.2819 1.53714 23.3534
134.025 124.881 0.0164187 0.37865 0.0222726 0.37865 1.92213 7.78036
1 26.4898 2.30742 35.7084
132.644 126.317 0.0286014 0.366226 0.0286014 0.366226 1.1268 7.11451
2 26.4898 4.13426 61.1569
132.644 126.317 0.0286014 0.366226 0.0286014 0.366226 1.1268 7.11451
3 26.4898 5.79972 90.5418
132.644 126.317 0.0286014 0.366226 0.0286014 0.366226 1.1268 7.11451
4 26.4898 7.24638 113.525
132.644 126.317 0.0286014 0.366226 0.0286014 0.366226 1.1268 7.11451
5 26.6249 9.43056 142.348
131.94 124.447 0.0208176 0.331669 0.0512522 0.331669 1.81205 7.89742
6 26.6249 10.3797 138.886
131.94 124.447 0.0208176 0.331669 0.0512522 0.331669 1.81205 7.89742
7 26.6249 10.2792 132.118
131.94 124.447 0.0208176 0.331669 0.0512522 0.331669 1.81205 7.89742
8 26.6249 11.2762 142.253
131.94 124.447 0.0208176 0.331669 0.0512522 0.331669 1.81205 7.89742
9 26.6249 11.0373 134.095
131.94 124.447 0.0208176 0.331669 0.0512522 0.331669 1.81205 7.89742
10 26.7465 11.9312 147.371
140.984 137.063 0.0164627 0.255519 0.113648 0.255519 2.86657 5.03597
11 26.7465 12.1439 157.075
140.984 137.063 0.0164627 0.255519 0.113648 0.255519 2.86657 5.03597
12 27.4389 10.3154 145.426
154.575 115.138 0.0289777 0.264608 0.0289777 0.264608 4.91824 6.65401
13 27.7835 10.4334 136.599
157.298 107.229 0.0275461 0.257317 0.0275461 0.257317 5.68532 7.17759
14 27.9997 12.4908 149.085
157.365 107.487 0.030429 0.255502 0.030429 0.255502 5.71046 7.17271
15 28.0494 13.015 142.641
157.372 107.5 0.0307516 0.256416 0.0307516 0.256416 5.71691 7.17991
16 28.0494 15.277 155.202
157.372 107.5 0.0307516 0.256416 0.0307516 0.256416 5.71691 7.17991
17 28.0494 14.6927 147.513
157.372 107.5 0.0307516 0.256416 0.0307516 0.256416 5.71691 7.17991
18 28.1358 16.798 141.729
157.572 106.879 0.0307066 0.252052 0.0307066 0.252052 5.80066 7.19774
19 28.4611 16.7922 135.481
162.292 107.217 0.0299515 0.188759 0.0299515 0.188759 5.85468 7.17751
20 28.4611 16.6311 145.663
162.292 107.217 0.0299515 0.188759 0.0299515 0.188759 5.85468 7.17751
21 28.4611 18.4057 127.882
162.292 107.217 0.0299515 0.188759 0.0299515 0.188759 5.85468 7.17751
22 29.5322 17.9646 142.692
154.081 104.199 0.0270809 0.186855 0.0270809 0.186855 5.94895 5.86622
23 29.5322 16.7747 155.168
154.081 104.199 0.0270809 0.186855 0.0270809 0.186855 5.94895 5.86622
24 29.6093 16.3571 153.464
165.559 115.543 0.0197456 0.214496 0.0355569 0.214496 5.99732 8.11619
25 29.6093 16.159 152.667
165.559 115.543 0.0197456 0.214496 0.0355569 0.214496 5.99732 8.11619
26 29.6093 16.0038 158.476
165.559 115.543 0.0197456 0.214496 0.0355569 0.214496 5.99732 8.11619
27 29.6093 18.2197 124.163
165.559 115.543 0.0197456 0.214496 0.0355569 0.214496 5.99732 8.11619
28 32.0707 17.507 130.829
163.319 116.562 0.0228404 0.212193 0.0496187 0.212193 5.97825 8.02473
29 32.0707 17.1394 142.694
163.319 116.562 0.0228404 0.212193 0.0496187 0.212193 5.97825 8.02473
30 32.0707 18.496 128.221
163.319 116.562 0.0228404 0.212193 0.0496187 0.212193 5.97825 8.02473
31 32.0707 19.4247 123.049
163.319 116.562 0.0228404 0.212193 0.0496187 0.212193 5.97825 8.02473
32 32.0707 18.4954 134.742
163.319 116.562 0.0228404 0.212193 0.0496187 0.212193 5.97825 8.02473
33 32.0707 16.9928 133.919
163.319 116.562 0.0228404 0.212193 0.0496187 0.212193 5.97825 8.02473
34 32.0707 17.4112 126.082
163.319 116.562 0.0228404 0.212193 0.0496187 0.212193 5.97825 8.02473
35 32.0707 18.0757 142.125
163.319 116.562 0.0228404 0.212193 0.0496187 0.212193 5.97825 8.02473
36 32.0707 17.8319 134.247
163.319 116.562 0.0228404 0.212193 0.0496187 0.212193 5.97825 8.02473
37 32.0707 17.755 123.816
163.319 116.562 0.0228404 0.212193 0.0496187 0.212193 5.97825 8.02473
38 32.0707 17.6051 133.292
163.319 116.562 0.0228404 0.212193 0.0496187 0.212193 5.97825 8.02473
39 32.0707 18.0606 124.221
163.319 116.562 0.0228404 0.212193 0.0496187 0.212193 5.97825 8.02473
40 32.0707 18.8715 118.452
163.319 116.562 0.0228404 0.212193 0.0496187 0.212193 5.97825 8.02473
41 32.0707 18.4485 115.869
163.319 116.562 0.0228404 0.212193 0.0496187 0.212193 5.97825 8.02473
42 32.0707 18.5053 124.548
163.319 116.562 0.0228404 0.212193 0.0496187 0.212193 5.97825 8.02473
43 32.0707 18.2369 130.34
163.319 116.562 0.0228404 0.212193 0.0496187 0.212193 5.97825 8.02473
44 32.0707 17.234 130.999
163.319 116.562 0.0228404 0.212193 0.0496187 0.212193 5.97825 8.02473
45 32.0707 17.6275 129.32
163.319 116.562 0.0228404 0.212193 0.0496187 0.212193 5.97825 8.02473
46 32.0707 16.1506 132.459
163.319 116.562 0.0228404 0.212193 0.0496187 0.212193 5.97825 8.02473
47 32.0707 17.8852 132.984
163.319 116.562 0.0228404 0.212193 0.0496187 0.212193 5.97825 8.02473
48 32.0707 20.3367 108.285
163.319 116.562 0.0228404 0.212193 0.0496187 0.212193 5.97825 8.02473
49 32.0707 18.7667 120.917
163.319 116.562 0.0228404 0.212193 0.0496187 0.212193 5.97825 8.02473
50 33.2854 19.3166 99.6908
167.608 120.444 0.0734367 0.144553 0.136585 0.238325 10 5.90771
51 33.2854 19.222 112.999
167.608 120.444 0.0734367 0.144553 0.136585 0.238325 10 5.90771
52 33.2854 18.4544 108.882
167.608 120.444 0.0734367 0.144553 0.136585 0.238325 10 5.90771
53 33.2854 19.9882 105.138
167.608 120.444 0.0734367 0.144553 0.136585 0.238325 10 5.90771
54 33.2854 18.0136 125.736
167.608 120.444 0.0734367 0.144553 0.136585 0.238325 10 5.90771
55 33.2854 19.7944 115.646
167.608 120.444 0.0734367 0.144553 0.136585 0.238325 10 5.90771
56 35.0619 19.1732 129.317
172.85 119.923 0.0763401 0.155072 0.107055 0.177109 9.62507 5.56518
57 35.0619 20.233 121.709
172.85 119.923 0.0763401 0.155072 0.107055 0.177109 9.62507 5.56518
58 35.0619 19.1683 133.983
172.85 119.923 0.0763401 0.155072 0.107055 0.177109 9.62507 5.56518
59 35.0619 18.8282 139.047
172.85 119.923 0.0763401 0.155072 0.107055 0.177109 9.62507 5.56518
60 35.0619 18.4972 133.174
172.85 119.923 0.0763401 0.155072 0.107055 0.177109 9.62507 5.56518
61 35.6642 18.0831 127.15
168.25 120.718 0.066233 0.131614 0.122843 0.228964 9.70822 5.96932
62 35.6642 16.6425 149.446
168.25 120.718 0.066233 0.131614 0.122843 0.228964 9.70822 5.96932
63 35.6642 19.5399 137.639
168.25 120.718 0.066233 0.131614 0.122843 0.228964 9.70822 5.96932
64 35.6642 19.715 129.855
168.25 120.718 0.066233 0.131614 0.122843 0.228964 9.70822 5.96932
65 35.6642 20.4709 108.364
168.25 120.718 0.066233 0.131614 0.122843 0.228964 9.70822 5.96932
66 35.6642 19.6497 119.437
168.25 120.718 0.066233 0.131614 0.122843 0.228964 9.70822 5.96932
67 35.6642 20.136 131.45
168.25 120.718 0.066233 0.131614 0.122843 0.228964 9.70822 5.96932
68 35.6642 20.3643 119.233
168.25 120.718 0.066233 0.131614 0.122843 0.228964 9.70822 5.96932
69 35.6642 19.9048 113.491
168.25 120.718 0.066233 0.131614 0.122843 0.228964 9.70822 5.96932
70 35.6642 21.3078 114.765
168.25 120.718 0.066233 0.131614 0.122843 0.228964 9.70822 5.96932
71 35.6642 20.8845 123.878
168.25 120.718 0.066233 0.131614 0.122843 0.228964 9.70822 5.96932
72 35.6642 19.7623 131.18
168.25 120.718 0.066233 0.131614 0.122843 0.228964 9.70822 5.96932
73 35.6642 20.5452 104.248
168.25 120.718 0.066233 0.131614 0.122843 0.228964 9.70822 5.96932
74 35.6642 19.4938 120.624
168.25 120.718 0.066233 0.131614 0.122843 0.228964 9.70822 5.96932
75 35.6642 20.8966 111.682
168.25 120.718 0.066233 0.131614 0.122843 0.228964 9.70822 5.96932
76 35.6642 21.5583 96.2778
168.25 120.718 0.066233 0.131614 0.122843 0.228964 9.70822 5.96932
77 35.6642 21.4279 100.778
168.25 120.718 0.066233 0.131614 0.122843 0.228964 9.70822 5.96932
78 35.6642 21.6685 93.8547
168.25 120.718 0.066233 0.131614 0.122843 0.228964 9.70822 5.96932
79 35.6642 22.0506 105.351
168.25 120.718 0.066233 0.131614 0.122843 0.228964 9.70822 5.96932
80 36.4018 21.7666 125.257
168.521 120.799 0.074803 0.131173 0.137386 0.236766 10 5.94997
81 36.4018 21.0703 111.926
168.521 120.799 0.074803 0.131173 0.137386 0.236766 10 5.94997
82 37.0162 20.5943 137.473
169.077 121.025 0.0667372 0.135827 0.139523 0.230378 9.97572 5.96604
83 37.0162 19.4266 146.565
169.077 121.025 0.0667372 0.135827 0.139523 0.230378 9.97572 5.96604
84 37.0162 20.7938 113.996
169.077 121.025 0.0667372 0.135827 0.139523 0.230378 9.97572 5.96604
85 37.0162 21.8141 119.66
169.077 121.025 0.0667372 0.135827 0.139523 0.230378 9.97572 5.96604
86 37.0162 21.7216 117.372
169.077 121.025 0.0667372 0.135827 0.139523 0.230378 9.97572 5.96604
87 37.0162 20.4389 123.011
169.077 121.025 0.0667372 0.135827 0.139523 0.230378 9.97572 5.96604
88 37.0162 19.737 130.355
169.077 121.025 0.0667372 0.135827 0.139523 0.230378 9.97572 5.96604
89 37.0162 21.2476 121.765
169.077 121.025 0.0667372 0.135827 0.139523 0.230378 9.97572 5.96604
90 37.0162 20.7911 112.763
169.077 121.025 0.0667372 0.135827 0.139523 0.230378 9.97572 5.96604
91 37.0162 19.8603 128.134
169.077 121.025 0.0667372 0.135827 0.139523 0.230378 9.97572 5.96604
92 37.0162 21.4627 117.253
169.077 121.025 0.0667372 0.135827 0.139523 0.230378 9.97572 5.96604
93 37.0162 20.0222 131.769
169.077 121.025 0.0667372 0.135827 0.139523 0.230378 9.97572 5.96604
94 37.0162 19.0455 146.554
169.077 121.025 0.0667372 0.135827 0.139523 0.230378 9.97572 5.96604
95 37.0162 19.1933 139.806
169.077 121.025 0.0667372 0.135827 0.139523 0.230378 9.97572 5.96604
96 37.0162 21.0059 121.543
169.077 121.025 0.0667372 0.135827 0.139523 0.230378 9.97572 5.96604
97 37.0162 21.7581 108.636
169.077 121.025 0.0667372 0.135827 0.139523 0.230378 9.97572 5.96604
98 37.0162 20.1417 125.996
169.077 121.025 0.0667372 0.135827 0.139523 0.230378 9.97572 5.96604
99 37.0162 22.2798 86.6679
169.077 121.025 0.0667372 0.135827 0.139523 0.230378 9.97572 5.96604
100 37.0162 22.6767 75.6994
169.077 121.025 0.0667372 0.135827 0.139523 0.230378 9.97572 5.96604
