0 21.2467 3.69561 26.1165
128.05 150.702 0.0907098 0.559198 0.469778 0.0188492 8.20322 5.5994
1 21.2467 4.89174 39.1891
128.05 150.702 0.0907098 0.559198 0.469778 0.0188492 8.20322 5.5994
2 33.5824 7.81419 86.2829
126.678 148.728 0.0209652 0.544466 0.460102 0.0797506 7.84459 5.58965
3 33.596 10.2944 125.182
126.42 147.39 0.0252042 0.537897 0.469314 0.0805016 7.72366 5.78342
4 35.7685 12.4744 155.511
116.612 160.799 0.0299127 0.515787 0.286056 0 6.91913 6.16016
5 35.7685 14.7188 191.815
116.612 160.799 0.0299127 0.515787 0.286056 0 6.91913 6.16016
6 35.7697 15.4751 191.63
116.633 160.751 0.0294148 0.514571 0.285783 0 6.92629 6.15346
7 35.7697 16.8446 151.33
116.633 160.751 0.0294148 0.514571 0.285783 0 6.92629 6.15346
8 35.7697 17.0608 121.605
116.633 160.751 0.0294148 0.514571 0.285783 0 6.92629 6.15346
9 38.1329 20.5401 170.294
124.411 145.95 0.00653071 0.446542 0.376762 0.107053 7.15572 7.0074
10 43.9133 21.3654 242.407
130.286 153.34 0.0598863 0.441299 0.239704 0.0303702 7.26008 6.54149
11 43.9133 22.0428 210.209
130.286 153.34 0.0598863 0.441299 0.239704 0.0303702 7.26008 6.54149
12 43.9133 26.0817 172.385
130.286 153.34 0.0598863 0.441299 0.239704 0.0303702 7.26008 6.54149
13 43.9133 24.2896 201.936
130.286 153.34 0.0598863 0.441299 0.239704 0.0303702 7.26008 6.54149
14 43.9133 26.3866 182.526
130.286 153.34 0.0598863 0.441299 0.239704 0.0303702 7.26008 6.54149
15 43.9133 21.9726 192.795
130.286 153.34 0.0598863 0.441299 0.239704 0.0303702 7.26008 6.54149
16 43.9133 24.45 212.906
130.286 153.34 0.0598863 0.441299 0.239704 0.0303702 7.26008 6.54149
17 43.9133 26.2873 189.697
130.286 153.34 0.0598863 0.441299 0.239704 0.0303702 7.26008 6.54149
18 44.0427 27.6785 182.214
130.435 153.686 0.0713636 0.445626 0.252591 0.0270986 7.29746 6.57001
19 44.2849 24.8113 232.36
130.793 153.59 0.0552789 0.438587 0.241659 0.0294868 7.11061 6.46508
20 44.2849 30.0862 179.418
130.793 153.59 0.0552789 0.438587 0.241659 0.0294868 7.11061 6.46508
21 44.2849 31.9158 141.816
130.793 153.59 0.0552789 0.438587 0.241659 0.0294868 7.11061 6.46508
22 44.2849 30.8647 141.1
130.793 153.59 0.0552789 0.438587 0.241659 0.0294868 7.11061 6.46508
23 44.993 29.849 199.595
133.288 152.562 0.0764494 0.443163 0.243363 0.0195024 7.41301 6.61638
24 46.9785 29.4612 168.966
135.672 149.863 0.0454506 0.471168 0.255022 0 7.53081 6.67294
25 46.9785 30.2349 155.955
135.672 149.863 0.0454506 0.471168 0.255022 0 7.53081 6.67294
26 46.9785 31.0732 155.14
135.672 149.863 0.0454506 0.471168 0.255022 0 7.53081 6.67294
27 46.9785 31.5444 150.82
135.672 149.863 0.0454506 0.471168 0.255022 0 7.53081 6.67294
28 46.9785 33.2472 124.997
135.672 149.863 0.0454506 0.471168 0.255022 0 7.53081 6.67294
29 46.9785 32.8545 188.341
135.672 149.863 0.0454506 0.471168 0.255022 0 7.53081 6.67294
30 46.9785 32.7891 136.272
135.672 149.863 0.0454506 0.471168 0.255022 0 7.53081 6.67294
31 46.9785 35.7179 118.517
135.672 149.863 0.0454506 0.471168 0.255022 0 7.53081 6.67294
32 46.9785 34.2927 116.294
135.672 149.863 0.0454506 0.471168 0.255022 0 7.53081 6.67294
33 46.9785 30.985 127.179
135.672 149.863 0.0454506 0.471168 0.255022 0 7.53081 6.67294
34 46.9785 33.3792 138.54
135.672 149.863 0.0454506 0.471168 0.255022 0 7.53081 6.67294
35 46.9785 33.4832 84.6208
135.672 149.863 0.0454506 0.471168 0.255022 0 7.53081 6.67294
36 46.9785 34.7913 94.5858
135.672 149.863 0.0454506 0.471168 0.255022 0 7.53081 6.67294
37 46.9785 33.6685 141.595
135.672 149.863 0.0454506 0.471168 0.255022 0 7.53081 6.67294
38 46.9785 33.9254 143.244
135.672 149.863 0.0454506 0.471168 0.255022 0 7.53081 6.67294
39 46.9785 33.6734 114.26
135.672 149.863 0.0454506 0.471168 0.255022 0 7.53081 6.67294
40 46.9785 32.4162 126.547
135.672 149.863 0.0454506 0.471168 0.255022 0 7.53081 6.67294
41 46.9785 30.7704 157.286
135.672 149.863 0.0454506 0.471168 0.255022 0 7.53081 6.67294
42 46.9785 33.729 152.397
135.672 149.863 0.0454506 0.471168 0.255022 0 7.53081 6.67294
43 46.9785 32.3686 144.451
135.672 149.863 0.0454506 0.471168 0.255022 0 7.53081 6.67294
44 46.9785 30.5112 154.155
135.672 149.863 0.0454506 0.471168 0.255022 0 7.53081 6.67294
45 46.9785 29.5672 204.045
135.672 149.863 0.0454506 0.471168 0.255022 0 7.53081 6.67294
46 46.9785 32.4658 163.403
135.672 149.863 0.0454506 0.471168 0.255022 0 7.53081 6.67294
47 46.9785 31.4711 179.829
135.672 149.863 0.0454506 0.471168 0.255022 0 7.53081 6.67294
48 46.9785 27.9257 213.983
135.672 149.863 0.0454506 0.471168 0.255022 0 7.53081 6.67294
49 46.9785 29.422 174.241
135.672 149.863 0.0454506 0.471168 0.255022 0 7.53081 6.67294
50 46.9785 29.3273 194.316
135.672 149.863 0.0454506 0.471168 0.255022 0 7.53081 6.67294
51 46.9785 31.9198 208.314
135.672 149.863 0.0454506 0.471168 0.255022 0 7.53081 6.67294
52 46.9785 32.113 147.266
135.672 149.863 0.0454506 0.471168 0.255022 0 7.53081 6.67294
53 46.9785 33.3535 125.121
135.672 149.863 0.0454506 0.471168 0.255022 0 7.53081 6.67294
54 47.5059 31.8912 173.139
136.057 136.994 0.0697211 0.412649 0.237683 0 5.94309 8.21324
55 49.2762 33.4129 220.489
137.107 127.149 0.0665185 0.433144 0.237413 0 6.28229 9.37182
56 49.2762 34.8993 190.087
137.107 127.149 0.0665185 0.433144 0.237413 0 6.28229 9.37182
57 49.2762 31.2414 208.592
137.107 127.149 0.0665185 0.433144 0.237413 0 6.28229 9.37182
58 49.2762 29.1701 244.832
137.107 127.149 0.0665185 0.433144 0.237413 0 6.28229 9.37182
59 49.2762 31.6091 183.217
137.107 127.149 0.0665185 0.433144 0.237413 0 6.28229 9.37182
60 49.2762 35.2191 148.208
137.107 127.149 0.0665185 0.433144 0.237413 0 6.28229 9.37182
61 49.2762 33.1366 142.097
137.107 127.149 0.0665185 0.433144 0.237413 0 6.28229 9.37182
62 49.2762 35.7462 102.711
137.107 127.149 0.0665185 0.433144 0.237413 0 6.28229 9.37182
63 49.2762 34.4377 108.54
137.107 127.149 0.0665185 0.433144 0.237413 0 6.28229 9.37182
64 49.2762 33.4304 113.988
137.107 127.149 0.0665185 0.433144 0.237413 0 6.28229 9.37182
65 49.2762 33.7095 143.77
137.107 127.149 0.0665185 0.433144 0.237413 0 6.28229 9.37182
66 49.2762 33.1759 135.595
137.107 127.149 0.0665185 0.433144 0.237413 0 6.28229 9.37182
67 49.2762 33.5369 139.281
137.107 127.149 0.0665185 0.433144 0.237413 0 6.28229 9.37182
68 49.6221 34.7178 133.705
137.796 126.819 0.0450154 0.459644 0.264033 0 6.31991 9.27049
69 49.6221 34.1853 121.798
137.796 126.819 0.0450154 0.459644 0.264033 0 6.31991 9.27049
70 49.6221 32.4946 168.724
137.796 126.819 0.0450154 0.459644 0.264033 0 6.31991 9.27049
71 49.6221 31.8807 181.327
137.796 126.819 0.0450154 0.459644 0.264033 0 6.31991 9.27049
72 49.6221 27.7562 212.75
137.796 126.819 0.0450154 0.459644 0.264033 0 6.31991 9.27049
73 49.6221 32.2724 134.127
137.796 126.819 0.0450154 0.459644 0.264033 0 6.31991 9.27049
74 49.6221 30.6712 158.91
137.796 126.819 0.0450154 0.459644 0.264033 0 6.31991 9.27049
75 49.6221 30.4229 177.143
137.796 126.819 0.0450154 0.459644 0.264033 0 6.31991 9.27049
76 49.6221 31.2149 194.877
137.796 126.819 0.0450154 0.459644 0.264033 0 6.31991 9.27049
77 49.6221 35.3256 129.969
137.796 126.819 0.0450154 0.459644 0.264033 0 6.31991 9.27049
78 49.6221 36.2978 102.11
137.796 126.819 0.0450154 0.459644 0.264033 0 6.31991 9.27049
79 49.6221 32.8547 142.996
137.796 126.819 0.0450154 0.459644 0.264033 0 6.31991 9.27049
80 49.6221 36.0793 91.0246
137.796 126.819 0.0450154 0.459644 0.264033 0 6.31991 9.27049
81 49.6221 32.9472 102.613
137.796 126.819 0.0450154 0.459644 0.264033 0 6.31991 9.27049
82 49.6221 31.627 162.829
137.796 126.819 0.0450154 0.459644 0.264033 0 6.31991 9.27049
83 49.6221 32.4312 280.115
137.796 126.819 0.0450154 0.459644 0.264033 0 6.31991 9.27049
84 49.6221 34.1816 125.949
137.796 126.819 0.0450154 0.459644 0.264033 0 6.31991 9.27049
85 49.6221 32.898 191.64
137.796 126.819 0.0450154 0.459644 0.264033 0 6.31991 9.27049
86 49.6221 31.0327 194.242
137.796 126.819 0.0450154 0.459644 0.264033 0 6.31991 9.27049
87 49.6221 28.2609 217.898
137.796 126.819 0.0450154 0.459644 0.264033 0 6.31991 9.27049
88 49.6221 27.074 206.457
137.796 126.819 0.0450154 0.459644 0.264033 0 6.31991 9.27049
89 49.6221 33.8724 145.297
137.796 126.819 0.0450154 0.459644 0.264033 0 6.31991 9.27049
90 49.6221 34.3659 149.275
137.796 126.819 0.0450154 0.459644 0.264033 0 6.31991 9.27049
91 49.6221 35.7245 145.577
137.796 126.819 0.0450154 0.459644 0.264033 0 6.31991 9.27049
92 49.6253 35.7299 122.449
137.805 127.054 0.0436309 0.456146 0.265744 0.00507744 6.35433 9.30554
93 49.6253 35.5018 144.388
137.805 127.054 0.0436309 0.456146 0.265744 0.00507744 6.35433 9.30554
94 49.6253 36.2738 83.5822
137.805 127.054 0.0436309 0.456146 0.265744 0.00507744 6.35433 9.30554
95 49.6253 35.1127 100.924
137.805 127.054 0.0436309 0.456146 0.265744 0.00507744 6.35433 9.30554
96 49.6253 33.7984 159.903
137.805 127.054 0.0436309 0.456146 0.265744 0.00507744 6.35433 9.30554
97 49.6253 31.757 207.086
137.805 127.054 0.0436309 0.456146 0.265744 0.00507744 6.35433 9.30554
98 49.6253 29.2966 193
137.805 127.054 0.0436309 0.456146 0.265744 0.00507744 6.35433 9.30554
99 49.6253 33.4557 116.167
137.805 127.054 0.0436309 0.456146 0.265744 0.00507744 6.35433 9.30554
100 49.6253 32.7598 142.944
137.805 127.054 0.0436309 0.456146 0.265744 0.00507744 6.35433 9.30554
