0 3.6433 0.977873 0.999801
150.497 155.644 0.207608 0.419948 0.272712 0.428263 9.15462 9.86286
1 3.6433 1.10267 1.14023
150.497 155.644 0.207608 0.419948 0.272712 0.428263 9.15462 9.86286
2 4.16604 1.285 1.34632
150.704 155.991 0.229637 0.440412 0.258334 0.413691 9.18175 9.68386
3 4.16604 1.49536 1.434
150.704 155.991 0.229637 0.440412 0.258334 0.413691 9.18175 9.68386
4 4.16604 1.72231 1.59298
150.704 155.991 0.229637 0.440412 0.258334 0.413691 9.18175 9.68386
5 4.16604 1.68406 1.68623
150.704 155.991 0.229637 0.440412 0.258334 0.413691 9.18175 9.68386
6 4.16604 1.89115 1.62526
150.704 155.991 0.229637 0.440412 0.258334 0.413691 9.18175 9.68386
7 4.16846 2.20278 1.91162
151.292 155.899 0.222898 0.441539 0.265417 0.409682 9.1995 9.66642
8 4.17224 2.20976 1.90838
149.368 154.041 0.15166 0.460523 0.240293 0.549082 9.56597 10
9 4.17316 2.55777 1.94154
145.457 145.299 0.289996 0.454413 0.153532 0.508072 9.3279 10
10 4.19194 2.64434 1.48618
150.681 150.251 0.229182 0.451969 0.42282 0.501531 8.47899 10
11 4.19194 2.29402 1.47359
150.681 150.251 0.229182 0.451969 0.42282 0.501531 8.47899 10
12 4.19194 2.14915 1.44581
150.681 150.251 0.229182 0.451969 0.42282 0.501531 8.47899 10
13 4.19194 2.21632 1.6677
150.681 150.251 0.229182 0.451969 0.42282 0.501531 8.47899 10
14 4.19194 2.33934 1.67026
150.681 150.251 0.229182 0.451969 0.42282 0.501531 8.47899 10
15 4.19194 2.25711 1.85412
150.681 150.251 0.229182 0.451969 0.42282 0.501531 8.47899 10
16 4.19194 2.3411 1.77648
150.681 150.251 0.229182 0.451969 0.42282 0.501531 8.47899 10
17 4.19194 2.42545 1.66198
150.681 150.251 0.229182 0.451969 0.42282 0.501531 8.47899 10
18 4.20192 2.3096 1.7556
156.047 149.064 0.217716 0.447539 0.345378 0.787389 9.29863 7.62305
19 4.24294 2.28519 1.84383
152.483 150.323 0.219144 0.460513 0.426072 0.500532 8.40199 10
20 4.24294 2.35 1.38951
152.483 150.323 0.219144 0.460513 0.426072 0.500532 8.40199 10
21 4.24294 2.48963 1.4741
152.483 150.323 0.219144 0.460513 0.426072 0.500532 8.40199 10
22 4.24294 2.52676 1.6496
152.483 150.323 0.219144 0.460513 0.426072 0.500532 8.40199 10
23 4.24294 2.40543 1.45186
152.483 150.323 0.219144 0.460513 0.426072 0.500532 8.40199 10
24 4.24294 2.5296 1.54548
152.483 150.323 0.219144 0.460513 0.426072 0.500532 8.40199 10
25 4.24294 2.63375 1.52204
152.483 150.323 0.219144 0.460513 0.426072 0.500532 8.40199 10
26 4.24294 2.6733 1.14704
152.483 150.323 0.219144 0.460513 0.426072 0.500532 8.40199 10
27 4.24294 2.83812 1.17992
152.483 150.323 0.219144 0.460513 0.426072 0.500532 8.40199 10
28 4.24294 3.08934 1.23182
152.483 150.323 0.219144 0.460513 0.426072 0.500532 8.40199 10
29 4.24294 3.07063 1.31131
152.483 150.323 0.219144 0.460513 0.426072 0.500532 8.40199 10
30 4.6883 2.88744 1.9141
144.904 157.734 0.378866 0.441134 0.510428 0.734827 8.93855 10
31 4.69195 2.84163 1.78557
136.495 141.216 0.360705 0.413398 0.266354 0.446558 8.69046 6.47451
32 4.69921 2.71206 1.63983
167.887 158.611 0.354095 0.4693 0.324041 0.694344 9.78819 8.12998
33 4.69921 2.85425 1.66297
167.887 158.611 0.354095 0.4693 0.324041 0.694344 9.78819 8.12998
34 4.69921 2.6899 1.93163
167.887 158.611 0.354095 0.4693 0.324041 0.694344 9.78819 8.12998
35 4.69921 2.83609 1.72798
167.887 158.611 0.354095 0.4693 0.324041 0.694344 9.78819 8.12998
36 4.69921 2.52681 1.61326
167.887 158.611 0.354095 0.4693 0.324041 0.694344 9.78819 8.12998
37 4.69921 2.73082 2.00171
167.887 158.611 0.354095 0.4693 0.324041 0.694344 9.78819 8.12998
38 4.69921 2.7935 1.35766
167.887 158.611 0.354095 0.4693 0.324041 0.694344 9.78819 8.12998
39 4.69921 2.52209 1.69518
167.887 158.611 0.354095 0.4693 0.324041 0.694344 9.78819 8.12998
40 4.71372 2.58963 2.039
136.588 135.104 0.31592 0.443724 0.303143 0.429726 8.40573 6.42527
41 4.71372 2.46333 2.16856
136.588 135.104 0.31592 0.443724 0.303143 0.429726 8.40573 6.42527
42 4.72116 2.6131 1.83623
135.196 134.61 0.313133 0.442068 0.313687 0.429556 8.34255 6.48122
43 4.73273 2.67797 1.84579
134.902 137.33 0.368471 0.434747 0.287282 0.379039 8.65056 6.41986
44 4.73479 2.594 1.89599
137.152 135.489 0.311285 0.427813 0.312583 0.380474 8.53398 6.42883
45 4.73479 2.46633 2.00036
137.152 135.489 0.311285 0.427813 0.312583 0.380474 8.53398 6.42883
46 4.73479 2.34175 1.94499
137.152 135.489 0.311285 0.427813 0.312583 0.380474 8.53398 6.42883
47 4.73479 2.82119 1.53413
137.152 135.489 0.311285 0.427813 0.312583 0.380474 8.53398 6.42883
48 4.73479 2.88543 1.80777
137.152 135.489 0.311285 0.427813 0.312583 0.380474 8.53398 6.42883
49 4.73479 2.75456 2.04242
137.152 135.489 0.311285 0.427813 0.312583 0.380474 8.53398 6.42883
50 4.73479 2.50503 2.24071
137.152 135.489 0.311285 0.427813 0.312583 0.380474 8.53398 6.42883
51 4.73479 2.64931 2.06941
137.152 135.489 0.311285 0.427813 0.312583 0.380474 8.53398 6.42883
52 4.73479 2.63655 2.12927
137.152 135.489 0.311285 0.427813 0.312583 0.380474 8.53398 6.42883
53 5.1999 2.57541 2.27326
141.518 133.536 0.335986 0.459084 0.302378 0.370011 8.71002 6.18918
54 5.1999 2.84191 2.3066
141.518 133.536 0.335986 0.459084 0.302378 0.370011 8.71002 6.18918
55 5.1999 2.8967 2.64567
141.518 133.536 0.335986 0.459084 0.302378 0.370011 8.71002 6.18918
56 5.1999 2.91397 2.5309
141.518 133.536 0.335986 0.459084 0.302378 0.370011 8.71002 6.18918
57 5.1999 2.88818 2.7483
141.518 133.536 0.335986 0.459084 0.302378 0.370011 8.71002 6.18918
58 5.19996 3.03225 2.79737
142.005 133.529 0.342304 0.46232 0.314824 0.369264 8.73548 6.27984
59 5.20099 2.77078 2.71264
142.233 133.63 0.327507 0.465843 0.315503 0.362166 8.71022 6.37982
60 5.20099 2.7481 2.50284
142.233 133.63 0.327507 0.465843 0.315503 0.362166 8.71022 6.37982
61 5.20099 2.52554 1.80418
142.233 133.63 0.327507 0.465843 0.315503 0.362166 8.71022 6.37982
62 5.20895 2.69197 2.19137
143.912 130.669 0.332421 0.44341 0.302161 0.388284 8.86075 6.31389
63 5.20895 2.44436 2.15752
143.912 130.669 0.332421 0.44341 0.302161 0.388284 8.86075 6.31389
64 5.20895 2.69214 2.55799
143.912 130.669 0.332421 0.44341 0.302161 0.388284 8.86075 6.31389
65 5.20895 2.54496 2.09653
143.912 130.669 0.332421 0.44341 0.302161 0.388284 8.86075 6.31389
66 5.20895 2.64181 2.81913
143.912 130.669 0.332421 0.44341 0.302161 0.388284 8.86075 6.31389
67 5.20895 2.75226 1.9615
143.912 130.669 0.332421 0.44341 0.302161 0.388284 8.86075 6.31389
68 5.20895 2.69305 2.44165
143.912 130.669 0.332421 0.44341 0.302161 0.388284 8.86075 6.31389
69 5.20895 2.48854 2.49049
143.912 130.669 0.332421 0.44341 0.302161 0.388284 8.86075 6.31389
70 5.20895 2.60862 2.16192
143.912 130.669 0.332421 0.44341 0.302161 0.388284 8.86075 6.31389
71 5.20895 2.97482 1.96445
143.912 130.669 0.332421 0.44341 0.302161 0.388284 8.86075 6.31389
72 5.20895 2.79435 2.60663
143.912 130.669 0.332421 0.44341 0.302161 0.388284 8.86075 6.31389
73 5.20895 2.98731 2.38859
143.912 130.669 0.332421 0.44341 0.302161 0.388284 8.86075 6.31389
74 5.20895 2.48894 2.69944
143.912 130.669 0.332421 0.44341 0.302161 0.388284 8.86075 6.31389
75 5.20895 2.67547 2.92513
143.912 130.669 0.332421 0.44341 0.302161 0.388284 8.86075 6.31389
76 5.20895 2.62882 2.58722
143.912 130.669 0.332421 0.44341 0.302161 0.388284 8.86075 6.31389
77 5.20895 2.85642 2.48063
143.912 130.669 0.332421 0.44341 0.302161 0.388284 8.86075 6.31389
78 5.20895 2.95775 2.62516
143.912 130.669 0.332421 0.44341 0.302161 0.388284 8.86075 6.31389
79 5.2133 3.06981 2.62784
147.124 120.958 0.338042 0.429415 0.231908 0.537455 7.97732 8.03336
80 5.72641 3.33166 2.44038
146.458 120.177 0.335412 0.431199 0.232238 0.530902 7.95236 8.02456
81 5.72641 3.43718 2.20518
146.458 120.177 0.335412 0.431199 0.232238 0.530902 7.95236 8.02456
82 5.72641 3.12763 2.53904
146.458 120.177 0.335412 0.431199 0.232238 0.530902 7.95236 8.02456
83 5.72641 3.18976 2.56134
146.458 120.177 0.335412 0.431199 0.232238 0.530902 7.95236 8.02456
84 5.72641 3.0637 2.76147
146.458 120.177 0.335412 0.431199 0.232238 0.530902 7.95236 8.02456
85 5.72641 2.69465 3.24616
146.458 120.177 0.335412 0.431199 0.232238 0.530902 7.95236 8.02456
86 5.72641 2.96157 3.40014
146.458 120.177 0.335412 0.431199 0.232238 0.530902 7.95236 8.02456
87 5.74761 3.31648 3.09032
192.686 125.472 0.445431 0.400373 0.241711 0 10 4.36219
88 5.74761 3.19504 3.24204
192.686 125.472 0.445431 0.400373 0.241711 0 10 4.36219
89 5.75711 3.09167 3.44695
181.164 123.705 0.435728 0.371003 0.172195 0.00177621 10 7.5067
90 5.75711 3.45757 2.79948
181.164 123.705 0.435728 0.371003 0.172195 0.00177621 10 7.5067
91 5.75711 3.3217 3.13162
181.164 123.705 0.435728 0.371003 0.172195 0.00177621 10 7.5067
92 5.75711 3.07316 3.90809
181.164 123.705 0.435728 0.371003 0.172195 0.00177621 10 7.5067
93 5.75711 2.92783 3.58137
181.164 123.705 0.435728 0.371003 0.172195 0.00177621 10 7.5067
94 5.75711 3.07607 4.04417
181.164 123.705 0.435728 0.371003 0.172195 0.00177621 10 7.5067
95 5.75711 3.45213 3.73959
181.164 123.705 0.435728 0.371003 0.172195 0.00177621 10 7.5067
96 5.76688 3.84436 3.45155
190.61 118.963 0.426978 0.350586 0.114249 0.0052638 10 8.09701
97 5.76688 3.46605 2.78715
190.61 118.963 0.426978 0.350586 0.114249 0.0052638 10 8.09701
98 5.76688 3.18309 2.71402
190.61 118.963 0.426978 0.350586 0.114249 0.0052638 10 8.09701
99 5.76688 3.32395 3.71872
190.61 118.963 0.426978 0.350586 0.114249 0.0052638 10 8.09701
100 5.79326 3.07065 3.94622
190.471 124.005 0.432936 0.359967 0.0856423 0 10 7.60418
