0 9.34093 1.8507 5.76929
158.867 135.413 0.541007 0.132748 0.836073 0.264043 6.94589 0.364734
1 10.3902 2.9668 10.4167
155.472 135.07 0.525889 0.148908 0.831906 0.242421 6.93876 0.446084
2 10.3902 3.73188 10.9043
155.472 135.07 0.525889 0.148908 0.831906 0.242421 6.93876 0.446084
3 10.3902 4.84754 13.1347
155.472 135.07 0.525889 0.148908 0.831906 0.242421 6.93876 0.446084
4 10.3905 5.28297 13.5843
155.501 135.133 0.526032 0.148788 0.83236 0.242178 6.9432 0.440661
5 11.4136 5.44501 14.3326
158.942 132.141 0.454559 0.137567 0.783454 0.224337 7.25707 0.539446
6 11.4136 5.79307 13.5336
158.942 132.141 0.454559 0.137567 0.783454 0.224337 7.25707 0.539446
7 11.4136 5.93009 13.4963
158.942 132.141 0.454559 0.137567 0.783454 0.224337 7.25707 0.539446
8 11.4136 6.7871 11.4322
158.942 132.141 0.454559 0.137567 0.783454 0.224337 7.25707 0.539446
9 11.4136 6.90089 9.95283
158.942 132.141 0.454559 0.137567 0.783454 0.224337 7.25707 0.539446
10 11.4136 7.44183 8.88004
158.942 132.141 0.454559 0.137567 0.783454 0.224337 7.25707 0.539446
11 11.4136 7.52373 8.66511
158.942 132.141 0.454559 0.137567 0.783454 0.224337 7.25707 0.539446
12 11.4136 7.7128 7.3714
158.942 132.141 0.454559 0.137567 0.783454 0.224337 7.25707 0.539446
13 11.9271 7.4975 7.92543
130.612 142.138 0.451779 0.193416 0.708851 0.0288082 8.58059 0
14 11.9271 7.60518 8.25321
130.612 142.138 0.451779 0.193416 0.708851 0.0288082 8.58059 0
15 12.4549 8.1197 9.13619
131.211 141.725 0.450376 0.199277 0.72344 0.0190663 8.70352 0
16 12.4549 7.84255 10.4233
131.211 141.725 0.450376 0.199277 0.72344 0.0190663 8.70352 0
17 12.4921 8.38555 8.75998
134.713 136.062 0.414196 0.21145 0.656601 0.0120093 9.17016 0
18 12.4921 7.85163 12.8155
134.713 136.062 0.414196 0.21145 0.656601 0.0120093 9.17016 0
19 12.4921 8.27914 9.24434
134.713 136.062 0.414196 0.21145 0.656601 0.0120093 9.17016 0
20 12.4921 8.41355 11.6835
134.713 136.062 0.414196 0.21145 0.656601 0.0120093 9.17016 0
21 12.4921 8.78481 10.9881
134.713 136.062 0.414196 0.21145 0.656601 0.0120093 9.17016 0
22 12.5492 8.30838 10.779
143.289 129.449 0.453215 0.214982 0.70292 0 9.10935 0.125799
23 12.8773 8.15558 10.5607
116.178 138.94 0.486407 0.195133 0.6191 0.00231319 9.44593 0
24 12.8773 7.96381 11.9876
116.178 138.94 0.486407 0.195133 0.6191 0.00231319 9.44593 0
25 15.1314 8.25857 15.7086
139.936 126.291 0.344942 0.316826 0.657152 0 9.55179 0
26 15.1416 8.48386 18.0321
140.35 125.835 0.345898 0.312384 0.65562 0 9.51947 0
27 15.1416 8.74273 19.1431
140.35 125.835 0.345898 0.312384 0.65562 0 9.51947 0
28 15.5572 9.35319 16.5219
135.356 127.854 0.345715 0.315911 0.66627 0.00286685 9.32996 0
29 15.5572 8.81085 16.032
135.356 127.854 0.345715 0.315911 0.66627 0.00286685 9.32996 0
30 15.5572 9.60207 18.7363
135.356 127.854 0.345715 0.315911 0.66627 0.00286685 9.32996 0
31 15.5572 9.51388 21.2496
135.356 127.854 0.345715 0.315911 0.66627 0.00286685 9.32996 0
32 15.7023 9.41847 17.9908
139.668 126.901 0.347394 0.309511 0.655481 0.00549136 9.63438 0.0549851
33 15.7023 9.57135 17.4565
139.668 126.901 0.347394 0.309511 0.655481 0.00549136 9.63438 0.0549851
34 15.7688 9.08259 18.1319
139.942 125.581 0.346068 0.306232 0.683063 0.0248692 9.77345 0.206882
35 15.7688 9.66877 13.6181
139.942 125.581 0.346068 0.306232 0.683063 0.0248692 9.77345 0.206882
36 15.7688 9.40526 16.0986
139.942 125.581 0.346068 0.306232 0.683063 0.0248692 9.77345 0.206882
37 15.7688 8.92685 21.2089
139.942 125.581 0.346068 0.306232 0.683063 0.0248692 9.77345 0.206882
38 15.7688 8.86932 20.4423
139.942 125.581 0.346068 0.306232 0.683063 0.0248692 9.77345 0.206882
39 15.7688 8.78496 20.2504
139.942 125.581 0.346068 0.306232 0.683063 0.0248692 9.77345 0.206882
40 15.7688 8.27954 16.8426
139.942 125.581 0.346068 0.306232 0.683063 0.0248692 9.77345 0.206882
41 15.7688 9.32357 20.8922
139.942 125.581 0.346068 0.306232 0.683063 0.0248692 9.77345 0.206882
42 15.7688 9.67058 19.9229
139.942 125.581 0.346068 0.306232 0.683063 0.0248692 9.77345 0.206882
43 15.7688 10.4299 17.0592
139.942 125.581 0.346068 0.306232 0.683063 0.0248692 9.77345 0.206882
44 15.7688 9.92678 19.1322
139.942 125.581 0.346068 0.306232 0.683063 0.0248692 9.77345 0.206882
45 15.7688 10.0133 22.7346
139.942 125.581 0.346068 0.306232 0.683063 0.0248692 9.77345 0.206882
46 15.7688 9.06788 23.0811
139.942 125.581 0.346068 0.306232 0.683063 0.0248692 9.77345 0.206882
47 15.7688 8.98427 19.0552
139.942 125.581 0.346068 0.306232 0.683063 0.0248692 9.77345 0.206882
48 15.7688 9.29848 18.0963
139.942 125.581 0.346068 0.306232 0.683063 0.0248692 9.77345 0.206882
49 15.7688 9.93867 18.087
139.942 125.581 0.346068 0.306232 0.683063 0.0248692 9.77345 0.206882
50 15.7688 9.0895 16.4848
139.942 125.581 0.346068 0.306232 0.683063 0.0248692 9.77345 0.206882
51 15.7688 8.88192 18.0406
139.942 125.581 0.346068 0.306232 0.683063 0.0248692 9.77345 0.206882
52 15.7688 9.39922 18.1847
139.942 125.581 0.346068 0.306232 0.683063 0.0248692 9.77345 0.206882
53 15.7688 9.09439 21.0533
139.942 125.581 0.346068 0.306232 0.683063 0.0248692 9.77345 0.206882
54 15.7688 9.97193 21.1376
139.942 125.581 0.346068 0.306232 0.683063 0.0248692 9.77345 0.206882
55 15.7688 9.50145 16.04
139.942 125.581 0.346068 0.306232 0.683063 0.0248692 9.77345 0.206882
56 15.7688 9.31664 16.1442
139.942 125.581 0.346068 0.306232 0.683063 0.0248692 9.77345 0.206882
57 15.7688 9.31477 14.0295
139.942 125.581 0.346068 0.306232 0.683063 0.0248692 9.77345 0.206882
58 15.7688 9.23223 17.7303
139.942 125.581 0.346068 0.306232 0.683063 0.0248692 9.77345 0.206882
59 15.7688 9.81094 17.93
139.942 125.581 0.346068 0.306232 0.683063 0.0248692 9.77345 0.206882
60 15.7688 9.24498 16.5981
139.942 125.581 0.346068 0.306232 0.683063 0.0248692 9.77345 0.206882
61 15.7688 9.55242 17.397
139.942 125.581 0.346068 0.306232 0.683063 0.0248692 9.77345 0.206882
62 15.7688 9.12509 18.0213
139.942 125.581 0.346068 0.306232 0.683063 0.0248692 9.77345 0.206882
63 15.7688 8.72124 19.8115
139.942 125.581 0.346068 0.306232 0.683063 0.0248692 9.77345 0.206882
64 15.7688 9.30947 15.4667
139.942 125.581 0.346068 0.306232 0.683063 0.0248692 9.77345 0.206882
65 15.7688 9.70692 16.7778
139.942 125.581 0.346068 0.306232 0.683063 0.0248692 9.77345 0.206882
66 15.7688 9.88048 17.0734
139.942 125.581 0.346068 0.306232 0.683063 0.0248692 9.77345 0.206882
67 15.7688 9.97899 18.2739
139.942 125.581 0.346068 0.306232 0.683063 0.0248692 9.77345 0.206882
68 15.7688 9.71257 16.6922
139.942 125.581 0.346068 0.306232 0.683063 0.0248692 9.77345 0.206882
69 15.7688 9.72357 18.9892
139.942 125.581 0.346068 0.306232 0.683063 0.0248692 9.77345 0.206882
70 15.7688 8.84805 21.6093
139.942 125.581 0.346068 0.306232 0.683063 0.0248692 9.77345 0.206882
71 15.7688 9.3364 16.6858
139.942 125.581 0.346068 0.306232 0.683063 0.0248692 9.77345 0.206882
72 15.7688 9.53769 12.4768
139.942 125.581 0.346068 0.306232 0.683063 0.0248692 9.77345 0.206882
73 15.7688 9.64759 18.0144
139.942 125.581 0.346068 0.306232 0.683063 0.0248692 9.77345 0.206882
74 15.7688 9.92359 19.7745
139.942 125.581 0.346068 0.306232 0.683063 0.0248692 9.77345 0.206882
75 15.7688 10.0904 20.3435
139.942 125.581 0.346068 0.306232 0.683063 0.0248692 9.77345 0.206882
76 15.7688 9.60142 20.34
139.942 125.581 0.346068 0.306232 0.683063 0.0248692 9.77345 0.206882
77 15.7688 9.75746 19.7788
139.942 125.581 0.346068 0.306232 0.683063 0.0248692 9.77345 0.206882
78 15.7688 10.0828 18.1647
139.942 125.581 0.346068 0.306232 0.683063 0.0248692 9.77345 0.206882
79 15.835 10.3502 19.8198
139.855 126.096 0.344258 0.305699 0.67927 0.0253998 9.7591 0.196313
80 15.835 9.8941 20.6566
139.855 126.096 0.344258 0.305699 0.67927 0.0253998 9.7591 0.196313
81 15.835 9.13397 18.5382
139.855 126.096 0.344258 0.305699 0.67927 0.0253998 9.7591 0.196313
82 15.9167 10.0383 20.6156
140.183 125.498 0.342658 0.306214 0.685503 0.0280801 9.76678 0.171234
83 15.9167 9.945 24.6827
140.183 125.498 0.342658 0.306214 0.685503 0.0280801 9.76678 0.171234
84 15.9167 9.66806 22.853
140.183 125.498 0.342658 0.306214 0.685503 0.0280801 9.76678 0.171234
85 15.9167 10.0504 14.9639
140.183 125.498 0.342658 0.306214 0.685503 0.0280801 9.76678 0.171234
86 15.9167 9.60058 14.8032
140.183 125.498 0.342658 0.306214 0.685503 0.0280801 9.76678 0.171234
87 15.9167 9.63456 18.6506
140.183 125.498 0.342658 0.306214 0.685503 0.0280801 9.76678 0.171234
88 15.9167 9.39322 17.4491
140.183 125.498 0.342658 0.306214 0.685503 0.0280801 9.76678 0.171234
89 15.9167 9.85805 17.4027
140.183 125.498 0.342658 0.306214 0.685503 0.0280801 9.76678 0.171234
90 15.9167 9.93322 17.8351
140.183 125.498 0.342658 0.306214 0.685503 0.0280801 9.76678 0.171234
91 15.9167 9.74751 16.3664
140.183 125.498 0.342658 0.306214 0.685503 0.0280801 9.76678 0.171234
92 15.9167 8.58952 18.8188
140.183 125.498 0.342658 0.306214 0.685503 0.0280801 9.76678 0.171234
93 15.9167 9.4145 19.1945
140.183 125.498 0.342658 0.306214 0.685503 0.0280801 9.76678 0.171234
94 15.9167 8.53118 19.7558
140.183 125.498 0.342658 0.306214 0.685503 0.0280801 9.76678 0.171234
95 15.9167 8.95726 22.3048
140.183 125.498 0.342658 0.306214 0.685503 0.0280801 9.76678 0.171234
96 15.9167 9.40935 22.8672
140.183 125.498 0.342658 0.306214 0.685503 0.0280801 9.76678 0.171234
97 15.9167 9.80624 20.3957
140.183 125.498 0.342658 0.306214 0.685503 0.0280801 9.76678 0.171234
98 15.9167 9.59523 16.9457
140.183 125.498 0.342658 0.306214 0.685503 0.0280801 9.76678 0.171234
99 15.9167 9.99979 14.7104
140.183 125.498 0.342658 0.306214 0.685503 0.0280801 9.76678 0.171234
100 15.9167 9.96706 15.8201
140.183 125.498 0.342658 0.306214 0.685503 0.0280801 9.76678 0.171234
