0 10.343 1.48507 8.29211
154.43 193.283 0.477056 0.295478 0.42553 0.0927454 4.29182 9.78049
1 10.343 2.0687 10.2828
154.43 193.283 0.477056 0.295478 0.42553 0.0927454 4.29182 9.78049
2 11.3597 3.17239 15.414
155.226 195.79 0.460653 0.312404 0.423829 0.0729264 4.61407 9.94562
3 11.3677 4.17621 19.7376
180.516 195.902 0.432745 0.335108 0.482997 0 4.3343 10
4 11.8719 5.10642 19.9337
182.687 194.627 0.448088 0.37259 0.544692 0 4.37124 9.96054
5 11.8719 5.52329 20.5663
182.687 194.627 0.448088 0.37259 0.544692 0 4.37124 9.96054
6 11.8719 6.00774 18.6188
182.687 194.627 0.448088 0.37259 0.544692 0 4.37124 9.96054
7 11.8719 6.55973 17.7484
182.687 194.627 0.448088 0.37259 0.544692 0 4.37124 9.96054
8 11.8751 7.11141 16.8132
183.116 193.692 0.438191 0.369165 0.546986 0.0162117 4.10769 9.80692
9 11.8751 7.17432 14.1695
183.116 193.692 0.438191 0.369165 0.546986 0.0162117 4.10769 9.80692
10 11.8751 7.33916 15.7193
183.116 193.692 0.438191 0.369165 0.546986 0.0162117 4.10769 9.80692
11 11.8848 7.02138 15.7086
180.447 196.457 0.431185 0.351992 0.486531 0 4.75498 10
12 11.8848 7.62003 16.9274
180.447 196.457 0.431185 0.351992 0.486531 0 4.75498 10
13 11.8848 7.60138 15.8668
180.447 196.457 0.431185 0.351992 0.486531 0 4.75498 10
14 11.8848 6.95126 14.5229
180.447 196.457 0.431185 0.351992 0.486531 0 4.75498 10
15 11.8848 7.19839 13.8331
180.447 196.457 0.431185 0.351992 0.486531 0 4.75498 10
16 11.8848 7.10638 15.4277
180.447 196.457 0.431185 0.351992 0.486531 0 4.75498 10
17 12.9033 7.18495 16.3773
168.035 180.546 0.429273 0.375846 0.699644 0 4.49397 9.88497
18 12.9033 7.08916 17.2399
168.035 180.546 0.429273 0.375846 0.699644 0 4.49397 9.88497
19 12.9033 7.57987 11.1759
168.035 180.546 0.429273 0.375846 0.699644 0 4.49397 9.88497
20 12.9074 7.55567 12.5636
168.403 180.271 0.425878 0.385824 0.695392 0 4.28025 9.63502
21 12.9074 7.43645 17.3452
168.403 180.271 0.425878 0.385824 0.695392 0 4.28025 9.63502
22 12.9074 6.7478 17.7065
168.403 180.271 0.425878 0.385824 0.695392 0 4.28025 9.63502
23 12.9074 7.80978 11.4998
168.403 180.271 0.425878 0.385824 0.695392 0 4.28025 9.63502
24 12.9074 7.09645 14.1396
168.403 180.271 0.425878 0.385824 0.695392 0 4.28025 9.63502
25 12.9074 6.61501 15.1114
168.403 180.271 0.425878 0.385824 0.695392 0 4.28025 9.63502
26 12.9074 6.70497 16.2846
168.403 180.271 0.425878 0.385824 0.695392 0 4.28025 9.63502
27 12.9497 7.43725 19.0785
164.625 168.573 0.46168 0.384516 0.595372 0 4.22426 8.83358
28 13.0035 7.64482 16.3489
165.455 161.636 0.43924 0.335197 0.61147 0.0270165 4.2342 9.1938
29 13.0035 8.21072 15.9842
165.455 161.636 0.43924 0.335197 0.61147 0.0270165 4.2342 9.1938
30 13.0284 8.42097 18.1209
160.429 177.229 0.447928 0.367274 0.498536 0 5.13903 8.22206
31 13.0284 8.13912 20.7096
160.429 177.229 0.447928 0.367274 0.498536 0 5.13903 8.22206
32 13.0296 7.8259 23.0501
160.41 177.319 0.448046 0.368105 0.498421 0 5.13389 8.21753
33 13.0296 7.91974 21.0079
160.41 177.319 0.448046 0.368105 0.498421 0 5.13389 8.21753
34 13.5086 8.21508 23.1036
161.418 169.671 0.430912 0.348175 0.411527 0.0268184 4.94979 8.13212
35 13.5086 8.6644 19.1602
161.418 169.671 0.430912 0.348175 0.411527 0.0268184 4.94979 8.13212
36 13.5086 7.92672 20.6253
161.418 169.671 0.430912 0.348175 0.411527 0.0268184 4.94979 8.13212
37 13.9519 7.85954 16.6824
143.354 169.716 0.45765 0.365068 0.57208 0 4.64847 9.28939
38 13.9519 8.1633 14.4634
143.354 169.716 0.45765 0.365068 0.57208 0 4.64847 9.28939
39 13.9519 8.44876 15.8706
143.354 169.716 0.45765 0.365068 0.57208 0 4.64847 9.28939
40 14.9828 7.8341 23.5585
142.66 168.777 0.441544 0.357622 0.571378 0 4.70559 9.29935
41 15.0204 8.42219 21.2482
140.775 171.91 0.416512 0.376371 0.593731 0 5.25625 9.99852
42 16.5169 8.78171 22.9965
135.373 168.244 0.434577 0.374398 0.540758 0 6.34397 10
43 16.5169 8.93701 20.4884
135.373 168.244 0.434577 0.374398 0.540758 0 6.34397 10
44 16.5169 9.4149 22.841
135.373 168.244 0.434577 0.374398 0.540758 0 6.34397 10
45 16.5169 8.54969 24.796
135.373 168.244 0.434577 0.374398 0.540758 0 6.34397 10
46 16.5169 8.56788 27.6717
135.373 168.244 0.434577 0.374398 0.540758 0 6.34397 10
47 16.5169 8.37265 26.4894
135.373 168.244 0.434577 0.374398 0.540758 0 6.34397 10
48 16.5169 9.35521 29.6649
135.373 168.244 0.434577 0.374398 0.540758 0 6.34397 10
49 16.5169 8.43164 25.1607
135.373 168.244 0.434577 0.374398 0.540758 0 6.34397 10
50 16.5169 8.20377 22.4652
135.373 168.244 0.434577 0.374398 0.540758 0 6.34397 10
51 16.5169 9.10128 20.3219
135.373 168.244 0.434577 0.374398 0.540758 0 6.34397 10
52 16.5169 9.27488 19.607
135.373 168.244 0.434577 0.374398 0.540758 0 6.34397 10
53 16.5169 9.949 17.2508
135.373 168.244 0.434577 0.374398 0.540758 0 6.34397 10
54 16.5183 9.45017 20.4571
135.487 168.349 0.434327 0.372947 0.540601 0.000271317 6.33961 10
55 16.5224 8.89446 21.7716
135.83 168.406 0.433012 0.37088 0.541573 0 6.30828 10
56 16.5224 9.10817 28.4512
135.83 168.406 0.433012 0.37088 0.541573 0 6.30828 10
57 16.5224 9.40351 30.0928
135.83 168.406 0.433012 0.37088 0.541573 0 6.30828 10
58 16.5224 7.94106 32.863
135.83 168.406 0.433012 0.37088 0.541573 0 6.30828 10
59 16.5255 8.8325 36.2691
136.434 167.519 0.429089 0.365304 0.553228 0 6.34458 10
60 16.5255 8.59786 32.9244
136.434 167.519 0.429089 0.365304 0.553228 0 6.34458 10
61 16.5255 8.35304 32.5836
136.434 167.519 0.429089 0.365304 0.553228 0 6.34458 10
62 16.5255 8.96422 33.4937
136.434 167.519 0.429089 0.365304 0.553228 0 6.34458 10
63 16.5255 9.14042 35.9892
136.434 167.519 0.429089 0.365304 0.553228 0 6.34458 10
64 16.5255 10.0408 27.9605
136.434 167.519 0.429089 0.365304 0.553228 0 6.34458 10
65 16.5255 9.41484 30.1669
136.434 167.519 0.429089 0.365304 0.553228 0 6.34458 10
66 16.5255 9.01064 31.4838
136.434 167.519 0.429089 0.365304 0.553228 0 6.34458 10
67 16.5255 8.51962 33.04
136.434 167.519 0.429089 0.365304 0.553228 0 6.34458 10
68 16.5255 8.53919 32.9379
136.434 167.519 0.429089 0.365304 0.553228 0 6.34458 10
69 16.5255 8.45463 35.8404
136.434 167.519 0.429089 0.365304 0.553228 0 6.34458 10
70 17.0092 9.59231 29.6829
136.578 162.506 0.419976 0.410054 0.555655 0.00125807 6.44736 10
71 17.5268 8.69586 36.9082
133.261 159.422 0.435724 0.380336 0.521717 0 6.30435 9.98137
72 17.5268 7.96288 30.3659
133.261 159.422 0.435724 0.380336 0.521717 0 6.30435 9.98137
73 17.5268 6.91802 35.2324
133.261 159.422 0.435724 0.380336 0.521717 0 6.30435 9.98137
74 17.5268 7.83157 35.0939
133.261 159.422 0.435724 0.380336 0.521717 0 6.30435 9.98137
75 17.5268 8.02012 40.3666
133.261 159.422 0.435724 0.380336 0.521717 0 6.30435 9.98137
76 17.5268 9.77661 35.8373
133.261 159.422 0.435724 0.380336 0.521717 0 6.30435 9.98137
77 17.5268 9.07565 28.6785
133.261 159.422 0.435724 0.380336 0.521717 0 6.30435 9.98137
78 17.5268 8.40809 34.4075
133.261 159.422 0.435724 0.380336 0.521717 0 6.30435 9.98137
79 17.5268 8.2429 37.1925
133.261 159.422 0.435724 0.380336 0.521717 0 6.30435 9.98137
80 17.5268 7.81115 38.7499
133.261 159.422 0.435724 0.380336 0.521717 0 6.30435 9.98137
81 17.5268 8.51117 39.4482
133.261 159.422 0.435724 0.380336 0.521717 0 6.30435 9.98137
82 17.5268 7.74783 34.9762
133.261 159.422 0.435724 0.380336 0.521717 0 6.30435 9.98137
83 17.5268 9.25031 40.2665
133.261 159.422 0.435724 0.380336 0.521717 0 6.30435 9.98137
84 17.5268 8.90524 40.1597
133.261 159.422 0.435724 0.380336 0.521717 0 6.30435 9.98137
85 17.5268 8.84216 36.2078
133.261 159.422 0.435724 0.380336 0.521717 0 6.30435 9.98137
86 17.5268 8.33439 34.2531
133.261 159.422 0.435724 0.380336 0.521717 0 6.30435 9.98137
87 17.5268 8.80339 37.8337
133.261 159.422 0.435724 0.380336 0.521717 0 6.30435 9.98137
88 17.5352 10.0918 34.7138
125.834 154.331 0.406529 0.380514 0.622738 0 5.91359 10
89 17.5352 10.0242 38.1371
125.834 154.331 0.406529 0.380514 0.622738 0 5.91359 10
90 17.5352 10.1297 30.1052
125.834 154.331 0.406529 0.380514 0.622738 0 5.91359 10
91 17.5352 8.59497 34.2286
125.834 154.331 0.406529 0.380514 0.622738 0 5.91359 10
92 17.5352 8.94155 37.7956
125.834 154.331 0.406529 0.380514 0.622738 0 5.91359 10
93 17.5352 8.20096 37.6069
125.834 154.331 0.406529 0.380514 0.622738 0 5.91359 10
94 17.5352 9.4784 40.6337
125.834 154.331 0.406529 0.380514 0.622738 0 5.91359 10
95 17.5352 9.68552 42.3259
125.834 154.331 0.406529 0.380514 0.622738 0 5.91359 10
96 17.5352 11.3531 33.7848
125.834 154.331 0.406529 0.380514 0.622738 0 5.91359 10
97 17.5352 9.70732 29.5717
125.834 154.331 0.406529 0.380514 0.622738 0 5.91359 10
98 17.5352 10.0483 26.4278
125.834 154.331 0.406529 0.380514 0.622738 0 5.91359 10
99 17.5352 10.8174 27.2749
125.834 154.331 0.406529 0.380514 0.622738 0 5.91359 10
100 17.5352 9.97171 32.1191
125.834 154.331 0.406529 0.380514 0.622738 0 5.91359 10
