0 7.20342 0.731887 2.93949
183.844 171.2 0.0295497 0.566308 0.179608 0.145631 2.53828 6.94516
1 7.20356 1.01604 5.02211
184.27 170.825 0 0.578448 0.196595 0.154563 2.59832 6.90824
2 7.21432 1.3062 6.72919
184.805 170.372 0.00205201 0.577993 0.193241 0.149697 2.44363 7.04765
3 7.21432 1.59928 6.74612
184.805 170.372 0.00205201 0.577993 0.193241 0.149697 2.44363 7.04765
4 8.79705 2.46874 11.0387
196.262 159.542 0.12672 0.448954 0.269732 0.0595925 2.64155 8.48297
5 8.87867 2.76996 12.8893
197.687 159.148 0.217866 0.402911 0.244475 0.0932826 2.33934 8.21362
6 8.91166 3.07935 13.951
197.184 160.084 0.241638 0.428336 0.242738 0.0779921 2.38789 8.40574
7 10.1092 3.14359 15.1215
195.317 156.239 0.0790195 0.476073 0.279941 0.0501692 2.46175 8.86128
8 10.1092 2.92801 11.357
195.317 156.239 0.0790195 0.476073 0.279941 0.0501692 2.46175 8.86128
9 10.1092 3.3099 13.3065
195.317 156.239 0.0790195 0.476073 0.279941 0.0501692 2.46175 8.86128
10 11.7156 4.01965 13.9985
183.95 167.076 0.139856 0.413357 0.221952 0.102283 2.44141 8.18536
11 11.7156 4.6511 16.1213
183.95 167.076 0.139856 0.413357 0.221952 0.102283 2.44141 8.18536
12 11.7156 4.23391 13.3021
183.95 167.076 0.139856 0.413357 0.221952 0.102283 2.44141 8.18536
13 11.7156 4.88543 14.1221
183.95 167.076 0.139856 0.413357 0.221952 0.102283 2.44141 8.18536
14 11.7156 4.75309 16.8723
183.95 167.076 0.139856 0.413357 0.221952 0.102283 2.44141 8.18536
15 11.7156 5.43289 15.521
183.95 167.076 0.139856 0.413357 0.221952 0.102283 2.44141 8.18536
16 11.7156 5.76951 12.0219
183.95 167.076 0.139856 0.413357 0.221952 0.102283 2.44141 8.18536
17 11.7156 5.27427 13.5333
183.95 167.076 0.139856 0.413357 0.221952 0.102283 2.44141 8.18536
18 11.7156 5.12471 9.66968
183.95 167.076 0.139856 0.413357 0.221952 0.102283 2.44141 8.18536
19 11.7156 4.97622 12.9481
183.95 167.076 0.139856 0.413357 0.221952 0.102283 2.44141 8.18536
20 11.7156 5.72117 11.6991
183.95 167.076 0.139856 0.413357 0.221952 0.102283 2.44141 8.18536
21 11.8065 5.76077 14.4597
183.569 157.856 0.202242 0.400646 0.147493 0.0994361 2.41729 6.37669
22 11.8065 6.0723 10.8199
183.569 157.856 0.202242 0.400646 0.147493 0.0994361 2.41729 6.37669
23 11.8065 5.08406 16.6355
183.569 157.856 0.202242 0.400646 0.147493 0.0994361 2.41729 6.37669
24 11.8399 5.8205 16.8393
185.247 165.323 0.156373 0.433415 0.198093 0.0944295 2.56112 8.24704
25 11.8399 5.39328 12.7993
185.247 165.323 0.156373 0.433415 0.198093 0.0944295 2.56112 8.24704
26 11.8399 5.0044 18.0457
185.247 165.323 0.156373 0.433415 0.198093 0.0944295 2.56112 8.24704
27 11.8399 5.42205 16.3875
185.247 165.323 0.156373 0.433415 0.198093 0.0944295 2.56112 8.24704
28 11.8399 5.14277 14.274
185.247 165.323 0.156373 0.433415 0.198093 0.0944295 2.56112 8.24704
29 11.8399 4.95148 13.4053
185.247 165.323 0.156373 0.433415 0.198093 0.0944295 2.56112 8.24704
30 11.8399 5.04071 12.1605
185.247 165.323 0.156373 0.433415 0.198093 0.0944295 2.56112 8.24704
31 11.8399 5.83228 12.4213
185.247 165.323 0.156373 0.433415 0.198093 0.0944295 2.56112 8.24704
32 12.001 6.20871 14.1624
185.034 165.709 0.156832 0.439386 0.196155 0.0902715 2.47754 8.17419
33 12.03 6.50989 10.842
189.021 158.178 0.211229 0.414552 0.125787 0.0903116 2.02825 6.13256
34 12.03 6.06876 10.1354
189.021 158.178 0.211229 0.414552 0.125787 0.0903116 2.02825 6.13256
35 12.03 5.92912 12.9205
189.021 158.178 0.211229 0.414552 0.125787 0.0903116 2.02825 6.13256
36 12.03 5.53307 14.9023
189.021 158.178 0.211229 0.414552 0.125787 0.0903116 2.02825 6.13256
37 12.03 5.00858 15.6223
189.021 158.178 0.211229 0.414552 0.125787 0.0903116 2.02825 6.13256
38 12.03 4.71406 17.6743
189.021 158.178 0.211229 0.414552 0.125787 0.0903116 2.02825 6.13256
39 12.03 4.851 18.7578
189.021 158.178 0.211229 0.414552 0.125787 0.0903116 2.02825 6.13256
40 12.03 4.4006 16.3266
189.021 158.178 0.211229 0.414552 0.125787 0.0903116 2.02825 6.13256
41 12.03 4.50547 19.1921
189.021 158.178 0.211229 0.414552 0.125787 0.0903116 2.02825 6.13256
42 12.03 5.11469 18.4847
189.021 158.178 0.211229 0.414552 0.125787 0.0903116 2.02825 6.13256
43 12.03 5.45419 16.8963
189.021 158.178 0.211229 0.414552 0.125787 0.0903116 2.02825 6.13256
44 12.03 5.79698 16.0727
189.021 158.178 0.211229 0.414552 0.125787 0.0903116 2.02825 6.13256
45 12.03 5.7718 17.8625
189.021 158.178 0.211229 0.414552 0.125787 0.0903116 2.02825 6.13256
46 12.03 6.3779 12.6267
189.021 158.178 0.211229 0.414552 0.125787 0.0903116 2.02825 6.13256
47 12.03 6.23834 11.475
189.021 158.178 0.211229 0.414552 0.125787 0.0903116 2.02825 6.13256
48 12.03 7.0168 9.36629
189.021 158.178 0.211229 0.414552 0.125787 0.0903116 2.02825 6.13256
49 12.03 4.57836 16.5532
189.021 158.178 0.211229 0.414552 0.125787 0.0903116 2.02825 6.13256
50 12.0812 5.25475 17.771
188.801 157.546 0.21132 0.413295 0.122286 0.0909688 2.03442 6.15605
51 12.0812 4.51399 18.4226
188.801 157.546 0.21132 0.413295 0.122286 0.0909688 2.03442 6.15605
52 12.0812 4.92467 17.5756
188.801 157.546 0.21132 0.413295 0.122286 0.0909688 2.03442 6.15605
53 12.0812 5.02397 17.3048
188.801 157.546 0.21132 0.413295 0.122286 0.0909688 2.03442 6.15605
54 12.0812 5.56397 17.5032
188.801 157.546 0.21132 0.413295 0.122286 0.0909688 2.03442 6.15605
55 12.0812 4.66373 17.9114
188.801 157.546 0.21132 0.413295 0.122286 0.0909688 2.03442 6.15605
56 12.0812 5.25162 19.0353
188.801 157.546 0.21132 0.413295 0.122286 0.0909688 2.03442 6.15605
57 12.0812 5.37284 15.6466
188.801 157.546 0.21132 0.413295 0.122286 0.0909688 2.03442 6.15605
58 12.0812 5.65015 12.7763
188.801 157.546 0.21132 0.413295 0.122286 0.0909688 2.03442 6.15605
59 12.0812 5.21657 11.5382
188.801 157.546 0.21132 0.413295 0.122286 0.0909688 2.03442 6.15605
60 12.0812 5.75453 14.8197
188.801 157.546 0.21132 0.413295 0.122286 0.0909688 2.03442 6.15605
61 12.0812 4.95928 18.2206
188.801 157.546 0.21132 0.413295 0.122286 0.0909688 2.03442 6.15605
62 12.0812 5.80879 16.2678
188.801 157.546 0.21132 0.413295 0.122286 0.0909688 2.03442 6.15605
63 12.0812 5.87897 18.7073
188.801 157.546 0.21132 0.413295 0.122286 0.0909688 2.03442 6.15605
64 12.0812 5.70406 19.8005
188.801 157.546 0.21132 0.413295 0.122286 0.0909688 2.03442 6.15605
65 12.0812 5.2204 18.3162
188.801 157.546 0.21132 0.413295 0.122286 0.0909688 2.03442 6.15605
66 12.0812 5.52407 18.3927
188.801 157.546 0.21132 0.413295 0.122286 0.0909688 2.03442 6.15605
67 12.0812 5.66667 13.9389
188.801 157.546 0.21132 0.413295 0.122286 0.0909688 2.03442 6.15605
68 12.0812 5.64929 17.5597
188.801 157.546 0.21132 0.413295 0.122286 0.0909688 2.03442 6.15605
69 12.0812 5.18758 15.6064
188.801 157.546 0.21132 0.413295 0.122286 0.0909688 2.03442 6.15605
70 12.0845 5.89312 15.0825
200 153.217 0.230394 0.423101 0.0948932 0.0826949 2.75517 7.44683
71 12.0845 4.92314 14.9137
200 153.217 0.230394 0.423101 0.0948932 0.0826949 2.75517 7.44683
72 12.0845 4.71066 15.1007
200 153.217 0.230394 0.423101 0.0948932 0.0826949 2.75517 7.44683
73 12.0845 4.65413 20.0752
200 153.217 0.230394 0.423101 0.0948932 0.0826949 2.75517 7.44683
74 12.0845 4.78066 18.6473
200 153.217 0.230394 0.423101 0.0948932 0.0826949 2.75517 7.44683
75 12.0845 4.98645 14.7137
200 153.217 0.230394 0.423101 0.0948932 0.0826949 2.75517 7.44683
76 12.0845 5.02537 17.9477
200 153.217 0.230394 0.423101 0.0948932 0.0826949 2.75517 7.44683
77 12.0845 3.70138 15.11
200 153.217 0.230394 0.423101 0.0948932 0.0826949 2.75517 7.44683
78 12.0845 4.84491 19.0058
200 153.217 0.230394 0.423101 0.0948932 0.0826949 2.75517 7.44683
79 12.0845 4.91025 13.5929
200 153.217 0.230394 0.423101 0.0948932 0.0826949 2.75517 7.44683
80 12.0845 4.48572 15.54
200 153.217 0.230394 0.423101 0.0948932 0.0826949 2.75517 7.44683
81 12.0845 4.5575 15.2369
200 153.217 0.230394 0.423101 0.0948932 0.0826949 2.75517 7.44683
82 12.0845 5.31572 19.7239
200 153.217 0.230394 0.423101 0.0948932 0.0826949 2.75517 7.44683
83 12.0845 5.0678 15.7968
200 153.217 0.230394 0.423101 0.0948932 0.0826949 2.75517 7.44683
84 12.0845 4.99275 15.587
200 153.217 0.230394 0.423101 0.0948932 0.0826949 2.75517 7.44683
85 12.0845 5.43713 17.1576
200 153.217 0.230394 0.423101 0.0948932 0.0826949 2.75517 7.44683
86 12.0845 6.23244 17.0606
200 153.217 0.230394 0.423101 0.0948932 0.0826949 2.75517 7.44683
87 12.0845 5.51178 12.9037
200 153.217 0.230394 0.423101 0.0948932 0.0826949 2.75517 7.44683
88 12.0845 4.92271 15.1833
200 153.217 0.230394 0.423101 0.0948932 0.0826949 2.75517 7.44683
89 12.0845 4.77246 12.2212
200 153.217 0.230394 0.423101 0.0948932 0.0826949 2.75517 7.44683
90 12.0845 4.93536 18.3417
200 153.217 0.230394 0.423101 0.0948932 0.0826949 2.75517 7.44683
91 12.0845 5.28198 16.8951
200 153.217 0.230394 0.423101 0.0948932 0.0826949 2.75517 7.44683
92 12.0845 5.28548 15.9427
200 153.217 0.230394 0.423101 0.0948932 0.0826949 2.75517 7.44683
93 12.0845 5.42909 14.9759
200 153.217 0.230394 0.423101 0.0948932 0.0826949 2.75517 7.44683
94 12.0845 5.59512 15.243
200 153.217 0.230394 0.423101 0.0948932 0.0826949 2.75517 7.44683
95 12.0845 5.09429 23.5792
200 153.217 0.230394 0.423101 0.0948932 0.0826949 2.75517 7.44683
96 12.0845 5.23911 18.9724
200 153.217 0.230394 0.423101 0.0948932 0.0826949 2.75517 7.44683
97 12.0845 4.80717 15.5478
200 153.217 0.230394 0.423101 0.0948932 0.0826949 2.75517 7.44683
98 12.0845 4.94167 16.2741
200 153.217 0.230394 0.423101 0.0948932 0.0826949 2.75517 7.44683
99 12.0845 5.03902 18.9537
200 153.217 0.230394 0.423101 0.0948932 0.0826949 2.75517 7.44683
100 12.0845 4.88146 17.5218
200 153.217 0.230394 0.423101 0.0948932 0.0826949 2.75517 7.44683
