0 0 0 0 0 0 0 0 0 0 0 0 0 0 0 0 0 0 0 0 0 0 0 0 0 0 0 0 0 0 0 0 0 0 0 0 0 0 0 0 0 0 0 0 0 0 0 0 0 0 0 0 0 0 0 0 0 0 0 0 0 0 0 0 0 0 0 0 0 0 0 0 0 0 0 0 0 0 0 0 0 0 0 0 0 0 0 0 0 0 0 0 0 0 0 0 0 0 0 0 
0 0 0 0 0 0 0 0 0 0 0 0 0 0 0 0 0 0 0 0 0 0 0 0 0 0 0 0 0 0 0 0 0 0 0 0 0 0 0 0 0 0 0 0 0 0 0 0 0 0 0 0 0 0 0 0 0 0 0 0 0 0 0 0 0 0 0 0 0 0 0 0 0 0 0 0 0 0 0 0 0 0 0 0 0 0 0 0 0 0 0 0 1 1 0 0 0 0 0 0 
0 0 0 0 0 0 0 0 0 0 0 0 0 0 0 0 0 0 0 0 0 0 0 0 0 0 0 0 0 0 0 0 0 0 0 0 0 0 0 0 0 0 0 0 0 0 0 0 0 0 0 0 0 0 0 0 0 0 0 0 0 0 0 0 0 0 0 0 0 0 0 0 0 0 0 0 0 0 0 0 0 0 0 0 0 0 0 0 0 0 0 0 11 0 0 0 0 0 0 0 
0 0 0 0 0 0 0 0 0 0 0 0 0 0 0 0 0 0 0 0 0 0 0 0 0 0 0 0 0 0 0 0 0 0 0 0 0 0 0 0 0 0 0 0 0 0 0 0 0 0 0 0 0 0 0 0 0 0 0 0 0 0 0 0 0 0 0 0 0 0 0 0 0 0 0 0 0 0 0 0 0 0 0 0 0 0 0 0 0 0 0 12 13 0 0 0 0 0 0 0 
0 0 0 0 0 0 0 0 0 0 0 0 0 0 0 0 0 0 0 0 0 0 0 0 0 0 0 0 0 0 0 0 0 0 0 0 0 0 0 0 0 0 0 0 0 0 0 0 0 0 0 0 0 0 0 0 0 0 0 0 0 0 0 0 0 0 0 0 0 0 0 0 0 0 0 0 0 0 0 0 0 0 0 0 0 0 0 0 0 0 12 14 14 0 0 0 0 0 0 0 
0 0 0 0 0 0 0 0 0 0 0 0 0 0 0 0 0 0 0 0 0 0 0 0 0 0 0 0 0 0 0 0 0 0 0 0 0 0 0 0 0 0 0 0 0 0 0 0 0 0 0 0 0 0 0 0 0 0 0 0 0 0 0 0 0 0 0 0 0 0 0 0 0 0 0 0 0 0 0 0 0 0 0 0 0 0 0 0 0 14 14 16 17 0 0 0 0 0 0 0 
0 0 0 0 0 0 0 0 0 0 0 0 0 0 0 0 0 0 0 0 0 0 0 0 0 0 0 0 0 0 0 0 0 0 0 0 0 0 0 0 0 0 0 0 0 0 0 0 0 0 0 0 0 0 0 0 0 0 0 0 0 0 0 0 0 0 0 0 0 0 0 0 0 0 0 0 0 0 0 0 0 0 0 0 0 0 0 0 14 16 16 17 15 0 0 0 0 0 0 0 
0 0 0 0 0 0 0 0 0 0 0 0 0 0 0 0 0 0 0 0 0 0 0 0 0 0 0 0 0 0 0 0 0 0 0 0 0 0 0 0 0 0 0 0 0 0 0 0 0 0 0 0 0 0 0 0 0 0 0 0 0 0 0 0 0 0 0 0 0 0 0 0 0 0 0 0 0 0 0 0 0 0 0 0 0 0 0 16 16 17 17 25 4 0 0 0 0 0 0 0 
0 0 0 0 0 0 0 0 0 0 0 0 0 0 0 0 0 0 0 0 0 0 0 0 0 0 0 0 0 0 0 0 0 0 0 0 0 0 0 0 0 0 0 0 0 0 0 0 0 0 0 0 0 0 0 0 0 0 0 0 0 0 0 0 0 0 0 0 0 0 0 0 0 0 0 0 0 0 0 0 0 0 0 0 0 0 16 16 17 25 25 25 7 0 0 0 0 0 0 0 
0 0 0 0 0 0 0 0 0 0 0 0 0 0 0 0 0 0 0 0 0 0 0 0 0 0 0 0 0 0 0 0 0 0 0 0 0 0 0 0 0 0 0 0 0 0 0 0 0 0 0 0 0 0 0 0 0 0 0 0 0 0 0 0 0 0 0 0 0 0 0 0 0 0 0 0 0 0 0 0 0 0 0 0 0 16 17 17 25 25 25 25 13 0 0 0 0 0 0 0 
0 0 0 0 0 0 0 0 0 0 0 0 0 0 0 0 0 0 0 0 0 0 0 0 0 0 0 0 0 0 0 0 0 0 0 0 0 0 0 0 0 0 0 0 0 0 0 0 0 0 0 0 0 0 0 0 0 0 0 0 0 0 0 0 0 0 0 0 0 0 0 0 0 0 0 0 0 0 0 0 0 0 0 0 17 17 25 25 25 25 25 25 24 0 0 0 0 0 0 0 
0 0 0 0 0 0 0 0 0 0 0 0 0 0 0 0 0 0 0 0 0 0 0 0 0 0 0 0 0 0 0 0 0 0 0 0 0 0 0 0 0 0 0 0 0 0 0 0 0 0 0 0 0 0 0 0 0 0 0 0 0 0 0 0 0 0 0 0 0 0 0 0 0 0 0 0 0 0 0 0 0 0 0 17 17 25 25 25 25 25 25 25 20 0 0 0 0 0 0 0 
0 0 0 0 0 0 0 0 0 0 0 0 0 0 0 0 0 0 0 0 0 0 0 0 0 0 0 0 0 0 0 0 0 0 0 0 0 0 0 0 0 0 0 0 0 0 0 0 0 0 0 0 0 0 0 0 0 0 0 0 0 0 0 0 0 0 0 0 0 0 0 0 0 0 0 0 0 0 0 0 0 0 17 17 25 25 25 25 25 25 25 25 21 0 0 0 0 0 0 0 
0 0 0 0 0 0 0 0 0 0 0 0 0 0 0 0 0 0 0 0 0 0 0 0 0 0 0 0 0 0 0 0 0 0 0 0 0 0 0 0 0 0 0 0 0 0 0 0 0 0 0 0 0 0 0 0 0 0 0 0 0 0 0 0 0 0 0 0 0 0 0 0 0 0 0 0 0 0 0 0 0 17 25 25 25 25 25 25 25 25 25 25 16 0 0 0 0 0 0 0 
0 0 0 0 0 0 0 0 0 0 0 0 0 0 0 0 0 0 0 0 0 0 0 0 0 0 0 0 0 0 0 0 0 0 0 0 0 0 0 0 0 0 0 0 0 0 0 0 0 0 0 0 0 0 0 0 0 0 0 0 0 0 0 0 0 0 0 0 0 0 0 0 0 0 0 0 0 0 0 0 17 25 25 25 25 25 25 25 25 25 25 25 16 2 0 0 0 0 0 0 
0 0 0 0 0 0 0 0 0 0 0 0 0 0 0 0 0 0 0 0 0 0 0 0 0 0 0 0 0 0 0 0 0 0 0 0 0 0 0 0 0 0 0 0 0 0 0 0 0 0 0 0 0 0 0 0 0 0 0 0 0 0 0 0 0 0 0 0 0 0 0 0 0 0 0 0 0 0 0 25 25 25 25 25 25 25 25 25 25 25 25 24 20 1 0 0 0 0 0 0 
0 0 0 0 0 0 0 0 0 0 0 0 0 0 0 0 0 0 0 0 0 0 0 0 0 0 0 0 0 0 0 0 0 0 0 0 0 0 0 0 0 0 0 0 0 0 0 0 0 0 0 0 0 0 0 0 0 0 0 0 0 0 0 0 0 0 0 0 0 0 0 0 0 0 0 0 0 1 25 25 25 25 25 25 25 25 25 25 25 25 25 14 11 6 0 0 0 0 0 0 
0 0 0 0 0 0 0 0 0 0 0 0 0 0 0 0 0 0 0 0 0 0 0 0 0 0 0 0 0 0 0 0 0 0 0 0 0 0 0 0 0 0 0 0 0 0 0 0 0 0 0 0 0 0 0 0 0 0 0 0 0 0 0 0 0 0 0 0 0 0 0 0 0 0 0 0 0 25 25 25 25 25 25 25 25 25 25 25 25 25 25 11 10 12 0 0 0 0 0 0 
0 0 0 0 0 0 0 0 0 0 0 0 0 0 0 0 0 0 0 0 0 0 0 0 0 0 0 0 0 0 0 0 0 0 0 0 0 0 0 0 0 0 0 0 0 0 0 0 0 0 0 0 0 0 0 0 0 0 0 0 0 0 0 0 0 0 0 0 0 0 0 0 0 0 0 0 25 25 25 25 25 25 25 25 25 25 25 25 25 25 18 5 3 12 0 0 0 0 0 0 
0 0 0 0 0 0 0 0 0 0 0 0 0 0 0 0 0 0 0 0 0 0 0 0 0 0 0 0 0 0 0 0 0 0 0 0 0 0 0 0 0 0 0 0 0 0 0 0 0 0 0 0 0 0 0 0 0 0 0 0 0 0 0 0 0 0 0 0 0 0 0 0 0 0 8 25 25 25 25 25 25 25 25 25 25 25 25 25 25 25 19 16 5 10 0 0 0 0 0 0 
0 0 0 0 0 0 0 0 0 0 0 0 0 0 0 0 0 0 0 0 0 0 0 0 0 0 0 0 0 0 0 0 0 0 0 0 0 0 0 0 0 0 0 0 0 0 0 0 0 0 0 0 0 0 0 0 0 0 0 0 0 0 0 0 0 0 0 0 0 0 0 0 0 8 25 25 25 25 25 25 25 25 25 25 25 25 25 25 25 23 23 14 10 8 0 0 0 0 0 0 
0 0 0 0 0 0 0 0 0 0 0 0 0 0 0 0 0 0 0 0 0 0 0 0 0 0 0 0 0 0 0 0 0 0 0 0 0 0 0 0 0 0 0 0 0 0 0 0 0 0 0 0 0 0 0 0 0 0 0 0 0 0 0 0 0 0 0 0 0 0 0 1 10 25 25 25 25 25 25 25 25 25 25 25 25 25 25 25 25 23 14 21 10 1 0 0 0 0 0 0 
0 0 0 0 0 0 0 0 0 0 0 0 0 0 0 0 0 0 0 0 0 0 0 0 0 0 0 0 0 0 0 0 0 0 0 0 0 0 0 0 0 0 0 0 0 0 0 0 0 0 0 0 0 0 0 0 0 0 0 0 0 0 0 0 0 0 0 0 0 0 2 8 25 25 25 25 25 25 25 25 25 25 25 25 25 25 25 25 25 23 16 3 7 0 0 0 0 0 0 0 
0 0 0 0 0 0 0 0 0 0 0 0 0 0 0 0 0 0 0 0 0 0 0 0 0 0 0 0 0 0 0 0 0 0 0 0 0 0 0 0 0 0 0 0 0 0 0 0 0 0 0 0 0 0 0 0 0 0 0 0 0 0 0 0 0 0 0 0 0 4 15 25 25 25 25 25 25 25 25 25 25 25 25 25 25 25 25 25 16 20 23 15 7 5 0 0 0 0 0 0 
0 0 0 0 0 0 0 0 0 0 0 0 0 0 0 0 0 0 0 0 0 0 0 0 0 0 0 0 0 0 0 0 0 0 0 0 0 0 0 0 0 0 0 0 0 0 0 0 0 0 0 0 0 0 0 0 0 0 0 0 0 0 0 0 0 0 0 0 2 16 25 25 25 25 25 25 25 25 25 25 25 25 25 25 25 25 25 25 20 14 10 13 10 23 0 0 0 0 0 0 
0 0 0 0 0 0 0 0 0 0 0 0 0 0 0 0 0 0 0 0 0 0 0 0 0 0 0 0 0 0 0 0 0 0 0 0 0 0 0 0 0 0 0 0 0 0 0 0 0 0 0 0 0 0 0 0 0 0 0 0 0 0 0 0 0 1 4 5 17 25 25 25 25 25 25 25 25 25 25 25 25 25 25 25 25 25 25 20 23 18 14 8 10 1 0 0 0 0 0 0 
0 0 0 0 0 0 0 0 0 0 0 0 0 0 0 0 0 0 0 0 0 0 0 0 0 0 0 0 0 0 0 0 0 0 0 0 0 0 0 0 0 0 0 0 0 0 0 0 0 0 0 0 0 0 0 0 0 0 0 0 0 0 0 4 1 7 8 19 25 25 25 25 25 25 25 25 25 25 25 25 25 25 25 25 25 25 25 22 23 19 11 7 7 2 0 0 0 0 0 0 
0 0 0 0 0 0 0 0 0 0 0 0 0 0 0 0 0 0 0 0 0 0 0 0 0 0 0 0 0 0 0 0 0 0 0 0 0 0 0 0 0 0 0 0 0 0 0 0 0 0 0 0 0 0 0 0 0 0 0 0 0 1 3 0 5 7 20 25 25 25 25 25 25 25 25 25 25 25 25 25 25 25 25 25 25 25 22 16 20 15 9 11 17 2 0 0 0 0 0 0 
0 0 0 0 0 0 0 0 0 0 0 0 0 0 0 0 0 0 0 0 0 0 0 0 0 0 0 0 0 0 0 0 0 0 0 0 0 0 0 0 0 0 0 0 0 0 0 0 0 0 0 0 0 0 0 0 0 0 0 0 2 1 0 5 8 19 25 25 25 25 25 25 25 25 25 25 25 25 25 25 25 25 25 25 25 25 19 17 12 17 13 5 2 11 0 0 0 0 0 0 
0 0 0 0 0 0 0 0 0 0 0 0 0 0 0 0 0 0 0 0 0 0 0 0 0 0 0 0 0 0 0 0 0 0 0 0 0 0 0 0 0 0 0 0 0 0 0 0 0 0 0 0 0 0 0 0 0 0 1 5 1 4 6 5 18 25 25 25 25 25 25 25 25 25 25 25 25 25 25 25 25 25 25 25 25 22 19 16 18 12 14 15 20 11 0 0 0 0 0 0 
0 0 0 0 0 0 0 0 0 0 0 0 0 0 0 0 0 0 0 0 0 0 0 0 0 0 0 0 0 0 0 0 0 0 0 0 0 0 0 0 0 0 0 0 0 0 0 0 0 0 0 0 0 0 0 0 0 2 1 5 8 2 7 20 25 25 25 25 25 25 25 25 25 25 25 25 25 25 25 25 25 25 25 25 25 22 15 18 16 13 22 0 2 7 7 0 0 0 0 0 
0 0 0 0 0 0 0 0 0 0 0 0 0 0 0 0 0 0 0 0 0 0 0 0 0 0 0 0 0 0 0 0 0 0 0 0 0 0 0 0 0 0 0 0 0 0 0 0 0 0 0 0 0 0 0 2 1 0 2 6 4 10 20 25 25 25 25 25 25 25 25 25 25 25 25 25 25 25 25 25 25 25 25 25 22 17 18 18 7 21 0 21 2 6 13 0 0 0 0 0 
0 0 0 0 0 0 0 0 0 0 0 0 0 0 0 0 0 0 0 0 0 0 0 0 0 0 0 0 0 0 0 0 0 0 0 0 0 0 0 0 0 0 0 0 0 0 0 0 0 0 0 0 0 4 0 0 2 4 6 6 13 23 25 25 25 25 25 25 25 25 25 25 25 25 25 25 25 25 25 25 25 25 25 25 19 18 11 25 2 1 3 1 15 5 11 0 0 0 0 0 
0 0 0 0 0 0 0 0 0 0 0 0 0 0 0 0 0 0 0 0 0 0 0 0 0 0 0 0 0 0 0 0 0 0 0 0 0 0 0 0 0 0 0 0 0 0 0 0 0 0 0 0 1 0 3 3 5 8 12 13 24 25 25 25 25 25 25 25 25 25 25 25 25 25 25 25 25 25 25 25 25 25 24 24 19 10 24 22 22 19 12 18 6 5 11 0 0 0 0 0 
0 0 0 0 0 0 0 0 0 0 0 0 0 0 0 0 0 0 0 0 0 0 0 0 0 0 0 0 0 0 0 0 0 0 0 0 0 0 0 0 0 0 0 0 0 0 0 0 0 0 0 2 3 2 5 5 5 13 13 24 25 25 25 25 25 25 25 25 25 25 25 25 25 25 25 25 25 25 25 25 25 25 25 23 21 24 21 24 17 13 14 2 7 9 13 0 0 0 0 0 
0 0 0 0 0 0 0 0 0 0 0 0 0 0 0 0 0 0 0 0 0 0 0 0 0 0 0 0 0 0 0 0 0 0 0 0 0 0 0 0 0 0 0 0 0 0 0 0 2 0 1 3 4 4 4 11 5 6 25 25 25 25 25 25 25 25 25 25 25 25 25 25 25 25 25 25 25 25 25 25 25 25 24 21 20 13 20 12 15 13 12 10 12 10 8 0 0 0 0 0 
0 0 0 0 0 0 0 0 0 0 0 0 0 0 0 0 0 0 0 0 0 0 0 0 0 0 0 0 0 0 0 0 0 0 0 0 0 0 0 0 0 0 0 0 0 0 0 0 0 0 4 4 7 5 8 5 10 25 25 25 25 25 25 25 25 25 25 25 25 25 25 25 25 25 25 25 25 25 25 25 25 25 23 21 15 20 18 16 15 14 6 13 8 5 8 0 0 0 0 0 
0 0 0 0 0 0 0 0 0 0 0 0 0 0 0 0 0 0 0 0 0 0 0 0 0 0 0 0 0 0 0 0 0 0 0 0 0 0 0 0 0 0 0 0 0 0 1 0 8 3 6 7 12 9 11 12 25 25 25 25 25 25 25 25 25 25 25 25 25 25 25 25 25 25 25 25 25 25 25 25 24 25 25 19 18 18 15 18 14 6 9 10 5 9 5 0 0 0 0 0 
0 0 0 0 0 0 0 0 0 0 0 0 0 0 0 0 0 0 0 0 0 0 0 0 0 0 0 0 0 0 0 0 0 0 0 0 0 0 0 0 0 0 0 0 0 0 1 0 0 5 7 8 2 12 7 25 25 25 25 25 25 25 25 25 25 25 25 25 25 25 25 25 25 25 25 25 25 25 25 25 25 24 20 19 17 17 15 13 13 13 11 9 4 5 11 0 0 0 0 0 
0 0 0 0 0 0 0 0 0 0 0 0 0 0 0 0 0 0 0 0 0 0 0 0 0 0 0 0 0 0 0 0 0 0 0 0 0 0 0 0 0 0 2 2 0 3 1 5 5 6 7 6 18 8 25 25 25 25 25 25 25 25 25 25 25 25 25 25 25 25 25 25 25 25 25 25 25 25 25 25 25 23 17 16 12 16 10 14 11 13 9 10 11 11 11 25 0 0 0 0 
0 0 0 0 0 0 0 0 0 0 0 0 0 0 0 0 0 0 0 0 0 0 0 0 0 0 0 0 0 0 0 0 0 0 0 0 0 0 0 0 0 1 2 1 3 3 4 6 10 8 15 17 6 25 25 25 25 25 25 25 25 25 25 25 25 25 25 25 25 25 25 25 25 25 25 25 25 25 25 24 24 17 20 22 13 15 15 18 11 11 10 9 10 8 11 25 0 0 0 0 
0 0 0 0 0 0 0 0 0 0 0 0 0 0 0 0 0 0 0 0 0 0 0 0 0 0 0 0 0 0 0 0 0 0 0 0 0 1 0 0 0 2 4 3 4 4 7 6 14 17 12 15 25 25 25 25 25 25 25 25 25 25 25 25 25 25 25 25 25 25 25 25 25 25 25 25 25 25 25 25 21 23 20 18 15 21 17 13 14 13 14 11 1 11 18 25 0 0 0 0 
0 0 0 0 0 0 0 0 0 0 0 0 0 0 0 0 0 0 0 0 0 0 0 0 0 0 0 0 0 0 0 0 0 0 0 0 0 0 0 5 2 4 4 4 6 6 7 9 14 8 20 25 25 25 25 25 25 25 25 25 25 25 25 25 25 25 25 25 25 25 25 25 25 25 25 25 25 24 25 24 21 18 16 14 16 16 15 12 12 12 10 1 11 6 14 25 0 0 0 0 
0 0 0 0 0 0 0 0 0 0 0 0 0 0 0 0 0 0 0 0 0 0 0 0 0 0 0 0 0 0 0 0 0 0 0 1 0 1 0 8 3 4 5 4 5 11 8 9 3 8 25 25 25 25 25 25 25 25 25 25 25 25 25 25 25 25 25 25 25 25 25 25 25 25 25 25 25 25 24 24 18 15 17 14 14 17 11 12 13 6 8 12 4 8 8 25 0 0 0 0 
0 0 0 0 0 0 0 0 0 0 0 0 0 0 0 0 0 0 0 0 0 0 0 0 0 0 0 0 0 0 0 0 0 0 1 0 2 4 5 7 7 5 4 8 10 6 8 7 2 25 25 25 25 25 25 25 25 25 25 25 25 25 25 25 25 25 25 25 25 25 25 25 25 25 25 25 24 22 24 24 18 17 16 18 14 17 16 14 17 13 11 11 11 5 0 25 0 0 0 0 
0 0 0 0 0 0 0 0 0 0 0 0 0 0 0 0 0 0 0 0 0 0 0 0 0 0 0 0 0 0 2 0 4 2 1 6 4 2 5 6 6 9 13 8 10 3 13 2 25 25 25 25 25 25 25 25 25 25 25 25 25 25 25 25 25 25 25 25 25 25 25 25 25 25 25 25 24 23 25 18 19 19 13 17 12 12 13 16 17 6 7 6 11 9 0 25 0 0 0 0 
0 0 0 0 0 0 0 0 0 0 0 0 0 0 0 0 0 0 0 0 0 0 0 0 0 0 0 0 0 1 0 3 1 0 1 6 5 5 4 7 8 10 9 13 9 15 6 25 25 25 25 25 25 25 25 25 25 25 25 25 25 25 25 25 25 25 25 25 25 25 25 25 25 25 25 25 25 25 25 22 25 25 12 24 12 18 12 12 9 12 12 19 8 14 2 25 0 0 0 0 
0 0 0 0 0 0 0 0 0 0 0 0 0 0 0 0 0 0 0 0 0 0 0 0 0 0 0 1 4 0 2 3 2 3 3 2 5 6 7 9 9 5 13 9 14 7 25 25 25 25 25 25 25 25 25 25 25 25 25 25 25 25 25 25 25 25 25 25 25 25 25 25 25 25 25 23 25 22 24 16 17 14 5 25 23 10 16 13 12 7 7 6 6 10 20 25 25 0 0 0 
0 0 0 0 0 0 0 0 0 0 0 0 0 0 0 0 0 0 0 0 0 0 0 0 1 0 0 1 0 1 0 3 3 3 4 8 6 5 4 3 8 14 12 12 9 25 25 25 25 25 25 25 25 25 25 25 25 25 25 25 25 25 25 25 25 25 25 25 25 25 25 25 25 25 25 25 24 25 24 20 3 24 24 1 24 19 11 18 8 12 7 11 8 11 24 25 25 0 0 0 
0 0 0 0 0 0 0 0 0 0 0 0 0 0 0 0 0 0 0 0 0 0 0 1 1 2 1 0 0 0 0 3 2 5 3 6 8 5 8 10 11 13 13 9 25 25 25 25 25 25 25 25 25 25 25 25 25 25 25 25 25 25 25 25 25 25 25 25 25 25 25 25 25 25 24 24 18 24 9 21 5 24 24 0 2 24 19 11 10 10 12 9 11 14 23 25 25 0 0 0 
0 0 0 0 0 0 0 0 0 0 0 0 0 0 0 0 0 0 0 0 0 2 1 0 2 3 4 6 5 6 4 8 0 6 4 8 10 10 11 11 13 13 8 25 25 25 25 25 25 25 25 25 25 25 25 25 25 25 25 25 25 25 25 25 25 25 25 25 25 25 25 25 25 24 24 24 24 20 24 20 14 24 9 25 2 2 23 14 10 9 14 16 16 2 10 25 25 0 0 0 
0 0 0 0 0 0 0 0 0 0 0 0 0 0 0 0 0 0 0 0 0 0 0 2 0 2 3 6 6 1 0 11 10 4 10 14 14 13 4 17 18 9 25 25 25 25 25 25 25 25 25 25 25 25 25 25 25 25 25 25 25 25 25 25 25 25 25 25 25 25 25 25 25 24 21 21 23 24 24 22 18 11 4 25 23 25 1 6 19 6 8 8 8 1 5 25 25 0 0 0 
0 0 0 0 0 0 0 0 0 0 0 0 0 0 0 0 0 0 0 0 1 4 1 4 3 0 0 0 4 10 6 0 11 3 10 10 12 7 16 20 17 25 25 25 25 25 25 25 25 25 25 25 25 25 25 25 25 25 25 25 25 25 25 25 25 25 25 25 25 25 25 25 24 24 21 23 21 21 22 21 19 15 3 11 4 1 25 1 11 8 22 6 6 25 7 25 25 0 0 0 
0 0 0 0 0 0 0 0 0 0 0 0 0 0 0 0 0 1 1 2 2 0 1 6 5 6 10 7 9 0 8 12 5 5 11 7 7 16 23 12 25 25 25 25 25 25 25 25 25 25 25 25 25 25 25 25 25 25 25 25 25 25 25 25 25 25 25 25 25 25 25 25 25 23 20 23 21 18 21 21 19 15 25 21 24 2 1 16 23 2 7 23 24 24 10 25 25 0 0 0 
0 0 0 0 0 0 0 0 0 0 0 0 0 0 0 0 0 1 0 0 6 1 0 4 6 6 5 0 4 7 3 13 4 5 5 9 16 15 12 25 25 25 25 25 25 25 25 25 25 25 25 25 25 25 25 25 25 25 25 25 25 25 25 25 25 25 25 25 25 25 25 24 20 24 23 19 24 18 18 24 21 15 17 16 19 18 10 1 4 14 19 1 0 0 9 25 25 0 0 0 
0 0 0 0 0 0 0 0 0 0 0 0 0 0 0 0 1 1 0 1 3 5 3 0 0 0 2 10 13 1 12 10 2 8 12 11 11 14 25 25 25 25 25 25 25 25 25 25 25 25 25 25 25 25 25 25 25 25 25 25 25 25 25 25 25 25 25 25 25 25 25 23 24 23 19 19 21 19 14 17 16 15 11 7 7 4 5 18 23 1 23 19 1 3 10 25 25 0 0 0 
0 0 0 0 0 0 0 0 0 0 0 0 0 1 0 0 0 2 1 0 0 4 7 7 9 8 10 0 8 11 13 8 7 16 9 9 15 25 25 25 25 25 25 25 25 25 25 25 25 25 25 25 25 25 25 25 25 25 25 25 25 25 25 25 25 25 25 25 25 25 25 25 20 22 19 22 25 14 19 16 18 15 15 16 22 11 8 1 8 21 2 11 18 14 10 25 25 0 0 0 
0 0 0 0 0 0 0 0 0 0 0 0 0 0 0 0 0 0 5 0 3 2 8 9 10 6 0 11 0 14 11 11 17 7 10 17 25 25 25 25 25 25 25 25 25 25 25 25 25 25 25 25 25 25 25 25 25 25 25 25 25 25 25 25 25 25 25 25 25 25 25 20 20 23 19 18 20 14 18 16 18 17 12 17 12 8 12 17 12 3 21 2 11 15 12 25 25 15 0 0 
0 0 0 0 0 0 0 0 0 0 0 0 0 1 0 1 1 0 6 4 0 0 1 0 0 8 16 1 14 13 16 20 7 8 13 25 25 25 25 25 25 25 25 25 25 25 25 25 25 25 25 25 25 25 25 25 25 25 25 25 25 25 25 25 25 25 25 25 25 25 21 14 20 24 18 15 22 16 16 20 14 13 14 12 13 13 13 8 10 15 6 13 5 14 10 25 25 15 0 0 
0 0 0 0 0 0 0 0 0 0 0 0 0 0 0 1 2 4 3 5 3 2 3 4 9 9 4 10 18 16 19 6 5 20 25 25 25 25 25 25 25 25 25 25 25 25 25 25 25 25 25 25 25 25 25 25 25 25 25 25 25 25 25 25 25 25 25 25 23 22 19 14 13 14 23 20 16 20 18 13 16 19 17 14 14 12 12 12 16 10 12 12 12 14 17 25 25 15 0 0 
0 0 0 0 0 0 0 0 0 0 0 0 0 0 1 0 5 0 3 7 11 10 13 13 0 9 3 15 19 21 4 4 16 25 25 25 25 25 25 25 25 25 25 25 25 25 25 25 25 25 25 25 25 25 25 25 25 25 25 25 25 25 25 25 25 25 25 25 22 25 22 21 19 14 14 25 13 22 13 16 17 12 14 17 12 11 13 12 7 10 11 8 11 10 10 25 25 15 0 0 
0 0 0 0 0 0 0 0 0 0 0 0 0 2 2 1 4 2 0 6 7 8 2 1 16 1 17 18 16 7 5 14 25 25 25 25 25 25 25 25 25 25 25 25 25 25 25 25 25 25 25 25 25 25 25 25 25 25 25 25 25 25 25 25 25 25 25 25 23 23 24 25 25 23 21 16 23 17 19 19 14 15 18 17 10 8 14 13 10 13 11 11 9 12 10 25 25 20 0 0 
0 0 0 0 0 0 0 0 0 0 0 0 1 0 2 4 3 2 2 0 0 1 5 15 3 13 20 19 4 5 20 25 25 25 25 25 25 25 25 25 25 25 25 25 25 25 25 25 25 25 25 25 25 25 25 25 25 25 25 25 25 25 25 25 25 25 23 23 18 19 20 20 15 15 21 25 16 11 15 17 12 18 11 14 9 12 14 12 10 11 12 13 5 3 10 6 25 20 0 0 
0 0 0 0 0 0 0 0 2 0 0 0 2 0 5 0 2 10 4 4 3 8 11 3 6 19 17 6 2 19 25 25 25 25 25 25 25 25 25 25 25 25 25 25 25 25 25 25 25 25 25 25 25 25 25 25 25 25 25 25 25 25 25 25 25 24 25 23 24 23 25 25 17 21 16 13 17 16 18 12 14 12 8 17 11 11 7 8 6 10 10 0 9 10 4 15 25 20 0 0 
0 0 0 0 0 0 0 0 3 1 1 0 3 3 6 3 5 3 13 11 16 1 4 4 18 17 4 4 15 25 25 25 25 25 25 25 25 25 25 25 25 25 25 25 25 25 25 25 25 25 25 25 25 25 25 25 25 25 25 25 25 25 25 25 25 25 24 24 22 20 22 20 20 22 16 20 20 15 17 13 12 10 14 12 12 9 10 12 11 6 7 8 5 6 10 10 20 15 0 0 
0 0 0 0 0 0 0 0 0 0 4 2 5 0 4 2 0 4 6 3 1 5 0 17 18 5 2 21 25 25 25 25 25 25 25 25 25 25 25 25 25 25 25 25 25 25 25 25 25 25 25 25 25 25 25 25 25 25 25 25 25 25 25 25 24 22 24 20 22 25 25 21 22 16 16 16 13 15 17 14 11 14 12 7 14 11 11 10 6 6 10 5 11 4 10 10 5 15 0 0 
0 0 0 0 0 0 0 1 0 1 1 0 4 0 0 7 4 2 2 4 12 1 17 21 4 4 15 25 25 25 25 25 25 25 25 25 25 25 25 25 25 25 25 25 25 25 25 25 25 25 25 25 25 25 25 25 25 25 25 25 25 25 25 24 25 24 19 24 20 20 20 20 20 15 16 16 19 13 14 9 14 11 11 14 11 11 13 14 13 12 12 14 1 10 3 10 25 0 0 0 
0 0 0 0 0 0 0 0 1 0 1 0 4 3 5 7 10 5 9 19 2 19 21 4 4 17 25 25 25 25 25 25 25 25 25 25 25 25 25 25 25 25 25 25 25 25 25 25 25 25 25 25 25 25 25 25 25 25 25 25 25 25 25 25 25 24 21 18 20 20 19 20 20 20 17 17 17 19 12 13 13 16 8 11 6 13 3 11 11 11 10 10 10 5 10 10 25 0 0 0 
0 0 0 0 0 0 0 0 0 1 2 1 0 3 0 5 8 12 7 4 19 20 7 7 16 25 25 25 25 25 25 25 25 25 25 25 25 25 25 25 25 25 25 25 25 25 25 25 25 25 25 25 25 25 25 25 25 25 25 25 25 25 25 22 25 23 22 18 19 20 20 20 20 19 16 15 17 19 9 16 13 12 9 11 8 11 11 11 13 14 4 5 10 9 10 15 25 15 0 0 
0 0 0 0 0 0 0 1 0 1 0 4 4 9 4 0 1 1 2 15 21 13 19 19 25 25 25 25 25 25 25 25 25 25 25 25 25 25 25 25 25 25 25 25 25 25 25 25 25 25 25 25 25 25 25 25 25 25 25 25 25 25 25 23 18 25 24 18 17 20 14 11 12 14 15 14 14 12 18 14 11 13 15 8 8 6 9 8 11 6 5 10 10 6 10 15 25 15 0 0 
0 0 0 0 0 0 0 1 0 1 1 2 0 3 7 4 4 5 8 17 23 21 14 25 25 25 25 25 25 25 25 25 25 25 25 25 25 25 25 25 25 25 25 25 25 25 25 25 25 25 25 25 25 25 25 25 25 25 25 25 25 25 24 25 15 25 24 17 17 15 13 16 15 12 13 14 16 12 13 14 17 18 17 8 11 3 8 10 5 8 9 13 11 11 13 10 25 15 5 0 
0 0 0 0 0 0 0 2 1 1 3 11 2 5 9 14 17 3 15 19 13 13 25 25 25 25 25 25 25 25 25 25 25 25 25 25 25 25 25 25 25 25 25 25 25 25 25 25 25 25 25 25 25 25 25 25 25 25 25 25 23 25 21 23 19 25 23 17 15 15 16 17 18 17 13 13 15 15 11 13 12 12 11 11 5 16 5 7 14 11 7 5 9 10 10 14 10 20 10 0 
0 0 0 0 0 0 1 3 0 5 0 7 3 1 4 3 4 16 13 2 11 25 25 25 25 25 25 25 25 25 25 25 25 25 25 25 25 25 25 25 25 25 25 25 25 25 25 25 25 25 25 25 25 25 25 25 25 25 25 25 25 24 14 24 19 24 25 18 15 16 22 22 22 20 13 9 13 14 13 9 12 10 8 7 14 11 8 15 6 12 15 11 10 5 10 10 5 20 10 0 
0 0 0 0 0 0 1 1 0 8 2 4 10 4 4 2 18 5 10 7 24 25 25 25 25 25 25 25 25 25 25 25 25 25 25 25 25 25 25 25 25 25 25 25 25 25 25 25 25 25 25 25 25 25 25 25 25 25 25 25 24 24 20 23 14 25 23 16 11 13 20 23 18 18 16 11 12 13 12 12 12 12 13 11 7 11 14 5 8 12 5 8 15 11 10 15 5 20 10 0 
0 0 0 0 0 0 1 0 2 1 2 0 9 15 14 16 2 17 10 25 25 25 25 25 25 25 25 25 25 25 25 25 25 25 25 25 25 25 25 25 25 25 25 25 25 25 25 25 25 25 25 25 25 25 25 25 25 25 25 21 25 24 23 24 16 25 23 20 14 21 23 23 22 21 17 12 7 7 15 12 11 13 12 10 11 14 12 14 12 7 15 10 10 15 14 15 5 15 10 5 
0 0 0 0 0 0 3 3 2 4 8 3 1 5 3 3 11 3 22 25 25 25 25 25 25 25 25 25 25 25 25 25 25 25 25 25 25 25 25 25 25 25 25 25 25 25 25 25 25 25 25 25 25 25 25 25 25 25 25 21 25 22 24 25 21 23 23 21 16 21 23 22 22 24 20 19 18 14 16 22 21 17 21 23 17 24 18 25 20 25 20 25 22 25 25 25 20 20 5 5 
0 0 0 0 0 0 3 1 2 0 9 2 4 4 14 0 0 24 25 25 25 25 25 25 25 25 25 25 25 25 25 25 25 25 25 25 25 25 25 25 25 25 25 25 25 25 25 25 25 25 25 25 25 25 25 25 24 25 24 22 24 18 23 23 24 17 22 23 17 17 21 19 18 20 22 20 18 18 18 21 17 12 15 19 17 11 12 16 22 23 15 3 13 7 11 15 10 10 5 5 
0 0 0 0 0 0 7 0 15 3 5 13 17 20 0 4 21 25 25 25 25 25 25 25 25 25 25 25 25 25 25 25 25 25 25 25 25 25 25 25 25 25 25 25 25 25 25 25 25 25 25 25 25 25 25 25 25 23 21 22 23 15 21 17 23 21 16 21 24 20 15 11 19 16 14 17 15 12 17 17 15 16 19 16 13 19 23 7 12 7 13 13 8 10 10 15 10 10 5 5 
0 0 0 0 0 0 0 2 2 1 4 3 6 1 16 19 25 25 25 25 25 25 25 25 25 25 25 25 25 25 25 25 25 25 25 25 25 25 25 25 25 25 25 25 25 25 25 25 25 25 25 25 25 21 23 25 20 22 23 18 20 23 16 21 16 19 23 18 17 16 21 18 21 11 22 16 20 19 18 10 17 4 4 14 10 13 13 13 13 7 19 5 15 10 14 15 10 10 5 5 
0 0 0 0 0 0 3 3 4 15 3 3 12 1 15 25 25 25 25 25 25 25 25 25 25 25 25 25 25 25 25 25 25 25 25 25 25 25 25 25 25 25 25 25 25 25 25 25 25 23 24 23 22 23 20 24 19 24 21 21 20 15 23 20 19 18 11 17 18 17 13 16 15 15 19 6 19 22 19 20 12 4 3 9 7 11 17 7 13 6 14 5 15 10 14 10 5 10 5 5 
0 0 0 0 0 0 1 3 3 5 18 18 5 15 25 25 25 25 25 25 25 25 25 25 25 25 25 25 25 25 25 25 25 25 25 25 25 25 25 25 25 25 25 25 25 25 23 21 24 20 23 19 20 22 21 19 19 20 23 22 21 18 19 23 18 14 18 17 14 17 15 9 6 14 20 20 20 22 9 3 2 3 2 9 8 11 11 12 14 10 12 8 11 15 15 10 5 10 5 5 
0 0 0 0 0 0 1 13 3 4 4 1 7 25 25 25 25 25 25 25 25 25 25 25 25 25 25 25 25 25 25 25 25 25 25 25 25 25 25 25 25 25 25 20 20 24 19 21 22 20 20 22 19 19 20 15 19 14 19 20 14 15 12 16 9 15 10 18 15 20 4 5 4 21 5 4 20 22 10 3 7 14 13 8 7 7 11 12 15 10 11 9 11 15 15 10 5 9 5 5 
0 0 0 0 0 0 3 5 15 10 16 15 25 25 25 25 25 25 25 25 25 25 25 25 25 25 25 25 25 25 25 25 25 25 25 25 25 25 25 25 20 18 20 22 22 19 21 22 21 18 18 20 23 13 18 19 12 16 14 12 13 18 11 15 10 11 15 15 9 19 5 19 4 21 5 20 20 6 2 1 9 17 17 13 8 8 13 10 15 9 10 15 10 10 15 10 7 8 5 5 
0 0 0 3 0 0 0 4 6 16 8 23 25 25 25 25 25 25 25 25 25 25 25 25 25 25 25 25 25 25 25 25 25 25 25 25 25 24 24 23 19 19 19 17 22 20 20 23 21 14 16 14 15 15 16 15 13 12 13 16 11 15 16 16 11 10 15 18 6 10 14 6 13 22 4 19 24 1 6 13 18 18 17 12 15 15 14 10 11 9 15 15 15 10 15 7 7 10 5 5 
0 0 0 1 0 0 16 6 4 6 22 25 25 25 25 25 25 25 25 25 25 25 25 25 25 25 25 25 25 25 25 25 25 25 17 19 19 20 19 23 21 22 22 21 21 17 10 12 9 11 16 13 13 14 16 16 15 15 16 12 9 10 14 13 20 15 10 15 10 5 20 5 20 7 6 21 4 1 24 23 21 17 17 12 12 15 14 12 16 10 14 10 15 14 15 5 10 10 5 5 
0 0 0 3 24 0 8 20 21 25 25 25 25 25 25 25 25 25 25 25 25 25 25 25 25 25 25 25 25 0 0 0 0 20 24 20 20 17 19 18 21 19 11 17 14 15 13 18 20 15 21 18 15 19 12 15 13 14 14 15 15 12 11 10 14 18 12 11 20 5 17 5 21 5 21 24 1 12 24 24 21 17 17 12 17 12 15 12 10 10 10 10 10 14 10 12 10 10 5 5 
0 0 0 4 13 25 4 4 4 25 25 25 25 25 25 25 25 25 25 25 25 25 25 25 25 25 25 0 0 0 0 0 0 22 15 19 22 17 13 20 16 16 16 15 22 17 20 18 15 18 21 21 16 14 16 13 14 20 16 19 16 19 12 12 11 15 14 8 20 8 13 14 13 2 23 3 1 24 24 17 11 12 11 11 10 10 15 14 10 20 5 14 10 15 10 11 10 10 5 5 
0 0 0 10 16 23 10 11 21 25 25 25 25 25 25 25 25 25 25 25 25 25 25 25 25 0 0 0 0 0 0 1 0 11 16 16 15 16 20 18 23 24 22 20 17 16 19 21 20 22 22 15 15 16 14 20 19 15 13 15 16 14 16 14 12 11 15 10 13 17 7 20 4 21 24 1 13 23 12 6 7 9 8 10 10 10 12 14 5 20 9 13 10 15 10 10 10 10 5 5 
6 6 6 13 16 16 16 20 25 25 25 25 25 25 25 25 25 25 25 25 25 25 25 0 0 0 0 3 0 0 0 0 0 2 22 25 22 24 17 16 16 22 17 17 20 21 18 14 16 13 16 15 16 15 19 17 13 15 14 10 13 15 13 14 10 8 12 17 8 21 3 22 2 24 4 1 24 17 12 7 3 9 8 8 13 10 12 20 5 11 9 10 10 15 9 10 10 10 5 5 
19 19 19 19 25 25 25 25 25 25 25 25 25 25 25 25 25 25 25 25 25 25 0 0 25 25 25 25 8 0 0 0 0 24 19 19 21 20 23 20 20 21 19 21 19 17 22 21 13 19 20 17 15 18 17 15 16 16 16 17 13 11 12 15 17 10 8 20 8 12 11 9 16 24 1 24 22 4 2 3 9 8 8 14 14 10 6 20 14 10 15 10 14 15 8 10 10 10 5 5 
19 19 19 25 25 25 25 25 25 25 25 25 25 25 25 25 25 25 25 25 25 0 25 25 25 25 25 25 4 0 0 0 0 0 19 22 18 21 16 19 20 20 21 19 20 16 15 21 21 22 14 15 19 18 14 16 17 17 19 17 19 18 14 12 16 14 10 12 18 5 22 3 22 6 10 24 21 1 9 14 19 14 9 15 15 13 6 12 14 15 14 11 14 15 10 10 10 10 6 5 
19 19 19 25 25 25 25 25 25 25 25 25 25 25 25 25 25 25 25 25 25 25 25 25 25 25 25 25 8 0 0 0 0 0 0 18 19 24 16 19 17 21 18 22 20 22 20 14 15 13 14 19 14 16 17 19 18 16 14 13 13 13 14 13 12 16 17 9 22 8 18 6 24 1 24 24 1 3 9 13 19 18 13 13 15 13 10 11 10 15 10 10 15 10 10 10 10 10 9 5 
19 19 25 25 25 25 25 25 25 25 25 25 25 25 25 25 25 25 25 25 25 25 25 25 25 25 25 25 5 0 0 0 0 0 7 17 20 23 19 19 22 21 20 21 21 22 19 14 15 14 19 22 12 15 16 18 18 14 14 13 13 14 14 13 12 17 17 8 22 8 19 10 24 1 24 24 1 3 9 13 19 19 13 13 14 13 10 11 10 15 11 10 15 10 10 10 10 10 9 5 
19 19 25 25 25 25 25 25 25 25 25 25 25 25 25 25 25 25 25 25 25 25 25 25 25 25 25 25 6 0 0 0 0 0 2 22 22 21 20 17 20 21 18 21 18 24 18 14 14 15 20 22 11 15 18 17 18 15 13 13 14 14 14 12 12 17 18 9 22 8 19 8 24 1 24 23 1 3 9 13 19 19 13 13 14 14 10 11 10 15 10 10 15 10 10 10 10 10 8 5 
19 19 25 25 25 25 25 25 25 25 25 25 25 25 25 25 25 25 25 25 25 25 25 25 25 25 25 25 6 0 0 0 0 0 0 22 21 24 17 15 20 20 17 25 18 25 19 13 15 14 20 24 12 14 17 17 18 11 13 13 14 15 14 12 12 16 17 9 22 7 19 9 24 1 24 23 1 3 9 13 19 19 13 13 14 14 10 11 10 15 10 10 15 10 10 10 10 10 9 5 
19 20 25 25 25 25 25 25 25 25 25 25 25 25 25 25 25 25 25 25 25 25 25 25 25 25 25 25 4 0 0 0 0 0 0 21 18 24 16 17 20 21 15 25 15 24 15 14 16 13 21 23 12 14 18 17 19 13 13 16 15 14 15 12 12 17 14 9 23 7 19 8 25 1 24 23 1 3 9 13 19 18 13 12 14 14 10 11 10 15 10 10 15 10 10 10 10 10 9 5 
19 21 25 25 25 25 25 25 25 25 25 25 25 25 25 25 25 25 25 25 25 25 25 25 25 25 25 25 7 0 0 0 0 0 0 22 17 24 16 17 22 22 16 24 14 24 20 13 16 15 22 23 12 13 18 18 19 12 14 14 15 14 14 13 12 16 15 8 22 7 19 7 25 1 24 23 1 3 8 13 19 18 13 12 14 14 10 11 10 15 10 10 15 10 10 10 10 10 9 5 
19 22 25 25 25 25 25 25 25 25 25 25 25 25 25 25 25 25 25 25 25 25 25 25 25 25 25 25 5 0 0 0 0 0 0 21 17 25 16 17 22 20 15 24 13 24 21 14 16 15 23 25 13 13 19 19 17 10 16 14 14 14 14 13 13 16 15 8 23 7 19 5 25 1 24 23 2 3 8 13 20 18 13 12 14 14 10 11 10 15 10 10 15 10 10 10 10 10 8 5 
19 24 25 25 25 25 25 25 25 25 25 25 25 25 25 25 25 25 25 25 25 25 25 25 25 25 25 25 9 0 0 0 0 0 0 21 18 25 16 17 22 21 16 24 14 22 20 15 17 14 22 24 14 13 18 20 17 13 15 14 14 14 14 13 13 16 15 8 23 6 19 5 24 1 24 23 2 3 8 13 20 19 13 12 14 14 10 11 10 15 10 10 15 10 10 10 10 10 9 5 
19 25 25 25 25 25 25 25 25 25 25 25 25 25 25 25 25 25 25 25 25 25 25 25 25 25 25 25 7 0 0 0 0 0 0 22 20 25 16 17 22 20 16 24 15 22 19 16 18 13 22 24 15 15 17 19 17 14 14 14 14 14 14 13 13 16 16 8 23 6 19 6 24 1 24 23 2 3 8 13 20 18 12 13 14 14 10 11 10 15 10 10 15 10 10 10 10 10 9 5 
