0 10.2081 0.999183 6.60007
188.859 166.153 0.0808577 0.226923 0.805231 0.607383 8.5203 4.77561
1 10.2081 1.74384 11.0245
188.859 166.153 0.0808577 0.226923 0.805231 0.607383 8.5203 4.77561
2 10.2081 2.76304 14.8093
188.859 166.153 0.0808577 0.226923 0.805231 0.607383 8.5203 4.77561
3 23.1552 4.08096 34.0606
172.697 168.84 0.0916252 0.100142 0.817641 0.508121 6.57921 5.77958
4 26.0564 5.95912 52.9979
170.58 167.382 0.0679975 0.0950141 0.818134 0.471218 7.0141 5.79278
5 26.0564 6.83395 64.7782
170.58 167.382 0.0679975 0.0950141 0.818134 0.471218 7.0141 5.79278
6 26.1168 9.54477 93.9998
182.612 162.85 0.0785461 0.0198025 0.660786 0.391588 6.57489 5.11633
7 26.1168 10.649 103.872
182.612 162.85 0.0785461 0.0198025 0.660786 0.391588 6.57489 5.11633
8 26.3839 11.8825 115.473
170.443 179.013 0.00504876 0.0458489 0.805662 0.577997 6.53022 6.98442
9 26.3839 11.8582 115.777
170.443 179.013 0.00504876 0.0458489 0.805662 0.577997 6.53022 6.98442
10 26.3839 12.853 130.164
170.443 179.013 0.00504876 0.0458489 0.805662 0.577997 6.53022 6.98442
11 26.5046 15.6754 133.03
198.229 162.145 0.00557903 0.117603 0.583005 0.402161 5.68178 6.65942
12 26.5046 14.6425 123.697
198.229 162.145 0.00557903 0.117603 0.583005 0.402161 5.68178 6.65942
13 26.5046 16.5566 111.652
198.229 162.145 0.00557903 0.117603 0.583005 0.402161 5.68178 6.65942
14 26.5046 17.2965 115.568
198.229 162.145 0.00557903 0.117603 0.583005 0.402161 5.68178 6.65942
15 26.697 16.8804 105.07
200 162.815 0.0109619 0.0854708 0.597558 0.391183 5.85007 6.70874
16 26.7759 17.8392 82.0397
198.056 177.591 0.0225006 0.151836 0.694959 0.0429448 8.82906 5.54813
17 26.81 19.4342 86.552
197.374 178.753 0.0211795 0.153906 0.690406 0.0492781 8.87426 5.52762
18 26.81 19.4445 91.3016
197.374 178.753 0.0211795 0.153906 0.690406 0.0492781 8.87426 5.52762
19 26.81 19.9107 80.3762
197.374 178.753 0.0211795 0.153906 0.690406 0.0492781 8.87426 5.52762
20 26.81 20.0405 78.3462
197.374 178.753 0.0211795 0.153906 0.690406 0.0492781 8.87426 5.52762
21 27.1585 20.5756 74.577
190.401 184.256 0.0141371 0.15561 0.688503 0.0354888 9.3793 5.51203
22 27.2656 22.4537 57.2186
195.347 177.894 0.024318 0.198915 0.619412 0 9.79267 6.13816
23 27.2656 19.7363 83.0326
195.347 177.894 0.024318 0.198915 0.619412 0 9.79267 6.13816
24 27.2656 18.1522 88.0863
195.347 177.894 0.024318 0.198915 0.619412 0 9.79267 6.13816
25 27.2656 20.9256 49.7031
195.347 177.894 0.024318 0.198915 0.619412 0 9.79267 6.13816
26 27.2886 20.7813 70.2605
188.16 182.319 0.00914465 0.147357 0.61686 0.063655 9.94011 5.52815
27 27.6949 23.8957 31.5523
187.067 182.168 0.0141502 0.1481 0.621499 0.0796561 9.89997 5.65938
28 27.6949 19.5602 83.7181
187.067 182.168 0.0141502 0.1481 0.621499 0.0796561 9.89997 5.65938
29 27.6949 22.3229 43.7193
187.067 182.168 0.0141502 0.1481 0.621499 0.0796561 9.89997 5.65938
30 27.6949 21.5019 60.1853
187.067 182.168 0.0141502 0.1481 0.621499 0.0796561 9.89997 5.65938
31 27.6949 19.4443 75.7682
187.067 182.168 0.0141502 0.1481 0.621499 0.0796561 9.89997 5.65938
32 27.6949 21.2447 63.2917
187.067 182.168 0.0141502 0.1481 0.621499 0.0796561 9.89997 5.65938
33 27.6949 20.026 72.663
187.067 182.168 0.0141502 0.1481 0.621499 0.0796561 9.89997 5.65938
34 27.6949 19.2237 69.9723
187.067 182.168 0.0141502 0.1481 0.621499 0.0796561 9.89997 5.65938
35 27.6949 22.6411 47.7668
187.067 182.168 0.0141502 0.1481 0.621499 0.0796561 9.89997 5.65938
36 27.6949 20.8016 68.3849
187.067 182.168 0.0141502 0.1481 0.621499 0.0796561 9.89997 5.65938
37 27.6949 21.4244 62.3075
187.067 182.168 0.0141502 0.1481 0.621499 0.0796561 9.89997 5.65938
38 27.6949 20.0371 73.9985
187.067 182.168 0.0141502 0.1481 0.621499 0.0796561 9.89997 5.65938
39 29.0116 21.9261 62.608
197.9 200 0.095495 0.0573439 0.128001 0.50443 10 8.52173
40 29.0116 22.4926 51.3546
197.9 200 0.095495 0.0573439 0.128001 0.50443 10 8.52173
41 29.0116 20.8853 72.3571
197.9 200 0.095495 0.0573439 0.128001 0.50443 10 8.52173
42 29.0116 20.94 70.7494
197.9 200 0.095495 0.0573439 0.128001 0.50443 10 8.52173
43 29.0116 19.7193 79.6674
197.9 200 0.095495 0.0573439 0.128001 0.50443 10 8.52173
44 29.0116 19.7074 83.7013
197.9 200 0.095495 0.0573439 0.128001 0.50443 10 8.52173
45 29.0116 21.842 64.6066
197.9 200 0.095495 0.0573439 0.128001 0.50443 10 8.52173
46 29.0116 22.49 67.2486
197.9 200 0.095495 0.0573439 0.128001 0.50443 10 8.52173
47 29.0116 21.834 78.9499
197.9 200 0.095495 0.0573439 0.128001 0.50443 10 8.52173
48 29.0116 21.5518 77.065
197.9 200 0.095495 0.0573439 0.128001 0.50443 10 8.52173
49 29.0116 22.5892 69.3778
197.9 200 0.095495 0.0573439 0.128001 0.50443 10 8.52173
50 29.0116 23.7788 54.005
197.9 200 0.095495 0.0573439 0.128001 0.50443 10 8.52173
51 29.6542 21.2656 79.7063
190.418 189.583 0.127216 0.0448895 0 0.538713 9.39822 8.73497
52 29.6542 21.284 81.7919
190.418 189.583 0.127216 0.0448895 0 0.538713 9.39822 8.73497
53 29.6542 23.001 67.9282
190.418 189.583 0.127216 0.0448895 0 0.538713 9.39822 8.73497
54 29.6542 23.1448 67.5644
190.418 189.583 0.127216 0.0448895 0 0.538713 9.39822 8.73497
55 29.6542 22.6604 76.1805
190.418 189.583 0.127216 0.0448895 0 0.538713 9.39822 8.73497
56 29.6542 22.3918 79.9222
190.418 189.583 0.127216 0.0448895 0 0.538713 9.39822 8.73497
57 29.6542 22.2422 75.8318
190.418 189.583 0.127216 0.0448895 0 0.538713 9.39822 8.73497
58 29.6542 23.8371 54.6375
190.418 189.583 0.127216 0.0448895 0 0.538713 9.39822 8.73497
59 29.6542 23.2518 61.9678
190.418 189.583 0.127216 0.0448895 0 0.538713 9.39822 8.73497
60 29.6542 24.309 50.0637
190.418 189.583 0.127216 0.0448895 0 0.538713 9.39822 8.73497
61 29.6542 24.6114 35.3341
190.418 189.583 0.127216 0.0448895 0 0.538713 9.39822 8.73497
62 29.6542 23.5478 51.3265
190.418 189.583 0.127216 0.0448895 0 0.538713 9.39822 8.73497
63 29.6542 24.3928 41.2343
190.418 189.583 0.127216 0.0448895 0 0.538713 9.39822 8.73497
64 29.6542 23.0103 59.4125
190.418 189.583 0.127216 0.0448895 0 0.538713 9.39822 8.73497
65 29.6542 23.442 74.0617
190.418 189.583 0.127216 0.0448895 0 0.538713 9.39822 8.73497
66 29.6542 25.2005 24.9982
190.418 189.583 0.127216 0.0448895 0 0.538713 9.39822 8.73497
67 29.6542 22.4122 71.3232
190.418 189.583 0.127216 0.0448895 0 0.538713 9.39822 8.73497
68 29.6542 24.5331 37.1343
190.418 189.583 0.127216 0.0448895 0 0.538713 9.39822 8.73497
69 29.6542 25.5377 17.7036
190.418 189.583 0.127216 0.0448895 0 0.538713 9.39822 8.73497
70 29.6542 25.7344 16.6244
190.418 189.583 0.127216 0.0448895 0 0.538713 9.39822 8.73497
71 29.6542 24.2776 55.4717
190.418 189.583 0.127216 0.0448895 0 0.538713 9.39822 8.73497
72 29.6542 24.2307 37.3405
190.418 189.583 0.127216 0.0448895 0 0.538713 9.39822 8.73497
73 29.6542 24.9604 35.9876
190.418 189.583 0.127216 0.0448895 0 0.538713 9.39822 8.73497
74 29.6542 25.3887 25.0454
190.418 189.583 0.127216 0.0448895 0 0.538713 9.39822 8.73497
75 29.6542 25.5018 27.7766
190.418 189.583 0.127216 0.0448895 0 0.538713 9.39822 8.73497
76 29.6542 24.3094 51.1286
190.418 189.583 0.127216 0.0448895 0 0.538713 9.39822 8.73497
77 29.6542 24.4616 55.9125
190.418 189.583 0.127216 0.0448895 0 0.538713 9.39822 8.73497
78 29.6542 23.1204 88.0721
190.418 189.583 0.127216 0.0448895 0 0.538713 9.39822 8.73497
79 29.6542 26.0589 24.6368
190.418 189.583 0.127216 0.0448895 0 0.538713 9.39822 8.73497
80 29.6542 23.6547 67.9606
190.418 189.583 0.127216 0.0448895 0 0.538713 9.39822 8.73497
81 29.6542 22.6557 81.4467
190.418 189.583 0.127216 0.0448895 0 0.538713 9.39822 8.73497
82 29.6542 24.2474 63.5709
190.418 189.583 0.127216 0.0448895 0 0.538713 9.39822 8.73497
83 29.6542 24.66 39.1044
190.418 189.583 0.127216 0.0448895 0 0.538713 9.39822 8.73497
84 29.6542 20.6138 111.703
190.418 189.583 0.127216 0.0448895 0 0.538713 9.39822 8.73497
85 29.6542 20.8656 124.669
190.418 189.583 0.127216 0.0448895 0 0.538713 9.39822 8.73497
86 29.6542 21.7883 105.786
190.418 189.583 0.127216 0.0448895 0 0.538713 9.39822 8.73497
87 29.6542 21.2866 110.515
190.418 189.583 0.127216 0.0448895 0 0.538713 9.39822 8.73497
88 29.6542 21.0333 106.771
190.418 189.583 0.127216 0.0448895 0 0.538713 9.39822 8.73497
89 29.6542 21.2216 113.137
190.418 189.583 0.127216 0.0448895 0 0.538713 9.39822 8.73497
90 29.6542 20.4286 122.274
190.418 189.583 0.127216 0.0448895 0 0.538713 9.39822 8.73497
91 29.6542 21.5089 104.337
190.418 189.583 0.127216 0.0448895 0 0.538713 9.39822 8.73497
92 29.6568 20.4125 109.975
189.212 184.36 0.131906 0.0412699 0.000407185 0.561264 9.52402 8.99106
93 29.6568 20.8667 116.328
189.212 184.36 0.131906 0.0412699 0.000407185 0.561264 9.52402 8.99106
94 29.6568 22.9663 76.4784
189.212 184.36 0.131906 0.0412699 0.000407185 0.561264 9.52402 8.99106
95 29.6568 23.1913 78.3637
189.212 184.36 0.131906 0.0412699 0.000407185 0.561264 9.52402 8.99106
96 29.6568 24.2455 63.1412
189.212 184.36 0.131906 0.0412699 0.000407185 0.561264 9.52402 8.99106
97 29.6568 23.476 83.9241
189.212 184.36 0.131906 0.0412699 0.000407185 0.561264 9.52402 8.99106
98 29.6568 22.9402 88.9154
189.212 184.36 0.131906 0.0412699 0.000407185 0.561264 9.52402 8.99106
99 29.6568 21.4341 111.171
189.212 184.36 0.131906 0.0412699 0.000407185 0.561264 9.52402 8.99106
100 29.6568 21.2628 105.219
189.212 184.36 0.131906 0.0412699 0.000407185 0.561264 9.52402 8.99106
