0 0 0 0 0 0 0 0 0 0 0 0 0 0 0 0 0 0 0 0 
0 0 0 0 0 0 0 0 0 0 0 0 0 0 0 0 0 0 1 8 
0 0 0 0 0 0 0 0 0 0 0 0 0 0 0 0 0 0 0 8 
0 0 0 0 0 0 0 0 0 0 0 0 0 0 0 0 0 0 0 1 
0 0 0 0 0 0 0 0 0 0 0 0 0 0 0 0 0 0 0 0 
0 0 0 0 0 0 0 0 0 0 0 0 0 0 0 0 0 0 0 2 
0 0 0 0 0 0 0 0 0 0 0 0 0 0 0 0 0 0 0 0 
0 0 0 0 0 0 0 0 0 0 0 0 0 0 0 0 0 0 0 0 
0 0 0 0 0 0 0 0 0 0 0 0 0 0 0 0 0 0 0 0 
0 0 0 0 0 0 0 0 0 0 0 0 0 0 0 0 0 0 0 0 
0 0 0 0 0 0 0 0 0 0 0 0 0 0 0 0 0 0 0 0 
0 0 0 0 0 0 0 0 0 0 0 0 0 0 0 0 0 0 0 0 
0 0 0 0 0 0 0 0 0 0 0 0 0 0 0 0 0 0 0 0 
0 0 0 0 0 0 0 0 0 0 0 0 0 0 0 0 0 0 0 0 
0 0 0 0 0 0 0 0 0 0 0 0 0 0 0 0 0 0 0 0 
0 0 0 0 0 0 0 0 0 0 0 0 0 0 0 0 0 0 0 0 
0 0 0 0 0 0 0 0 0 0 0 0 0 0 0 0 0 0 0 0 
0 0 0 0 0 0 0 0 0 0 0 0 0 0 0 0 0 0 0 0 
0 0 0 0 0 0 0 0 0 0 0 0 0 0 0 0 0 0 0 0 
0 0 0 0 0 0 0 0 0 0 0 0 0 0 0 0 0 0 0 0 

0 0 0 0 0 0 0 0 0 0 0 0 0 0 0 0 0 0 0 0 
0 0 0 0 0 0 0 0 0 0 0 0 0 0 0 0 27 27 27 0 
0 0 0 0 0 0 0 0 0 0 0 0 0 0 0 27 27 27 27 0 
0 0 0 0 0 0 0 0 0 0 0 0 0 0 27 27 27 27 27 0 
0 0 0 0 0 0 0 0 0 0 0 0 0 27 27 27 27 27 27 0 
0 0 0 0 0 0 0 0 0 0 0 0 0 27 27 27 27 27 27 0 
0 0 0 0 0 0 0 0 0 0 0 0 26 27 27 27 27 27 27 0 
0 0 0 0 0 0 0 0 0 0 0 0 27 27 27 27 27 27 27 0 
0 0 0 0 0 0 0 0 0 0 0 7 27 27 27 27 27 27 27 0 
0 0 0 0 0 0 0 0 0 0 0 27 27 27 27 27 27 27 27 0 
0 0 0 0 0 0 0 0 0 0 25 27 27 27 27 27 27 27 27 0 
0 0 0 0 0 0 0 0 0 27 27 27 27 27 27 27 27 27 27 0 
0 0 0 0 0 0 0 0 27 27 27 27 27 27 27 27 27 27 27 0 
0 0 0 0 0 0 27 27 27 27 27 27 27 27 27 27 27 27 27 0 
27 27 27 27 27 27 27 27 27 27 27 27 27 27 27 27 27 27 27 0 
27 27 27 27 27 27 27 27 27 27 27 27 27 27 27 27 27 27 27 0 
7 12 12 12 12 16 11 10 10 8 8 13 11 13 27 27 27 27 27 5 
0 0 0 0 0 0 0 0 0 0 0 0 0 0 2 27 27 27 27 8 
27 27 27 27 27 27 27 27 27 27 27 27 27 27 27 27 27 27 22 12 
0 0 0 0 0 0 0 0 0 0 0 0 0 0 0 0 0 0 27 27 

0 0 0 0 0 0 0 0 0 0 0 0 0 0 0 0 0 0 0 0 
0 0 0 0 0 0 0 0 0 0 0 0 2 0 0 27 27 27 0 0 
0 0 0 0 0 0 0 0 0 0 0 0 0 27 27 27 27 27 0 0 
0 0 0 0 0 0 0 0 0 0 0 0 27 27 27 27 27 27 0 0 
0 0 0 0 0 0 0 0 0 0 0 27 27 27 27 27 27 27 0 0 
0 0 0 0 0 0 0 0 0 0 27 27 27 27 27 27 27 27 0 0 
0 0 0 0 0 0 0 0 0 27 27 27 27 27 27 27 27 27 0 0 
0 0 0 0 0 0 0 0 27 27 27 27 27 27 27 27 27 27 0 0 
0 0 0 0 0 0 0 27 27 27 27 27 27 27 27 27 27 27 0 0 
0 0 0 0 0 0 27 27 27 27 27 27 27 27 27 27 27 27 0 0 
0 0 0 0 0 27 27 27 27 27 27 27 27 27 27 27 27 27 0 0 
0 0 0 0 24 27 27 27 27 27 27 27 27 27 27 27 27 27 0 0 
27 27 27 27 27 27 27 27 27 27 27 27 27 27 27 27 27 27 0 0 
27 27 27 27 27 27 27 27 27 27 27 27 27 27 27 27 27 27 0 0 
27 27 27 27 27 27 27 27 27 27 27 27 27 27 27 27 27 27 0 0 
27 27 27 27 27 27 27 27 27 27 27 27 27 27 27 27 27 27 0 0 
27 27 27 27 27 27 27 27 27 27 27 27 27 27 27 27 27 27 0 0 
27 27 27 27 27 27 27 27 27 27 27 27 27 27 27 27 27 27 0 0 
27 27 27 27 27 27 27 27 27 27 27 27 27 27 27 27 27 17 0 0 
27 27 27 27 27 0 0 0 0 0 0 0 0 0 0 0 0 0 0 0 

0 0 0 0 0 0 0 0 0 0 0 0 0 0 0 0 0 0 0 0 
0 0 0 0 4 5 3 11 8 6 9 6 10 0 0 27 27 0 0 0 
0 0 0 0 0 0 0 2 7 0 0 0 27 27 27 27 27 0 0 0 
0 0 0 0 0 0 0 0 0 0 0 27 27 27 27 27 27 0 0 0 
0 0 0 0 0 0 0 0 0 27 27 27 27 27 27 27 27 0 0 0 
0 0 0 0 0 0 0 0 27 27 27 27 27 27 27 27 27 0 0 0 
0 0 0 0 0 0 0 27 27 27 27 27 27 27 27 27 27 0 0 0 
0 0 0 0 0 0 27 27 27 27 27 27 27 27 27 27 27 0 0 0 
0 0 0 0 0 27 27 27 27 27 27 27 27 27 27 27 27 0 0 0 
0 0 0 0 21 27 27 27 27 27 27 27 27 27 27 27 27 0 0 0 
0 0 0 0 27 27 27 27 27 27 27 27 27 27 27 27 27 0 0 0 
27 27 27 27 27 27 27 27 27 27 27 27 27 27 27 27 27 0 0 0 
27 27 27 27 27 27 27 27 27 27 27 27 27 27 27 27 27 0 0 0 
27 27 27 27 27 27 27 27 27 27 27 27 27 27 27 27 27 0 0 0 
27 27 27 27 27 27 27 27 27 27 27 27 27 27 27 27 27 0 0 0 
27 27 27 27 27 27 27 27 27 27 27 27 27 27 27 27 27 0 0 0 
27 27 27 27 27 27 27 27 27 27 27 27 27 27 27 27 27 0 0 0 
27 27 27 27 27 27 27 27 27 27 27 27 27 27 27 27 27 0 0 0 
27 27 27 27 27 27 27 27 27 27 27 27 27 27 27 27 15 0 0 0 
27 27 27 27 27 27 27 27 27 27 0 0 0 0 0 0 0 0 0 0 

0 0 0 0 0 0 0 0 0 0 0 0 0 0 0 0 0 0 0 0 
0 7 0 6 6 8 8 7 9 7 10 9 14 0 27 27 0 0 0 0 
0 0 0 0 0 0 0 12 6 0 0 0 27 27 27 27 0 0 0 0 
0 0 0 0 0 0 0 0 0 0 27 27 27 27 27 27 0 0 0 0 
0 0 0 0 0 0 0 0 27 27 27 27 27 27 27 27 0 0 0 0 
0 0 0 0 0 0 0 27 27 27 27 27 27 27 27 27 0 0 0 0 
0 0 0 0 0 0 27 27 27 27 27 27 27 27 27 27 0 0 0 0 
0 0 0 0 0 27 27 27 27 27 27 27 27 27 27 27 0 0 0 0 
0 0 0 0 27 27 27 27 27 27 27 27 27 27 27 27 0 0 0 0 
0 0 0 27 27 27 27 27 27 27 27 27 27 27 27 27 0 0 0 0 
21 21 14 27 27 27 27 27 27 27 27 27 27 27 27 27 0 0 0 0 
27 27 27 27 27 27 27 27 27 27 27 27 27 27 27 27 0 0 0 0 
27 27 27 27 27 27 27 27 27 27 27 27 27 27 27 27 0 0 0 0 
27 27 27 27 27 27 27 27 27 27 27 27 27 27 27 27 0 0 0 0 
27 27 27 27 27 27 27 27 27 27 27 27 27 27 27 27 0 0 0 0 
27 27 27 27 27 27 27 27 27 27 27 27 27 27 27 27 0 0 0 0 
27 27 27 27 27 27 27 27 27 27 27 27 27 27 27 27 0 0 0 0 
27 27 27 27 27 27 27 27 27 27 27 27 27 27 27 27 0 0 0 0 
27 27 27 27 27 27 27 27 27 27 27 27 27 27 27 10 0 0 0 0 
27 27 27 27 27 27 27 27 27 27 27 27 27 0 0 0 0 0 0 0 

0 0 0 0 0 0 0 0 0 0 0 0 0 0 0 0 0 0 0 0 
0 6 5 7 5 8 8 8 9 9 12 13 0 27 27 0 0 0 0 0 
0 0 0 0 0 0 20 13 0 0 0 27 27 27 27 0 0 0 0 0 
0 0 0 0 0 0 0 0 0 27 27 27 27 27 27 0 0 0 0 0 
0 0 0 0 0 0 0 27 27 27 27 27 27 27 27 0 0 0 0 0 
0 0 0 0 0 0 27 27 27 27 27 27 27 27 27 0 0 0 0 0 
0 0 0 0 0 27 27 27 27 27 27 27 27 27 27 0 0 0 0 0 
0 0 0 0 27 27 27 27 27 27 27 27 27 27 27 0 0 0 0 0 
0 0 0 27 27 27 27 27 27 27 27 27 27 27 27 0 0 0 0 0 
0 0 0 27 27 27 27 27 27 27 27 27 27 27 27 0 0 0 0 0 
27 27 27 27 27 27 27 27 27 27 27 27 27 27 27 0 0 0 0 0 
27 27 27 27 27 27 27 27 27 27 27 27 27 27 27 0 0 0 0 0 
27 27 27 27 27 27 27 27 27 27 27 27 27 27 27 0 0 0 0 0 
27 27 27 27 27 27 27 27 27 27 27 27 27 27 27 0 0 0 0 0 
27 27 27 27 27 27 27 27 27 27 27 27 27 27 27 0 0 0 0 0 
27 27 27 27 27 27 27 27 27 27 27 27 27 27 27 0 0 0 0 0 
27 27 27 27 27 27 27 27 27 27 27 27 27 27 27 0 0 0 0 0 
27 27 27 27 27 27 27 27 27 27 27 27 27 27 27 0 0 0 0 0 
27 27 27 27 27 27 27 27 27 27 27 27 27 27 12 0 0 0 0 0 
27 27 27 27 27 27 27 27 27 27 27 27 27 27 27 0 0 0 0 0 

0 0 0 0 0 0 0 0 0 0 0 0 0 0 0 0 0 0 0 0 
0 9 5 11 8 10 9 14 12 7 14 12 0 14 0 0 0 0 0 0 
0 0 0 0 0 9 26 0 0 0 27 27 27 27 0 0 0 0 0 0 
0 0 0 0 0 0 0 0 27 27 27 27 27 27 0 0 0 0 0 0 
0 0 0 0 0 0 0 27 27 27 27 27 27 27 0 0 0 0 0 0 
0 0 0 0 0 27 27 27 27 27 27 27 27 27 0 0 0 0 0 0 
0 0 0 0 27 27 27 27 27 27 27 27 27 27 0 0 0 0 0 0 
0 0 0 27 27 27 27 27 27 27 27 27 27 27 0 0 0 0 0 0 
0 0 0 27 27 27 27 27 27 27 27 27 27 27 0 0 0 0 0 0 
27 27 27 27 27 27 27 27 27 27 27 27 27 27 0 0 0 0 0 0 
27 27 27 27 27 27 27 27 27 27 27 27 27 27 0 0 0 0 0 0 
27 27 27 27 27 27 27 27 27 27 27 27 27 27 0 0 0 0 0 0 
27 27 27 27 27 27 27 27 27 27 27 27 27 27 0 0 0 0 0 0 
27 27 27 27 27 27 27 27 27 27 27 27 27 27 0 0 0 0 0 0 
27 27 27 27 27 27 27 27 27 27 27 27 27 27 0 0 0 0 0 0 
27 27 27 27 27 27 27 27 27 27 27 27 27 27 0 0 0 0 0 0 
27 27 27 27 27 27 27 27 27 27 27 27 27 27 0 0 0 0 0 0 
27 27 27 27 27 27 27 27 27 27 27 27 27 27 0 0 0 0 0 0 
27 27 27 27 27 27 27 27 27 27 27 27 27 26 0 0 0 0 0 0 
0 0 0 0 0 0 0 0 0 27 27 27 27 27 27 27 0 0 0 0 

0 0 0 0 0 0 0 0 0 0 0 0 0 0 0 0 0 0 0 0 
0 3 11 7 11 12 12 12 14 14 13 17 8 0 0 0 0 0 0 0 
0 0 0 0 7 8 20 0 0 0 27 27 27 0 0 0 0 0 0 0 
0 0 0 0 0 0 0 0 27 27 27 27 27 0 0 0 0 0 0 0 
0 0 0 0 0 0 27 27 27 27 27 27 27 0 0 0 0 0 0 0 
0 0 0 0 2 27 27 27 27 27 27 27 27 0 0 0 0 0 0 0 
0 0 0 0 27 27 27 27 27 27 27 27 27 0 0 0 0 0 0 0 
0 0 0 27 27 27 27 27 27 27 27 27 27 0 0 0 0 0 0 0 
0 0 27 27 27 27 27 27 27 27 27 27 27 0 0 0 0 0 0 0 
27 27 27 27 27 27 27 27 27 27 27 27 27 0 0 0 0 0 0 0 
27 27 27 27 27 27 27 27 27 27 27 27 27 0 0 0 0 0 0 0 
27 27 27 27 27 27 27 27 27 27 27 27 27 0 0 0 0 0 0 0 
27 27 27 27 27 27 27 27 27 27 27 27 27 0 0 0 0 0 0 0 
27 27 27 27 27 27 27 27 27 27 27 27 27 0 0 0 0 0 0 0 
27 27 27 27 27 27 27 27 27 27 27 27 27 0 0 0 0 0 0 0 
27 27 27 27 27 27 27 27 27 27 27 27 27 0 0 0 0 0 0 0 
27 27 27 27 27 27 27 27 27 27 27 27 27 0 0 0 0 0 0 0 
27 27 27 27 27 27 27 27 27 27 27 27 27 0 0 0 0 0 0 0 
27 27 27 27 27 27 27 27 27 27 27 27 24 0 0 0 0 0 0 0 
0 0 0 0 0 0 0 0 0 0 0 0 27 27 27 27 27 0 0 0 

0 0 0 0 0 0 0 0 0 0 0 0 0 0 0 0 0 0 0 0 
1 4 12 6 9 11 12 10 15 11 18 12 0 0 0 0 0 0 0 0 
0 0 0 2 5 24 0 0 0 27 27 27 0 0 0 0 0 0 0 0 
0 0 0 0 0 0 0 27 27 27 27 27 0 0 0 0 0 0 0 0 
0 0 0 0 0 27 27 27 27 27 27 27 0 0 0 0 0 0 0 0 
0 0 0 0 27 27 27 27 27 27 27 27 0 0 0 0 0 0 0 0 
0 0 0 27 27 27 27 27 27 27 27 27 0 0 0 0 0 0 0 0 
0 0 0 27 27 27 27 27 27 27 27 27 0 0 0 0 0 0 0 0 
27 27 27 27 27 27 27 27 27 27 27 27 0 0 0 0 0 0 0 0 
27 27 27 27 27 27 27 27 27 27 27 27 0 0 0 0 0 0 0 0 
27 27 27 27 27 27 27 27 27 27 27 27 0 0 0 0 0 0 0 0 
27 27 27 27 27 27 27 27 27 27 27 27 0 0 0 0 0 0 0 0 
27 27 27 27 27 27 27 27 27 27 27 27 0 0 0 0 0 0 0 0 
27 27 27 27 27 27 27 27 27 27 27 27 0 0 0 0 0 0 0 0 
27 27 27 27 27 27 27 27 27 27 27 27 0 0 0 0 0 0 0 0 
27 27 27 27 27 27 27 27 27 27 27 27 0 0 0 0 0 0 0 0 
27 27 27 27 27 27 27 27 27 27 27 27 0 0 0 0 0 0 0 0 
27 27 27 27 27 27 27 27 27 27 27 27 0 0 0 0 0 0 0 0 
27 27 27 27 27 27 27 27 27 27 27 27 0 0 0 0 0 0 0 0 
0 0 0 0 0 0 0 0 0 0 0 0 0 0 27 27 27 27 0 0 

0 0 0 0 0 0 0 0 0 0 0 0 0 0 0 0 0 0 0 0 
0 9 10 16 14 8 13 10 10 14 14 0 0 0 0 0 0 0 0 0 
0 0 0 6 18 20 0 0 27 27 27 0 0 0 0 0 0 0 0 0 
0 0 0 0 0 0 27 27 27 27 27 0 0 0 0 0 0 0 0 0 
0 0 0 0 0 27 27 27 27 27 27 0 0 0 0 0 0 0 0 0 
0 0 0 15 27 27 27 27 27 27 27 0 0 0 0 0 0 0 0 0 
0 0 0 27 27 27 27 27 27 27 27 0 0 0 0 0 0 0 0 0 
0 0 27 27 27 27 27 27 27 27 27 0 0 0 0 0 0 0 0 0 
27 27 27 27 27 27 27 27 27 27 27 0 0 0 0 0 0 0 0 0 
27 27 27 27 27 27 27 27 27 27 27 0 0 0 0 0 0 0 0 0 
27 27 27 27 27 27 27 27 27 27 27 0 0 0 0 0 0 0 0 0 
27 27 27 27 27 27 27 27 27 27 27 0 0 0 0 0 0 0 0 0 
27 27 27 27 27 27 27 27 27 27 27 0 0 0 0 0 0 0 0 0 
27 27 27 27 27 27 27 27 27 27 27 0 0 0 0 0 0 0 0 0 
27 27 27 27 27 27 27 27 27 27 27 0 0 0 0 0 0 0 0 0 
27 27 27 27 27 27 27 27 27 27 27 0 0 0 0 0 0 0 0 0 
27 27 27 27 27 27 27 27 27 27 27 0 0 0 0 0 0 0 0 0 
27 27 27 27 27 27 27 27 27 27 27 0 0 0 0 0 0 0 0 0 
27 27 27 27 27 27 27 27 27 27 27 0 0 0 0 0 0 0 0 0 
5 4 4 4 3 2 1 0 0 0 0 0 0 0 0 27 0 0 0 0 

0 0 0 0 0 0 0 0 0 0 0 0 0 0 0 0 0 0 0 0 
1 10 9 11 14 13 8 13 6 10 0 0 0 0 0 0 0 0 0 0 
0 0 0 0 12 6 0 25 27 27 0 0 0 0 0 0 0 0 0 0 
0 0 0 0 0 2 27 27 27 27 0 0 0 0 0 0 0 0 0 0 
0 0 0 0 27 27 27 27 27 27 0 0 0 0 0 0 0 0 0 0 
0 0 0 27 27 27 27 27 27 27 0 0 0 0 0 0 0 0 0 0 
0 0 27 27 27 27 27 27 27 27 0 0 0 0 0 0 0 0 0 0 
26 27 27 27 27 27 27 27 27 27 0 0 0 0 0 0 0 0 0 0 
27 27 27 27 27 27 27 27 27 27 0 0 0 0 0 0 0 0 0 0 
27 27 27 27 27 27 27 27 27 27 0 0 0 0 0 0 0 0 0 0 
27 27 27 27 27 27 27 27 27 27 0 0 0 0 0 0 0 0 0 0 
27 27 27 27 27 27 27 27 27 27 0 0 0 0 0 0 0 0 0 0 
27 27 27 27 27 27 27 27 27 27 0 0 0 0 0 0 0 0 0 0 
27 27 27 27 27 27 27 27 27 27 0 0 0 0 0 0 0 0 0 0 
27 27 27 27 27 27 27 27 27 27 0 0 0 0 0 0 0 0 0 0 
27 27 27 27 27 27 27 27 27 27 0 0 0 0 0 0 0 0 0 0 
27 27 27 27 27 27 27 27 27 27 0 0 0 0 0 0 0 0 0 0 
27 27 27 27 27 27 27 27 27 27 0 0 0 0 0 0 0 0 0 0 
27 27 27 27 27 27 27 27 27 27 0 0 0 0 0 0 0 0 0 0 
5 5 5 4 4 2 2 1 0 0 0 0 0 0 0 0 0 0 0 0 

0 0 0 0 0 0 0 0 0 0 0 0 0 0 0 0 0 0 0 0 
2 10 10 15 12 11 8 17 15 0 0 0 0 0 0 0 0 0 0 0 
0 0 0 0 7 0 0 27 27 0 0 0 0 0 0 0 0 0 0 0 
0 0 0 0 0 27 27 27 27 0 0 0 0 0 0 0 0 0 0 0 
0 0 0 19 27 27 27 27 27 0 0 0 0 0 0 0 0 0 0 0 
0 0 6 27 27 27 27 27 27 0 0 0 0 0 0 0 0 0 0 0 
0 0 27 27 27 27 27 27 27 0 0 0 0 0 0 0 0 0 0 0 
27 27 27 27 27 27 27 27 27 0 0 0 0 0 0 0 0 0 0 0 
27 27 27 27 27 27 27 27 27 0 0 0 0 0 0 0 0 0 0 0 
27 27 27 27 27 27 27 27 27 0 0 0 0 0 0 0 0 0 0 0 
27 27 27 27 27 27 27 27 27 0 0 0 0 0 0 0 0 0 0 0 
27 27 27 27 27 27 27 27 27 0 0 0 0 0 0 0 0 0 0 0 
27 27 27 27 27 27 27 27 27 0 0 0 0 0 0 0 0 0 0 0 
27 27 27 27 27 27 27 27 27 0 0 0 0 0 0 0 0 0 0 0 
27 27 27 27 27 27 27 27 27 0 0 0 0 0 0 0 0 0 0 0 
27 27 27 27 27 27 27 27 27 0 0 0 0 0 0 0 0 0 0 0 
27 27 27 27 27 27 27 27 27 0 0 0 0 0 0 0 0 0 0 0 
27 27 27 27 27 27 27 27 27 0 0 0 0 0 0 0 0 0 0 0 
27 27 27 27 27 27 27 27 27 0 0 0 0 0 0 0 0 0 0 0 
7 6 6 5 4 4 2 0 0 0 0 0 0 0 0 0 0 0 0 0 

0 0 0 0 0 0 0 0 0 0 0 0 0 0 0 0 0 0 0 0 
2 11 13 11 11 8 14 9 0 0 0 0 0 0 0 0 0 0 0 0 
0 0 0 0 4 0 27 27 0 0 0 0 0 0 0 0 0 0 0 0 
0 0 0 0 27 27 27 27 0 0 0 0 0 0 0 0 0 0 0 0 
0 0 0 27 27 27 27 27 0 0 0 0 0 0 0 0 0 0 0 0 
0 0 27 27 27 27 27 27 0 0 0 0 0 0 0 0 0 0 0 0 
27 27 27 27 27 27 27 27 0 0 0 0 0 0 0 0 0 0 0 0 
27 27 27 27 27 27 27 27 0 0 0 0 0 0 0 0 0 0 0 0 
27 27 27 27 27 27 27 27 0 0 0 0 0 0 0 0 0 0 0 0 
27 27 27 27 27 27 27 27 0 0 0 0 0 0 0 0 0 0 0 0 
27 27 27 27 27 27 27 27 0 0 0 0 0 0 0 0 0 0 0 0 
27 27 27 27 27 27 27 27 0 0 0 0 0 0 0 0 0 0 0 0 
27 27 27 27 27 27 27 27 0 0 0 0 0 0 0 0 0 0 0 0 
27 27 27 27 27 27 27 27 0 0 0 0 0 0 0 0 0 0 0 0 
27 27 27 27 27 27 27 27 0 0 0 0 0 0 0 0 0 0 0 0 
27 27 27 27 27 27 27 27 0 0 0 0 0 0 0 0 0 0 0 0 
27 27 27 27 27 27 27 27 0 0 0 0 0 0 0 0 0 0 0 0 
27 27 27 27 27 27 27 27 0 0 0 0 0 0 0 0 0 0 0 0 
27 27 27 27 27 27 27 27 0 0 0 0 0 0 0 0 0 0 0 0 
7 7 6 6 5 4 2 0 0 0 0 0 0 0 0 0 0 0 0 0 

0 0 0 0 0 0 0 0 0 0 0 0 0 0 0 0 0 0 0 0 
2 13 13 14 14 13 9 2 0 0 0 0 0 0 0 0 0 0 0 0 
0 0 0 5 0 27 27 0 0 0 0 0 0 0 0 0 0 0 0 0 
0 0 0 24 27 27 27 0 0 0 0 0 0 0 0 0 0 0 0 0 
0 0 27 27 27 27 27 0 0 0 0 0 0 0 0 0 0 0 0 0 
0 0 27 27 27 27 27 0 0 0 0 0 0 0 0 0 0 0 0 0 
27 27 27 27 27 27 27 0 0 0 0 0 0 0 0 0 0 0 0 0 
27 27 27 27 27 27 27 0 0 0 0 0 0 0 0 0 0 0 0 0 
27 27 27 27 27 27 27 0 0 0 0 0 0 0 0 0 0 0 0 0 
27 27 27 27 27 27 27 0 0 0 0 0 0 0 0 0 0 0 0 0 
27 27 27 27 27 27 27 0 0 0 0 0 0 0 0 0 0 0 0 0 
27 27 27 27 27 27 27 0 0 0 0 0 0 0 0 0 0 0 0 0 
27 27 27 27 27 27 27 0 0 0 0 0 0 0 0 0 0 0 0 0 
27 27 27 27 27 27 27 0 0 0 0 0 0 0 0 0 0 0 0 0 
27 27 27 27 27 27 27 0 0 0 0 0 0 0 0 0 0 0 0 0 
27 27 27 27 27 27 27 0 0 0 0 0 0 0 0 0 0 0 0 0 
27 27 27 27 27 27 27 0 0 0 0 0 0 0 0 0 0 0 0 0 
27 27 27 27 27 27 27 0 0 0 0 0 0 0 0 0 0 0 0 0 
27 27 27 27 27 27 27 0 0 0 0 0 0 0 0 0 0 0 0 0 
8 7 7 7 6 5 3 0 0 0 0 0 0 0 0 0 0 0 0 0 

0 0 0 0 0 0 0 0 0 0 0 0 0 0 0 0 0 0 0 0 
2 10 16 8 8 15 1 0 0 0 0 0 0 0 0 0 0 0 0 0 
0 0 1 0 27 27 0 0 0 0 0 0 0 0 0 0 0 0 0 0 
0 0 0 27 27 27 0 0 0 0 0 0 0 0 0 0 0 0 0 0 
0 0 27 27 27 27 0 0 0 0 0 0 0 0 0 0 0 0 0 0 
27 27 27 27 27 27 0 0 0 0 0 0 0 0 0 0 0 0 0 0 
27 27 27 27 27 27 0 0 0 0 0 0 0 0 0 0 0 0 0 0 
27 27 27 27 27 27 0 0 0 0 0 0 0 0 0 0 0 0 0 0 
27 27 27 27 27 27 0 0 0 0 0 0 0 0 0 0 0 0 0 0 
27 27 27 27 27 27 0 0 0 0 0 0 0 0 0 0 0 0 0 0 
27 27 27 27 27 27 0 0 0 0 0 0 0 0 0 0 0 0 0 0 
27 27 27 27 27 27 0 0 0 0 0 0 0 0 0 0 0 0 0 0 
27 27 27 27 27 27 0 0 0 0 0 0 0 0 0 0 0 0 0 0 
27 27 27 27 27 27 0 0 0 0 0 0 0 0 0 0 0 0 0 0 
27 27 27 27 27 27 0 0 0 0 0 0 0 0 0 0 0 0 0 0 
27 27 27 27 27 27 0 0 0 0 0 0 0 0 0 0 0 0 0 0 
27 27 27 27 27 27 0 0 0 0 0 0 0 0 0 0 0 0 0 0 
27 27 27 27 27 27 0 0 0 0 0 0 0 0 0 0 0 0 0 0 
27 27 27 27 27 27 0 0 0 0 0 0 0 0 0 0 0 0 0 0 
8 8 7 7 7 6 0 0 0 0 0 0 0 0 0 0 0 0 0 0 

0 0 0 0 0 0 0 0 0 0 0 0 0 0 0 0 0 0 0 0 
2 9 1 5 9 1 0 0 0 0 0 0 0 0 0 0 0 0 0 0 
0 0 8 0 27 0 0 0 0 0 0 0 0 0 0 0 0 0 0 0 
0 0 27 27 27 0 0 0 0 0 0 0 0 0 0 0 0 0 0 0 
0 27 27 27 27 0 0 0 0 0 0 0 0 0 0 0 0 0 0 0 
27 27 27 27 27 0 0 0 0 0 0 0 0 0 0 0 0 0 0 0 
27 27 27 27 27 0 0 0 0 0 0 0 0 0 0 0 0 0 0 0 
27 27 27 27 27 0 0 0 0 0 0 0 0 0 0 0 0 0 0 0 
27 27 27 27 27 0 0 0 0 0 0 0 0 0 0 0 0 0 0 0 
27 27 27 27 27 0 0 0 0 0 0 0 0 0 0 0 0 0 0 0 
27 27 27 27 27 0 0 0 0 0 0 0 0 0 0 0 0 0 0 0 
27 27 27 27 27 0 0 0 0 0 0 0 0 0 0 0 0 0 0 0 
27 27 27 27 27 0 0 0 0 0 0 0 0 0 0 0 0 0 0 0 
20 26 27 27 27 0 0 0 0 0 0 0 0 0 0 0 0 0 0 0 
16 26 27 27 27 0 0 0 0 0 0 0 0 0 0 0 0 0 0 0 
16 27 27 27 27 0 0 0 0 0 0 0 0 0 0 0 0 0 0 0 
12 27 27 27 27 0 0 0 0 0 0 0 0 0 0 0 0 0 0 0 
20 27 27 27 27 0 0 0 0 0 0 0 0 0 0 0 0 0 0 0 
23 27 27 27 27 0 0 0 0 0 0 0 0 0 0 0 0 0 0 0 
8 8 8 7 7 0 0 0 0 0 0 0 0 0 0 0 0 0 0 0 

0 0 0 0 0 0 0 0 0 0 0 0 0 0 0 0 0 0 0 0 
3 7 6 4 6 0 0 0 0 0 0 0 0 0 0 0 0 0 0 0 
0 6 0 27 0 0 0 0 0 0 0 0 0 0 0 0 0 0 0 0 
0 27 27 27 0 0 0 0 0 0 0 0 0 0 0 0 0 0 0 0 
27 27 27 27 0 0 0 0 0 0 0 0 0 0 0 0 0 0 0 0 
27 27 27 27 0 0 0 0 0 0 0 0 0 0 0 0 0 0 0 0 
27 27 27 27 0 0 0 0 0 0 0 0 0 0 0 0 0 0 0 0 
27 27 27 27 0 0 0 0 0 0 0 0 0 0 0 0 0 0 0 0 
27 27 27 27 0 0 0 0 0 0 0 0 0 0 0 0 0 0 0 0 
27 27 27 27 0 0 0 0 0 0 0 0 0 0 0 0 0 0 0 0 
27 27 27 27 0 0 0 0 0 0 0 0 0 0 0 0 0 0 0 0 
15 27 27 27 0 0 0 0 0 0 0 0 0 0 0 0 0 0 0 0 
11 20 27 27 0 0 0 0 0 0 0 0 0 0 0 0 0 0 0 0 
18 25 27 27 0 0 0 0 0 0 0 0 0 0 0 0 0 0 0 0 
20 17 27 27 0 0 0 0 0 0 0 0 0 0 0 0 0 0 0 0 
14 22 27 27 0 0 0 0 0 0 0 0 0 0 0 0 0 0 0 0 
19 27 27 27 0 0 0 0 0 0 0 0 0 0 0 0 0 0 0 0 
23 27 27 27 0 0 0 0 0 0 0 0 0 0 0 0 0 0 0 0 
22 27 27 27 0 0 0 0 0 0 0 0 0 0 0 0 0 0 0 0 
8 8 8 8 0 0 0 0 0 0 0 0 0 0 0 0 0 0 0 0 

0 0 0 0 0 0 0 0 0 0 0 0 0 0 0 0 0 0 0 0 
2 0 4 4 0 0 0 0 0 0 0 0 0 0 0 0 0 0 0 0 
0 0 27 0 0 0 0 0 0 0 0 0 0 0 0 0 0 0 0 0 
0 27 27 0 0 0 0 0 0 0 0 0 0 0 0 0 0 0 0 0 
27 27 27 0 0 0 0 0 0 0 0 0 0 0 0 0 0 0 0 0 
27 27 27 0 0 0 0 0 0 0 0 0 0 0 0 0 0 0 0 0 
27 27 27 0 0 0 0 0 0 0 0 0 0 0 0 0 0 0 0 0 
27 27 27 0 0 0 0 0 0 0 0 0 0 0 0 0 0 0 0 0 
25 27 27 0 0 0 0 0 0 0 0 0 0 0 0 0 0 0 0 0 
6 27 27 0 0 0 0 0 0 0 0 0 0 0 0 0 0 0 0 0 
18 27 27 0 0 0 0 0 0 0 0 0 0 0 0 0 0 0 0 0 
19 27 27 0 0 0 0 0 0 0 0 0 0 0 0 0 0 0 0 0 
21 18 27 0 0 0 0 0 0 0 0 0 0 0 0 0 0 0 0 0 
17 19 27 0 0 0 0 0 0 0 0 0 0 0 0 0 0 0 0 0 
19 21 27 0 0 0 0 0 0 0 0 0 0 0 0 0 0 0 0 0 
17 25 27 0 0 0 0 0 0 0 0 0 0 0 0 0 0 0 0 0 
19 27 27 0 0 0 0 0 0 0 0 0 0 0 0 0 0 0 0 0 
11 27 27 0 0 0 0 0 0 0 0 0 0 0 0 0 0 0 0 0 
12 27 27 0 0 0 0 0 0 0 0 0 0 0 0 0 0 0 0 0 
8 8 8 0 0 0 0 0 0 0 0 0 0 0 0 0 0 0 0 0 

0 0 0 0 0 0 0 0 0 0 0 0 0 0 0 0 0 0 0 0 
1 0 0 0 0 0 0 0 0 0 0 0 0 0 0 0 0 0 0 0 
0 27 2 0 0 0 0 0 0 0 0 0 0 0 0 0 0 0 0 0 
27 27 0 0 0 0 0 0 0 0 0 0 0 0 0 0 0 0 0 0 
27 27 0 0 0 0 0 0 0 0 0 0 0 0 0 0 0 0 0 0 
27 27 0 0 0 0 0 0 0 0 0 0 0 0 0 0 0 0 0 0 
12 27 0 0 0 0 0 0 0 0 0 0 0 0 0 0 0 0 0 0 
15 27 0 0 0 0 0 0 0 0 0 0 0 0 0 0 0 0 0 0 
10 27 0 0 0 0 0 0 0 0 0 0 0 0 0 0 0 0 0 0 
17 27 0 0 0 0 0 0 0 0 0 0 0 0 0 0 0 0 0 0 
17 27 0 0 0 0 0 0 0 0 0 0 0 0 0 0 0 0 0 0 
14 19 0 0 0 0 0 0 0 0 0 0 0 0 0 0 0 0 0 0 
8 14 0 0 0 0 0 0 0 0 0 0 0 0 0 0 0 0 0 0 
7 18 0 0 0 0 0 0 0 0 0 0 0 0 0 0 0 0 0 0 
12 24 0 0 0 0 0 0 0 0 0 0 0 0 0 0 0 0 0 0 
8 27 0 0 0 0 0 0 0 0 0 0 0 0 0 0 0 0 0 0 
9 27 0 0 0 0 0 0 0 0 0 0 0 0 0 0 0 0 0 0 
9 27 0 0 0 0 0 0 0 0 0 0 0 0 0 0 0 0 0 0 
15 27 0 0 0 0 0 0 0 0 0 0 0 0 0 0 0 0 0 0 
8 8 0 0 0 0 0 0 0 0 0 0 0 0 0 0 0 0 0 0 

0 0 0 0 0 0 0 0 0 0 0 0 0 0 0 0 0 0 0 0 
1 0 0 0 0 0 0 0 0 0 0 0 0 0 0 0 0 0 0 0 
13 9 0 0 0 0 0 0 0 0 0 0 0 0 0 0 0 0 0 0 
27 0 0 0 0 0 0 0 0 0 0 0 0 0 0 0 0 0 0 0 
9 0 0 0 0 0 0 0 0 0 0 0 0 0 0 0 0 0 0 0 
8 0 0 0 0 0 0 0 0 0 0 0 0 0 0 0 0 0 0 0 
9 0 0 0 0 0 0 0 0 0 0 0 0 0 0 0 0 0 0 0 
8 0 0 0 0 0 0 0 0 0 0 0 0 0 0 0 0 0 0 0 
5 0 0 0 0 0 0 0 0 0 0 0 0 0 0 0 0 0 0 0 
5 0 0 0 0 0 0 0 0 0 0 0 0 0 0 0 0 0 0 0 
0 0 0 0 0 0 0 0 0 0 0 0 0 0 0 0 0 0 0 0 
0 0 0 0 0 0 0 0 0 0 0 0 0 0 0 0 0 0 0 0 
0 0 0 0 0 0 0 0 0 0 0 0 0 0 0 0 0 0 0 0 
0 0 0 0 0 0 0 0 0 0 0 0 0 0 0 0 0 0 0 0 
0 0 0 0 0 0 0 0 0 0 0 0 0 0 0 0 0 0 0 0 
0 0 0 0 0 0 0 0 0 0 0 0 0 0 0 0 0 0 0 0 
0 0 0 0 0 0 0 0 0 0 0 0 0 0 0 0 0 0 0 0 
0 0 0 0 0 0 0 0 0 0 0 0 0 0 0 0 0 0 0 0 
0 0 0 0 0 0 0 0 0 0 0 0 0 0 0 0 0 0 0 0 
4 0 0 0 0 0 0 0 0 0 0 0 0 0 0 0 0 0 0 0 

