0 21.1718 2.40703 27.8919
189.181 164.905 0.16322 0.195711 0.539456 0.105349 6.02935 2.08523
1 23.0152 4.39008 57.9994
182.763 184.549 0.311446 0.0513417 0.934748 0.218555 9.60123 2.63889
2 23.0209 6.21866 72.499
190.62 165.928 0.150387 0.158315 0.537686 0.13868 6.01272 3.28254
3 24.2896 7.49619 84.6243
188.206 164.677 0.21908 0.216795 0.537083 0.0451062 6.2249 2.68157
4 25.3041 8.49561 94.2079
195.057 165.262 0.204331 0.161947 0.563045 0.0908527 5.80069 2.42455
5 27.0078 10.2426 100.6
196.311 172.971 0.127935 0.190177 0.449164 0.187645 5.40188 3.87548
6 27.0078 11.1193 109.306
196.311 172.971 0.127935 0.190177 0.449164 0.187645 5.40188 3.87548
7 27.4171 13.2981 124.584
198.118 178.179 0.109573 0.241703 0.401298 0.0503534 5.69532 4.51158
8 27.4171 13.7554 122.106
198.118 178.179 0.109573 0.241703 0.401298 0.0503534 5.69532 4.51158
9 27.4171 15.4533 112.116
198.118 178.179 0.109573 0.241703 0.401298 0.0503534 5.69532 4.51158
10 27.4171 15.2249 111.079
198.118 178.179 0.109573 0.241703 0.401298 0.0503534 5.69532 4.51158
11 29.3888 16.1463 105.747
194.792 175.126 0.124941 0.288881 0.33956 0.0802371 5.26036 4.56257
12 29.3888 16.659 103.617
194.792 175.126 0.124941 0.288881 0.33956 0.0802371 5.26036 4.56257
13 29.3888 18.4364 90.1664
194.792 175.126 0.124941 0.288881 0.33956 0.0802371 5.26036 4.56257
14 29.3888 16.8352 111.955
194.792 175.126 0.124941 0.288881 0.33956 0.0802371 5.26036 4.56257
15 29.3888 17.0016 108.1
194.792 175.126 0.124941 0.288881 0.33956 0.0802371 5.26036 4.56257
16 30.0993 19.021 95.2051
193.721 175.358 0.118915 0.284353 0.325358 0.0807786 5.23007 4.61433
17 30.0993 17.7535 105.039
193.721 175.358 0.118915 0.284353 0.325358 0.0807786 5.23007 4.61433
18 30.0993 19.2751 92.0105
193.721 175.358 0.118915 0.284353 0.325358 0.0807786 5.23007 4.61433
19 30.0993 19.4924 77.6176
193.721 175.358 0.118915 0.284353 0.325358 0.0807786 5.23007 4.61433
20 30.0993 19.6221 96.1907
193.721 175.358 0.118915 0.284353 0.325358 0.0807786 5.23007 4.61433
21 30.0993 18.9994 88.6993
193.721 175.358 0.118915 0.284353 0.325358 0.0807786 5.23007 4.61433
22 30.1439 19.7173 85.3061
193.04 175.793 0.107372 0.284182 0.317486 0.094006 5.16191 4.60189
23 30.1439 20.4081 82.3249
193.04 175.793 0.107372 0.284182 0.317486 0.094006 5.16191 4.60189
24 30.1439 21.2634 75.7497
193.04 175.793 0.107372 0.284182 0.317486 0.094006 5.16191 4.60189
25 30.315 21.061 56.8788
193.475 177.467 0.103658 0.285612 0.323625 0.0911832 5.08793 4.70366
26 30.3195 20.8265 72.6288
193.671 177.648 0.100798 0.286722 0.319161 0.0908928 5.07765 4.70375
27 30.3195 20.6277 85.5324
193.671 177.648 0.100798 0.286722 0.319161 0.0908928 5.07765 4.70375
28 30.3195 19.5387 94.1937
193.671 177.648 0.100798 0.286722 0.319161 0.0908928 5.07765 4.70375
29 30.3449 20.0546 96.2348
198.001 173.357 0.0963179 0.277932 0.297733 0.0609528 5.04296 4.2412
30 30.3449 19.1401 106.58
198.001 173.357 0.0963179 0.277932 0.297733 0.0609528 5.04296 4.2412
31 30.3449 19.8756 85.2921
198.001 173.357 0.0963179 0.277932 0.297733 0.0609528 5.04296 4.2412
32 30.3449 18.619 109.947
198.001 173.357 0.0963179 0.277932 0.297733 0.0609528 5.04296 4.2412
33 30.3449 19.5604 95.6096
198.001 173.357 0.0963179 0.277932 0.297733 0.0609528 5.04296 4.2412
34 30.3449 20.3499 94.9037
198.001 173.357 0.0963179 0.277932 0.297733 0.0609528 5.04296 4.2412
35 30.3449 21.9542 72.1499
198.001 173.357 0.0963179 0.277932 0.297733 0.0609528 5.04296 4.2412
36 30.3449 19.4873 93.093
198.001 173.357 0.0963179 0.277932 0.297733 0.0609528 5.04296 4.2412
37 30.3449 18.2615 99.9219
198.001 173.357 0.0963179 0.277932 0.297733 0.0609528 5.04296 4.2412
38 30.3449 19.2189 101.88
198.001 173.357 0.0963179 0.277932 0.297733 0.0609528 5.04296 4.2412
39 30.3449 18.3972 115.455
198.001 173.357 0.0963179 0.277932 0.297733 0.0609528 5.04296 4.2412
40 30.3449 19.9149 93.8483
198.001 173.357 0.0963179 0.277932 0.297733 0.0609528 5.04296 4.2412
41 30.3449 18.8469 100.901
198.001 173.357 0.0963179 0.277932 0.297733 0.0609528 5.04296 4.2412
42 30.3449 18.1561 115.954
198.001 173.357 0.0963179 0.277932 0.297733 0.0609528 5.04296 4.2412
43 30.3562 18.5453 122.175
195.687 171.444 0.164727 0.199318 0.13139 0.122062 5.25982 2.89497
44 30.3562 19.3988 98.6343
195.687 171.444 0.164727 0.199318 0.13139 0.122062 5.25982 2.89497
45 30.4002 18.9901 107.138
193.455 177.506 0.105136 0.285655 0.323298 0.0899668 5.08232 4.72891
46 30.4002 19.328 102.898
193.455 177.506 0.105136 0.285655 0.323298 0.0899668 5.08232 4.72891
47 30.4002 21.1111 99.7145
193.455 177.506 0.105136 0.285655 0.323298 0.0899668 5.08232 4.72891
48 30.4002 20.2498 116.863
193.455 177.506 0.105136 0.285655 0.323298 0.0899668 5.08232 4.72891
49 32.3247 21.3637 95.2098
200 177.208 0.168451 0.234275 0.124524 0.0869317 5.5435 3.50968
50 32.3247 21.1176 95.4502
200 177.208 0.168451 0.234275 0.124524 0.0869317 5.5435 3.50968
51 32.3247 20.2515 103.413
200 177.208 0.168451 0.234275 0.124524 0.0869317 5.5435 3.50968
52 32.3247 20.0722 98.1547
200 177.208 0.168451 0.234275 0.124524 0.0869317 5.5435 3.50968
53 32.3247 20.9333 86.6852
200 177.208 0.168451 0.234275 0.124524 0.0869317 5.5435 3.50968
54 32.3247 20.8495 79.9723
200 177.208 0.168451 0.234275 0.124524 0.0869317 5.5435 3.50968
55 32.3247 19.951 86.4042
200 177.208 0.168451 0.234275 0.124524 0.0869317 5.5435 3.50968
56 32.3247 20.3127 84.0768
200 177.208 0.168451 0.234275 0.124524 0.0869317 5.5435 3.50968
57 32.3247 21.0881 62.8236
200 177.208 0.168451 0.234275 0.124524 0.0869317 5.5435 3.50968
58 32.3247 20.5818 92.9015
200 177.208 0.168451 0.234275 0.124524 0.0869317 5.5435 3.50968
59 32.3247 20.8204 75.9854
200 177.208 0.168451 0.234275 0.124524 0.0869317 5.5435 3.50968
60 32.3247 21.4718 84.3815
200 177.208 0.168451 0.234275 0.124524 0.0869317 5.5435 3.50968
61 32.3247 21.0067 80.9618
200 177.208 0.168451 0.234275 0.124524 0.0869317 5.5435 3.50968
62 32.3247 20.8334 81.9668
200 177.208 0.168451 0.234275 0.124524 0.0869317 5.5435 3.50968
63 32.3247 21.3958 82.9405
200 177.208 0.168451 0.234275 0.124524 0.0869317 5.5435 3.50968
64 32.3247 21.0921 87.0247
200 177.208 0.168451 0.234275 0.124524 0.0869317 5.5435 3.50968
65 32.3247 20.2869 90.4183
200 177.208 0.168451 0.234275 0.124524 0.0869317 5.5435 3.50968
66 32.3247 20.4877 90.6731
200 177.208 0.168451 0.234275 0.124524 0.0869317 5.5435 3.50968
67 32.3247 21.1754 81.0322
200 177.208 0.168451 0.234275 0.124524 0.0869317 5.5435 3.50968
68 32.3247 21.2651 74.0512
200 177.208 0.168451 0.234275 0.124524 0.0869317 5.5435 3.50968
69 32.3247 20.785 74.3209
200 177.208 0.168451 0.234275 0.124524 0.0869317 5.5435 3.50968
70 32.3247 20.8073 76.2761
200 177.208 0.168451 0.234275 0.124524 0.0869317 5.5435 3.50968
71 32.3247 19.2868 90.2883
200 177.208 0.168451 0.234275 0.124524 0.0869317 5.5435 3.50968
72 32.3247 19.4819 99.4446
200 177.208 0.168451 0.234275 0.124524 0.0869317 5.5435 3.50968
73 32.3247 18.7022 99.7999
200 177.208 0.168451 0.234275 0.124524 0.0869317 5.5435 3.50968
74 32.3247 19.1014 95.3314
200 177.208 0.168451 0.234275 0.124524 0.0869317 5.5435 3.50968
75 32.3247 19.0916 114.511
200 177.208 0.168451 0.234275 0.124524 0.0869317 5.5435 3.50968
76 32.3247 20.9362 97.9994
200 177.208 0.168451 0.234275 0.124524 0.0869317 5.5435 3.50968
77 32.3247 19.8205 89.509
200 177.208 0.168451 0.234275 0.124524 0.0869317 5.5435 3.50968
78 32.3247 19.5934 103.416
200 177.208 0.168451 0.234275 0.124524 0.0869317 5.5435 3.50968
79 32.3247 20.0278 94.3167
200 177.208 0.168451 0.234275 0.124524 0.0869317 5.5435 3.50968
80 32.3247 20.6276 98.7356
200 177.208 0.168451 0.234275 0.124524 0.0869317 5.5435 3.50968
81 32.3247 20.8587 98.1365
200 177.208 0.168451 0.234275 0.124524 0.0869317 5.5435 3.50968
82 32.3247 20.8153 99.7104
200 177.208 0.168451 0.234275 0.124524 0.0869317 5.5435 3.50968
83 32.3247 21.0176 92.6816
200 177.208 0.168451 0.234275 0.124524 0.0869317 5.5435 3.50968
84 32.3247 20.0361 99.2308
200 177.208 0.168451 0.234275 0.124524 0.0869317 5.5435 3.50968
85 32.3247 20.4909 91.3321
200 177.208 0.168451 0.234275 0.124524 0.0869317 5.5435 3.50968
86 32.3247 20.3072 93.315
200 177.208 0.168451 0.234275 0.124524 0.0869317 5.5435 3.50968
87 32.3247 20.8985 80.6647
200 177.208 0.168451 0.234275 0.124524 0.0869317 5.5435 3.50968
88 32.3247 21.5376 76.6368
200 177.208 0.168451 0.234275 0.124524 0.0869317 5.5435 3.50968
89 32.3247 23.0118 58.5854
200 177.208 0.168451 0.234275 0.124524 0.0869317 5.5435 3.50968
90 32.3247 22.1883 77.5299
200 177.208 0.168451 0.234275 0.124524 0.0869317 5.5435 3.50968
91 32.3247 20.4414 105.343
200 177.208 0.168451 0.234275 0.124524 0.0869317 5.5435 3.50968
92 32.3247 21.6243 88.787
200 177.208 0.168451 0.234275 0.124524 0.0869317 5.5435 3.50968
93 32.3247 21.3387 84.0552
200 177.208 0.168451 0.234275 0.124524 0.0869317 5.5435 3.50968
94 32.3247 21.9682 70.2534
200 177.208 0.168451 0.234275 0.124524 0.0869317 5.5435 3.50968
95 32.3247 21.7319 79.2106
200 177.208 0.168451 0.234275 0.124524 0.0869317 5.5435 3.50968
96 32.3247 22.7117 59.5169
200 177.208 0.168451 0.234275 0.124524 0.0869317 5.5435 3.50968
97 32.3247 21.7624 81.4182
200 177.208 0.168451 0.234275 0.124524 0.0869317 5.5435 3.50968
98 32.3247 22.0218 78.6534
200 177.208 0.168451 0.234275 0.124524 0.0869317 5.5435 3.50968
99 32.3247 22.6655 57.6418
200 177.208 0.168451 0.234275 0.124524 0.0869317 5.5435 3.50968
100 32.3247 20.8839 79.4545
200 177.208 0.168451 0.234275 0.124524 0.0869317 5.5435 3.50968
