0 5.79526 0.408515 1.71338
113.466 182.638 0.102872 0.0190758 0.247682 0.401258 9.87287 6.67037
1 5.79526 0.839725 3.11312
113.466 182.638 0.102872 0.0190758 0.247682 0.401258 9.87287 6.67037
2 5.79526 1.26411 5.43089
113.466 182.638 0.102872 0.0190758 0.247682 0.401258 9.87287 6.67037
3 5.83713 1.91065 7.14809
107.938 176.314 0.09437 0.0873999 0.340027 0.340037 9.4787 5.48807
4 5.83713 2.12812 7.7083
107.938 176.314 0.09437 0.0873999 0.340027 0.340037 9.4787 5.48807
5 8.67477 2.63781 8.59172
117.032 168.722 0.156013 0.0920624 0.246785 0.332749 9.62825 6.51203
6 8.67477 2.93479 8.72291
117.032 168.722 0.156013 0.0920624 0.246785 0.332749 9.62825 6.51203
7 14.44 3.65177 14.9664
107.693 179.706 0.326626 0.0180335 0.215787 0.479099 9.18077 7.68015
8 15.9524 5.2362 21.0047
105.304 179.393 0.29063 0 0.217193 0.458428 9.47725 7.76855
9 17.2885 6.87121 36.6737
100 187.404 0.348113 0 0.143314 0.331859 10 7.14601
10 17.4516 6.77664 36.6728
102.652 187.89 0.324767 0.00766942 0.0973334 0.393503 9.90773 7.86603
11 17.4516 7.42271 36.2116
102.652 187.89 0.324767 0.00766942 0.0973334 0.393503 9.90773 7.86603
12 17.5097 7.684 44.9379
100 189.802 0.311754 0 0.106862 0.416086 9.23354 8.3009
13 17.5132 9.4352 49.8492
100 189.825 0.311596 0.000368034 0.106706 0.416123 9.23471 8.29863
14 17.5523 8.96367 45.0997
101.01 190.716 0.308619 0.00992252 0.0900147 0.403445 9.36348 8.17223
15 17.5523 9.75442 45.2958
101.01 190.716 0.308619 0.00992252 0.0900147 0.403445 9.36348 8.17223
16 17.5523 8.61 38.5742
101.01 190.716 0.308619 0.00992252 0.0900147 0.403445 9.36348 8.17223
17 17.5523 9.6269 41.7264
101.01 190.716 0.308619 0.00992252 0.0900147 0.403445 9.36348 8.17223
18 17.5523 8.71341 48.9369
101.01 190.716 0.308619 0.00992252 0.0900147 0.403445 9.36348 8.17223
19 17.5987 8.82613 47.6242
100 189.228 0.303131 0.126505 0.0782841 0.316308 9.83608 5.99188
20 17.5987 8.91068 45.55
100 189.228 0.303131 0.126505 0.0782841 0.316308 9.83608 5.99188
21 17.5987 10.9157 43.2918
100 189.228 0.303131 0.126505 0.0782841 0.316308 9.83608 5.99188
22 17.5987 10.3032 48.4014
100 189.228 0.303131 0.126505 0.0782841 0.316308 9.83608 5.99188
23 17.6193 9.94411 43.0153
105.717 197.896 0.284985 0 0.162084 0.233309 8.58095 8.33904
24 17.6193 9.50658 47.0014
105.717 197.896 0.284985 0 0.162084 0.233309 8.58095 8.33904
25 17.6193 9.91674 51.5114
105.717 197.896 0.284985 0 0.162084 0.233309 8.58095 8.33904
26 17.6193 10.9198 51.7674
105.717 197.896 0.284985 0 0.162084 0.233309 8.58095 8.33904
27 17.6193 10.4389 51.0005
105.717 197.896 0.284985 0 0.162084 0.233309 8.58095 8.33904
28 17.6252 9.85734 45.9546
102.091 197.319 0.2833 0.0292722 0.180313 0.22041 8.37014 8.45015
29 17.6252 11.571 47.4119
102.091 197.319 0.2833 0.0292722 0.180313 0.22041 8.37014 8.45015
30 17.6252 10.9043 46.9074
102.091 197.319 0.2833 0.0292722 0.180313 0.22041 8.37014 8.45015
31 17.6252 10.1877 49.6267
102.091 197.319 0.2833 0.0292722 0.180313 0.22041 8.37014 8.45015
32 17.6252 9.4386 45.585
102.091 197.319 0.2833 0.0292722 0.180313 0.22041 8.37014 8.45015
33 17.6252 10.8081 47.1424
102.091 197.319 0.2833 0.0292722 0.180313 0.22041 8.37014 8.45015
34 17.6252 11.179 49.8945
102.091 197.319 0.2833 0.0292722 0.180313 0.22041 8.37014 8.45015
35 17.7509 10.8794 45.7247
100 177.796 0.266274 0 0.151946 0.261204 10 6.73801
36 17.7509 9.7722 56.3574
100 177.796 0.266274 0 0.151946 0.261204 10 6.73801
37 17.7509 10.6406 54.744
100 177.796 0.266274 0 0.151946 0.261204 10 6.73801
38 17.7509 10.9252 46.4712
100 177.796 0.266274 0 0.151946 0.261204 10 6.73801
39 17.7509 11.1128 38.1239
100 177.796 0.266274 0 0.151946 0.261204 10 6.73801
40 17.7509 11.2715 39.5738
100 177.796 0.266274 0 0.151946 0.261204 10 6.73801
41 17.7509 10.2391 46.4646
100 177.796 0.266274 0 0.151946 0.261204 10 6.73801
42 17.7509 10.5973 40.5636
100 177.796 0.266274 0 0.151946 0.261204 10 6.73801
43 17.7509 11.4009 35.7083
100 177.796 0.266274 0 0.151946 0.261204 10 6.73801
44 17.7509 11.4441 39.6546
100 177.796 0.266274 0 0.151946 0.261204 10 6.73801
45 17.7509 9.80898 40.7569
100 177.796 0.266274 0 0.151946 0.261204 10 6.73801
46 17.7509 10.1236 48.4495
100 177.796 0.266274 0 0.151946 0.261204 10 6.73801
47 17.7509 10.5567 40.9158
100 177.796 0.266274 0 0.151946 0.261204 10 6.73801
48 17.7509 10.952 40.0185
100 177.796 0.266274 0 0.151946 0.261204 10 6.73801
49 17.7522 11.4573 42.6848
100.335 177.3 0.259414 0.00607401 0.155978 0.253514 10 6.75876
50 17.7522 12.1697 36.6459
100.335 177.3 0.259414 0.00607401 0.155978 0.253514 10 6.75876
51 17.7522 11.4853 33.3968
100.335 177.3 0.259414 0.00607401 0.155978 0.253514 10 6.75876
52 17.7522 13.3998 35.5216
100.335 177.3 0.259414 0.00607401 0.155978 0.253514 10 6.75876
53 17.7522 10.9874 39.5381
100.335 177.3 0.259414 0.00607401 0.155978 0.253514 10 6.75876
54 17.7522 11.1356 40.1649
100.335 177.3 0.259414 0.00607401 0.155978 0.253514 10 6.75876
55 17.7522 9.37408 46.3257
100.335 177.3 0.259414 0.00607401 0.155978 0.253514 10 6.75876
56 17.7522 8.86189 40.5859
100.335 177.3 0.259414 0.00607401 0.155978 0.253514 10 6.75876
57 17.7522 10.7105 53.7508
100.335 177.3 0.259414 0.00607401 0.155978 0.253514 10 6.75876
58 17.7522 10.5812 53.9265
100.335 177.3 0.259414 0.00607401 0.155978 0.253514 10 6.75876
59 17.7522 10.4959 55.3152
100.335 177.3 0.259414 0.00607401 0.155978 0.253514 10 6.75876
60 17.7522 11.2942 51.098
100.335 177.3 0.259414 0.00607401 0.155978 0.253514 10 6.75876
61 17.7522 10.4136 46.5948
100.335 177.3 0.259414 0.00607401 0.155978 0.253514 10 6.75876
62 17.7522 10.6319 42.5022
100.335 177.3 0.259414 0.00607401 0.155978 0.253514 10 6.75876
63 17.7532 10.7585 37.783
100.105 177.227 0.262128 0.00781514 0.160154 0.253318 10 6.78433
64 17.7532 11.4991 43.8444
100.105 177.227 0.262128 0.00781514 0.160154 0.253318 10 6.78433
65 17.7532 11.8757 39.8341
100.105 177.227 0.262128 0.00781514 0.160154 0.253318 10 6.78433
66 17.7532 13.3111 32.2523
100.105 177.227 0.262128 0.00781514 0.160154 0.253318 10 6.78433
67 17.7532 12.3842 31.5383
100.105 177.227 0.262128 0.00781514 0.160154 0.253318 10 6.78433
68 17.7532 12.089 28.2903
100.105 177.227 0.262128 0.00781514 0.160154 0.253318 10 6.78433
69 17.7532 11.3635 35.3653
100.105 177.227 0.262128 0.00781514 0.160154 0.253318 10 6.78433
70 17.7532 12.4479 35.1846
100.105 177.227 0.262128 0.00781514 0.160154 0.253318 10 6.78433
71 17.7532 11.9898 38.0269
100.105 177.227 0.262128 0.00781514 0.160154 0.253318 10 6.78433
72 17.8076 11.5733 39.4294
100 199.84 0.238574 0.245716 0.201503 0.0854108 9.12915 8.08373
73 17.8076 12.5098 36.0442
100 199.84 0.238574 0.245716 0.201503 0.0854108 9.12915 8.08373
74 17.8076 11.6031 38.1127
100 199.84 0.238574 0.245716 0.201503 0.0854108 9.12915 8.08373
75 17.8076 10.8815 33.0105
100 199.84 0.238574 0.245716 0.201503 0.0854108 9.12915 8.08373
76 17.8076 9.84171 31.9665
100 199.84 0.238574 0.245716 0.201503 0.0854108 9.12915 8.08373
77 17.8076 8.9085 34.4837
100 199.84 0.238574 0.245716 0.201503 0.0854108 9.12915 8.08373
78 17.8076 10.1961 46.3388
100 199.84 0.238574 0.245716 0.201503 0.0854108 9.12915 8.08373
79 21.9636 10.0426 49.8888
101.985 188.332 0.328593 0.371542 0 0.0654558 10 8.95059
80 21.9636 10.088 43.7592
101.985 188.332 0.328593 0.371542 0 0.0654558 10 8.95059
81 21.9636 10.888 49.7862
101.985 188.332 0.328593 0.371542 0 0.0654558 10 8.95059
82 21.9636 11.5606 50.2576
101.985 188.332 0.328593 0.371542 0 0.0654558 10 8.95059
83 21.9636 10.1693 49.005
101.985 188.332 0.328593 0.371542 0 0.0654558 10 8.95059
84 21.9734 10.0527 59.9808
103.321 187.158 0.335596 0.371321 0 0.0586509 10 8.90457
85 21.9734 10.1685 50.8562
103.321 187.158 0.335596 0.371321 0 0.0586509 10 8.90457
86 21.9734 10.7986 38.4068
103.321 187.158 0.335596 0.371321 0 0.0586509 10 8.90457
87 21.9734 10.6038 44.6553
103.321 187.158 0.335596 0.371321 0 0.0586509 10 8.90457
88 22.0499 11.9896 65.3716
104.93 176.859 0.318367 0.393231 0.0236381 0.0100922 10 8.73878
89 22.0499 9.80668 68.9637
104.93 176.859 0.318367 0.393231 0.0236381 0.0100922 10 8.73878
90 22.0499 10.7363 60.398
104.93 176.859 0.318367 0.393231 0.0236381 0.0100922 10 8.73878
91 22.0499 10.7016 76.3895
104.93 176.859 0.318367 0.393231 0.0236381 0.0100922 10 8.73878
92 22.0499 10.2662 76.0862
104.93 176.859 0.318367 0.393231 0.0236381 0.0100922 10 8.73878
93 22.0499 10.0165 76.2031
104.93 176.859 0.318367 0.393231 0.0236381 0.0100922 10 8.73878
94 22.0499 7.93407 71.0695
104.93 176.859 0.318367 0.393231 0.0236381 0.0100922 10 8.73878
95 22.0499 7.46649 63.077
104.93 176.859 0.318367 0.393231 0.0236381 0.0100922 10 8.73878
96 22.0499 9.90354 64.0234
104.93 176.859 0.318367 0.393231 0.0236381 0.0100922 10 8.73878
97 22.0499 10.4023 60.1446
104.93 176.859 0.318367 0.393231 0.0236381 0.0100922 10 8.73878
98 22.0499 10.3237 66.7077
104.93 176.859 0.318367 0.393231 0.0236381 0.0100922 10 8.73878
99 22.0499 12.2163 62.3106
104.93 176.859 0.318367 0.393231 0.0236381 0.0100922 10 8.73878
100 22.0581 12.0862 59.3839
105.496 176.857 0.326062 0.385793 0.0263049 0.00723993 10 8.85343
