0 14.2564 2.87356 19.0221
142.402 106.436 0.611347 0.0159957 0.878173 0.542029 6.30643 7.14424
1 14.2578 3.87326 27.2763
145.205 105.922 0.625414 0.0444191 0.865378 0.525499 6.62226 7.07629
2 15.9515 6.24347 48.2268
150.553 176.147 0.237233 0.170395 0.157453 0.444149 1.75344 4.1009
3 16.1933 6.77265 46.9625
142.572 174.024 0.223417 0.222407 0.110696 0.376806 2.51541 4.93582
4 17.6676 7.83907 48.5386
134.663 184.037 0.2285 0.244751 0.0725134 0.206591 1.10086 5.43755
5 17.6676 7.5894 48.4182
134.663 184.037 0.2285 0.244751 0.0725134 0.206591 1.10086 5.43755
6 17.8117 9.66791 50.9927
126.116 188.007 0.207085 0.244278 0.0267561 0.228062 1.43603 5.19531
7 17.8117 9.07148 51.2956
126.116 188.007 0.207085 0.244278 0.0267561 0.228062 1.43603 5.19531
8 17.8171 9.58193 50.3798
126.119 188.004 0.207004 0.244269 0.0268522 0.228013 1.43531 5.19555
9 17.8171 9.28762 49.3137
126.119 188.004 0.207004 0.244269 0.0268522 0.228013 1.43531 5.19555
10 17.8171 9.55472 53.1032
126.119 188.004 0.207004 0.244269 0.0268522 0.228013 1.43531 5.19555
11 17.8171 8.03905 48.5148
126.119 188.004 0.207004 0.244269 0.0268522 0.228013 1.43531 5.19555
12 17.8171 9.18516 44.6474
126.119 188.004 0.207004 0.244269 0.0268522 0.228013 1.43531 5.19555
13 18.0579 9.20145 44.9714
126.051 188.009 0.202212 0.243596 0.0170257 0.217217 1.47982 5.19865
14 18.0579 10.2765 39.1046
126.051 188.009 0.202212 0.243596 0.0170257 0.217217 1.47982 5.19865
15 18.0579 8.53168 43.4382
126.051 188.009 0.202212 0.243596 0.0170257 0.217217 1.47982 5.19865
16 18.2584 9.05577 50.0201
129.169 184.324 0.18223 0.259735 0.00255331 0.225509 1.57965 4.90512
17 18.2584 8.62071 47.0243
129.169 184.324 0.18223 0.259735 0.00255331 0.225509 1.57965 4.90512
18 18.2584 8.86861 42.4451
129.169 184.324 0.18223 0.259735 0.00255331 0.225509 1.57965 4.90512
19 18.2584 9.39761 44.4778
129.169 184.324 0.18223 0.259735 0.00255331 0.225509 1.57965 4.90512
20 18.2584 9.15581 48.9334
129.169 184.324 0.18223 0.259735 0.00255331 0.225509 1.57965 4.90512
21 18.2584 9.54939 52.3425
129.169 184.324 0.18223 0.259735 0.00255331 0.225509 1.57965 4.90512
22 18.2584 8.56486 42.2127
129.169 184.324 0.18223 0.259735 0.00255331 0.225509 1.57965 4.90512
23 18.2584 8.26816 40.9191
129.169 184.324 0.18223 0.259735 0.00255331 0.225509 1.57965 4.90512
24 18.2584 6.86216 57.4561
129.169 184.324 0.18223 0.259735 0.00255331 0.225509 1.57965 4.90512
25 18.2584 7.27768 55.5113
129.169 184.324 0.18223 0.259735 0.00255331 0.225509 1.57965 4.90512
26 18.2584 8.32998 57.7391
129.169 184.324 0.18223 0.259735 0.00255331 0.225509 1.57965 4.90512
27 18.2584 9.97893 57.3957
129.169 184.324 0.18223 0.259735 0.00255331 0.225509 1.57965 4.90512
28 18.2584 10.5286 50.3382
129.169 184.324 0.18223 0.259735 0.00255331 0.225509 1.57965 4.90512
29 18.2584 9.77603 50.4292
129.169 184.324 0.18223 0.259735 0.00255331 0.225509 1.57965 4.90512
30 18.398 8.95029 50.2327
128.856 191.091 0.176439 0.171677 0 0.283551 1.25571 4.97137
31 18.398 8.9766 47.9242
128.856 191.091 0.176439 0.171677 0 0.283551 1.25571 4.97137
32 18.398 8.04474 49.0047
128.856 191.091 0.176439 0.171677 0 0.283551 1.25571 4.97137
33 18.398 8.18916 47.5429
128.856 191.091 0.176439 0.171677 0 0.283551 1.25571 4.97137
34 19.1397 8.69573 56.6427
130.143 182.543 0.180709 0.258963 0.0219686 0.201575 1.73467 4.83604
35 19.1397 9.02639 43.3694
130.143 182.543 0.180709 0.258963 0.0219686 0.201575 1.73467 4.83604
36 19.1397 8.43886 47.7603
130.143 182.543 0.180709 0.258963 0.0219686 0.201575 1.73467 4.83604
37 19.1397 7.7162 56.2907
130.143 182.543 0.180709 0.258963 0.0219686 0.201575 1.73467 4.83604
38 19.1397 8.54059 54.7916
130.143 182.543 0.180709 0.258963 0.0219686 0.201575 1.73467 4.83604
39 19.1397 7.90161 54.8587
130.143 182.543 0.180709 0.258963 0.0219686 0.201575 1.73467 4.83604
40 19.1397 8.09915 57.4178
130.143 182.543 0.180709 0.258963 0.0219686 0.201575 1.73467 4.83604
41 19.1397 10.9422 53.6336
130.143 182.543 0.180709 0.258963 0.0219686 0.201575 1.73467 4.83604
42 21.7458 9.66678 54.9997
119.977 169.854 0.167249 0.372737 0.101578 0.0688643 1.62675 5.04776
43 21.7458 8.70959 65.2717
119.977 169.854 0.167249 0.372737 0.101578 0.0688643 1.62675 5.04776
44 21.7458 8.86663 58.196
119.977 169.854 0.167249 0.372737 0.101578 0.0688643 1.62675 5.04776
45 21.7458 10.4232 53.7362
119.977 169.854 0.167249 0.372737 0.101578 0.0688643 1.62675 5.04776
46 21.7458 10.8611 51.3719
119.977 169.854 0.167249 0.372737 0.101578 0.0688643 1.62675 5.04776
47 21.7458 12.2533 44.1407
119.977 169.854 0.167249 0.372737 0.101578 0.0688643 1.62675 5.04776
48 21.7458 11.9475 47.3317
119.977 169.854 0.167249 0.372737 0.101578 0.0688643 1.62675 5.04776
49 22.0996 11.6607 56.538
110.548 170.017 0.20114 0.349667 0.0694915 0.0703051 2.09928 4.6849
50 22.0996 10.3268 57.5765
110.548 170.017 0.20114 0.349667 0.0694915 0.0703051 2.09928 4.6849
51 24.4749 6.88225 66.7662
108.491 165.886 0.234451 0.389177 0 0.0284367 1.19914 5.50372
52 24.4749 9.74699 76.7566
108.491 165.886 0.234451 0.389177 0 0.0284367 1.19914 5.50372
53 24.4749 9.15041 85.7713
108.491 165.886 0.234451 0.389177 0 0.0284367 1.19914 5.50372
54 24.4749 9.38067 86.2432
108.491 165.886 0.234451 0.389177 0 0.0284367 1.19914 5.50372
55 24.4749 8.15606 75.3108
108.491 165.886 0.234451 0.389177 0 0.0284367 1.19914 5.50372
56 24.4749 8.61578 78.3661
108.491 165.886 0.234451 0.389177 0 0.0284367 1.19914 5.50372
57 24.5341 9.39801 96.5882
133.832 159.812 0.19735 0.413235 0.0167033 0 1.64597 3.81552
58 24.5341 8.99883 83.3213
133.832 159.812 0.19735 0.413235 0.0167033 0 1.64597 3.81552
59 24.6976 10.1281 84.0939
133.531 160.341 0.196047 0.414572 0.0146321 0.00373265 1.63721 3.79263
60 24.6976 8.55751 89.0246
133.531 160.341 0.196047 0.414572 0.0146321 0.00373265 1.63721 3.79263
61 24.7491 8.47453 88.8765
132.88 160.085 0.210917 0.417413 0.0085553 0 1.80944 3.90598
62 25.9662 9.29294 90.7938
114.748 144.628 0.235584 0.396942 0 0.0770559 1.9662 7.03852
63 25.9662 7.46807 69.673
114.748 144.628 0.235584 0.396942 0 0.0770559 1.9662 7.03852
64 25.9662 8.26224 78.3193
114.748 144.628 0.235584 0.396942 0 0.0770559 1.9662 7.03852
65 25.9662 8.6414 94.7904
114.748 144.628 0.235584 0.396942 0 0.0770559 1.9662 7.03852
66 25.9662 8.69874 77.9897
114.748 144.628 0.235584 0.396942 0 0.0770559 1.9662 7.03852
67 25.9662 8.0033 66.9032
114.748 144.628 0.235584 0.396942 0 0.0770559 1.9662 7.03852
68 25.9662 8.56408 81.688
114.748 144.628 0.235584 0.396942 0 0.0770559 1.9662 7.03852
69 25.9662 10.1658 97.0087
114.748 144.628 0.235584 0.396942 0 0.0770559 1.9662 7.03852
70 25.9662 8.36802 79.0711
114.748 144.628 0.235584 0.396942 0 0.0770559 1.9662 7.03852
71 26.0085 9.30499 87.2629
113.735 144.831 0.236114 0.391505 0 0.0734796 1.89594 6.98417
72 26.0085 9.65002 75.9861
113.735 144.831 0.236114 0.391505 0 0.0734796 1.89594 6.98417
73 26.0085 10.4151 93.8804
113.735 144.831 0.236114 0.391505 0 0.0734796 1.89594 6.98417
74 26.0085 9.55054 79.6696
113.735 144.831 0.236114 0.391505 0 0.0734796 1.89594 6.98417
75 26.0085 10.3869 99.0637
113.735 144.831 0.236114 0.391505 0 0.0734796 1.89594 6.98417
76 26.0085 10.8722 114.48
113.735 144.831 0.236114 0.391505 0 0.0734796 1.89594 6.98417
77 26.0085 10.3604 80.2307
113.735 144.831 0.236114 0.391505 0 0.0734796 1.89594 6.98417
78 26.0085 10.3211 90.0569
113.735 144.831 0.236114 0.391505 0 0.0734796 1.89594 6.98417
79 26.0085 10.4179 108.321
113.735 144.831 0.236114 0.391505 0 0.0734796 1.89594 6.98417
80 26.0085 8.04162 80.5199
113.735 144.831 0.236114 0.391505 0 0.0734796 1.89594 6.98417
81 26.0085 9.78188 94.9842
113.735 144.831 0.236114 0.391505 0 0.0734796 1.89594 6.98417
82 26.0085 9.66868 62.8755
113.735 144.831 0.236114 0.391505 0 0.0734796 1.89594 6.98417
83 26.0085 11.0807 85.9979
113.735 144.831 0.236114 0.391505 0 0.0734796 1.89594 6.98417
84 26.0085 10.8191 71.0407
113.735 144.831 0.236114 0.391505 0 0.0734796 1.89594 6.98417
85 26.0085 11.2407 103.94
113.735 144.831 0.236114 0.391505 0 0.0734796 1.89594 6.98417
86 26.0085 12.4587 107.904
113.735 144.831 0.236114 0.391505 0 0.0734796 1.89594 6.98417
87 26.0085 8.7923 98.6356
113.735 144.831 0.236114 0.391505 0 0.0734796 1.89594 6.98417
88 26.0524 11.0854 104.754
115.512 140.865 0.201638 0.403986 0 0.0651089 2.08762 6.67736
89 26.0524 8.34034 83.8793
115.512 140.865 0.201638 0.403986 0 0.0651089 2.08762 6.67736
90 26.0524 8.12238 72.0503
115.512 140.865 0.201638 0.403986 0 0.0651089 2.08762 6.67736
91 26.0524 7.95161 79.1545
115.512 140.865 0.201638 0.403986 0 0.0651089 2.08762 6.67736
92 26.0524 8.63405 76.3001
115.512 140.865 0.201638 0.403986 0 0.0651089 2.08762 6.67736
93 26.0524 9.98486 89.8555
115.512 140.865 0.201638 0.403986 0 0.0651089 2.08762 6.67736
94 26.0533 11.6455 100.311
115.372 141.511 0.196052 0.403089 0.00543691 0.0685191 2.02844 6.67875
95 26.0533 12.5423 108.255
115.372 141.511 0.196052 0.403089 0.00543691 0.0685191 2.02844 6.67875
96 26.0533 11.4536 97.8984
115.372 141.511 0.196052 0.403089 0.00543691 0.0685191 2.02844 6.67875
97 26.0533 11.2354 97.4468
115.372 141.511 0.196052 0.403089 0.00543691 0.0685191 2.02844 6.67875
98 26.0533 10.8322 82.7697
115.372 141.511 0.196052 0.403089 0.00543691 0.0685191 2.02844 6.67875
99 26.0533 11.1465 106.648
115.372 141.511 0.196052 0.403089 0.00543691 0.0685191 2.02844 6.67875
100 26.0807 11.8432 93.2766
115.678 141.438 0.205022 0.411381 0 0.0300735 2.35901 6.38519
