0 19.8828 1.67097 19.7799
165.19 165.575 0.0455965 0.697827 0.304414 0.136646 6.57814 6.36107
1 19.8828 3.28116 40.0652
165.19 165.575 0.0455965 0.697827 0.304414 0.136646 6.57814 6.36107
2 19.8834 4.54426 53.9278
165.541 165.589 0.0485237 0.697125 0.314947 0.133113 6.54075 6.38565
3 22.6838 6.73091 82.8892
112.835 117.105 0.808636 0.104704 0.622453 0.0921411 7.23956 2.95395
4 22.6838 7.4569 79.6286
112.835 117.105 0.808636 0.104704 0.622453 0.0921411 7.23956 2.95395
5 25.5297 8.92728 105.261
174.431 150.811 0.0874948 0.713842 0.285104 0.00326406 7.23619 4.04565
6 25.5621 12.3232 115.231
171.509 163.223 0.0635262 0.599526 0.296207 0.0838294 6.60925 6.81962
7 25.6853 12.7552 112.489
171.779 164.68 0.061921 0.535266 0.205814 0 7.58951 7.34571
8 26.1198 14.2689 132.032
168.72 162.974 0.0943258 0.427112 0.148313 0 8.06157 8.20934
9 26.1198 15.6547 124.647
168.72 162.974 0.0943258 0.427112 0.148313 0 8.06157 8.20934
10 26.1276 16.1776 113.446
167.435 164.913 0.110968 0.427669 0.164042 0.0174231 7.3999 8.07485
11 26.5366 20.8417 86.4324
163.424 164.9 0.056551 0.388213 0.161514 0.0178792 7.42186 8.9184
12 27.2523 20.2553 73.5166
181.016 166.915 0.130184 0.384638 0.122159 0 7.23022 7.64379
13 28.0841 19.9542 88.9838
167.72 163.624 0.0788536 0.36519 0.151308 0 7.11258 8.02372
14 28.0895 21.9037 62.0982
171.382 158.346 0.0261077 0.319473 0.206141 0.0656086 8.28948 8.35408
15 28.1319 22.2016 70.0762
171.528 158.191 0.0267321 0.319613 0.206467 0.0669072 8.34968 8.38396
16 28.1319 21.1526 85.1867
171.528 158.191 0.0267321 0.319613 0.206467 0.0669072 8.34968 8.38396
17 28.781 21.6625 92.3378
169.517 155.641 0.0513464 0.369348 0.167622 0 7.34201 8.24591
18 28.781 20.2722 68.6437
169.517 155.641 0.0513464 0.369348 0.167622 0 7.34201 8.24591
19 28.781 22.6574 48.0778
169.517 155.641 0.0513464 0.369348 0.167622 0 7.34201 8.24591
20 28.781 19.3716 88.588
169.517 155.641 0.0513464 0.369348 0.167622 0 7.34201 8.24591
21 28.781 19.8764 82.9028
169.517 155.641 0.0513464 0.369348 0.167622 0 7.34201 8.24591
22 28.781 19.7801 101.309
169.517 155.641 0.0513464 0.369348 0.167622 0 7.34201 8.24591
23 28.781 21.1721 86.5785
169.517 155.641 0.0513464 0.369348 0.167622 0 7.34201 8.24591
24 28.781 18.0413 108.216
169.517 155.641 0.0513464 0.369348 0.167622 0 7.34201 8.24591
25 28.781 18.8678 88.9317
169.517 155.641 0.0513464 0.369348 0.167622 0 7.34201 8.24591
26 28.781 22.4308 58.5788
169.517 155.641 0.0513464 0.369348 0.167622 0 7.34201 8.24591
27 28.781 20.8622 68.2026
169.517 155.641 0.0513464 0.369348 0.167622 0 7.34201 8.24591
28 28.781 22.0735 73.5597
169.517 155.641 0.0513464 0.369348 0.167622 0 7.34201 8.24591
29 28.781 22.7304 52.1138
169.517 155.641 0.0513464 0.369348 0.167622 0 7.34201 8.24591
30 28.781 22.4927 54.2067
169.517 155.641 0.0513464 0.369348 0.167622 0 7.34201 8.24591
31 28.781 22.416 59.911
169.517 155.641 0.0513464 0.369348 0.167622 0 7.34201 8.24591
32 28.781 20.7054 69.3939
169.517 155.641 0.0513464 0.369348 0.167622 0 7.34201 8.24591
33 28.781 22.3086 36.524
169.517 155.641 0.0513464 0.369348 0.167622 0 7.34201 8.24591
34 29.0528 22.0297 49.3025
169.572 155.538 0.0489845 0.364443 0.165105 0 7.28705 8.15439
35 29.0528 22.6868 47.5161
169.572 155.538 0.0489845 0.364443 0.165105 0 7.28705 8.15439
36 29.0528 23.5101 33.2793
169.572 155.538 0.0489845 0.364443 0.165105 0 7.28705 8.15439
37 29.0528 22.7153 44.4468
169.572 155.538 0.0489845 0.364443 0.165105 0 7.28705 8.15439
38 29.0528 21.1195 75.5398
169.572 155.538 0.0489845 0.364443 0.165105 0 7.28705 8.15439
39 29.0528 20.697 70.5699
169.572 155.538 0.0489845 0.364443 0.165105 0 7.28705 8.15439
40 29.0528 22.323 55.6913
169.572 155.538 0.0489845 0.364443 0.165105 0 7.28705 8.15439
41 29.0528 23.6453 42.5133
169.572 155.538 0.0489845 0.364443 0.165105 0 7.28705 8.15439
42 29.0528 23.7612 31.5258
169.572 155.538 0.0489845 0.364443 0.165105 0 7.28705 8.15439
43 29.0528 22.2853 54.4786
169.572 155.538 0.0489845 0.364443 0.165105 0 7.28705 8.15439
44 29.7294 24.4377 28.7607
168.813 155.344 0.0666787 0.363356 0.189013 0.00829546 7.43741 8.37251
45 29.7294 19.6413 97.1474
168.813 155.344 0.0666787 0.363356 0.189013 0.00829546 7.43741 8.37251
46 29.7294 20.3406 98.1687
168.813 155.344 0.0666787 0.363356 0.189013 0.00829546 7.43741 8.37251
47 29.7294 20.6463 84.8949
168.813 155.344 0.0666787 0.363356 0.189013 0.00829546 7.43741 8.37251
48 29.7294 22.2811 64.797
168.813 155.344 0.0666787 0.363356 0.189013 0.00829546 7.43741 8.37251
49 29.7294 24.5073 35.5441
168.813 155.344 0.0666787 0.363356 0.189013 0.00829546 7.43741 8.37251
50 29.7294 24.4344 41.5278
168.813 155.344 0.0666787 0.363356 0.189013 0.00829546 7.43741 8.37251
51 29.7294 24.2612 35.6167
168.813 155.344 0.0666787 0.363356 0.189013 0.00829546 7.43741 8.37251
52 29.7294 25.3149 13.3788
168.813 155.344 0.0666787 0.363356 0.189013 0.00829546 7.43741 8.37251
53 29.7294 25.2893 21.432
168.813 155.344 0.0666787 0.363356 0.189013 0.00829546 7.43741 8.37251
54 29.7294 21.6981 62.5114
168.813 155.344 0.0666787 0.363356 0.189013 0.00829546 7.43741 8.37251
55 29.7294 21.2285 82.8329
168.813 155.344 0.0666787 0.363356 0.189013 0.00829546 7.43741 8.37251
56 30.8448 21.8152 82.8811
164.197 157.832 0.0615799 0.359982 0.191962 0 7.25186 7.91147
57 30.8448 21.0653 69.9984
164.197 157.832 0.0615799 0.359982 0.191962 0 7.25186 7.91147
58 30.8448 20.0314 87.225
164.197 157.832 0.0615799 0.359982 0.191962 0 7.25186 7.91147
59 30.8448 18.658 85.7853
164.197 157.832 0.0615799 0.359982 0.191962 0 7.25186 7.91147
60 30.8448 19.2129 108.008
164.197 157.832 0.0615799 0.359982 0.191962 0 7.25186 7.91147
61 30.8448 22.5099 70.812
164.197 157.832 0.0615799 0.359982 0.191962 0 7.25186 7.91147
62 30.8448 22.8054 60.9626
164.197 157.832 0.0615799 0.359982 0.191962 0 7.25186 7.91147
63 30.8448 23.2905 52.9409
164.197 157.832 0.0615799 0.359982 0.191962 0 7.25186 7.91147
64 30.8448 21.4574 81.7476
164.197 157.832 0.0615799 0.359982 0.191962 0 7.25186 7.91147
65 30.8448 21.305 92.1359
164.197 157.832 0.0615799 0.359982 0.191962 0 7.25186 7.91147
66 30.8448 19.3328 104.703
164.197 157.832 0.0615799 0.359982 0.191962 0 7.25186 7.91147
67 30.8448 18.0718 98.5739
164.197 157.832 0.0615799 0.359982 0.191962 0 7.25186 7.91147
68 30.8448 18.3865 82.4911
164.197 157.832 0.0615799 0.359982 0.191962 0 7.25186 7.91147
69 30.8448 18.0938 103.056
164.197 157.832 0.0615799 0.359982 0.191962 0 7.25186 7.91147
70 30.8448 21.4757 63.3758
164.197 157.832 0.0615799 0.359982 0.191962 0 7.25186 7.91147
71 30.8448 18.2408 100.86
164.197 157.832 0.0615799 0.359982 0.191962 0 7.25186 7.91147
72 30.8448 20.6124 89.9115
164.197 157.832 0.0615799 0.359982 0.191962 0 7.25186 7.91147
73 30.8448 21.1293 74.1919
164.197 157.832 0.0615799 0.359982 0.191962 0 7.25186 7.91147
74 30.8448 19.7384 92.5019
164.197 157.832 0.0615799 0.359982 0.191962 0 7.25186 7.91147
75 30.8448 20.7373 82.3527
164.197 157.832 0.0615799 0.359982 0.191962 0 7.25186 7.91147
76 30.8448 19.51 100.282
164.197 157.832 0.0615799 0.359982 0.191962 0 7.25186 7.91147
77 30.8448 20.7355 73.3654
164.197 157.832 0.0615799 0.359982 0.191962 0 7.25186 7.91147
78 30.8448 21.0718 65.6739
164.197 157.832 0.0615799 0.359982 0.191962 0 7.25186 7.91147
79 30.8448 21.7171 71.4007
164.197 157.832 0.0615799 0.359982 0.191962 0 7.25186 7.91147
80 30.8448 21.8483 77.5627
164.197 157.832 0.0615799 0.359982 0.191962 0 7.25186 7.91147
81 30.8448 22.3726 58.6882
164.197 157.832 0.0615799 0.359982 0.191962 0 7.25186 7.91147
82 30.8448 21.026 78.0457
164.197 157.832 0.0615799 0.359982 0.191962 0 7.25186 7.91147
83 30.8448 21.7699 72.7519
164.197 157.832 0.0615799 0.359982 0.191962 0 7.25186 7.91147
84 30.8448 20.8507 92.5806
164.197 157.832 0.0615799 0.359982 0.191962 0 7.25186 7.91147
85 30.8448 20.3709 93.801
164.197 157.832 0.0615799 0.359982 0.191962 0 7.25186 7.91147
86 30.8448 21.6346 76.9362
164.197 157.832 0.0615799 0.359982 0.191962 0 7.25186 7.91147
87 30.8448 23.0346 54.2814
164.197 157.832 0.0615799 0.359982 0.191962 0 7.25186 7.91147
88 30.8448 22.1101 78.5411
164.197 157.832 0.0615799 0.359982 0.191962 0 7.25186 7.91147
89 30.8448 16.996 119.35
164.197 157.832 0.0615799 0.359982 0.191962 0 7.25186 7.91147
90 30.8448 20.027 101.25
164.197 157.832 0.0615799 0.359982 0.191962 0 7.25186 7.91147
91 30.8448 20.5671 87.6885
164.197 157.832 0.0615799 0.359982 0.191962 0 7.25186 7.91147
92 30.8448 22.0814 61.9863
164.197 157.832 0.0615799 0.359982 0.191962 0 7.25186 7.91147
93 30.8448 24.3575 31.2479
164.197 157.832 0.0615799 0.359982 0.191962 0 7.25186 7.91147
94 30.8448 24.5342 22.9633
164.197 157.832 0.0615799 0.359982 0.191962 0 7.25186 7.91147
95 30.8448 23.8819 30.3392
164.197 157.832 0.0615799 0.359982 0.191962 0 7.25186 7.91147
96 30.8448 22.5015 74.1728
164.197 157.832 0.0615799 0.359982 0.191962 0 7.25186 7.91147
97 30.8448 23.0237 58.3688
164.197 157.832 0.0615799 0.359982 0.191962 0 7.25186 7.91147
98 30.8448 23.112 51.0506
164.197 157.832 0.0615799 0.359982 0.191962 0 7.25186 7.91147
99 30.8448 20.4398 110.73
164.197 157.832 0.0615799 0.359982 0.191962 0 7.25186 7.91147
100 30.8448 23.3494 64.3679
164.197 157.832 0.0615799 0.359982 0.191962 0 7.25186 7.91147
