0 25.771 3.15368 49.4974
132.147 169.498 0.297722 0.22422 0.0257083 0.627906 8.10309 0.93089
1 25.771 4.71084 63.8985
132.147 169.498 0.297722 0.22422 0.0257083 0.627906 8.10309 0.93089
2 25.771 5.83164 81.8921
132.147 169.498 0.297722 0.22422 0.0257083 0.627906 8.10309 0.93089
3 26.3314 8.57103 115.423
128.394 129.174 0.0360743 0.151309 0.223563 0.404924 4.76436 7.92628
4 26.3314 9.28893 111.915
128.394 129.174 0.0360743 0.151309 0.223563 0.404924 4.76436 7.92628
5 26.4157 10.0875 120.647
124.184 123.042 0.0762887 0.145699 0.211965 0.431711 5.2645 7.91655
6 26.6135 11.3603 121.339
123.214 125.3 0.109716 0.137553 0.182463 0.421555 5.33524 8.14995
7 26.6135 11.9177 118.635
123.214 125.3 0.109716 0.137553 0.182463 0.421555 5.33524 8.14995
8 26.8167 13.337 120.218
144.965 163.369 0.293477 0.0174191 0.00462799 0.609248 5.88478 0
9 26.8167 13.0344 135.032
144.965 163.369 0.293477 0.0174191 0.00462799 0.609248 5.88478 0
10 26.8167 12.6956 123.59
144.965 163.369 0.293477 0.0174191 0.00462799 0.609248 5.88478 0
11 26.8167 14.5661 119.175
144.965 163.369 0.293477 0.0174191 0.00462799 0.609248 5.88478 0
12 27.0967 15.0307 116.363
139.66 158.642 0.283321 0.00832934 0.0452766 0.650549 6.23514 0.303475
13 27.0967 13.325 121.333
139.66 158.642 0.283321 0.00832934 0.0452766 0.650549 6.23514 0.303475
14 28.1239 14.3748 130.367
130.055 125.613 0.120777 0.212588 0.22832 0.209459 5.06021 7.27277
15 28.1239 15.7374 126.324
130.055 125.613 0.120777 0.212588 0.22832 0.209459 5.06021 7.27277
16 28.2104 16.7665 123.252
132.827 123.935 0.081485 0.180719 0.243593 0.166912 5.06865 7.34221
17 28.2104 15.8141 126.697
132.827 123.935 0.081485 0.180719 0.243593 0.166912 5.06865 7.34221
18 28.2104 15.2093 128.556
132.827 123.935 0.081485 0.180719 0.243593 0.166912 5.06865 7.34221
19 28.2104 15.0741 131.535
132.827 123.935 0.081485 0.180719 0.243593 0.166912 5.06865 7.34221
20 28.2104 15.2904 118.941
132.827 123.935 0.081485 0.180719 0.243593 0.166912 5.06865 7.34221
21 28.2899 17.1202 117.361
130.232 125.942 0.122031 0.209126 0.227758 0.210248 5.07893 7.27564
22 28.2899 16.2984 121.268
130.232 125.942 0.122031 0.209126 0.227758 0.210248 5.07893 7.27564
23 28.3096 16.7782 115.465
133.294 123.439 0.0943147 0.170737 0.243049 0.163676 5.09173 7.2647
24 28.513 16.7191 116.889
129.634 121.706 0.106415 0.215847 0.296808 0.132208 5.14367 7.80691
25 28.513 17.0081 118.151
129.634 121.706 0.106415 0.215847 0.296808 0.132208 5.14367 7.80691
26 28.9185 18.9148 101.385
142.096 120.309 0.127092 0.327953 0.278584 0.00577266 5.18196 7.07911
27 29.667 18.4735 104.581
135.769 120.317 0.11907 0.304143 0.190079 0.0396018 4.79504 6.93218
28 29.667 20.1865 95.7361
135.769 120.317 0.11907 0.304143 0.190079 0.0396018 4.79504 6.93218
29 29.667 20.1393 87.8907
135.769 120.317 0.11907 0.304143 0.190079 0.0396018 4.79504 6.93218
30 30.0692 19.0666 107.265
133.402 124.115 0.0878032 0.336391 0.223156 0 4.36168 6.27128
31 30.0692 19.8365 90.661
133.402 124.115 0.0878032 0.336391 0.223156 0 4.36168 6.27128
32 30.4881 20.8091 91.5206
137.113 119.376 0.112996 0.306895 0.188122 0.0396164 4.69335 6.94223
33 30.4881 21.2382 88.7523
137.113 119.376 0.112996 0.306895 0.188122 0.0396164 4.69335 6.94223
34 30.4881 21.6729 71.3634
137.113 119.376 0.112996 0.306895 0.188122 0.0396164 4.69335 6.94223
35 30.4881 21.8578 67.9468
137.113 119.376 0.112996 0.306895 0.188122 0.0396164 4.69335 6.94223
36 35.2007 18.88 127.819
139.536 117.683 0.101686 0.35751 0.192511 0 4.64328 6.98916
37 35.2007 19.5938 110.161
139.536 117.683 0.101686 0.35751 0.192511 0 4.64328 6.98916
38 35.2007 20.7867 111.178
139.536 117.683 0.101686 0.35751 0.192511 0 4.64328 6.98916
39 35.2007 19.8237 121.824
139.536 117.683 0.101686 0.35751 0.192511 0 4.64328 6.98916
40 35.2007 20.4759 112.264
139.536 117.683 0.101686 0.35751 0.192511 0 4.64328 6.98916
41 35.2007 20.3991 110.373
139.536 117.683 0.101686 0.35751 0.192511 0 4.64328 6.98916
42 35.2007 20.1053 113.027
139.536 117.683 0.101686 0.35751 0.192511 0 4.64328 6.98916
43 35.2007 21.7207 101.825
139.536 117.683 0.101686 0.35751 0.192511 0 4.64328 6.98916
44 35.2007 20.4009 123.39
139.536 117.683 0.101686 0.35751 0.192511 0 4.64328 6.98916
45 35.2007 19.064 141.657
139.536 117.683 0.101686 0.35751 0.192511 0 4.64328 6.98916
46 35.2007 20.101 122.53
139.536 117.683 0.101686 0.35751 0.192511 0 4.64328 6.98916
47 35.2007 19.4754 114.868
139.536 117.683 0.101686 0.35751 0.192511 0 4.64328 6.98916
48 35.2007 19.1562 140.76
139.536 117.683 0.101686 0.35751 0.192511 0 4.64328 6.98916
49 35.2007 22.0592 98.7646
139.536 117.683 0.101686 0.35751 0.192511 0 4.64328 6.98916
50 35.2007 20.3568 141.383
139.536 117.683 0.101686 0.35751 0.192511 0 4.64328 6.98916
51 35.2007 21.4514 95.3066
139.536 117.683 0.101686 0.35751 0.192511 0 4.64328 6.98916
52 35.3967 21.5862 110.328
142.303 113.892 0.0904447 0.363395 0.230909 0 4.66617 6.87953
53 35.3967 20.6925 124.99
142.303 113.892 0.0904447 0.363395 0.230909 0 4.66617 6.87953
54 35.3967 20.5264 124.249
142.303 113.892 0.0904447 0.363395 0.230909 0 4.66617 6.87953
55 35.3967 19.982 131.876
142.303 113.892 0.0904447 0.363395 0.230909 0 4.66617 6.87953
56 35.3967 19.5125 125.588
142.303 113.892 0.0904447 0.363395 0.230909 0 4.66617 6.87953
57 35.3967 19.7653 121.877
142.303 113.892 0.0904447 0.363395 0.230909 0 4.66617 6.87953
58 35.3967 21.2128 108.832
142.303 113.892 0.0904447 0.363395 0.230909 0 4.66617 6.87953
59 35.3967 20.6757 130.984
142.303 113.892 0.0904447 0.363395 0.230909 0 4.66617 6.87953
60 35.3967 21.2341 125.482
142.303 113.892 0.0904447 0.363395 0.230909 0 4.66617 6.87953
61 35.5862 20.2227 126.763
134.216 108.442 0.0712058 0.361323 0.23095 0.00598382 4.24573 6.78014
62 35.5862 19.1604 142.39
134.216 108.442 0.0712058 0.361323 0.23095 0.00598382 4.24573 6.78014
63 35.5862 21.4774 122.876
134.216 108.442 0.0712058 0.361323 0.23095 0.00598382 4.24573 6.78014
64 35.5862 21.4086 135.965
134.216 108.442 0.0712058 0.361323 0.23095 0.00598382 4.24573 6.78014
65 35.5862 19.8142 151.012
134.216 108.442 0.0712058 0.361323 0.23095 0.00598382 4.24573 6.78014
66 35.5862 20.1582 134.653
134.216 108.442 0.0712058 0.361323 0.23095 0.00598382 4.24573 6.78014
67 35.6785 20.5206 122.315
136.906 115.32 0.11626 0.358297 0.17783 0 4.7955 7.04645
68 35.6785 20.6054 123.131
136.906 115.32 0.11626 0.358297 0.17783 0 4.7955 7.04645
69 35.6785 21.1411 108.79
136.906 115.32 0.11626 0.358297 0.17783 0 4.7955 7.04645
70 35.6785 20.4769 121.694
136.906 115.32 0.11626 0.358297 0.17783 0 4.7955 7.04645
71 35.6785 20.6063 113.47
136.906 115.32 0.11626 0.358297 0.17783 0 4.7955 7.04645
72 35.6785 20.9669 121.581
136.906 115.32 0.11626 0.358297 0.17783 0 4.7955 7.04645
73 35.6785 19.6217 134.786
136.906 115.32 0.11626 0.358297 0.17783 0 4.7955 7.04645
74 35.6785 20.4153 132.969
136.906 115.32 0.11626 0.358297 0.17783 0 4.7955 7.04645
75 35.6785 20.5715 131.805
136.906 115.32 0.11626 0.358297 0.17783 0 4.7955 7.04645
76 35.6785 20.1094 132.272
136.906 115.32 0.11626 0.358297 0.17783 0 4.7955 7.04645
77 35.6785 19.4399 136.929
136.906 115.32 0.11626 0.358297 0.17783 0 4.7955 7.04645
78 35.6785 19.317 128.238
136.906 115.32 0.11626 0.358297 0.17783 0 4.7955 7.04645
79 35.6785 19.4686 132.647
136.906 115.32 0.11626 0.358297 0.17783 0 4.7955 7.04645
80 35.6785 20.52 136.662
136.906 115.32 0.11626 0.358297 0.17783 0 4.7955 7.04645
81 35.6785 20.3286 130.615
136.906 115.32 0.11626 0.358297 0.17783 0 4.7955 7.04645
82 35.6785 20.6301 136.062
136.906 115.32 0.11626 0.358297 0.17783 0 4.7955 7.04645
83 35.6785 20.7195 128.882
136.906 115.32 0.11626 0.358297 0.17783 0 4.7955 7.04645
84 35.6785 21.1104 118.19
136.906 115.32 0.11626 0.358297 0.17783 0 4.7955 7.04645
85 35.6785 21.7599 115.165
136.906 115.32 0.11626 0.358297 0.17783 0 4.7955 7.04645
86 35.6785 22.4147 96.9278
136.906 115.32 0.11626 0.358297 0.17783 0 4.7955 7.04645
87 35.6785 21.1014 115.958
136.906 115.32 0.11626 0.358297 0.17783 0 4.7955 7.04645
88 35.6785 22.3465 104.923
136.906 115.32 0.11626 0.358297 0.17783 0 4.7955 7.04645
89 35.6785 20.4052 123.173
136.906 115.32 0.11626 0.358297 0.17783 0 4.7955 7.04645
90 35.6785 22.2651 107.118
136.906 115.32 0.11626 0.358297 0.17783 0 4.7955 7.04645
91 35.6785 22.9994 95.7038
136.906 115.32 0.11626 0.358297 0.17783 0 4.7955 7.04645
92 35.6785 21.4974 121.903
136.906 115.32 0.11626 0.358297 0.17783 0 4.7955 7.04645
93 36.5828 22.5273 108.826
136.824 115.335 0.115745 0.360268 0.179896 0 4.76474 7.1247
94 36.5828 23.2355 89.678
136.824 115.335 0.115745 0.360268 0.179896 0 4.76474 7.1247
95 36.5828 23.1817 99.2745
136.824 115.335 0.115745 0.360268 0.179896 0 4.76474 7.1247
96 36.5828 23.1617 106.56
136.824 115.335 0.115745 0.360268 0.179896 0 4.76474 7.1247
97 36.5828 22.835 102.661
136.824 115.335 0.115745 0.360268 0.179896 0 4.76474 7.1247
98 36.5828 20.7837 130.142
136.824 115.335 0.115745 0.360268 0.179896 0 4.76474 7.1247
99 36.5828 21.1816 131.57
136.824 115.335 0.115745 0.360268 0.179896 0 4.76474 7.1247
100 36.5828 20.0953 136.967
136.824 115.335 0.115745 0.360268 0.179896 0 4.76474 7.1247
