0 36.8965 6.18642 110.963
141.685 111.655 0.223704 0.255457 0.835777 0.370597 7.62972 5.14657
1 36.8965 8.8698 166.993
141.685 111.655 0.223704 0.255457 0.835777 0.370597 7.62972 5.14657
2 36.8965 12.5507 208.216
141.685 111.655 0.223704 0.255457 0.835777 0.370597 7.62972 5.14657
3 36.8965 14.0146 212.586
141.685 111.655 0.223704 0.255457 0.835777 0.370597 7.62972 5.14657
4 36.8965 17.134 234.732
141.685 111.655 0.223704 0.255457 0.835777 0.370597 7.62972 5.14657
5 38.4286 20.4942 252.888
141.122 109.554 0.23791 0.271967 0.848881 0.367364 7.52303 5.19081
6 38.4314 22.6916 222.986
141.069 109.423 0.238036 0.270407 0.848721 0.366868 7.5155 5.19338
7 38.7913 25.0067 192.566
140.596 109.621 0.232028 0.278825 0.839377 0.365352 7.51804 5.34737
8 38.7913 24.8412 208.588
140.596 109.621 0.232028 0.278825 0.839377 0.365352 7.51804 5.34737
9 38.7913 25.7734 168.077
140.596 109.621 0.232028 0.278825 0.839377 0.365352 7.51804 5.34737
10 38.7913 24.925 132.213
140.596 109.621 0.232028 0.278825 0.839377 0.365352 7.51804 5.34737
11 38.7913 24.883 135.253
140.596 109.621 0.232028 0.278825 0.839377 0.365352 7.51804 5.34737
12 39.2006 24.9388 164.418
146.472 158.9 0.24612 0.174374 0.912611 0.254647 8.72071 8.0647
13 41.7974 22.3766 191.878
146.11 107.937 0.306002 0.152269 0.897427 0.228133 7.04388 5.09497
14 41.7974 25.0118 160.644
146.11 107.937 0.306002 0.152269 0.897427 0.228133 7.04388 5.09497
15 43.8454 26.9095 154.167
161.098 109.944 0.30661 0.285194 0.744931 0.123393 10 8.78027
16 43.8454 25.8643 166.735
161.098 109.944 0.30661 0.285194 0.744931 0.123393 10 8.78027
17 43.8454 25.088 178.351
161.098 109.944 0.30661 0.285194 0.744931 0.123393 10 8.78027
18 43.8454 26.3485 223.691
161.098 109.944 0.30661 0.285194 0.744931 0.123393 10 8.78027
19 43.8454 27.4867 191.714
161.098 109.944 0.30661 0.285194 0.744931 0.123393 10 8.78027
20 43.8454 27.8836 196.873
161.098 109.944 0.30661 0.285194 0.744931 0.123393 10 8.78027
21 44.4813 27.5809 206.86
160.796 109.2 0.294956 0.284533 0.738176 0.134637 9.92084 8.75333
22 44.4813 28.3012 159.315
160.796 109.2 0.294956 0.284533 0.738176 0.134637 9.92084 8.75333
23 44.4813 27.7685 157.621
160.796 109.2 0.294956 0.284533 0.738176 0.134637 9.92084 8.75333
24 46.3506 30.4492 150.451
163.047 111.117 0.289102 0.301732 0.715031 0.0659095 10 8.43844
25 46.5434 29.0038 181.078
162.724 110.133 0.286125 0.29497 0.72052 0.0765806 9.97322 8.45846
26 47.7283 31.8798 140.208
163.522 112.771 0.289418 0.324184 0.704332 0.0115836 10 8.71262
27 47.7283 31.4669 169.622
163.522 112.771 0.289418 0.324184 0.704332 0.0115836 10 8.71262
28 47.7283 31.8228 125.465
163.522 112.771 0.289418 0.324184 0.704332 0.0115836 10 8.71262
29 47.7283 34.3424 114.009
163.522 112.771 0.289418 0.324184 0.704332 0.0115836 10 8.71262
30 47.7283 32.348 166.449
163.522 112.771 0.289418 0.324184 0.704332 0.0115836 10 8.71262
31 47.7283 34.6779 124.293
163.522 112.771 0.289418 0.324184 0.704332 0.0115836 10 8.71262
32 47.7283 32.221 137.011
163.522 112.771 0.289418 0.324184 0.704332 0.0115836 10 8.71262
33 47.7283 33.4812 122.951
163.522 112.771 0.289418 0.324184 0.704332 0.0115836 10 8.71262
34 47.8345 33.2597 163.772
168.202 112.549 0.281118 0.308607 0.745459 0.0342457 9.66404 8.94739
35 47.8345 33.6218 171.067
168.202 112.549 0.281118 0.308607 0.745459 0.0342457 9.66404 8.94739
36 47.8345 33.3445 189.201
168.202 112.549 0.281118 0.308607 0.745459 0.0342457 9.66404 8.94739
37 47.8345 34.42 160.992
168.202 112.549 0.281118 0.308607 0.745459 0.0342457 9.66404 8.94739
38 47.8345 34.516 182.944
168.202 112.549 0.281118 0.308607 0.745459 0.0342457 9.66404 8.94739
39 48.5937 35.7579 129.36
174.249 114.801 0.277814 0.344387 0.790618 0 9.64792 8.74767
40 48.5937 34.7391 158.399
174.249 114.801 0.277814 0.344387 0.790618 0 9.64792 8.74767
41 48.5937 33.5168 119.518
174.249 114.801 0.277814 0.344387 0.790618 0 9.64792 8.74767
42 48.5937 33.2516 152.269
174.249 114.801 0.277814 0.344387 0.790618 0 9.64792 8.74767
43 49.4238 36.0877 176.029
151.799 105.32 0.273685 0.335977 0.577344 0 9.36316 8.47747
44 49.4238 34.6192 143.968
151.799 105.32 0.273685 0.335977 0.577344 0 9.36316 8.47747
45 49.4264 34.316 162.781
151.754 105.309 0.274033 0.336021 0.577918 7.68337e-05 9.37942 8.47884
46 49.4264 37.113 105.727
151.754 105.309 0.274033 0.336021 0.577918 7.68337e-05 9.37942 8.47884
47 49.4264 35.8357 97.8326
151.754 105.309 0.274033 0.336021 0.577918 7.68337e-05 9.37942 8.47884
48 49.4264 37.8269 62.2848
151.754 105.309 0.274033 0.336021 0.577918 7.68337e-05 9.37942 8.47884
49 49.4264 35.9853 54.2106
151.754 105.309 0.274033 0.336021 0.577918 7.68337e-05 9.37942 8.47884
50 49.4264 36.199 89.0788
151.754 105.309 0.274033 0.336021 0.577918 7.68337e-05 9.37942 8.47884
51 49.4264 36.5639 88.1713
151.754 105.309 0.274033 0.336021 0.577918 7.68337e-05 9.37942 8.47884
52 49.4264 37.2674 112.249
151.754 105.309 0.274033 0.336021 0.577918 7.68337e-05 9.37942 8.47884
53 49.4264 37.1469 93.4616
151.754 105.309 0.274033 0.336021 0.577918 7.68337e-05 9.37942 8.47884
54 49.4264 36.4206 96.0408
151.754 105.309 0.274033 0.336021 0.577918 7.68337e-05 9.37942 8.47884
55 49.4264 33.5523 121.966
151.754 105.309 0.274033 0.336021 0.577918 7.68337e-05 9.37942 8.47884
56 49.4264 32.4561 142.046
151.754 105.309 0.274033 0.336021 0.577918 7.68337e-05 9.37942 8.47884
57 49.4264 32.4206 176.357
151.754 105.309 0.274033 0.336021 0.577918 7.68337e-05 9.37942 8.47884
58 49.4264 32.3526 126.687
151.754 105.309 0.274033 0.336021 0.577918 7.68337e-05 9.37942 8.47884
59 49.5035 34.208 202.843
168.292 102.973 0.264489 0.351902 0.439818 0 7.93516 7.97568
60 50.4117 35.9145 155.813
165.546 103.681 0.28635 0.32702 0.396758 0.00106001 7.9047 8.24291
61 50.4117 33.8172 154.252
165.546 103.681 0.28635 0.32702 0.396758 0.00106001 7.9047 8.24291
62 51.5167 37.4175 131.211
165.87 102.828 0.286904 0.335513 0.399706 0.00437049 7.87815 8.25424
63 51.5167 36.7666 123.67
165.87 102.828 0.286904 0.335513 0.399706 0.00437049 7.87815 8.25424
64 51.5167 37.9555 154.389
165.87 102.828 0.286904 0.335513 0.399706 0.00437049 7.87815 8.25424
65 51.5167 36.4029 176.496
165.87 102.828 0.286904 0.335513 0.399706 0.00437049 7.87815 8.25424
66 51.948 38.0304 192.846
157.626 107.038 0.296884 0.346949 0.312762 0.00797984 7.84674 8.23884
67 51.948 35.8418 282.201
157.626 107.038 0.296884 0.346949 0.312762 0.00797984 7.84674 8.23884
68 52.4564 35.9972 307.054
163.726 103.815 0.285905 0.345325 0.326299 0 8.39335 7.94189
69 52.4564 33.4052 323.11
163.726 103.815 0.285905 0.345325 0.326299 0 8.39335 7.94189
70 52.4564 32.771 307.677
163.726 103.815 0.285905 0.345325 0.326299 0 8.39335 7.94189
71 52.4564 30.8394 338.752
163.726 103.815 0.285905 0.345325 0.326299 0 8.39335 7.94189
72 52.4564 30.7633 370.437
163.726 103.815 0.285905 0.345325 0.326299 0 8.39335 7.94189
73 52.4564 30.7723 345.351
163.726 103.815 0.285905 0.345325 0.326299 0 8.39335 7.94189
74 52.4564 30.1437 340.163
163.726 103.815 0.285905 0.345325 0.326299 0 8.39335 7.94189
75 52.4564 30.8643 274.97
163.726 103.815 0.285905 0.345325 0.326299 0 8.39335 7.94189
76 52.4564 31.4797 254.432
163.726 103.815 0.285905 0.345325 0.326299 0 8.39335 7.94189
77 52.4564 31.3765 249.255
163.726 103.815 0.285905 0.345325 0.326299 0 8.39335 7.94189
78 52.4564 33.789 246.363
163.726 103.815 0.285905 0.345325 0.326299 0 8.39335 7.94189
79 52.4966 33.9864 291.416
157.677 106.014 0.268421 0.338128 0.306006 0.00204251 7.7276 7.96172
80 52.4966 33.6126 256.122
157.677 106.014 0.268421 0.338128 0.306006 0.00204251 7.7276 7.96172
81 52.4966 35.5842 252.453
157.677 106.014 0.268421 0.338128 0.306006 0.00204251 7.7276 7.96172
82 52.4966 33.9312 277.966
157.677 106.014 0.268421 0.338128 0.306006 0.00204251 7.7276 7.96172
83 52.4966 32.3805 284.601
157.677 106.014 0.268421 0.338128 0.306006 0.00204251 7.7276 7.96172
84 52.4966 33.1754 253.776
157.677 106.014 0.268421 0.338128 0.306006 0.00204251 7.7276 7.96172
85 52.4966 34.6355 241.132
157.677 106.014 0.268421 0.338128 0.306006 0.00204251 7.7276 7.96172
86 52.4966 34.0245 210.448
157.677 106.014 0.268421 0.338128 0.306006 0.00204251 7.7276 7.96172
87 52.4966 33.4906 196.65
157.677 106.014 0.268421 0.338128 0.306006 0.00204251 7.7276 7.96172
88 52.4966 32.9506 241.864
157.677 106.014 0.268421 0.338128 0.306006 0.00204251 7.7276 7.96172
89 52.4966 33.7504 225.271
157.677 106.014 0.268421 0.338128 0.306006 0.00204251 7.7276 7.96172
90 52.4966 36.7105 184.591
157.677 106.014 0.268421 0.338128 0.306006 0.00204251 7.7276 7.96172
91 52.4966 38.1434 110.918
157.677 106.014 0.268421 0.338128 0.306006 0.00204251 7.7276 7.96172
92 52.4966 37.7489 121.106
157.677 106.014 0.268421 0.338128 0.306006 0.00204251 7.7276 7.96172
93 52.4966 36.8247 203.817
157.677 106.014 0.268421 0.338128 0.306006 0.00204251 7.7276 7.96172
94 52.4966 38.2352 144.238
157.677 106.014 0.268421 0.338128 0.306006 0.00204251 7.7276 7.96172
95 52.4966 36.0039 239.829
157.677 106.014 0.268421 0.338128 0.306006 0.00204251 7.7276 7.96172
96 52.6167 35.2396 215.788
159.562 100 0.29462 0.353178 0.296992 0 7.75075 7.67329
97 52.6167 36.5129 215.172
159.562 100 0.29462 0.353178 0.296992 0 7.75075 7.67329
98 52.6167 39.2421 175.067
159.562 100 0.29462 0.353178 0.296992 0 7.75075 7.67329
99 52.9412 38.0118 170.151
185.64 119.161 0.30824 0.358172 0.130035 0 8.76384 7.3572
100 52.9412 39.6827 148.891
185.64 119.161 0.30824 0.358172 0.130035 0 8.76384 7.3572
