0 5.80117 1.84211 2.55062
151.095 150.204 0.419817 0.085783 0.0960214 0.513066 8.60717 7.34569
1 5.80117 2.38655 3.74576
151.095 150.204 0.419817 0.085783 0.0960214 0.513066 8.60717 7.34569
2 8.31517 2.92477 5.56215
172.703 192.274 0.183336 0.530042 0.259917 0.0747451 0.375824 1.04145
3 8.31803 3.12917 7.08311
172.116 194.806 0.200129 0.547279 0.256006 0.0586941 0.461379 1.00573
4 8.31803 3.72482 6.72041
172.116 194.806 0.200129 0.547279 0.256006 0.0586941 0.461379 1.00573
5 8.81208 4.40009 8.46919
147.434 168.334 0.205732 0.30861 0.197707 0.416472 8.37411 8.04775
6 11.8443 5.52162 11.9798
137.99 167.69 0.203545 0.312507 0.132109 0.429575 8.53127 8.46176
7 12.3948 5.93061 14.3042
174.951 194.433 0.253312 0.496537 0.0541836 0.0947656 0.21772 0.198142
8 12.9591 6.56386 16.5088
167.245 193.71 0.2411 0.484554 0 0.0329362 0.63714 0.858106
9 12.9591 6.08576 15.2383
167.245 193.71 0.2411 0.484554 0 0.0329362 0.63714 0.858106
10 12.9591 6.74403 15.9043
167.245 193.71 0.2411 0.484554 0 0.0329362 0.63714 0.858106
11 13.0172 7.80142 11.9558
168.979 197.355 0.248809 0.437062 0 0.0587578 0.646736 0.91108
12 13.0172 7.76215 16.1683
168.979 197.355 0.248809 0.437062 0 0.0587578 0.646736 0.91108
13 13.0172 7.83053 18.2414
168.979 197.355 0.248809 0.437062 0 0.0587578 0.646736 0.91108
14 14.0601 8.78365 17.5626
160.541 193.432 0.252086 0.398406 0 0.105609 2.90032 0
15 14.0786 9.53124 16.58
160.345 193.171 0.258747 0.393923 0 0.106954 2.85989 0.0284627
16 14.2087 9.83339 20.732
170.227 186.343 0.286734 0.40724 0 0.0352891 0.820669 0
17 14.2087 9.27544 18.0975
170.227 186.343 0.286734 0.40724 0 0.0352891 0.820669 0
18 14.2542 9.00579 19.022
163.777 197.894 0.310958 0.244727 0 0 0.348192 1.92823
19 14.2542 9.31732 22.8716
163.777 197.894 0.310958 0.244727 0 0 0.348192 1.92823
20 15.0235 9.13569 18.8208
168.287 184.049 0.316288 0.309997 0 0 0.725524 1.28377
21 15.0235 9.79453 20.6666
168.287 184.049 0.316288 0.309997 0 0 0.725524 1.28377
22 15.281 9.32643 20.7918
152.656 163.868 0.303543 0.444436 0 0 1.71556 0.105749
23 15.7671 10.017 21.372
138.851 193.28 0.309979 0.319079 0.0607461 0 1.60773 1.31801
24 16.2542 11.1273 21.4241
139.278 193.174 0.307509 0.307372 0.0622325 0.0283251 1.6926 1.21044
25 16.2542 11.4154 16.8338
139.278 193.174 0.307509 0.307372 0.0622325 0.0283251 1.6926 1.21044
26 16.2542 11.0459 20.6078
139.278 193.174 0.307509 0.307372 0.0622325 0.0283251 1.6926 1.21044
27 17.491 9.94057 20.9867
136.653 193.706 0.292008 0.320668 0.0400854 0.0108572 1.37166 1.18146
28 17.491 10.2591 22.2118
136.653 193.706 0.292008 0.320668 0.0400854 0.0108572 1.37166 1.18146
29 17.5101 9.7894 28.6238
135.605 195.403 0.294205 0.318803 0.0282344 0.0158917 1.34095 1.25627
30 18.7208 10.4016 29.6504
136.468 196.883 0.278837 0.304965 0 0 1.45858 1.14625
31 18.7208 10.3522 30.4542
136.468 196.883 0.278837 0.304965 0 0 1.45858 1.14625
32 18.8459 10.781 30.0412
134.369 197.976 0.279171 0.311295 0 0 1.58896 1.1488
33 18.8459 10.9817 29.0846
134.369 197.976 0.279171 0.311295 0 0 1.58896 1.1488
34 18.8459 11.4401 31.6742
134.369 197.976 0.279171 0.311295 0 0 1.58896 1.1488
35 18.8459 11.8939 29.4448
134.369 197.976 0.279171 0.311295 0 0 1.58896 1.1488
36 18.8459 11.8846 28.2316
134.369 197.976 0.279171 0.311295 0 0 1.58896 1.1488
37 19.9178 10.9916 41.3545
128.472 199.065 0.270305 0.330929 0 0 1.58974 0
38 19.9178 12.2704 35.5815
128.472 199.065 0.270305 0.330929 0 0 1.58974 0
39 19.9178 12.5784 30.4627
128.472 199.065 0.270305 0.330929 0 0 1.58974 0
40 19.9178 12.198 26.1894
128.472 199.065 0.270305 0.330929 0 0 1.58974 0
41 19.9178 12.5922 33.1752
128.472 199.065 0.270305 0.330929 0 0 1.58974 0
42 19.9178 12.9083 36.105
128.472 199.065 0.270305 0.330929 0 0 1.58974 0
43 19.9178 13.1264 23.5457
128.472 199.065 0.270305 0.330929 0 0 1.58974 0
44 19.9178 13.0773 24.816
128.472 199.065 0.270305 0.330929 0 0 1.58974 0
45 19.9178 12.4142 25.6654
128.472 199.065 0.270305 0.330929 0 0 1.58974 0
46 19.9178 12.1911 27.2606
128.472 199.065 0.270305 0.330929 0 0 1.58974 0
47 19.9178 12.1253 26.7492
128.472 199.065 0.270305 0.330929 0 0 1.58974 0
48 19.9178 12.7236 28.4428
128.472 199.065 0.270305 0.330929 0 0 1.58974 0
49 19.9178 12.599 33.3701
128.472 199.065 0.270305 0.330929 0 0 1.58974 0
50 19.9178 12.2564 35.7599
128.472 199.065 0.270305 0.330929 0 0 1.58974 0
51 19.9178 12.0541 30.1624
128.472 199.065 0.270305 0.330929 0 0 1.58974 0
52 19.9178 11.9738 27.229
128.472 199.065 0.270305 0.330929 0 0 1.58974 0
53 20.0185 11.8512 28.268
124.069 197.616 0.26162 0.318561 0.00974063 0 1.7877 0.222293
54 20.0185 11.9375 29.7192
124.069 197.616 0.26162 0.318561 0.00974063 0 1.7877 0.222293
55 20.0185 12.5237 34.2332
124.069 197.616 0.26162 0.318561 0.00974063 0 1.7877 0.222293
56 20.0185 12.7424 34.507
124.069 197.616 0.26162 0.318561 0.00974063 0 1.7877 0.222293
57 20.0185 12.3923 32.7836
124.069 197.616 0.26162 0.318561 0.00974063 0 1.7877 0.222293
58 20.3918 12.6925 38.9977
121.472 196.624 0.260047 0.368724 0 0.00352834 1.48047 0
59 20.3918 11.6985 35.0868
121.472 196.624 0.260047 0.368724 0 0.00352834 1.48047 0
60 20.3918 12.4636 25.06
121.472 196.624 0.260047 0.368724 0 0.00352834 1.48047 0
61 20.3918 12.3718 30.6035
121.472 196.624 0.260047 0.368724 0 0.00352834 1.48047 0
62 20.3918 12.4053 36.347
121.472 196.624 0.260047 0.368724 0 0.00352834 1.48047 0
63 20.3918 12.8251 25.596
121.472 196.624 0.260047 0.368724 0 0.00352834 1.48047 0
64 20.3918 12.7556 33.0127
121.472 196.624 0.260047 0.368724 0 0.00352834 1.48047 0
65 20.3918 13.0478 36.5223
121.472 196.624 0.260047 0.368724 0 0.00352834 1.48047 0
66 20.3918 12.9721 35.4491
121.472 196.624 0.260047 0.368724 0 0.00352834 1.48047 0
67 20.3918 13.771 29.5882
121.472 196.624 0.260047 0.368724 0 0.00352834 1.48047 0
68 20.3918 12.0545 39.527
121.472 196.624 0.260047 0.368724 0 0.00352834 1.48047 0
69 20.3918 12.8223 43.676
121.472 196.624 0.260047 0.368724 0 0.00352834 1.48047 0
70 20.3918 11.0797 44.6594
121.472 196.624 0.260047 0.368724 0 0.00352834 1.48047 0
71 20.3918 11.2801 39.4026
121.472 196.624 0.260047 0.368724 0 0.00352834 1.48047 0
72 20.3918 11.5409 41.8981
121.472 196.624 0.260047 0.368724 0 0.00352834 1.48047 0
73 20.3918 12.0794 38.0634
121.472 196.624 0.260047 0.368724 0 0.00352834 1.48047 0
74 20.3918 12.4215 36.6868
121.472 196.624 0.260047 0.368724 0 0.00352834 1.48047 0
75 20.3918 11.7905 38.1708
121.472 196.624 0.260047 0.368724 0 0.00352834 1.48047 0
76 20.3918 12.7672 30.6579
121.472 196.624 0.260047 0.368724 0 0.00352834 1.48047 0
77 20.3918 13.2322 31.0793
121.472 196.624 0.260047 0.368724 0 0.00352834 1.48047 0
78 20.3918 12.0032 39.455
121.472 196.624 0.260047 0.368724 0 0.00352834 1.48047 0
79 20.3918 12.0662 38.1057
121.472 196.624 0.260047 0.368724 0 0.00352834 1.48047 0
80 20.3918 11.2666 39.1912
121.472 196.624 0.260047 0.368724 0 0.00352834 1.48047 0
81 20.3918 12.3509 40.9787
121.472 196.624 0.260047 0.368724 0 0.00352834 1.48047 0
82 20.3918 12.1813 38.4818
121.472 196.624 0.260047 0.368724 0 0.00352834 1.48047 0
83 20.3918 12.6424 39.4381
121.472 196.624 0.260047 0.368724 0 0.00352834 1.48047 0
84 20.3918 12.6681 32.9244
121.472 196.624 0.260047 0.368724 0 0.00352834 1.48047 0
85 20.3918 11.6509 34.1128
121.472 196.624 0.260047 0.368724 0 0.00352834 1.48047 0
86 20.3918 12.6859 34.8062
121.472 196.624 0.260047 0.368724 0 0.00352834 1.48047 0
87 20.3918 12.2636 34.2217
121.472 196.624 0.260047 0.368724 0 0.00352834 1.48047 0
88 20.3918 11.768 41.2344
121.472 196.624 0.260047 0.368724 0 0.00352834 1.48047 0
89 20.3918 12.0463 41.1812
121.472 196.624 0.260047 0.368724 0 0.00352834 1.48047 0
90 20.3918 12.4953 32.9183
121.472 196.624 0.260047 0.368724 0 0.00352834 1.48047 0
91 20.3918 13.1755 36.811
121.472 196.624 0.260047 0.368724 0 0.00352834 1.48047 0
92 20.3918 13.0599 30.0145
121.472 196.624 0.260047 0.368724 0 0.00352834 1.48047 0
93 20.3918 12.6893 28.3877
121.472 196.624 0.260047 0.368724 0 0.00352834 1.48047 0
94 20.3918 13.6771 20.8262
121.472 196.624 0.260047 0.368724 0 0.00352834 1.48047 0
95 20.3918 12.9452 27.097
121.472 196.624 0.260047 0.368724 0 0.00352834 1.48047 0
96 20.3918 13.2122 25.8884
121.472 196.624 0.260047 0.368724 0 0.00352834 1.48047 0
97 20.3918 13.1008 24.8933
121.472 196.624 0.260047 0.368724 0 0.00352834 1.48047 0
98 20.3918 13.2782 26.9307
121.472 196.624 0.260047 0.368724 0 0.00352834 1.48047 0
99 20.3918 14.3087 20.3078
121.472 196.624 0.260047 0.368724 0 0.00352834 1.48047 0
100 20.4264 14.0868 23.684
120.736 197.098 0.259376 0.363952 0 0.00911039 1.49791 0
