0 17.6573 3.90246 24.6437
117.038 178.103 0.520882 0.295557 0.114955 0.0459642 4.19257 9.67529
1 17.6573 5.05227 29.7014
117.038 178.103 0.520882 0.295557 0.114955 0.0459642 4.19257 9.67529
2 17.9123 6.58765 40.8476
119.056 174.746 0.452982 0.236125 0.211175 0.0887337 4.58692 10
3 18.9068 7.64334 50.0922
115.192 179.973 0.591691 0.240701 0.0696912 0 3.78152 9.7878
4 18.9068 8.37523 55.2548
115.192 179.973 0.591691 0.240701 0.0696912 0 3.78152 9.7878
5 19.4794 9.73984 55.5203
120.045 174.907 0.573071 0.294568 0 0 4.20168 9.79787
6 19.9454 11.0871 55.855
115.216 177.564 0.535841 0.236304 0.0744676 0.0522785 4.65335 10
7 19.9454 12.487 51.6912
115.216 177.564 0.535841 0.236304 0.0744676 0.0522785 4.65335 10
8 19.9508 13.3104 50.5575
113.368 176.36 0.52543 0.225081 0.0525302 0.0726297 4.62684 10
9 19.9508 13.7158 38.9567
113.368 176.36 0.52543 0.225081 0.0525302 0.0726297 4.62684 10
10 19.9508 14.0027 47.7808
113.368 176.36 0.52543 0.225081 0.0525302 0.0726297 4.62684 10
11 22.604 14.7408 38.1589
114.884 165.213 0.54544 0.320022 0 0 2.73064 9.39993
12 22.604 14.8899 36.0599
114.884 165.213 0.54544 0.320022 0 0 2.73064 9.39993
13 23.1071 16.3089 32.1937
117.012 156.96 0.510275 0.296104 0.0357938 0 3.32043 9.32285
14 23.1071 15.1435 49.3758
117.012 156.96 0.510275 0.296104 0.0357938 0 3.32043 9.32285
15 23.1071 14.7684 50.2005
117.012 156.96 0.510275 0.296104 0.0357938 0 3.32043 9.32285
16 23.1071 15.1458 49.2827
117.012 156.96 0.510275 0.296104 0.0357938 0 3.32043 9.32285
17 23.1071 15.4574 54.6678
117.012 156.96 0.510275 0.296104 0.0357938 0 3.32043 9.32285
18 23.1071 16.0175 51.4758
117.012 156.96 0.510275 0.296104 0.0357938 0 3.32043 9.32285
19 23.1392 15.3103 61.4225
116.162 156.418 0.503231 0.29916 0.0468532 0.00843121 3.20858 9.36271
20 23.1392 15.0791 59.4844
116.162 156.418 0.503231 0.29916 0.0468532 0.00843121 3.20858 9.36271
21 23.1718 15.8417 50.4534
121.843 145.04 0.552156 0.316527 0 0 4.25895 9.45794
22 23.1718 14.9979 66.102
121.843 145.04 0.552156 0.316527 0 0 4.25895 9.45794
23 23.1718 13.4131 74.0671
121.843 145.04 0.552156 0.316527 0 0 4.25895 9.45794
24 23.2155 14.2161 73.0841
116.948 155.271 0.504651 0.307497 0.038278 0.014135 3.21212 9.30257
25 23.2243 13.5758 74.1277
116.014 154.749 0.497573 0.321009 0.0484198 0.0109727 3.25297 9.22275
26 23.2243 14.1713 77.9362
116.014 154.749 0.497573 0.321009 0.0484198 0.0109727 3.25297 9.22275
27 23.2243 14.0151 76.4697
116.014 154.749 0.497573 0.321009 0.0484198 0.0109727 3.25297 9.22275
28 23.2243 13.6921 64.2995
116.014 154.749 0.497573 0.321009 0.0484198 0.0109727 3.25297 9.22275
29 23.2243 14.3362 65.5658
116.014 154.749 0.497573 0.321009 0.0484198 0.0109727 3.25297 9.22275
30 23.2243 14.2934 69.5001
116.014 154.749 0.497573 0.321009 0.0484198 0.0109727 3.25297 9.22275
31 23.2481 14.5476 80.0252
122.695 148.566 0.52687 0.321166 0 0 3.42772 8.49975
32 23.2481 14.8027 76.518
122.695 148.566 0.52687 0.321166 0 0 3.42772 8.49975
33 23.2481 14.681 68.058
122.695 148.566 0.52687 0.321166 0 0 3.42772 8.49975
34 23.2481 14.8917 65.6438
122.695 148.566 0.52687 0.321166 0 0 3.42772 8.49975
35 23.2481 14.8373 61.7744
122.695 148.566 0.52687 0.321166 0 0 3.42772 8.49975
36 23.2481 14.8577 72.0735
122.695 148.566 0.52687 0.321166 0 0 3.42772 8.49975
37 23.2481 13.7348 68.4859
122.695 148.566 0.52687 0.321166 0 0 3.42772 8.49975
38 23.2481 15.6548 56.1027
122.695 148.566 0.52687 0.321166 0 0 3.42772 8.49975
39 23.2481 17.0264 57.5185
122.695 148.566 0.52687 0.321166 0 0 3.42772 8.49975
40 23.2481 15.6076 64.0297
122.695 148.566 0.52687 0.321166 0 0 3.42772 8.49975
41 23.2481 15.412 67.0492
122.695 148.566 0.52687 0.321166 0 0 3.42772 8.49975
42 23.2481 16.4804 58.1028
122.695 148.566 0.52687 0.321166 0 0 3.42772 8.49975
43 23.2481 16.0839 61.6066
122.695 148.566 0.52687 0.321166 0 0 3.42772 8.49975
44 23.2481 15.9017 57.13
122.695 148.566 0.52687 0.321166 0 0 3.42772 8.49975
45 23.3048 16.9813 48.6439
120.756 141.578 0.555793 0.339119 0 0 4.89229 7.41036
46 23.3747 16.7864 56.5333
120.211 141.674 0.553988 0.343055 0 0 5.01955 7.4471
47 23.3747 17.5494 46.1778
120.211 141.674 0.553988 0.343055 0 0 5.01955 7.4471
48 23.3747 16.1355 57.4693
120.211 141.674 0.553988 0.343055 0 0 5.01955 7.4471
49 23.3747 16.4514 64.5167
120.211 141.674 0.553988 0.343055 0 0 5.01955 7.4471
50 23.6161 16.8308 67.4382
121.307 144.549 0.532973 0.2754 0 0 4.64359 6.73915
51 23.6161 16.8602 54.071
121.307 144.549 0.532973 0.2754 0 0 4.64359 6.73915
52 23.7515 16.9077 56.952
119.68 136.874 0.518249 0.317125 0.0067 0 5.12948 7.12162
53 23.7515 16.8907 50.3351
119.68 136.874 0.518249 0.317125 0.0067 0 5.12948 7.12162
54 23.7515 14.4634 72.346
119.68 136.874 0.518249 0.317125 0.0067 0 5.12948 7.12162
55 23.7515 15.3742 75.7542
119.68 136.874 0.518249 0.317125 0.0067 0 5.12948 7.12162
56 23.7556 13.8935 89.3487
119.477 137.017 0.518415 0.317888 0.00595715 0 5.11934 7.10039
57 23.8266 15.6349 74.5185
121.575 139.981 0.550902 0.346567 0.00319698 0 5.2298 7.48932
58 23.8266 14.6066 88.6978
121.575 139.981 0.550902 0.346567 0.00319698 0 5.2298 7.48932
59 23.8266 14.7724 86.8157
121.575 139.981 0.550902 0.346567 0.00319698 0 5.2298 7.48932
60 24.1389 15.6235 73.2107
118.514 131.824 0.527184 0.260933 0.00494081 0.0589776 5.09914 7.46534
61 24.6393 15.944 77.7189
100 124.962 0.477384 0.357372 0 0 2.26777 7.7114
62 24.9642 16.4271 73.1645
124.588 112.316 0.5551 0.217073 0 0 3.6413 5.46996
63 24.9642 15.7239 80.2837
124.588 112.316 0.5551 0.217073 0 0 3.6413 5.46996
64 24.9642 14.4381 89.6032
124.588 112.316 0.5551 0.217073 0 0 3.6413 5.46996
65 24.9642 14.4496 84.8291
124.588 112.316 0.5551 0.217073 0 0 3.6413 5.46996
66 24.9642 13.9254 104.157
124.588 112.316 0.5551 0.217073 0 0 3.6413 5.46996
67 24.9642 12.4768 93.6075
124.588 112.316 0.5551 0.217073 0 0 3.6413 5.46996
68 24.9654 13.5553 96.2204
124.072 110.707 0.552055 0.219644 0.0165844 0 3.90746 5.53582
69 24.9654 14.8755 105.698
124.072 110.707 0.552055 0.219644 0.0165844 0 3.90746 5.53582
70 24.9654 15.1518 110.827
124.072 110.707 0.552055 0.219644 0.0165844 0 3.90746 5.53582
71 24.9654 16.5623 93.806
124.072 110.707 0.552055 0.219644 0.0165844 0 3.90746 5.53582
72 24.9654 17.9952 68.3014
124.072 110.707 0.552055 0.219644 0.0165844 0 3.90746 5.53582
73 24.9654 16.5859 76.4904
124.072 110.707 0.552055 0.219644 0.0165844 0 3.90746 5.53582
74 24.9847 16.8835 71.9553
126.65 112.422 0.543266 0.230524 0 0 3.86823 5.86076
75 24.9847 18.4045 58.7884
126.65 112.422 0.543266 0.230524 0 0 3.86823 5.86076
76 24.9847 17.9491 76.5636
126.65 112.422 0.543266 0.230524 0 0 3.86823 5.86076
77 24.9847 17.284 80.3609
126.65 112.422 0.543266 0.230524 0 0 3.86823 5.86076
78 24.9847 17.5097 73.0246
126.65 112.422 0.543266 0.230524 0 0 3.86823 5.86076
79 24.9847 17.9202 62.3486
126.65 112.422 0.543266 0.230524 0 0 3.86823 5.86076
80 25.4623 16.9225 69.4573
118.979 107.885 0.557306 0.212341 0 0.00700504 4.32381 5.16541
81 25.4623 14.8086 83.0256
118.979 107.885 0.557306 0.212341 0 0.00700504 4.32381 5.16541
82 25.4623 13.525 104.333
118.979 107.885 0.557306 0.212341 0 0.00700504 4.32381 5.16541
83 25.4623 14.4138 111.22
118.979 107.885 0.557306 0.212341 0 0.00700504 4.32381 5.16541
84 25.4623 15.8857 85.0758
118.979 107.885 0.557306 0.212341 0 0.00700504 4.32381 5.16541
85 25.4623 15.7012 87.0686
118.979 107.885 0.557306 0.212341 0 0.00700504 4.32381 5.16541
86 25.4623 14.9576 89.1212
118.979 107.885 0.557306 0.212341 0 0.00700504 4.32381 5.16541
87 25.4623 14.6529 109.598
118.979 107.885 0.557306 0.212341 0 0.00700504 4.32381 5.16541
88 25.4623 14.4852 120.985
118.979 107.885 0.557306 0.212341 0 0.00700504 4.32381 5.16541
89 25.4623 14.4762 103.697
118.979 107.885 0.557306 0.212341 0 0.00700504 4.32381 5.16541
90 25.4663 14.1575 114.665
128.017 100 0.559529 0.210193 0 0.0170665 4.18418 6.20346
91 25.4673 14.484 104.844
126.181 100 0.557966 0.21741 0 0 4.36089 6.33591
92 25.4673 14.5919 103.878
126.181 100 0.557966 0.21741 0 0 4.36089 6.33591
93 25.4673 14.8812 112.674
126.181 100 0.557966 0.21741 0 0 4.36089 6.33591
94 25.4797 15.1144 117.578
114.877 106.484 0.536738 0.226313 0 0 4.69548 5.06225
95 25.4797 17.2581 103.242
114.877 106.484 0.536738 0.226313 0 0 4.69548 5.06225
96 25.4823 17.488 95.586
113.776 103.355 0.52306 0.22469 0 0.000343748 4.65463 5.41357
97 25.4823 16.0441 101.378
113.776 103.355 0.52306 0.22469 0 0.000343748 4.65463 5.41357
98 25.4823 15.6128 88.8471
113.776 103.355 0.52306 0.22469 0 0.000343748 4.65463 5.41357
99 25.4879 17.1194 75.8491
113.534 103.38 0.513546 0.223653 0 0.00800822 4.5209 5.50337
100 25.4879 17.8787 73.2663
113.534 103.38 0.513546 0.223653 0 0.00800822 4.5209 5.50337
