0 25.7753 7.76159 99.5304
118.608 136.698 0.369845 0.210985 0.742006 0.257143 0.62293 0.611589
1 25.7753 9.56171 109.973
118.608 136.698 0.369845 0.210985 0.742006 0.257143 0.62293 0.611589
2 25.7753 10.1478 110.9
118.608 136.698 0.369845 0.210985 0.742006 0.257143 0.62293 0.611589
3 25.7753 10.9331 110.296
118.608 136.698 0.369845 0.210985 0.742006 0.257143 0.62293 0.611589
4 25.7753 10.082 110.215
118.608 136.698 0.369845 0.210985 0.742006 0.257143 0.62293 0.611589
5 25.7829 11.4432 120.341
118.852 138.878 0.370329 0.207525 0.759583 0.292004 0.697481 0.515876
6 25.7829 13.7082 128.064
118.852 138.878 0.370329 0.207525 0.759583 0.292004 0.697481 0.515876
7 25.7906 15.2848 133.296
123.219 132.018 0.388246 0.146419 0.800294 0.172768 1.64256 0.0490427
8 25.7984 16.4345 117.328
122.325 136.229 0.399892 0.187939 0.760975 0.11672 1.90225 0.0203976
9 25.7984 14.7945 115.815
122.325 136.229 0.399892 0.187939 0.760975 0.11672 1.90225 0.0203976
10 25.7984 15.289 100.109
122.325 136.229 0.399892 0.187939 0.760975 0.11672 1.90225 0.0203976
11 25.7984 16.7347 110.368
122.325 136.229 0.399892 0.187939 0.760975 0.11672 1.90225 0.0203976
12 25.8004 15.8925 117.871
124.981 134.217 0.411057 0.193518 0.673262 0.173551 2.34688 0.590622
13 25.8004 15.6728 121.905
124.981 134.217 0.411057 0.193518 0.673262 0.173551 2.34688 0.590622
14 25.8004 17.2326 90.8598
124.981 134.217 0.411057 0.193518 0.673262 0.173551 2.34688 0.590622
15 25.8004 19.0842 75.818
124.981 134.217 0.411057 0.193518 0.673262 0.173551 2.34688 0.590622
16 25.8033 17.2782 83.7228
126.938 124.242 0.5006 0.228374 0.790533 0.362518 1.31482 2.41027
17 25.8052 17.2849 83.3045
121.748 134.558 0.436943 0.190104 0.625555 0.135731 1.98976 0
18 25.8065 17.6412 86.0527
123.671 135.049 0.429424 0.188839 0.645347 0.151551 2.22187 0.612153
19 25.8065 19.0638 74.1199
123.671 135.049 0.429424 0.188839 0.645347 0.151551 2.22187 0.612153
20 25.8542 18.8692 86.0846
106.778 126.669 0.397004 0.392691 0.51342 0.0434702 5.67643 2.08152
21 25.8619 17.1732 96.9332
109.829 119.761 0.420235 0.439121 0.50697 0.0644071 5.67351 0.951247
22 25.8619 17.9562 90.8898
109.829 119.761 0.420235 0.439121 0.50697 0.0644071 5.67351 0.951247
23 25.8819 16.096 108.359
113.822 124.285 0.389056 0.41477 0.492967 0.0670289 4.53932 1.1035
24 26.1221 18.0649 88.9406
105.18 135.752 0.283922 0.408641 0.573359 0 5.13119 0.62215
25 26.1221 19.1371 79.484
105.18 135.752 0.283922 0.408641 0.573359 0 5.13119 0.62215
26 26.1221 18.3787 64.8927
105.18 135.752 0.283922 0.408641 0.573359 0 5.13119 0.62215
27 26.1221 18.8115 80.2757
105.18 135.752 0.283922 0.408641 0.573359 0 5.13119 0.62215
28 26.155 19.2234 63.9632
114.439 121.002 0.285706 0.327235 0.638802 0.127492 4.62371 1.53652
29 26.155 19.6066 65.1912
114.439 121.002 0.285706 0.327235 0.638802 0.127492 4.62371 1.53652
30 26.1781 20.3119 61.0374
113.248 120.747 0.285808 0.32279 0.641638 0.12663 4.68874 1.47329
31 26.1781 20.4284 50.1153
113.248 120.747 0.285808 0.32279 0.641638 0.12663 4.68874 1.47329
32 26.1781 20.4321 44.3173
113.248 120.747 0.285808 0.32279 0.641638 0.12663 4.68874 1.47329
33 26.1781 20.5826 53.0899
113.248 120.747 0.285808 0.32279 0.641638 0.12663 4.68874 1.47329
34 26.1781 20.036 56.1509
113.248 120.747 0.285808 0.32279 0.641638 0.12663 4.68874 1.47329
35 26.1781 20.7772 39.585
113.248 120.747 0.285808 0.32279 0.641638 0.12663 4.68874 1.47329
36 26.2276 22.5585 24.3478
113.714 122.607 0.266544 0.327368 0.660909 0.107137 4.68389 1.4701
37 26.2276 22.1555 39.4288
113.714 122.607 0.266544 0.327368 0.660909 0.107137 4.68389 1.4701
38 26.2276 20.0638 53.1804
113.714 122.607 0.266544 0.327368 0.660909 0.107137 4.68389 1.4701
39 26.2276 20.4656 38.3371
113.714 122.607 0.266544 0.327368 0.660909 0.107137 4.68389 1.4701
40 26.2446 20.0088 55.6513
115.82 122.518 0.241198 0.331187 0.658817 0.0918546 4.4648 1.47868
41 26.2727 23.2117 18.4162
116.47 120.852 0.236151 0.334598 0.647855 0.0754716 4.54501 1.23784
42 26.3726 23.5602 26.7547
115.07 120.705 0.251513 0.324321 0.630778 0.0848901 4.85678 1.99266
43 26.3726 18.4716 70.8598
115.07 120.705 0.251513 0.324321 0.630778 0.0848901 4.85678 1.99266
44 26.4995 18.9667 84.2957
112.312 115.281 0.200766 0.331526 0.579234 0.0010677 4.63156 2.30231
45 26.5377 17.7612 79.9713
111.547 115.293 0.207093 0.330703 0.547664 0 4.71712 2.44184
46 26.5377 17.8908 87.7582
111.547 115.293 0.207093 0.330703 0.547664 0 4.71712 2.44184
47 26.5377 16.8336 98.7809
111.547 115.293 0.207093 0.330703 0.547664 0 4.71712 2.44184
48 26.5377 18.4467 79.6127
111.547 115.293 0.207093 0.330703 0.547664 0 4.71712 2.44184
49 26.5377 19.5773 69.7893
111.547 115.293 0.207093 0.330703 0.547664 0 4.71712 2.44184
50 26.5377 20.286 63.8048
111.547 115.293 0.207093 0.330703 0.547664 0 4.71712 2.44184
51 26.6073 18.2975 76.9529
117.216 110.43 0.176282 0.322799 0.552246 0 4.56493 2.96511
52 26.6073 18.6444 88.4999
117.216 110.43 0.176282 0.322799 0.552246 0 4.56493 2.96511
53 26.6073 19.4319 73.981
117.216 110.43 0.176282 0.322799 0.552246 0 4.56493 2.96511
54 26.6543 19.857 55.4717
100.406 118.932 0.260356 0.315799 0.597454 0 5.04708 2.13105
55 26.6543 19.7355 61.5954
100.406 118.932 0.260356 0.315799 0.597454 0 5.04708 2.13105
56 26.6543 20.745 51.7542
100.406 118.932 0.260356 0.315799 0.597454 0 5.04708 2.13105
57 26.6543 20.8569 54.1263
100.406 118.932 0.260356 0.315799 0.597454 0 5.04708 2.13105
58 26.6543 20.3718 70.7137
100.406 118.932 0.260356 0.315799 0.597454 0 5.04708 2.13105
59 26.6543 20.5565 75.4213
100.406 118.932 0.260356 0.315799 0.597454 0 5.04708 2.13105
60 26.7509 21.8564 57.1446
116.326 102.629 0.16662 0.345021 0.580739 0 4.11446 2.83628
61 26.7509 23.5272 36.3816
116.326 102.629 0.16662 0.345021 0.580739 0 4.11446 2.83628
62 26.7509 21.027 60.0757
116.326 102.629 0.16662 0.345021 0.580739 0 4.11446 2.83628
63 26.7509 20.3807 55.571
116.326 102.629 0.16662 0.345021 0.580739 0 4.11446 2.83628
64 26.7509 20.212 60.5179
116.326 102.629 0.16662 0.345021 0.580739 0 4.11446 2.83628
65 26.7509 22.4383 50.6687
116.326 102.629 0.16662 0.345021 0.580739 0 4.11446 2.83628
66 26.7509 21.3163 49.9709
116.326 102.629 0.16662 0.345021 0.580739 0 4.11446 2.83628
67 26.7509 20.9174 78.4743
116.326 102.629 0.16662 0.345021 0.580739 0 4.11446 2.83628
68 26.7509 20.8683 80.4522
116.326 102.629 0.16662 0.345021 0.580739 0 4.11446 2.83628
69 26.7509 20.9482 86.3973
116.326 102.629 0.16662 0.345021 0.580739 0 4.11446 2.83628
70 26.7509 18.2238 77.9941
116.326 102.629 0.16662 0.345021 0.580739 0 4.11446 2.83628
71 26.7509 18.7194 79.6449
116.326 102.629 0.16662 0.345021 0.580739 0 4.11446 2.83628
72 26.7509 17.6796 64.9547
116.326 102.629 0.16662 0.345021 0.580739 0 4.11446 2.83628
73 26.7509 17.5515 90.9268
116.326 102.629 0.16662 0.345021 0.580739 0 4.11446 2.83628
74 26.7807 18.1889 80.3671
116.419 102.235 0.166009 0.342462 0.578792 0 4.11653 2.83833
75 26.7807 17.7633 83.1685
116.419 102.235 0.166009 0.342462 0.578792 0 4.11653 2.83833
76 26.7807 20.6544 64.6178
116.419 102.235 0.166009 0.342462 0.578792 0 4.11653 2.83833
77 26.7807 20.4251 61.7785
116.419 102.235 0.166009 0.342462 0.578792 0 4.11653 2.83833
78 26.7807 17.0696 74.3266
116.419 102.235 0.166009 0.342462 0.578792 0 4.11653 2.83833
79 26.7807 16.6718 80.4509
116.419 102.235 0.166009 0.342462 0.578792 0 4.11653 2.83833
80 26.7915 17.2194 74.1332
116.419 102.235 0.166011 0.342462 0.578793 1.50021e-07 4.11653 2.83833
81 26.7915 16.5215 73.7701
116.419 102.235 0.166011 0.342462 0.578793 1.50021e-07 4.11653 2.83833
82 26.7915 16.8107 90.2708
116.419 102.235 0.166011 0.342462 0.578793 1.50021e-07 4.11653 2.83833
83 26.8255 19.6765 61.3728
116.27 102.204 0.172098 0.334805 0.582358 0 4.10671 2.78823
84 26.8311 20.3938 60.3654
116.137 102.501 0.162287 0.334309 0.568677 0.0122573 4.1262 2.98288
85 26.8311 18.9846 92.1272
116.137 102.501 0.162287 0.334309 0.568677 0.0122573 4.1262 2.98288
86 26.8311 20.0128 79.9451
116.137 102.501 0.162287 0.334309 0.568677 0.0122573 4.1262 2.98288
87 26.8311 20.914 64.2835
116.137 102.501 0.162287 0.334309 0.568677 0.0122573 4.1262 2.98288
88 26.8311 20.8579 87.0221
116.137 102.501 0.162287 0.334309 0.568677 0.0122573 4.1262 2.98288
89 26.9327 19.8775 94.3008
116.358 102.308 0.172917 0.32634 0.581027 0 4.13646 2.78404
90 26.9327 17.4235 87.2781
116.358 102.308 0.172917 0.32634 0.581027 0 4.13646 2.78404
91 26.9327 18.6804 79.4052
116.358 102.308 0.172917 0.32634 0.581027 0 4.13646 2.78404
92 26.9327 17.0139 108.522
116.358 102.308 0.172917 0.32634 0.581027 0 4.13646 2.78404
93 26.9327 15.9755 90.624
116.358 102.308 0.172917 0.32634 0.581027 0 4.13646 2.78404
94 26.9327 15.8665 89.9174
116.358 102.308 0.172917 0.32634 0.581027 0 4.13646 2.78404
95 26.9639 17.1404 79.9646
116.335 102.298 0.17179 0.325702 0.580238 0 4.14806 2.7833
96 26.9639 17.0418 80.8331
116.335 102.298 0.17179 0.325702 0.580238 0 4.14806 2.7833
97 26.9639 17.7497 62.1068
116.335 102.298 0.17179 0.325702 0.580238 0 4.14806 2.7833
98 27.24 17.477 86.8001
109.001 109.29 0.25002 0.338933 0.399799 0.0147607 5.38109 4.08844
99 27.24 18.7 58.3135
109.001 109.29 0.25002 0.338933 0.399799 0.0147607 5.38109 4.08844
100 27.24 19.1422 62.6066
109.001 109.29 0.25002 0.338933 0.399799 0.0147607 5.38109 4.08844
