0 25.8948 6.0903 77.7157
102.903 158.08 0.42366 0.0586265 0.0957132 0.423591 0.497461 0.824972
1 25.9705 9.63491 124.892
171.251 137.759 0.109209 0.0341909 0.658853 0.368678 0 1.65931
2 26.0816 10.9686 135.1
168.756 132.623 0.0845031 0.0880031 0.69338 0.378375 0 1.75556
3 26.0816 12.1965 139.79
168.756 132.623 0.0845031 0.0880031 0.69338 0.378375 0 1.75556
4 26.1237 13.5101 135.757
166.58 132.056 0.0574546 0.0845102 0.697575 0.328414 0 1.6374
5 26.1321 15.2149 128.435
165.971 129.8 0.0933593 0.17382 0.64143 0.22581 0 1.17701
6 26.2389 16.3034 117.576
154.102 151.072 0.0600145 0.14366 0.555851 0.374436 0.760397 3.24654
7 26.2389 17.7729 105.764
154.102 151.072 0.0600145 0.14366 0.555851 0.374436 0.760397 3.24654
8 26.2389 18.5516 96.4069
154.102 151.072 0.0600145 0.14366 0.555851 0.374436 0.760397 3.24654
9 26.2389 18.6769 102.758
154.102 151.072 0.0600145 0.14366 0.555851 0.374436 0.760397 3.24654
10 26.2389 16.4768 122.849
154.102 151.072 0.0600145 0.14366 0.555851 0.374436 0.760397 3.24654
11 26.2568 16.9941 125.773
163.752 165.42 0.152851 0.254023 0.0952908 0.21862 0.556198 2.96035
12 26.2568 17.6267 109.953
163.752 165.42 0.152851 0.254023 0.0952908 0.21862 0.556198 2.96035
13 26.2573 19.286 87.2191
163.742 165.521 0.152078 0.253146 0.0953535 0.219008 0.551084 2.95844
14 26.2715 21.0776 76.6847
188.093 164.949 0.115448 0.196396 0.334812 0.247589 2.03351 2.39144
15 26.4612 20.3659 84.7597
179.099 164.418 0.0733432 0.293678 0.098789 0.080909 0.64277 3.32748
16 26.4612 22.2531 74.8328
179.099 164.418 0.0733432 0.293678 0.098789 0.080909 0.64277 3.32748
17 26.4612 21.8607 70.3585
179.099 164.418 0.0733432 0.293678 0.098789 0.080909 0.64277 3.32748
18 26.4612 19.5547 94.4576
179.099 164.418 0.0733432 0.293678 0.098789 0.080909 0.64277 3.32748
19 26.4612 22.9056 46.915
179.099 164.418 0.0733432 0.293678 0.098789 0.080909 0.64277 3.32748
20 26.4612 19.8067 91.0019
179.099 164.418 0.0733432 0.293678 0.098789 0.080909 0.64277 3.32748
21 26.6321 20.6407 88.6419
174.865 166.219 0.0619034 0.340403 0.0886852 0 0.974726 4.28199
22 26.6321 22.364 64.2524
174.865 166.219 0.0619034 0.340403 0.0886852 0 0.974726 4.28199
23 26.688 21.3395 83.3164
175.265 166.138 0.0567714 0.335304 0.0872385 0 1.00854 4.33355
24 26.688 19.8368 108.139
175.265 166.138 0.0567714 0.335304 0.0872385 0 1.00854 4.33355
25 26.688 23.1584 55.0471
175.265 166.138 0.0567714 0.335304 0.0872385 0 1.00854 4.33355
26 26.9115 22.1486 75.0508
165.646 154.972 0.0457271 0.32448 0 0.052226 0.896169 4.9498
27 26.9115 23.5257 49.4284
165.646 154.972 0.0457271 0.32448 0 0.052226 0.896169 4.9498
28 26.9115 21.533 69.9564
165.646 154.972 0.0457271 0.32448 0 0.052226 0.896169 4.9498
29 26.9115 20.0878 88.941
165.646 154.972 0.0457271 0.32448 0 0.052226 0.896169 4.9498
30 27.0058 22.6776 51.8101
176.403 169.332 0.0610357 0.32534 0.0609228 0 1.93575 5.57116
31 27.0058 21.4048 87.7555
176.403 169.332 0.0610357 0.32534 0.0609228 0 1.93575 5.57116
32 27.0058 24.4279 25.8162
176.403 169.332 0.0610357 0.32534 0.0609228 0 1.93575 5.57116
33 27.0058 25.6684 3.16436
176.403 169.332 0.0610357 0.32534 0.0609228 0 1.93575 5.57116
34 27.1388 25.2413 27.8881
160.547 150.08 0.0313249 0.349814 0.142959 0 1.2007 5.60914
35 27.538 25.0244 25.5318
173.485 160.785 0.0312636 0.333281 0.0509956 0.0176409 1.36192 6.02187
36 27.538 23.4986 49.4176
173.485 160.785 0.0312636 0.333281 0.0509956 0.0176409 1.36192 6.02187
37 27.538 25.829 2.72758
173.485 160.785 0.0312636 0.333281 0.0509956 0.0176409 1.36192 6.02187
38 27.538 21.7777 74.2298
173.485 160.785 0.0312636 0.333281 0.0509956 0.0176409 1.36192 6.02187
39 27.538 23.6028 52.3963
173.485 160.785 0.0312636 0.333281 0.0509956 0.0176409 1.36192 6.02187
40 30.5498 22.7967 68.1529
180.704 160.456 0.0806159 0.279753 0 0.0449311 3.97653 5.90611
41 30.5498 23.4045 43.5351
180.704 160.456 0.0806159 0.279753 0 0.0449311 3.97653 5.90611
42 30.5498 22.6083 61.6978
180.704 160.456 0.0806159 0.279753 0 0.0449311 3.97653 5.90611
43 30.5498 23.0722 66.3438
180.704 160.456 0.0806159 0.279753 0 0.0449311 3.97653 5.90611
44 30.5498 22.9721 60.6682
180.704 160.456 0.0806159 0.279753 0 0.0449311 3.97653 5.90611
45 30.5498 24.2503 43.1758
180.704 160.456 0.0806159 0.279753 0 0.0449311 3.97653 5.90611
46 30.5498 24.2061 42.6291
180.704 160.456 0.0806159 0.279753 0 0.0449311 3.97653 5.90611
47 30.5498 23.3747 65.2347
180.704 160.456 0.0806159 0.279753 0 0.0449311 3.97653 5.90611
48 30.5498 23.1094 72.0277
180.704 160.456 0.0806159 0.279753 0 0.0449311 3.97653 5.90611
49 30.5498 22.409 88.8526
180.704 160.456 0.0806159 0.279753 0 0.0449311 3.97653 5.90611
50 30.5498 23.4721 61.6947
180.704 160.456 0.0806159 0.279753 0 0.0449311 3.97653 5.90611
51 30.5498 24.3216 33.8138
180.704 160.456 0.0806159 0.279753 0 0.0449311 3.97653 5.90611
52 30.5498 22.7039 65.5381
180.704 160.456 0.0806159 0.279753 0 0.0449311 3.97653 5.90611
53 30.5498 19.5693 98.2335
180.704 160.456 0.0806159 0.279753 0 0.0449311 3.97653 5.90611
54 30.5498 19.9564 109.936
180.704 160.456 0.0806159 0.279753 0 0.0449311 3.97653 5.90611
55 30.5498 19.9015 107.081
180.704 160.456 0.0806159 0.279753 0 0.0449311 3.97653 5.90611
56 30.5498 19.3225 117.209
180.704 160.456 0.0806159 0.279753 0 0.0449311 3.97653 5.90611
57 30.5498 20.4872 116.668
180.704 160.456 0.0806159 0.279753 0 0.0449311 3.97653 5.90611
58 30.5498 18.7949 117.245
180.704 160.456 0.0806159 0.279753 0 0.0449311 3.97653 5.90611
59 30.5498 21.6382 83.8394
180.704 160.456 0.0806159 0.279753 0 0.0449311 3.97653 5.90611
60 30.5498 20.8567 80.3624
180.704 160.456 0.0806159 0.279753 0 0.0449311 3.97653 5.90611
61 30.5498 21.679 84.2155
180.704 160.456 0.0806159 0.279753 0 0.0449311 3.97653 5.90611
62 30.627 21.9738 89.9528
180.802 160.571 0.0811597 0.279454 0.000105675 0.0470957 3.97917 5.90349
63 30.627 18.9591 119.171
180.802 160.571 0.0811597 0.279454 0.000105675 0.0470957 3.97917 5.90349
64 30.627 21.2676 100.814
180.802 160.571 0.0811597 0.279454 0.000105675 0.0470957 3.97917 5.90349
65 30.627 20.7577 115.201
180.802 160.571 0.0811597 0.279454 0.000105675 0.0470957 3.97917 5.90349
66 30.627 22.2268 81.013
180.802 160.571 0.0811597 0.279454 0.000105675 0.0470957 3.97917 5.90349
67 30.627 23.3102 76.8316
180.802 160.571 0.0811597 0.279454 0.000105675 0.0470957 3.97917 5.90349
68 30.627 20.8916 111.109
180.802 160.571 0.0811597 0.279454 0.000105675 0.0470957 3.97917 5.90349
69 30.627 20.0015 106.966
180.802 160.571 0.0811597 0.279454 0.000105675 0.0470957 3.97917 5.90349
70 30.627 22.0556 71.5194
180.802 160.571 0.0811597 0.279454 0.000105675 0.0470957 3.97917 5.90349
71 30.627 23.2888 54.5337
180.802 160.571 0.0811597 0.279454 0.000105675 0.0470957 3.97917 5.90349
72 30.627 18.8123 121.798
180.802 160.571 0.0811597 0.279454 0.000105675 0.0470957 3.97917 5.90349
73 30.627 20.7682 84.3245
180.802 160.571 0.0811597 0.279454 0.000105675 0.0470957 3.97917 5.90349
74 30.627 21.7934 85.4921
180.802 160.571 0.0811597 0.279454 0.000105675 0.0470957 3.97917 5.90349
75 30.627 23.1223 64.3408
180.802 160.571 0.0811597 0.279454 0.000105675 0.0470957 3.97917 5.90349
76 30.627 22.551 81.4952
180.802 160.571 0.0811597 0.279454 0.000105675 0.0470957 3.97917 5.90349
77 30.627 22.029 81.6433
180.802 160.571 0.0811597 0.279454 0.000105675 0.0470957 3.97917 5.90349
78 30.627 22.1772 57.8141
180.802 160.571 0.0811597 0.279454 0.000105675 0.0470957 3.97917 5.90349
79 30.627 21.033 69.7735
180.802 160.571 0.0811597 0.279454 0.000105675 0.0470957 3.97917 5.90349
80 30.627 21.0037 86.5455
180.802 160.571 0.0811597 0.279454 0.000105675 0.0470957 3.97917 5.90349
81 30.627 22.1723 75.2295
180.802 160.571 0.0811597 0.279454 0.000105675 0.0470957 3.97917 5.90349
82 30.627 21.0058 104.948
180.802 160.571 0.0811597 0.279454 0.000105675 0.0470957 3.97917 5.90349
83 30.627 21.8905 95.2893
180.802 160.571 0.0811597 0.279454 0.000105675 0.0470957 3.97917 5.90349
84 30.627 21.319 93.0366
180.802 160.571 0.0811597 0.279454 0.000105675 0.0470957 3.97917 5.90349
85 30.627 21.0277 85.587
180.802 160.571 0.0811597 0.279454 0.000105675 0.0470957 3.97917 5.90349
86 30.627 23.9108 48.9922
180.802 160.571 0.0811597 0.279454 0.000105675 0.0470957 3.97917 5.90349
87 30.627 22.1238 81.8541
180.802 160.571 0.0811597 0.279454 0.000105675 0.0470957 3.97917 5.90349
88 30.627 23.6548 67.2692
180.802 160.571 0.0811597 0.279454 0.000105675 0.0470957 3.97917 5.90349
89 30.627 25.1154 18.6137
180.802 160.571 0.0811597 0.279454 0.000105675 0.0470957 3.97917 5.90349
90 30.627 22.8127 71.7226
180.802 160.571 0.0811597 0.279454 0.000105675 0.0470957 3.97917 5.90349
91 30.627 23.089 69.3708
180.802 160.571 0.0811597 0.279454 0.000105675 0.0470957 3.97917 5.90349
92 30.689 21.1894 115.589
180.427 161.116 0.0780774 0.282249 0.00257902 0.0470411 3.97666 5.92056
93 30.689 20.903 107.571
180.427 161.116 0.0780774 0.282249 0.00257902 0.0470411 3.97666 5.92056
94 30.689 23.2533 78.9074
180.427 161.116 0.0780774 0.282249 0.00257902 0.0470411 3.97666 5.92056
95 30.689 24.3057 62.5603
180.427 161.116 0.0780774 0.282249 0.00257902 0.0470411 3.97666 5.92056
96 30.689 24.699 58.3214
180.427 161.116 0.0780774 0.282249 0.00257902 0.0470411 3.97666 5.92056
97 30.689 24.5566 56.8161
180.427 161.116 0.0780774 0.282249 0.00257902 0.0470411 3.97666 5.92056
98 30.689 24.4055 51.7713
180.427 161.116 0.0780774 0.282249 0.00257902 0.0470411 3.97666 5.92056
99 30.689 23.6538 52.7043
180.427 161.116 0.0780774 0.282249 0.00257902 0.0470411 3.97666 5.92056
100 30.689 21.2444 92.3479
180.427 161.116 0.0780774 0.282249 0.00257902 0.0470411 3.97666 5.92056
