0 26.3423 2.42042 40.101
159.855 139.29 0.264809 0.281542 0.0838773 0.288289 6.61115 5.11495
1 26.3423 4.38664 72.7414
159.855 139.29 0.264809 0.281542 0.0838773 0.288289 6.61115 5.11495
2 27.4688 6.48018 102.257
155.718 133.002 0.214025 0.220265 0 0.230033 6.13199 5.19109
3 27.4688 8.40652 127.759
155.718 133.002 0.214025 0.220265 0 0.230033 6.13199 5.19109
4 27.4688 9.48889 137.22
155.718 133.002 0.214025 0.220265 0 0.230033 6.13199 5.19109
5 28.1739 10.6769 136.632
154.573 133.819 0.21414 0.230143 0.027625 0.20128 6.47275 4.74577
6 28.1911 11.9485 142.688
156.055 132.292 0.226331 0.220253 0 0.236042 6.12383 5.18588
7 28.8196 13.4491 140.077
155.251 132.774 0.221575 0.218303 0.0160707 0.236813 6.01741 5.0998
8 29.4695 15.2569 148.545
161.41 124.949 0.267478 0.245229 0 0.213659 6.2032 4.6516
9 29.9583 14.6641 147.131
154.35 133.497 0.220074 0.23477 0.03181 0.201837 6.49056 4.75021
10 31.1234 16.4758 145.145
169.783 131.187 0.245157 0.206383 0 0.245436 6.30177 4.96565
11 31.5236 17.9051 131.888
154.822 132.225 0.235424 0.22607 0.0477265 0.227807 6.4326 4.9816
12 31.5236 18.758 134.037
154.822 132.225 0.235424 0.22607 0.0477265 0.227807 6.4326 4.9816
13 31.5236 19.9646 121.002
154.822 132.225 0.235424 0.22607 0.0477265 0.227807 6.4326 4.9816
14 31.5236 19.4561 107.656
154.822 132.225 0.235424 0.22607 0.0477265 0.227807 6.4326 4.9816
15 31.5236 20.0538 118.309
154.822 132.225 0.235424 0.22607 0.0477265 0.227807 6.4326 4.9816
16 31.5236 21.2418 102.96
154.822 132.225 0.235424 0.22607 0.0477265 0.227807 6.4326 4.9816
17 32.9901 20.9353 97.5929
169.189 130.964 0.252547 0.205203 0 0.250766 6.2879 4.98631
18 32.9901 19.1071 119.348
169.189 130.964 0.252547 0.205203 0 0.250766 6.2879 4.98631
19 32.9901 19.8498 114.49
169.189 130.964 0.252547 0.205203 0 0.250766 6.2879 4.98631
20 32.9901 20.5431 101.427
169.189 130.964 0.252547 0.205203 0 0.250766 6.2879 4.98631
21 32.9901 20.8674 98.5838
169.189 130.964 0.252547 0.205203 0 0.250766 6.2879 4.98631
22 32.9901 18.8886 118.05
169.189 130.964 0.252547 0.205203 0 0.250766 6.2879 4.98631
23 32.9901 20.3013 108.007
169.189 130.964 0.252547 0.205203 0 0.250766 6.2879 4.98631
24 32.9901 20.3577 118.332
169.189 130.964 0.252547 0.205203 0 0.250766 6.2879 4.98631
25 32.9901 21.2595 94.6106
169.189 130.964 0.252547 0.205203 0 0.250766 6.2879 4.98631
26 32.9901 20.87 100.459
169.189 130.964 0.252547 0.205203 0 0.250766 6.2879 4.98631
27 32.9901 20.7065 109.217
169.189 130.964 0.252547 0.205203 0 0.250766 6.2879 4.98631
28 32.9901 19.1456 107.537
169.189 130.964 0.252547 0.205203 0 0.250766 6.2879 4.98631
29 32.9901 20.5025 96.5405
169.189 130.964 0.252547 0.205203 0 0.250766 6.2879 4.98631
30 32.9901 20.9208 105.479
169.189 130.964 0.252547 0.205203 0 0.250766 6.2879 4.98631
31 32.9901 19.8518 121.75
169.189 130.964 0.252547 0.205203 0 0.250766 6.2879 4.98631
32 32.9901 19.5904 116.57
169.189 130.964 0.252547 0.205203 0 0.250766 6.2879 4.98631
33 32.9901 19.095 117.802
169.189 130.964 0.252547 0.205203 0 0.250766 6.2879 4.98631
34 32.9901 19.7678 113.972
169.189 130.964 0.252547 0.205203 0 0.250766 6.2879 4.98631
35 32.9901 17.9231 135.789
169.189 130.964 0.252547 0.205203 0 0.250766 6.2879 4.98631
36 33.8522 18.649 145.147
159.839 122.401 0.239684 0.156233 0 0.245879 6.03427 3.54117
37 33.8522 18.7065 123.451
159.839 122.401 0.239684 0.156233 0 0.245879 6.03427 3.54117
38 33.8522 19.2191 120.376
159.839 122.401 0.239684 0.156233 0 0.245879 6.03427 3.54117
39 33.8522 20.193 103.028
159.839 122.401 0.239684 0.156233 0 0.245879 6.03427 3.54117
40 33.8522 20.6751 109.515
159.839 122.401 0.239684 0.156233 0 0.245879 6.03427 3.54117
41 33.8522 21.7997 88.0993
159.839 122.401 0.239684 0.156233 0 0.245879 6.03427 3.54117
42 33.8522 21.6796 93.203
159.839 122.401 0.239684 0.156233 0 0.245879 6.03427 3.54117
43 33.8522 22.296 84.3594
159.839 122.401 0.239684 0.156233 0 0.245879 6.03427 3.54117
44 33.8522 21.9454 89.0716
159.839 122.401 0.239684 0.156233 0 0.245879 6.03427 3.54117
45 33.8522 21.7839 94.4713
159.839 122.401 0.239684 0.156233 0 0.245879 6.03427 3.54117
46 33.9374 22.0278 93.1909
139.544 121.139 0.171045 0.190632 0.0666294 0.232981 4.87611 3.68879
47 33.9374 21.6039 97.4782
139.544 121.139 0.171045 0.190632 0.0666294 0.232981 4.87611 3.68879
48 33.944 21.4305 110.619
165.3 127.487 0.248585 0.201732 0.0113562 0.256362 6.2645 4.55012
49 33.944 21.1173 107.606
165.3 127.487 0.248585 0.201732 0.0113562 0.256362 6.2645 4.55012
50 33.944 21.6533 102.599
165.3 127.487 0.248585 0.201732 0.0113562 0.256362 6.2645 4.55012
51 33.944 20.5062 116.241
165.3 127.487 0.248585 0.201732 0.0113562 0.256362 6.2645 4.55012
52 33.944 20.1457 130.707
165.3 127.487 0.248585 0.201732 0.0113562 0.256362 6.2645 4.55012
53 33.944 20.9183 118.441
165.3 127.487 0.248585 0.201732 0.0113562 0.256362 6.2645 4.55012
54 33.944 21.0668 119.221
165.3 127.487 0.248585 0.201732 0.0113562 0.256362 6.2645 4.55012
55 33.944 21.5802 116.405
165.3 127.487 0.248585 0.201732 0.0113562 0.256362 6.2645 4.55012
56 34.1732 21.1942 115.404
136.432 119.557 0.144862 0.200275 0.089716 0.141877 4.77211 3.3645
57 34.1732 21.299 114.173
136.432 119.557 0.144862 0.200275 0.089716 0.141877 4.77211 3.3645
58 34.1732 21.6648 106.02
136.432 119.557 0.144862 0.200275 0.089716 0.141877 4.77211 3.3645
59 34.1732 21.1324 110.953
136.432 119.557 0.144862 0.200275 0.089716 0.141877 4.77211 3.3645
60 34.1732 21.7324 105.514
136.432 119.557 0.144862 0.200275 0.089716 0.141877 4.77211 3.3645
61 34.1732 22.1802 87.845
136.432 119.557 0.144862 0.200275 0.089716 0.141877 4.77211 3.3645
62 36.148 21.7851 95.0488
134.725 119.608 0.152668 0.207066 0.0751944 0.145499 4.68448 3.36861
63 36.148 20.9338 105.881
134.725 119.608 0.152668 0.207066 0.0751944 0.145499 4.68448 3.36861
64 36.148 21.2829 97.9927
134.725 119.608 0.152668 0.207066 0.0751944 0.145499 4.68448 3.36861
65 36.148 21.0422 97.2164
134.725 119.608 0.152668 0.207066 0.0751944 0.145499 4.68448 3.36861
66 36.148 20.946 107.487
134.725 119.608 0.152668 0.207066 0.0751944 0.145499 4.68448 3.36861
67 36.148 20.1884 125.77
134.725 119.608 0.152668 0.207066 0.0751944 0.145499 4.68448 3.36861
68 36.148 21.4563 106.98
134.725 119.608 0.152668 0.207066 0.0751944 0.145499 4.68448 3.36861
69 36.148 22.0051 115.085
134.725 119.608 0.152668 0.207066 0.0751944 0.145499 4.68448 3.36861
70 36.148 22.2728 99.047
134.725 119.608 0.152668 0.207066 0.0751944 0.145499 4.68448 3.36861
71 36.148 22.4361 85.9264
134.725 119.608 0.152668 0.207066 0.0751944 0.145499 4.68448 3.36861
72 36.148 21.3466 101.724
134.725 119.608 0.152668 0.207066 0.0751944 0.145499 4.68448 3.36861
73 36.148 21.6018 104.229
134.725 119.608 0.152668 0.207066 0.0751944 0.145499 4.68448 3.36861
74 36.148 21.4487 109.27
134.725 119.608 0.152668 0.207066 0.0751944 0.145499 4.68448 3.36861
75 36.148 19.2881 136.075
134.725 119.608 0.152668 0.207066 0.0751944 0.145499 4.68448 3.36861
76 36.148 21.5564 100.002
134.725 119.608 0.152668 0.207066 0.0751944 0.145499 4.68448 3.36861
77 36.148 20.4163 119.415
134.725 119.608 0.152668 0.207066 0.0751944 0.145499 4.68448 3.36861
78 36.148 20.7966 120.705
134.725 119.608 0.152668 0.207066 0.0751944 0.145499 4.68448 3.36861
79 36.148 22.351 96.8134
134.725 119.608 0.152668 0.207066 0.0751944 0.145499 4.68448 3.36861
80 36.148 22.1165 102.485
134.725 119.608 0.152668 0.207066 0.0751944 0.145499 4.68448 3.36861
81 36.148 22.7477 101.289
134.725 119.608 0.152668 0.207066 0.0751944 0.145499 4.68448 3.36861
82 36.148 22.0998 122.361
134.725 119.608 0.152668 0.207066 0.0751944 0.145499 4.68448 3.36861
83 36.148 22.4055 93.6441
134.725 119.608 0.152668 0.207066 0.0751944 0.145499 4.68448 3.36861
84 36.148 20.6808 128.149
134.725 119.608 0.152668 0.207066 0.0751944 0.145499 4.68448 3.36861
85 36.148 19.6366 144.1
134.725 119.608 0.152668 0.207066 0.0751944 0.145499 4.68448 3.36861
86 36.148 19.8377 146.115
134.725 119.608 0.152668 0.207066 0.0751944 0.145499 4.68448 3.36861
87 36.3707 20.1869 136.072
137.082 117.346 0.19245 0.202629 0 0.138932 4.83987 3.32786
88 36.3707 20.877 113.014
137.082 117.346 0.19245 0.202629 0 0.138932 4.83987 3.32786
89 36.3707 21.2612 119.528
137.082 117.346 0.19245 0.202629 0 0.138932 4.83987 3.32786
90 36.3707 21.0054 129.717
137.082 117.346 0.19245 0.202629 0 0.138932 4.83987 3.32786
91 36.3707 20.9866 127.194
137.082 117.346 0.19245 0.202629 0 0.138932 4.83987 3.32786
92 36.3707 21.8828 106.836
137.082 117.346 0.19245 0.202629 0 0.138932 4.83987 3.32786
93 36.3707 22.1865 109.503
137.082 117.346 0.19245 0.202629 0 0.138932 4.83987 3.32786
94 36.3707 22.9908 94.2633
137.082 117.346 0.19245 0.202629 0 0.138932 4.83987 3.32786
95 36.3707 21.7734 120.46
137.082 117.346 0.19245 0.202629 0 0.138932 4.83987 3.32786
96 36.3707 21.0996 130.212
137.082 117.346 0.19245 0.202629 0 0.138932 4.83987 3.32786
97 36.3707 21.0516 117.833
137.082 117.346 0.19245 0.202629 0 0.138932 4.83987 3.32786
98 36.3707 21.4041 102.076
137.082 117.346 0.19245 0.202629 0 0.138932 4.83987 3.32786
99 36.3707 21.9867 117.867
137.082 117.346 0.19245 0.202629 0 0.138932 4.83987 3.32786
100 36.3707 22.9326 101.468
137.082 117.346 0.19245 0.202629 0 0.138932 4.83987 3.32786
