0 25.7976 1.83597 24.5154
161.82 175.161 0.0709293 0.564068 0.141438 0.564068 9.81284 2.77618
1 25.8863 3.17196 42.0668
167.92 180.567 0.112841 0.568382 0.216472 0.568382 9.72671 2.79252
2 25.9107 4.84018 67.805
168.855 180.033 0.122776 0.550135 0.225939 0.550135 10 2.95662
3 25.9107 6.62705 91.3946
168.855 180.033 0.122776 0.550135 0.225939 0.550135 10 2.95662
4 25.9672 9.14212 118.638
169.216 185.124 0.135155 0.49663 0.176387 0.49663 9.54048 2.07801
5 26.0546 11.7661 136.715
170.929 194.188 0.150966 0.47653 0.308013 0.47653 10 2.19631
6 26.1582 13.0829 141.747
163.184 200 0.130587 0.41536 0.281651 0.41536 8.47878 3.14869
7 26.4313 14.6121 133.739
181.113 170.048 0.0835123 0.2825 0.266146 0.2825 9.54727 2.77573
8 26.9041 15.6966 134.584
164.429 200 0.112697 0.194403 0.112697 0.194403 9.0404 3.01767
9 26.9041 15.9096 133.339
164.429 200 0.112697 0.194403 0.112697 0.194403 9.0404 3.01767
10 26.9041 15.0711 135.467
164.429 200 0.112697 0.194403 0.112697 0.194403 9.0404 3.01767
11 27.3102 16.2276 135.674
165.383 200 0.10213 0.167384 0.10213 0.191428 8.95269 3.67354
12 27.3102 16.6414 137.558
165.383 200 0.10213 0.167384 0.10213 0.191428 8.95269 3.67354
13 27.3102 17.6631 124.025
165.383 200 0.10213 0.167384 0.10213 0.191428 8.95269 3.67354
14 27.3102 16.0298 136.559
165.383 200 0.10213 0.167384 0.10213 0.191428 8.95269 3.67354
15 27.3102 15.8042 137.686
165.383 200 0.10213 0.167384 0.10213 0.191428 8.95269 3.67354
16 27.4177 16.9689 121.763
164.721 194.183 0.0988926 0.15173 0.0988926 0.15173 8.52863 3.84208
17 27.4827 17.7587 122.102
165.092 200 0.110109 0.140335 0.110109 0.162158 9.08001 3.48562
18 27.8765 18.9927 112.402
165.075 195.657 0.0901897 0.141031 0.0901897 0.141031 8.60272 3.79192
19 27.8765 19.4876 101.904
165.075 195.657 0.0901897 0.141031 0.0901897 0.141031 8.60272 3.79192
20 27.8765 19.3786 104.903
165.075 195.657 0.0901897 0.141031 0.0901897 0.141031 8.60272 3.79192
21 27.8765 20.3264 83.5348
165.075 195.657 0.0901897 0.141031 0.0901897 0.141031 8.60272 3.79192
22 27.9373 21.8981 72.4895
154.156 196.064 0.104499 0.1706 0.104499 0.1706 9.37047 5.94237
23 27.9373 21.6366 79.4766
154.156 196.064 0.104499 0.1706 0.104499 0.1706 9.37047 5.94237
24 27.9373 21.0077 76.8457
154.156 196.064 0.104499 0.1706 0.104499 0.1706 9.37047 5.94237
25 28.4698 21.8557 67.5004
166.11 174.184 0.0496786 0.145761 0.21755 0.28177 9.31065 6.06112
26 28.4698 19.774 94.99
166.11 174.184 0.0496786 0.145761 0.21755 0.28177 9.31065 6.06112
27 33.0828 20.3875 98.59
159.022 196.64 0.0849308 0.146093 0.0849308 0.146093 9.80929 5.96066
28 33.0828 20.16 97.7916
159.022 196.64 0.0849308 0.146093 0.0849308 0.146093 9.80929 5.96066
29 33.0828 19.7571 95.1406
159.022 196.64 0.0849308 0.146093 0.0849308 0.146093 9.80929 5.96066
30 33.0828 17.3376 130.809
159.022 196.64 0.0849308 0.146093 0.0849308 0.146093 9.80929 5.96066
31 33.0828 19.1086 116.126
159.022 196.64 0.0849308 0.146093 0.0849308 0.146093 9.80929 5.96066
32 33.0828 21.2149 86.3154
159.022 196.64 0.0849308 0.146093 0.0849308 0.146093 9.80929 5.96066
33 33.0828 22.3438 87.7506
159.022 196.64 0.0849308 0.146093 0.0849308 0.146093 9.80929 5.96066
34 33.0828 21.5266 105.637
159.022 196.64 0.0849308 0.146093 0.0849308 0.146093 9.80929 5.96066
35 33.0828 23.0677 88.403
159.022 196.64 0.0849308 0.146093 0.0849308 0.146093 9.80929 5.96066
36 33.0828 22.9405 84.0932
159.022 196.64 0.0849308 0.146093 0.0849308 0.146093 9.80929 5.96066
37 35.7535 23.0851 77.7432
156.589 199.257 0.0924851 0.166877 0.0924851 0.166877 9.86718 6.07626
38 35.7535 22.7643 89.4311
156.589 199.257 0.0924851 0.166877 0.0924851 0.166877 9.86718 6.07626
39 35.7535 23.5646 90.6021
156.589 199.257 0.0924851 0.166877 0.0924851 0.166877 9.86718 6.07626
40 35.7535 21.1903 120.793
156.589 199.257 0.0924851 0.166877 0.0924851 0.166877 9.86718 6.07626
41 35.9339 22.5102 107.945
159.183 195.92 0.08959 0.154136 0.08959 0.154136 10 5.69072
42 35.9339 20.1418 118.569
159.183 195.92 0.08959 0.154136 0.08959 0.154136 10 5.69072
43 35.9339 18.8352 131.598
159.183 195.92 0.08959 0.154136 0.08959 0.154136 10 5.69072
44 35.9339 21.4777 100.948
159.183 195.92 0.08959 0.154136 0.08959 0.154136 10 5.69072
45 35.9339 20.8796 101.877
159.183 195.92 0.08959 0.154136 0.08959 0.154136 10 5.69072
46 35.9339 20.6156 111.892
159.183 195.92 0.08959 0.154136 0.08959 0.154136 10 5.69072
47 35.9339 20.6951 107.98
159.183 195.92 0.08959 0.154136 0.08959 0.154136 10 5.69072
48 35.9339 22.7409 95.6278
159.183 195.92 0.08959 0.154136 0.08959 0.154136 10 5.69072
49 35.9339 23.4739 84.7174
159.183 195.92 0.08959 0.154136 0.08959 0.154136 10 5.69072
50 35.9339 23.428 85.6635
159.183 195.92 0.08959 0.154136 0.08959 0.154136 10 5.69072
51 35.9339 21.9568 101.982
159.183 195.92 0.08959 0.154136 0.08959 0.154136 10 5.69072
52 35.9339 22.8457 84.1937
159.183 195.92 0.08959 0.154136 0.08959 0.154136 10 5.69072
53 35.9339 20.1978 122.249
159.183 195.92 0.08959 0.154136 0.08959 0.154136 10 5.69072
54 35.9339 21.403 116.242
159.183 195.92 0.08959 0.154136 0.08959 0.154136 10 5.69072
55 35.9339 21.1215 122.034
159.183 195.92 0.08959 0.154136 0.08959 0.154136 10 5.69072
56 35.9339 19.0395 147.41
159.183 195.92 0.08959 0.154136 0.08959 0.154136 10 5.69072
57 35.9339 22.8224 85.7207
159.183 195.92 0.08959 0.154136 0.08959 0.154136 10 5.69072
58 35.9339 22.48 89.6435
159.183 195.92 0.08959 0.154136 0.08959 0.154136 10 5.69072
59 35.9339 20.6161 118.481
159.183 195.92 0.08959 0.154136 0.08959 0.154136 10 5.69072
60 35.9339 21.061 107.965
159.183 195.92 0.08959 0.154136 0.08959 0.154136 10 5.69072
61 37.9257 21.0175 128.759
156.308 199.523 0.0895112 0.165971 0.0895112 0.165971 9.81739 6.08038
62 37.9257 22.6603 99.2188
156.308 199.523 0.0895112 0.165971 0.0895112 0.165971 9.81739 6.08038
63 37.9257 20.2974 138.863
156.308 199.523 0.0895112 0.165971 0.0895112 0.165971 9.81739 6.08038
64 37.9257 20.9452 111.399
156.308 199.523 0.0895112 0.165971 0.0895112 0.165971 9.81739 6.08038
65 37.9257 21.2901 122.119
156.308 199.523 0.0895112 0.165971 0.0895112 0.165971 9.81739 6.08038
66 37.9257 22.1746 110.87
156.308 199.523 0.0895112 0.165971 0.0895112 0.165971 9.81739 6.08038
67 37.9257 20.6133 122.373
156.308 199.523 0.0895112 0.165971 0.0895112 0.165971 9.81739 6.08038
68 37.9257 21.1983 105.439
156.308 199.523 0.0895112 0.165971 0.0895112 0.165971 9.81739 6.08038
69 37.9257 20.6768 107.897
156.308 199.523 0.0895112 0.165971 0.0895112 0.165971 9.81739 6.08038
70 37.9257 19.9964 140.046
156.308 199.523 0.0895112 0.165971 0.0895112 0.165971 9.81739 6.08038
71 37.9257 20.7889 133.056
156.308 199.523 0.0895112 0.165971 0.0895112 0.165971 9.81739 6.08038
72 37.9257 19.8197 136.438
156.308 199.523 0.0895112 0.165971 0.0895112 0.165971 9.81739 6.08038
73 37.9257 21.1925 133.984
156.308 199.523 0.0895112 0.165971 0.0895112 0.165971 9.81739 6.08038
74 37.9257 22.6973 116.715
156.308 199.523 0.0895112 0.165971 0.0895112 0.165971 9.81739 6.08038
75 37.9257 21.667 112.963
156.308 199.523 0.0895112 0.165971 0.0895112 0.165971 9.81739 6.08038
76 37.9257 22.6664 111.213
156.308 199.523 0.0895112 0.165971 0.0895112 0.165971 9.81739 6.08038
77 37.9257 22.6051 107.607
156.308 199.523 0.0895112 0.165971 0.0895112 0.165971 9.81739 6.08038
78 37.9257 19.978 133.614
156.308 199.523 0.0895112 0.165971 0.0895112 0.165971 9.81739 6.08038
79 37.9489 21.7626 129.487
156.757 199.201 0.0895035 0.159969 0.0895035 0.159969 9.88568 5.98914
80 37.9489 21.6837 125.529
156.757 199.201 0.0895035 0.159969 0.0895035 0.159969 9.88568 5.98914
81 37.9489 22.81 105.217
156.757 199.201 0.0895035 0.159969 0.0895035 0.159969 9.88568 5.98914
82 37.9489 20.8038 149.394
156.757 199.201 0.0895035 0.159969 0.0895035 0.159969 9.88568 5.98914
83 37.9489 19.7679 159.66
156.757 199.201 0.0895035 0.159969 0.0895035 0.159969 9.88568 5.98914
84 37.9489 21.6536 127.493
156.757 199.201 0.0895035 0.159969 0.0895035 0.159969 9.88568 5.98914
85 37.9489 19.6787 146.79
156.757 199.201 0.0895035 0.159969 0.0895035 0.159969 9.88568 5.98914
86 37.9489 20.6803 136.782
156.757 199.201 0.0895035 0.159969 0.0895035 0.159969 9.88568 5.98914
87 37.9489 22.2039 111.724
156.757 199.201 0.0895035 0.159969 0.0895035 0.159969 9.88568 5.98914
88 37.9489 21.5492 125.172
156.757 199.201 0.0895035 0.159969 0.0895035 0.159969 9.88568 5.98914
89 37.9489 20.9587 132.832
156.757 199.201 0.0895035 0.159969 0.0895035 0.159969 9.88568 5.98914
90 37.9489 21.295 123.929
156.757 199.201 0.0895035 0.159969 0.0895035 0.159969 9.88568 5.98914
91 37.9489 21.6092 117.278
156.757 199.201 0.0895035 0.159969 0.0895035 0.159969 9.88568 5.98914
92 37.9489 20.9591 132.286
156.757 199.201 0.0895035 0.159969 0.0895035 0.159969 9.88568 5.98914
93 37.9489 20.9271 133.599
156.757 199.201 0.0895035 0.159969 0.0895035 0.159969 9.88568 5.98914
94 37.9489 20.334 135.675
156.757 199.201 0.0895035 0.159969 0.0895035 0.159969 9.88568 5.98914
95 37.9489 21.0826 123.421
156.757 199.201 0.0895035 0.159969 0.0895035 0.159969 9.88568 5.98914
96 37.9489 20.8802 130.953
156.757 199.201 0.0895035 0.159969 0.0895035 0.159969 9.88568 5.98914
97 38.6786 21.6347 133.651
156.409 199.765 0.0903262 0.166588 0.0903262 0.166588 9.82314 6.11343
98 38.6786 19.8993 148.323
156.409 199.765 0.0903262 0.166588 0.0903262 0.166588 9.82314 6.11343
99 38.6786 21.5874 122.929
156.409 199.765 0.0903262 0.166588 0.0903262 0.166588 9.82314 6.11343
100 38.6786 22.1963 104.717
156.409 199.765 0.0903262 0.166588 0.0903262 0.166588 9.82314 6.11343
