0 11.8821 5.259 10.3269
127.929 136.386 0.551005 0.131241 0.351894 0.381784 0.675411 2.77484
1 11.8821 5.96007 10.4389
127.929 136.386 0.551005 0.131241 0.351894 0.381784 0.675411 2.77484
2 11.8821 6.31671 9.39226
127.929 136.386 0.551005 0.131241 0.351894 0.381784 0.675411 2.77484
3 13.8736 6.52961 13.3901
113.137 120.261 0.298696 0.649235 0.214518 0.173589 9.25067 10
4 13.8736 8.02935 13.9761
113.137 120.261 0.298696 0.649235 0.214518 0.173589 9.25067 10
5 13.8736 8.70342 16.3088
113.137 120.261 0.298696 0.649235 0.214518 0.173589 9.25067 10
6 15.5267 9.01781 17.6341
127.281 144.174 0.413955 0.191752 0.324911 0.371277 1.60509 2.03785
7 15.5267 9.38367 16.5357
127.281 144.174 0.413955 0.191752 0.324911 0.371277 1.60509 2.03785
8 15.8943 9.54824 20.978
100.371 118.815 0.246078 0.638421 0.182501 0.183933 8.78767 10
9 17.5778 10.6028 25.0493
128.042 146.967 0.361798 0.203771 0.330034 0.377474 1.35009 2.40499
10 18.0757 11.5186 29.781
125.765 143.743 0.417699 0.210668 0.248521 0.303477 0.955943 1.4911
11 18.0757 12.1027 28.8582
125.765 143.743 0.417699 0.210668 0.248521 0.303477 0.955943 1.4911
12 19.6717 12.5854 26.6846
122.882 138.524 0.416751 0.297135 0.164685 0.309422 0.336216 1.01251
13 19.6717 12.0811 28.8282
122.882 138.524 0.416751 0.297135 0.164685 0.309422 0.336216 1.01251
14 20.6334 12.1563 33.8504
120.324 135.927 0.430108 0.275071 0.163431 0.2574 0.405987 0.789283
15 20.6334 13.5301 33.3721
120.324 135.927 0.430108 0.275071 0.163431 0.2574 0.405987 0.789283
16 21.4907 12.9587 38.8822
122.737 101.307 0.606189 0.166549 0 0.332156 0 0.0886143
17 21.4907 14.053 37.4867
122.737 101.307 0.606189 0.166549 0 0.332156 0 0.0886143
18 21.4907 14.9127 33.7325
122.737 101.307 0.606189 0.166549 0 0.332156 0 0.0886143
19 21.6456 15.9661 31.3481
114.225 118.674 0.473676 0.17914 0.0219279 0.361429 1.19998 0.818735
20 22.5035 15.7372 29.2719
122.01 103.413 0.614155 0.171441 0 0.308438 0 0.0373418
21 22.5035 15.4001 35.4359
122.01 103.413 0.614155 0.171441 0 0.308438 0 0.0373418
22 22.5035 14.7892 41.7645
122.01 103.413 0.614155 0.171441 0 0.308438 0 0.0373418
23 22.5035 15.0388 31.6704
122.01 103.413 0.614155 0.171441 0 0.308438 0 0.0373418
24 22.5035 15.5283 32.7538
122.01 103.413 0.614155 0.171441 0 0.308438 0 0.0373418
25 22.5035 15.8819 30.3008
122.01 103.413 0.614155 0.171441 0 0.308438 0 0.0373418
26 22.5035 16.5337 35.0878
122.01 103.413 0.614155 0.171441 0 0.308438 0 0.0373418
27 22.5049 14.5315 44.7764
122.001 103.431 0.614654 0.173072 0 0.3102 0.0261928 0.040366
28 22.5049 15.3734 43.5072
122.001 103.431 0.614654 0.173072 0 0.3102 0.0261928 0.040366
29 22.5049 15.7234 40.8695
122.001 103.431 0.614654 0.173072 0 0.3102 0.0261928 0.040366
30 23.5294 16.0392 34.487
122.127 100 0.644719 0.191377 0 0.167331 0.133529 0.882889
31 23.5294 15.9015 40.7154
122.127 100 0.644719 0.191377 0 0.167331 0.133529 0.882889
32 23.5327 15.6311 45.8094
122.362 100 0.647025 0.185652 0.00254327 0.159852 0.0776127 0.891671
33 23.5327 15.6517 54.7152
122.362 100 0.647025 0.185652 0.00254327 0.159852 0.0776127 0.891671
34 24.1177 16.3056 59.2401
103.412 103.462 0.586918 0.191578 0 0.165235 0 0.35253
35 24.1177 15.5916 55.4205
103.412 103.462 0.586918 0.191578 0 0.165235 0 0.35253
36 24.5849 15.3098 58.2352
104.264 103.108 0.571196 0.187443 0.00345508 0.134013 0.43615 0.359107
37 24.5849 16.52 57.4493
104.264 103.108 0.571196 0.187443 0.00345508 0.134013 0.43615 0.359107
38 24.6234 16.0328 57.9749
106.061 111.846 0.585904 0.184992 0.00778821 0.0914563 0 0.873239
39 25.0604 17.598 49.3297
103.35 105.207 0.549147 0.214353 0.0245605 0.0883087 0 0.957792
40 25.0604 17.8529 36.9343
103.35 105.207 0.549147 0.214353 0.0245605 0.0883087 0 0.957792
41 25.0604 17.7703 41.7804
103.35 105.207 0.549147 0.214353 0.0245605 0.0883087 0 0.957792
42 25.0604 17.2274 50.9852
103.35 105.207 0.549147 0.214353 0.0245605 0.0883087 0 0.957792
43 25.0604 17.6081 50.6852
103.35 105.207 0.549147 0.214353 0.0245605 0.0883087 0 0.957792
44 25.0604 18.1799 40.1603
103.35 105.207 0.549147 0.214353 0.0245605 0.0883087 0 0.957792
45 25.0854 17.1559 42.7031
104.633 104.839 0.577203 0.2136 0.0275992 0.0758673 0.161485 1.18851
46 25.0854 17.5872 49.5251
104.633 104.839 0.577203 0.2136 0.0275992 0.0758673 0.161485 1.18851
47 25.0854 18.3422 44.6557
104.633 104.839 0.577203 0.2136 0.0275992 0.0758673 0.161485 1.18851
48 25.0854 18.6527 43.3833
104.633 104.839 0.577203 0.2136 0.0275992 0.0758673 0.161485 1.18851
49 25.0854 17.7816 39.9608
104.633 104.839 0.577203 0.2136 0.0275992 0.0758673 0.161485 1.18851
50 25.0897 18.1183 42.2455
100 104.404 0.574205 0.230919 0.0232013 0.0763654 0.121329 0.564297
51 25.0897 18.3758 36.4499
100 104.404 0.574205 0.230919 0.0232013 0.0763654 0.121329 0.564297
52 25.5964 17.4115 52.3563
102.16 100 0.552021 0.280605 0 0 0 0.934259
53 25.5964 17.3506 51.6359
102.16 100 0.552021 0.280605 0 0 0 0.934259
54 25.5964 18.265 51.7379
102.16 100 0.552021 0.280605 0 0 0 0.934259
55 25.6307 18.2613 62.5491
100.357 100 0.529222 0.300079 0 0 0.744412 1.00301
56 25.6307 17.9147 65.2855
100.357 100 0.529222 0.300079 0 0 0.744412 1.00301
57 25.6307 18.2205 65.3035
100.357 100 0.529222 0.300079 0 0 0.744412 1.00301
58 25.6307 17.4893 65.9816
100.357 100 0.529222 0.300079 0 0 0.744412 1.00301
59 25.6307 16.6716 70.5513
100.357 100 0.529222 0.300079 0 0 0.744412 1.00301
60 25.6307 16.4052 70.1679
100.357 100 0.529222 0.300079 0 0 0.744412 1.00301
61 25.6307 17.2769 67.8735
100.357 100 0.529222 0.300079 0 0 0.744412 1.00301
62 25.6307 17.5425 66.9736
100.357 100 0.529222 0.300079 0 0 0.744412 1.00301
63 25.6307 18.1536 71.9491
100.357 100 0.529222 0.300079 0 0 0.744412 1.00301
64 25.6307 19.0644 52.9894
100.357 100 0.529222 0.300079 0 0 0.744412 1.00301
65 25.6307 19.2063 50.0279
100.357 100 0.529222 0.300079 0 0 0.744412 1.00301
66 25.6307 19.639 45.8704
100.357 100 0.529222 0.300079 0 0 0.744412 1.00301
67 25.6307 17.0251 88.4323
100.357 100 0.529222 0.300079 0 0 0.744412 1.00301
68 25.6307 18.2567 69.7122
100.357 100 0.529222 0.300079 0 0 0.744412 1.00301
69 25.6307 18.7858 69.2843
100.357 100 0.529222 0.300079 0 0 0.744412 1.00301
70 25.6307 17.6677 62.9488
100.357 100 0.529222 0.300079 0 0 0.744412 1.00301
71 25.6307 16.7004 80.1737
100.357 100 0.529222 0.300079 0 0 0.744412 1.00301
72 25.6307 17.734 63.2154
100.357 100 0.529222 0.300079 0 0 0.744412 1.00301
73 25.6307 18.2444 69.5522
100.357 100 0.529222 0.300079 0 0 0.744412 1.00301
74 25.6307 18.9075 67.736
100.357 100 0.529222 0.300079 0 0 0.744412 1.00301
75 25.6307 18.9668 60.5934
100.357 100 0.529222 0.300079 0 0 0.744412 1.00301
76 25.6307 20.6225 36.9441
100.357 100 0.529222 0.300079 0 0 0.744412 1.00301
77 25.6307 19.6052 38.2813
100.357 100 0.529222 0.300079 0 0 0.744412 1.00301
78 25.6316 19.2806 41.5059
100.608 100.293 0.530882 0.304003 0.00804554 0.000386441 0.544806 1.25683
79 25.6337 19.5632 45.8427
100.713 100 0.533418 0.300906 0 0.0116371 0.912209 1.13668
80 25.641 19.6612 54.0805
100.33 100 0.537761 0.306453 0.00106535 0.0188262 0.318051 1.02519
81 25.641 19.595 49.3308
100.33 100 0.537761 0.306453 0.00106535 0.0188262 0.318051 1.02519
82 25.6492 18.5297 47.0805
100 101.042 0.527237 0.301522 0 0.0360396 0.915976 1.83123
83 25.6492 17.7724 56.7958
100 101.042 0.527237 0.301522 0 0.0360396 0.915976 1.83123
84 25.6492 18.1103 61.0431
100 101.042 0.527237 0.301522 0 0.0360396 0.915976 1.83123
85 25.6492 18.5345 67.2575
100 101.042 0.527237 0.301522 0 0.0360396 0.915976 1.83123
86 25.6492 18.0494 55.425
100 101.042 0.527237 0.301522 0 0.0360396 0.915976 1.83123
87 25.6492 18.3556 58.8031
100 101.042 0.527237 0.301522 0 0.0360396 0.915976 1.83123
88 25.6492 18.6944 57.5983
100 101.042 0.527237 0.301522 0 0.0360396 0.915976 1.83123
89 25.6492 18.6387 45.6436
100 101.042 0.527237 0.301522 0 0.0360396 0.915976 1.83123
90 25.6492 17.7085 59.2697
100 101.042 0.527237 0.301522 0 0.0360396 0.915976 1.83123
91 25.6492 17.9637 76.0349
100 101.042 0.527237 0.301522 0 0.0360396 0.915976 1.83123
92 25.6492 18.7625 61.2632
100 101.042 0.527237 0.301522 0 0.0360396 0.915976 1.83123
93 25.6492 18.8688 55.0199
100 101.042 0.527237 0.301522 0 0.0360396 0.915976 1.83123
94 25.6492 18.8256 60.5364
100 101.042 0.527237 0.301522 0 0.0360396 0.915976 1.83123
95 25.6492 20.3812 43.7369
100 101.042 0.527237 0.301522 0 0.0360396 0.915976 1.83123
96 25.6492 20.0165 41.3555
100 101.042 0.527237 0.301522 0 0.0360396 0.915976 1.83123
97 25.6492 19.4931 45.1464
100 101.042 0.527237 0.301522 0 0.0360396 0.915976 1.83123
98 25.6492 19.5041 45.0172
100 101.042 0.527237 0.301522 0 0.0360396 0.915976 1.83123
99 25.6492 19.5118 43.2726
100 101.042 0.527237 0.301522 0 0.0360396 0.915976 1.83123
100 25.6492 19.8021 46.3671
100 101.042 0.527237 0.301522 0 0.0360396 0.915976 1.83123
