0 5.19569 0.652041 1.95051
170.6 112.068 0.176853 0.317441 0.629708 0.343075 5.53069 6.17285
1 5.19569 1.1683 3.09406
170.6 112.068 0.176853 0.317441 0.629708 0.343075 5.53069 6.17285
2 5.73229 1.81062 4.48193
171.408 113.842 0.204371 0.296168 0.592027 0.310756 5.10267 6.49631
3 7.8032 2.16539 5.86541
170.583 112.885 0.206638 0.293349 0.607177 0.272252 5.31118 6.01808
4 7.8032 2.472 7.16978
170.583 112.885 0.206638 0.293349 0.607177 0.272252 5.31118 6.01808
5 7.8032 2.95268 9.21767
170.583 112.885 0.206638 0.293349 0.607177 0.272252 5.31118 6.01808
6 8.97062 3.43254 8.90071
171.598 119.361 0.341707 0.0205746 0.65088 0.526598 5.11296 4.73124
7 10.3963 4.47285 10.1386
178.584 106.861 0.287106 0.285312 0.702376 0.26405 5.53283 5.88539
8 10.3963 4.34774 12.0047
178.584 106.861 0.287106 0.285312 0.702376 0.26405 5.53283 5.88539
9 10.3963 4.92302 12.0994
178.584 106.861 0.287106 0.285312 0.702376 0.26405 5.53283 5.88539
10 10.4508 5.78599 13.8745
176.683 103.78 0.275888 0.258629 0.700758 0.274518 5.84189 5.28238
11 10.4508 5.92908 13.3816
176.683 103.78 0.275888 0.258629 0.700758 0.274518 5.84189 5.28238
12 12.4445 6.83054 13.9258
169.359 114.529 0.29652 0.242716 0.796654 0.126898 5.3103 6.7936
13 12.4445 6.66203 14.6929
169.359 114.529 0.29652 0.242716 0.796654 0.126898 5.3103 6.7936
14 12.4445 6.99573 14.1049
169.359 114.529 0.29652 0.242716 0.796654 0.126898 5.3103 6.7936
15 13.5728 7.80579 15.7607
165.795 113.634 0.41647 0.357902 0.734356 0 5.38174 6.49183
16 13.6126 8.99384 18.4986
161.349 110.78 0.37193 0.378884 0.728902 0.000978251 5.4361 6.66574
17 13.6429 9.98345 15.8438
166.895 109.885 0.424342 0.200663 0.671052 0.16691 6.68523 5.18427
18 14.8561 9.73798 17.049
170.069 107.546 0.405244 0.153807 0.687821 0.116427 6.80263 5.10695
19 14.8561 9.29298 18.9747
170.069 107.546 0.405244 0.153807 0.687821 0.116427 6.80263 5.10695
20 14.8676 9.66339 19.9687
169.978 107.333 0.406034 0.153048 0.68869 0.116055 6.83646 5.11966
21 15.5874 9.71661 20.056
141.172 101.236 0.43861 0.360244 0.504965 0.00077601 5.14884 6.40912
22 15.5874 10.7094 17.2112
141.172 101.236 0.43861 0.360244 0.504965 0.00077601 5.14884 6.40912
23 15.5874 10.8485 18.2381
141.172 101.236 0.43861 0.360244 0.504965 0.00077601 5.14884 6.40912
24 15.6781 11.1081 18.6318
170.082 115.816 0.540849 0 0.675778 0.262568 5.242 5.51269
25 15.6781 10.229 18.611
170.082 115.816 0.540849 0 0.675778 0.262568 5.242 5.51269
26 15.6781 11.1397 22.0821
170.082 115.816 0.540849 0 0.675778 0.262568 5.242 5.51269
27 15.6781 10.7794 19.0411
170.082 115.816 0.540849 0 0.675778 0.262568 5.242 5.51269
28 15.6781 11.0047 21.5945
170.082 115.816 0.540849 0 0.675778 0.262568 5.242 5.51269
29 15.6781 11.1596 20.7097
170.082 115.816 0.540849 0 0.675778 0.262568 5.242 5.51269
30 15.6781 10.7595 27.8391
170.082 115.816 0.540849 0 0.675778 0.262568 5.242 5.51269
31 15.9912 11.3277 28.2612
166.855 101.846 0.582651 0 0.612812 0.163746 5.67285 7.4533
32 15.9912 11.7151 23.2441
166.855 101.846 0.582651 0 0.612812 0.163746 5.67285 7.4533
33 15.9912 12.1318 16.227
166.855 101.846 0.582651 0 0.612812 0.163746 5.67285 7.4533
34 15.9912 12.1334 17.456
166.855 101.846 0.582651 0 0.612812 0.163746 5.67285 7.4533
35 15.9912 12.2733 18.8594
166.855 101.846 0.582651 0 0.612812 0.163746 5.67285 7.4533
36 15.9912 11.7659 12.9633
166.855 101.846 0.582651 0 0.612812 0.163746 5.67285 7.4533
37 15.9912 11.8014 16.405
166.855 101.846 0.582651 0 0.612812 0.163746 5.67285 7.4533
38 15.9921 11.6659 17.4961
167.916 100 0.593948 0 0.614898 0.168155 5.65176 7.3359
39 16.0163 11.877 20.997
170.403 110.374 0.564797 0.0204216 0.511752 0.143224 5.40584 8.4249
40 16.1588 11.7481 19.9748
182.869 100 0.572693 0 0.703732 0.226737 7.15292 7.34916
41 16.1675 12.0958 22.5571
166.443 103.97 0.549337 0 0.608076 0.242803 5.59579 6.59211
42 16.2088 12.3656 22.5933
166.784 103.848 0.553941 0 0.611627 0.247865 5.40148 6.54202
43 16.2088 13.0414 13.8655
166.784 103.848 0.553941 0 0.611627 0.247865 5.40148 6.54202
44 16.2088 13.1225 15.2377
166.784 103.848 0.553941 0 0.611627 0.247865 5.40148 6.54202
45 16.2088 12.6156 17.0368
166.784 103.848 0.553941 0 0.611627 0.247865 5.40148 6.54202
46 16.2088 13.0793 12.3459
166.784 103.848 0.553941 0 0.611627 0.247865 5.40148 6.54202
47 16.2598 13.0101 10.8947
166.994 104.039 0.554868 0.00130442 0.614705 0.249525 5.38667 6.55203
48 16.2598 13.2553 10.5158
166.994 104.039 0.554868 0.00130442 0.614705 0.249525 5.38667 6.55203
49 16.28 13.416 13.1432
167.406 101.573 0.545196 0.00495817 0.604139 0.266876 5.41047 6.50949
50 16.28 13.1727 7.36869
167.406 101.573 0.545196 0.00495817 0.604139 0.266876 5.41047 6.50949
51 16.28 13.3424 8.76761
167.406 101.573 0.545196 0.00495817 0.604139 0.266876 5.41047 6.50949
52 16.3352 12.7599 9.68638
166.923 103.704 0.551847 0.00290377 0.604281 0.256399 5.17811 6.65203
53 16.3352 11.8894 12.5626
166.923 103.704 0.551847 0.00290377 0.604281 0.256399 5.17811 6.65203
54 16.3352 12.1722 11.4035
166.923 103.704 0.551847 0.00290377 0.604281 0.256399 5.17811 6.65203
55 16.3352 12.4294 10.282
166.923 103.704 0.551847 0.00290377 0.604281 0.256399 5.17811 6.65203
56 16.3352 12.9654 10.8474
166.923 103.704 0.551847 0.00290377 0.604281 0.256399 5.17811 6.65203
57 16.3352 12.8371 12.2105
166.923 103.704 0.551847 0.00290377 0.604281 0.256399 5.17811 6.65203
58 16.3352 13.2151 11.9347
166.923 103.704 0.551847 0.00290377 0.604281 0.256399 5.17811 6.65203
59 16.3352 13.084 10.7789
166.923 103.704 0.551847 0.00290377 0.604281 0.256399 5.17811 6.65203
60 16.3443 12.7633 13.5493
157.335 103.763 0.523845 0.055185 0.540225 0.199491 5.49531 6.47762
61 16.3443 12.3516 15.7139
157.335 103.763 0.523845 0.055185 0.540225 0.199491 5.49531 6.47762
62 16.3443 11.7405 13.7016
157.335 103.763 0.523845 0.055185 0.540225 0.199491 5.49531 6.47762
63 16.3875 12.6609 13.4533
157.705 103.361 0.530024 0.0548502 0.542347 0.194243 5.51512 6.49485
64 16.3875 12.6837 13.6367
157.705 103.361 0.530024 0.0548502 0.542347 0.194243 5.51512 6.49485
65 16.3875 11.7074 20.2484
157.705 103.361 0.530024 0.0548502 0.542347 0.194243 5.51512 6.49485
66 16.3875 10.938 24.1513
157.705 103.361 0.530024 0.0548502 0.542347 0.194243 5.51512 6.49485
67 16.3951 11.5127 22.16
156.814 103.66 0.526947 0.0588167 0.544575 0.201764 5.43247 6.46569
68 16.5634 11.8294 21.3569
156.881 103.569 0.529325 0.0560808 0.543204 0.198745 5.41492 6.47643
69 16.5634 11.7743 21.5296
156.881 103.569 0.529325 0.0560808 0.543204 0.198745 5.41492 6.47643
70 16.5634 12.2704 14.6036
156.881 103.569 0.529325 0.0560808 0.543204 0.198745 5.41492 6.47643
71 19.5876 12.8216 16.0927
128.811 110.128 0.522042 0 0.046479 0.258304 1.07458 6.34877
72 19.6342 13.8431 10.5127
126.577 107.097 0.414196 0.0800117 0 0.267748 0.132868 6.20019
73 20.0892 13.9167 13.273
125.879 110.646 0.523394 0 0.0112363 0.293064 1.36072 6.21014
74 20.6334 13.6484 21.4793
125.162 121.055 0.426114 0 0.0390544 0.334277 0.178435 6.91376
75 21.0627 14.9938 21.4868
124.275 112.269 0.456684 0 0.0235448 0.221796 0 5.36455
76 21.0627 15.7001 19.7767
124.275 112.269 0.456684 0 0.0235448 0.221796 0 5.36455
77 21.0775 15.0157 22.5742
124.079 112.786 0.449216 0.0226867 0.0412746 0.198661 0.00466371 5.40183
78 21.6393 14.7709 33.5167
128.921 100 0.461161 0.0415927 0.0596025 0.230357 0.00938091 4.81991
79 21.6393 14.5288 41.6239
128.921 100 0.461161 0.0415927 0.0596025 0.230357 0.00938091 4.81991
80 21.6758 15.0674 42.9779
132.468 100 0.459605 0.0469195 0.0518153 0.220187 0.0978011 5.34845
81 21.6758 14.4735 40.3043
132.468 100 0.459605 0.0469195 0.0518153 0.220187 0.0978011 5.34845
82 21.6758 14.099 41.4436
132.468 100 0.459605 0.0469195 0.0518153 0.220187 0.0978011 5.34845
83 21.6758 14.4879 34.993
132.468 100 0.459605 0.0469195 0.0518153 0.220187 0.0978011 5.34845
84 21.6758 14.0006 52.4116
132.468 100 0.459605 0.0469195 0.0518153 0.220187 0.0978011 5.34845
85 21.6758 14.2586 53.533
132.468 100 0.459605 0.0469195 0.0518153 0.220187 0.0978011 5.34845
86 21.6758 13.5854 56.7561
132.468 100 0.459605 0.0469195 0.0518153 0.220187 0.0978011 5.34845
87 21.6758 13.2803 59.418
132.468 100 0.459605 0.0469195 0.0518153 0.220187 0.0978011 5.34845
88 21.6758 14.9334 33.1664
132.468 100 0.459605 0.0469195 0.0518153 0.220187 0.0978011 5.34845
89 21.6758 15.3243 30.7885
132.468 100 0.459605 0.0469195 0.0518153 0.220187 0.0978011 5.34845
90 21.6758 14.9604 35.8104
132.468 100 0.459605 0.0469195 0.0518153 0.220187 0.0978011 5.34845
91 21.6758 14.9832 44.2258
132.468 100 0.459605 0.0469195 0.0518153 0.220187 0.0978011 5.34845
92 22.2486 15.2994 36.4413
121.718 100 0.425476 0.0835367 0.0608128 0.192259 0 5.67217
93 22.2486 15.0212 36.5825
121.718 100 0.425476 0.0835367 0.0608128 0.192259 0 5.67217
94 22.2486 15.4338 38.1011
121.718 100 0.425476 0.0835367 0.0608128 0.192259 0 5.67217
95 22.2486 15.1923 43.1634
121.718 100 0.425476 0.0835367 0.0608128 0.192259 0 5.67217
96 22.2486 16.1736 40.0365
121.718 100 0.425476 0.0835367 0.0608128 0.192259 0 5.67217
97 22.2486 15.9515 38.743
121.718 100 0.425476 0.0835367 0.0608128 0.192259 0 5.67217
98 22.2486 13.9955 33.9591
121.718 100 0.425476 0.0835367 0.0608128 0.192259 0 5.67217
99 22.2486 15.932 33.191
121.718 100 0.425476 0.0835367 0.0608128 0.192259 0 5.67217
100 22.2486 15.3936 45.8689
121.718 100 0.425476 0.0835367 0.0608128 0.192259 0 5.67217
