0 4.3808 0.426123 1.24841
144.422 117.095 0.148795 0.319377 0.134154 0.130324 8.25842 3.87453
1 4.3808 0.770208 2.19648
144.422 117.095 0.148795 0.319377 0.134154 0.130324 8.25842 3.87453
2 5.71705 1.28076 4.69742
138.965 117.493 0.23157 0.291185 0.243809 0.0177503 6.05377 5.28393
3 5.88583 2.13134 7.07358
142.649 118.838 0.182005 0.295004 0.0961913 0.117454 7.83263 4.29641
4 7.13223 2.43146 7.76061
148.184 123.1 0.47375 0.108379 0.23157 0.0450116 6.54699 3.17684
5 7.13223 2.63935 8.03099
148.184 123.1 0.47375 0.108379 0.23157 0.0450116 6.54699 3.17684
6 8.78865 2.46034 9.29649
149.652 123.311 0.354518 0.103894 0.338294 0 6.61511 3.39121
7 8.78865 2.56768 9.71362
149.652 123.311 0.354518 0.103894 0.338294 0 6.61511 3.39121
8 8.78865 2.66075 10.2081
149.652 123.311 0.354518 0.103894 0.338294 0 6.61511 3.39121
9 8.78865 2.70376 9.95775
149.652 123.311 0.354518 0.103894 0.338294 0 6.61511 3.39121
10 8.78865 2.92694 10.8017
149.652 123.311 0.354518 0.103894 0.338294 0 6.61511 3.39121
11 8.78865 3.41435 8.72895
149.652 123.311 0.354518 0.103894 0.338294 0 6.61511 3.39121
12 10.0351 3.2798 11.3559
145.956 123.324 0.333993 0.100596 0.357882 0.0550655 6.13647 3.03828
13 10.0351 3.9629 13.5742
145.956 123.324 0.333993 0.100596 0.357882 0.0550655 6.13647 3.03828
14 10.0351 3.88131 11.4615
145.956 123.324 0.333993 0.100596 0.357882 0.0550655 6.13647 3.03828
15 10.0351 3.84971 10.5136
145.956 123.324 0.333993 0.100596 0.357882 0.0550655 6.13647 3.03828
16 10.0351 3.28088 9.56175
145.956 123.324 0.333993 0.100596 0.357882 0.0550655 6.13647 3.03828
17 10.0351 2.7763 10.5041
145.956 123.324 0.333993 0.100596 0.357882 0.0550655 6.13647 3.03828
18 10.0351 2.86913 9.11391
145.956 123.324 0.333993 0.100596 0.357882 0.0550655 6.13647 3.03828
19 10.0351 3.09975 11.488
145.956 123.324 0.333993 0.100596 0.357882 0.0550655 6.13647 3.03828
20 10.0351 3.48664 11.5664
145.956 123.324 0.333993 0.100596 0.357882 0.0550655 6.13647 3.03828
21 10.0532 2.89803 12.7831
141.691 120.858 0.319734 0.0707893 0.328864 0.17636 6.25599 3.88686
22 10.0532 4.03386 13.3563
141.691 120.858 0.319734 0.0707893 0.328864 0.17636 6.25599 3.88686
23 10.0532 3.99319 10.7776
141.691 120.858 0.319734 0.0707893 0.328864 0.17636 6.25599 3.88686
24 14.3093 4.20654 17.1812
150.744 126.174 0.354452 0.0495981 0.407792 0.234711 6.59201 4.38553
25 14.3093 4.16164 14.7816
150.744 126.174 0.354452 0.0495981 0.407792 0.234711 6.59201 4.38553
26 14.3093 4.48282 20.437
150.744 126.174 0.354452 0.0495981 0.407792 0.234711 6.59201 4.38553
27 14.3093 5.05148 18.9766
150.744 126.174 0.354452 0.0495981 0.407792 0.234711 6.59201 4.38553
28 14.3093 4.90725 23.3039
150.744 126.174 0.354452 0.0495981 0.407792 0.234711 6.59201 4.38553
29 14.3181 4.90009 23.2714
151.992 125.121 0.352836 0.0540623 0.399761 0.228611 6.50973 4.41994
30 14.3181 4.55559 18.9671
151.992 125.121 0.352836 0.0540623 0.399761 0.228611 6.50973 4.41994
31 14.3181 5.04953 17.1038
151.992 125.121 0.352836 0.0540623 0.399761 0.228611 6.50973 4.41994
32 14.3181 4.55825 18.9736
151.992 125.121 0.352836 0.0540623 0.399761 0.228611 6.50973 4.41994
33 14.3181 4.97611 22.5622
151.992 125.121 0.352836 0.0540623 0.399761 0.228611 6.50973 4.41994
34 14.3181 6.33712 24.3006
151.992 125.121 0.352836 0.0540623 0.399761 0.228611 6.50973 4.41994
35 14.3181 5.69449 19.638
151.992 125.121 0.352836 0.0540623 0.399761 0.228611 6.50973 4.41994
36 14.3181 5.90792 16.963
151.992 125.121 0.352836 0.0540623 0.399761 0.228611 6.50973 4.41994
37 14.3181 5.96447 21.2838
151.992 125.121 0.352836 0.0540623 0.399761 0.228611 6.50973 4.41994
38 14.3181 5.13785 18.6124
151.992 125.121 0.352836 0.0540623 0.399761 0.228611 6.50973 4.41994
39 14.3181 4.97097 23.3445
151.992 125.121 0.352836 0.0540623 0.399761 0.228611 6.50973 4.41994
40 14.3456 4.90282 28.6381
145.808 118.459 0.350757 0.067993 0.427019 0.217899 7.28733 4.64728
41 14.3456 5.32752 24.7318
145.808 118.459 0.350757 0.067993 0.427019 0.217899 7.28733 4.64728
42 14.3456 4.70569 20.1873
145.808 118.459 0.350757 0.067993 0.427019 0.217899 7.28733 4.64728
43 14.3456 6.13548 22.4565
145.808 118.459 0.350757 0.067993 0.427019 0.217899 7.28733 4.64728
44 14.3456 5.5536 23.5239
145.808 118.459 0.350757 0.067993 0.427019 0.217899 7.28733 4.64728
45 14.3456 5.77492 27.0734
145.808 118.459 0.350757 0.067993 0.427019 0.217899 7.28733 4.64728
46 14.3456 6.27992 15.7004
145.808 118.459 0.350757 0.067993 0.427019 0.217899 7.28733 4.64728
47 14.3456 6.61477 21.6168
145.808 118.459 0.350757 0.067993 0.427019 0.217899 7.28733 4.64728
48 14.3456 5.26406 20.0925
145.808 118.459 0.350757 0.067993 0.427019 0.217899 7.28733 4.64728
49 14.3456 5.32332 21.9876
145.808 118.459 0.350757 0.067993 0.427019 0.217899 7.28733 4.64728
50 14.3456 5.48805 21.8278
145.808 118.459 0.350757 0.067993 0.427019 0.217899 7.28733 4.64728
51 14.3456 5.41533 21.0499
145.808 118.459 0.350757 0.067993 0.427019 0.217899 7.28733 4.64728
52 14.3456 5.56896 24.4877
145.808 118.459 0.350757 0.067993 0.427019 0.217899 7.28733 4.64728
53 14.3456 3.76893 21.62
145.808 118.459 0.350757 0.067993 0.427019 0.217899 7.28733 4.64728
54 14.3456 4.93145 24.593
145.808 118.459 0.350757 0.067993 0.427019 0.217899 7.28733 4.64728
55 14.3456 4.84414 27.9916
145.808 118.459 0.350757 0.067993 0.427019 0.217899 7.28733 4.64728
56 14.3456 5.14773 25.4361
145.808 118.459 0.350757 0.067993 0.427019 0.217899 7.28733 4.64728
57 14.3618 5.6308 23.7886
140.919 118.971 0.337122 0.027586 0.429378 0.270655 10 4.15141
58 14.3618 5.28361 21.9287
140.919 118.971 0.337122 0.027586 0.429378 0.270655 10 4.15141
59 14.3618 5.56329 24.3173
140.919 118.971 0.337122 0.027586 0.429378 0.270655 10 4.15141
60 14.3618 6.27844 19.4543
140.919 118.971 0.337122 0.027586 0.429378 0.270655 10 4.15141
61 14.3618 5.82381 25.3462
140.919 118.971 0.337122 0.027586 0.429378 0.270655 10 4.15141
62 14.3618 5.55765 23.3973
140.919 118.971 0.337122 0.027586 0.429378 0.270655 10 4.15141
63 14.3618 5.1298 26.3563
140.919 118.971 0.337122 0.027586 0.429378 0.270655 10 4.15141
64 14.3618 5.49463 24.9454
140.919 118.971 0.337122 0.027586 0.429378 0.270655 10 4.15141
65 14.3618 5.51215 23.1272
140.919 118.971 0.337122 0.027586 0.429378 0.270655 10 4.15141
66 15.7489 6.68467 28.7074
149.377 125.846 0.364985 0.0182243 0.393771 0.289077 9.79153 4.18089
67 15.7489 6.04993 25.4893
149.377 125.846 0.364985 0.0182243 0.393771 0.289077 9.79153 4.18089
68 15.7489 5.7073 25.5227
149.377 125.846 0.364985 0.0182243 0.393771 0.289077 9.79153 4.18089
69 15.7489 6.20688 25.3269
149.377 125.846 0.364985 0.0182243 0.393771 0.289077 9.79153 4.18089
70 15.7489 7.36842 25.1427
149.377 125.846 0.364985 0.0182243 0.393771 0.289077 9.79153 4.18089
71 15.7489 7.31381 25.9132
149.377 125.846 0.364985 0.0182243 0.393771 0.289077 9.79153 4.18089
72 15.7489 6.82916 27.3748
149.377 125.846 0.364985 0.0182243 0.393771 0.289077 9.79153 4.18089
73 15.7489 6.12657 34.436
149.377 125.846 0.364985 0.0182243 0.393771 0.289077 9.79153 4.18089
74 15.7489 5.99136 28.626
149.377 125.846 0.364985 0.0182243 0.393771 0.289077 9.79153 4.18089
75 15.7489 5.69758 28.7108
149.377 125.846 0.364985 0.0182243 0.393771 0.289077 9.79153 4.18089
76 15.7992 5.56693 29.3225
164.188 122.452 0.362211 0.0173813 0.486212 0.289533 8.91436 4.0951
77 15.7992 5.36037 30.4579
164.188 122.452 0.362211 0.0173813 0.486212 0.289533 8.91436 4.0951
78 15.7992 5.8552 31.5784
164.188 122.452 0.362211 0.0173813 0.486212 0.289533 8.91436 4.0951
79 15.8013 5.6341 32.2813
165.379 121.791 0.358803 0.0148707 0.488819 0.297273 8.85163 4.00279
80 15.8013 6.35735 31.9326
165.379 121.791 0.358803 0.0148707 0.488819 0.297273 8.85163 4.00279
81 15.8013 5.77778 29.4673
165.379 121.791 0.358803 0.0148707 0.488819 0.297273 8.85163 4.00279
82 15.8013 6.08501 23.5149
165.379 121.791 0.358803 0.0148707 0.488819 0.297273 8.85163 4.00279
83 15.8013 5.88146 30.9253
165.379 121.791 0.358803 0.0148707 0.488819 0.297273 8.85163 4.00279
84 15.8013 4.85924 22.0169
165.379 121.791 0.358803 0.0148707 0.488819 0.297273 8.85163 4.00279
85 15.8013 5.51533 26.7236
165.379 121.791 0.358803 0.0148707 0.488819 0.297273 8.85163 4.00279
86 15.8013 6.15316 30.707
165.379 121.791 0.358803 0.0148707 0.488819 0.297273 8.85163 4.00279
87 15.8013 5.93454 30.8408
165.379 121.791 0.358803 0.0148707 0.488819 0.297273 8.85163 4.00279
88 15.8013 5.717 26.0975
165.379 121.791 0.358803 0.0148707 0.488819 0.297273 8.85163 4.00279
89 15.8013 5.94095 21.9216
165.379 121.791 0.358803 0.0148707 0.488819 0.297273 8.85163 4.00279
90 15.8013 5.91941 24.0302
165.379 121.791 0.358803 0.0148707 0.488819 0.297273 8.85163 4.00279
91 15.8013 5.79766 24.1445
165.379 121.791 0.358803 0.0148707 0.488819 0.297273 8.85163 4.00279
92 15.8013 6.04116 23.479
165.379 121.791 0.358803 0.0148707 0.488819 0.297273 8.85163 4.00279
93 15.8013 5.95976 23.524
165.379 121.791 0.358803 0.0148707 0.488819 0.297273 8.85163 4.00279
94 15.8059 6.36991 27.2964
164.205 122.383 0.36124 0.0172738 0.485442 0.288788 8.91664 4.10378
95 15.8059 5.88699 26.7612
164.205 122.383 0.36124 0.0172738 0.485442 0.288788 8.91664 4.10378
96 15.8059 4.94405 29.067
164.205 122.383 0.36124 0.0172738 0.485442 0.288788 8.91664 4.10378
97 15.8059 5.49472 31.6639
164.205 122.383 0.36124 0.0172738 0.485442 0.288788 8.91664 4.10378
98 15.8059 5.42795 25.1074
164.205 122.383 0.36124 0.0172738 0.485442 0.288788 8.91664 4.10378
99 15.8059 6.10186 30.7839
164.205 122.383 0.36124 0.0172738 0.485442 0.288788 8.91664 4.10378
100 15.8059 5.62557 27.6972
164.205 122.383 0.36124 0.0172738 0.485442 0.288788 8.91664 4.10378
