0 12.9363 1.48388 12.724
186.275 138.083 0.485892 0.00649473 0.149923 0.638711 6.76676 2.91285
1 12.9979 2.42033 19.3522
178.873 178.613 0.00761627 0.404736 0.287002 0.510539 9.53417 7.28528
2 14.3896 2.35473 23.6961
174.114 179.375 0.0105673 0.400192 0.288014 0.509033 10 6.56421
3 14.3976 3.71296 28.9775
174.037 179.391 0.0101986 0.401803 0.287126 0.507469 9.98629 6.57034
4 14.3976 4.63034 27.7624
174.037 179.391 0.0101986 0.401803 0.287126 0.507469 9.98629 6.57034
5 14.3976 4.71285 25.1941
174.037 179.391 0.0101986 0.401803 0.287126 0.507469 9.98629 6.57034
6 14.3976 4.42 19.4853
174.037 179.391 0.0101986 0.401803 0.287126 0.507469 9.98629 6.57034
7 14.3976 4.20915 19.4052
174.037 179.391 0.0101986 0.401803 0.287126 0.507469 9.98629 6.57034
8 14.4008 4.63846 23.9242
173.715 178.71 0.0105625 0.401812 0.285668 0.512161 9.85082 6.56048
9 15.769 5.92773 30.2325
196.008 121.195 0.435826 0.264128 0.0637694 0.0457706 8.93619 7.59388
10 15.8328 5.71715 29.5582
196.735 120.926 0.467488 0.279482 0.0293192 0.0455115 8.92748 7.59439
11 15.8328 5.00328 25.4269
196.735 120.926 0.467488 0.279482 0.0293192 0.0455115 8.92748 7.59439
12 17.1801 7.71372 33.0543
195.206 125.559 0.432615 0.248088 0.0656664 0.0417832 8.57857 7.39303
13 17.1801 7.50662 29.7793
195.206 125.559 0.432615 0.248088 0.0656664 0.0417832 8.57857 7.39303
14 17.1801 7.29089 34.3641
195.206 125.559 0.432615 0.248088 0.0656664 0.0417832 8.57857 7.39303
15 17.4893 7.88515 41.6868
188.275 126.049 0.34393 0.232537 0.0284412 0.106674 7.05915 7.35954
16 17.4893 6.71639 45.0047
188.275 126.049 0.34393 0.232537 0.0284412 0.106674 7.05915 7.35954
17 17.4893 6.6454 43.988
188.275 126.049 0.34393 0.232537 0.0284412 0.106674 7.05915 7.35954
18 17.5427 8.10562 55.0185
191.432 135.481 0.300238 0.0387956 0.0793943 0.288828 10 5.30809
19 17.5427 9.57431 50.8391
191.432 135.481 0.300238 0.0387956 0.0793943 0.288828 10 5.30809
20 18.0836 10.239 56.3274
200 140.836 0.275882 0.263285 0.108269 0.0786101 6.78718 6.48834
21 18.0836 9.71933 49.9611
200 140.836 0.275882 0.263285 0.108269 0.0786101 6.78718 6.48834
22 18.0836 10.0682 46.9144
200 140.836 0.275882 0.263285 0.108269 0.0786101 6.78718 6.48834
23 18.0836 10.3121 48.2026
200 140.836 0.275882 0.263285 0.108269 0.0786101 6.78718 6.48834
24 18.0836 11.1345 43.3537
200 140.836 0.275882 0.263285 0.108269 0.0786101 6.78718 6.48834
25 18.0836 11.6452 38.1552
200 140.836 0.275882 0.263285 0.108269 0.0786101 6.78718 6.48834
26 18.2357 12.1887 32.7711
196.825 140.249 0.276317 0.283537 0.088457 0.075894 6.14195 6.35765
27 18.2357 11.8333 36.5655
196.825 140.249 0.276317 0.283537 0.088457 0.075894 6.14195 6.35765
28 18.2357 10.3148 39.4248
196.825 140.249 0.276317 0.283537 0.088457 0.075894 6.14195 6.35765
29 18.2357 11.1631 31.9402
196.825 140.249 0.276317 0.283537 0.088457 0.075894 6.14195 6.35765
30 18.3677 11.1938 35.9541
200 140.976 0.273388 0.258351 0.0976428 0.131851 6.20901 6.07454
31 18.3677 11.2607 38.7347
200 140.976 0.273388 0.258351 0.0976428 0.131851 6.20901 6.07454
32 18.3677 10.5477 46.3393
200 140.976 0.273388 0.258351 0.0976428 0.131851 6.20901 6.07454
33 18.3677 10.0319 42.2463
200 140.976 0.273388 0.258351 0.0976428 0.131851 6.20901 6.07454
34 18.3677 9.66688 39.7858
200 140.976 0.273388 0.258351 0.0976428 0.131851 6.20901 6.07454
35 18.3677 11.2349 40.1178
200 140.976 0.273388 0.258351 0.0976428 0.131851 6.20901 6.07454
36 18.3677 12.7622 39.8037
200 140.976 0.273388 0.258351 0.0976428 0.131851 6.20901 6.07454
37 18.3677 11.6467 39.7623
200 140.976 0.273388 0.258351 0.0976428 0.131851 6.20901 6.07454
38 20.117 11.6944 35.2089
198.985 150.658 0.408978 0.28563 0.015713 0 7.39042 7.30649
39 20.117 11.3982 28.3656
198.985 150.658 0.408978 0.28563 0.015713 0 7.39042 7.30649
40 20.117 9.69748 41.0359
198.985 150.658 0.408978 0.28563 0.015713 0 7.39042 7.30649
41 20.117 9.58604 38.694
198.985 150.658 0.408978 0.28563 0.015713 0 7.39042 7.30649
42 20.117 8.47754 61.5501
198.985 150.658 0.408978 0.28563 0.015713 0 7.39042 7.30649
43 20.117 10.2923 50.279
198.985 150.658 0.408978 0.28563 0.015713 0 7.39042 7.30649
44 20.117 10.3096 61.8165
198.985 150.658 0.408978 0.28563 0.015713 0 7.39042 7.30649
45 20.117 10.8095 59.5368
198.985 150.658 0.408978 0.28563 0.015713 0 7.39042 7.30649
46 20.117 11.1555 53.0954
198.985 150.658 0.408978 0.28563 0.015713 0 7.39042 7.30649
47 20.117 11.7313 46.8099
198.985 150.658 0.408978 0.28563 0.015713 0 7.39042 7.30649
48 20.1345 13.1271 40.9093
195.15 145.426 0.422298 0.305349 0.0288615 0.00506733 7.27549 6.90941
49 20.1345 10.6114 48.369
195.15 145.426 0.422298 0.305349 0.0288615 0.00506733 7.27549 6.90941
50 20.1345 9.17456 60.1816
195.15 145.426 0.422298 0.305349 0.0288615 0.00506733 7.27549 6.90941
51 20.1345 11.2393 57.0458
195.15 145.426 0.422298 0.305349 0.0288615 0.00506733 7.27549 6.90941
52 20.1345 12.1274 61.8563
195.15 145.426 0.422298 0.305349 0.0288615 0.00506733 7.27549 6.90941
53 20.1345 11.3623 54.7692
195.15 145.426 0.422298 0.305349 0.0288615 0.00506733 7.27549 6.90941
54 20.2732 11.1494 61.6773
174.322 122.741 0.368834 0.409187 0 0.0905889 7.25659 6.30809
55 20.2732 11.6592 47.2127
174.322 122.741 0.368834 0.409187 0 0.0905889 7.25659 6.30809
56 20.2795 12.4494 41.9995
172.377 120.729 0.329282 0.40337 0.00637102 0.0644575 6.92501 7.01625
57 20.2795 11.9389 48.8764
172.377 120.729 0.329282 0.40337 0.00637102 0.0644575 6.92501 7.01625
58 20.2795 12.4072 46.5511
172.377 120.729 0.329282 0.40337 0.00637102 0.0644575 6.92501 7.01625
59 20.2795 10.8048 39.9876
172.377 120.729 0.329282 0.40337 0.00637102 0.0644575 6.92501 7.01625
60 20.2795 10.11 53.4197
172.377 120.729 0.329282 0.40337 0.00637102 0.0644575 6.92501 7.01625
61 20.2838 10.7354 59.049
163.209 113.425 0.373187 0.344393 0 0.155512 8.13982 6.72199
62 20.2838 9.59855 52.1868
163.209 113.425 0.373187 0.344393 0 0.155512 8.13982 6.72199
63 20.3843 11.8381 56.5742
173.045 122.876 0.333074 0.381429 0.00272715 0.0640845 7.16918 6.94311
64 20.3843 10.7794 50.3432
173.045 122.876 0.333074 0.381429 0.00272715 0.0640845 7.16918 6.94311
65 20.6562 11.5411 42.0905
141.694 115.165 0.320947 0.36762 0.0383156 0.058535 7.31446 7.72021
66 20.6562 10.3296 52.6866
141.694 115.165 0.320947 0.36762 0.0383156 0.058535 7.31446 7.72021
67 20.6562 9.01167 55.033
141.694 115.165 0.320947 0.36762 0.0383156 0.058535 7.31446 7.72021
68 20.6562 9.08415 47.0676
141.694 115.165 0.320947 0.36762 0.0383156 0.058535 7.31446 7.72021
69 21.6059 9.72379 61.0725
141.4 112.406 0.420577 0.292802 0.0213642 0.0927353 7.99016 8.7464
70 21.6059 10.8868 57.3932
141.4 112.406 0.420577 0.292802 0.0213642 0.0927353 7.99016 8.7464
71 21.6059 11.9419 49.9672
141.4 112.406 0.420577 0.292802 0.0213642 0.0927353 7.99016 8.7464
72 21.6059 12.5665 44.953
141.4 112.406 0.420577 0.292802 0.0213642 0.0927353 7.99016 8.7464
73 22.9772 13.9726 40.3889
136.907 113.014 0.404555 0.288458 0 0.0439328 7.73498 8.93162
74 22.9772 14.0494 40.676
136.907 113.014 0.404555 0.288458 0 0.0439328 7.73498 8.93162
75 22.9772 13.6158 36.5534
136.907 113.014 0.404555 0.288458 0 0.0439328 7.73498 8.93162
76 22.9772 11.5221 54.2965
136.907 113.014 0.404555 0.288458 0 0.0439328 7.73498 8.93162
77 22.9772 11.4087 58.6497
136.907 113.014 0.404555 0.288458 0 0.0439328 7.73498 8.93162
78 22.9772 12.2483 58.0099
136.907 113.014 0.404555 0.288458 0 0.0439328 7.73498 8.93162
79 22.9772 9.70933 53.8023
136.907 113.014 0.404555 0.288458 0 0.0439328 7.73498 8.93162
80 22.9787 13.1245 53.1589
136.833 113.17 0.404604 0.288798 0.000429904 0.044503 7.76485 8.92695
81 22.9787 10.5983 72.9653
136.833 113.17 0.404604 0.288798 0.000429904 0.044503 7.76485 8.92695
82 22.9787 9.58954 69.0097
136.833 113.17 0.404604 0.288798 0.000429904 0.044503 7.76485 8.92695
83 22.9787 11.2053 64.762
136.833 113.17 0.404604 0.288798 0.000429904 0.044503 7.76485 8.92695
84 22.9787 11.586 74.1881
136.833 113.17 0.404604 0.288798 0.000429904 0.044503 7.76485 8.92695
85 22.9787 10.8891 65.9701
136.833 113.17 0.404604 0.288798 0.000429904 0.044503 7.76485 8.92695
86 22.9787 9.91742 81.7849
136.833 113.17 0.404604 0.288798 0.000429904 0.044503 7.76485 8.92695
87 22.9787 10.9252 69.4218
136.833 113.17 0.404604 0.288798 0.000429904 0.044503 7.76485 8.92695
88 22.9787 10.1851 68.9829
136.833 113.17 0.404604 0.288798 0.000429904 0.044503 7.76485 8.92695
89 22.9787 10.1895 66.3362
136.833 113.17 0.404604 0.288798 0.000429904 0.044503 7.76485 8.92695
90 22.9787 10.0411 72.381
136.833 113.17 0.404604 0.288798 0.000429904 0.044503 7.76485 8.92695
91 22.9787 9.1316 69.2941
136.833 113.17 0.404604 0.288798 0.000429904 0.044503 7.76485 8.92695
92 23.0895 9.92216 73.1048
136.242 115.284 0.388281 0.287052 0.00174475 0.0790895 7.545 8.9976
93 23.0895 11.1716 64.063
136.242 115.284 0.388281 0.287052 0.00174475 0.0790895 7.545 8.9976
94 23.0895 12.977 61.5633
136.242 115.284 0.388281 0.287052 0.00174475 0.0790895 7.545 8.9976
95 23.0895 12.2314 60.2287
136.242 115.284 0.388281 0.287052 0.00174475 0.0790895 7.545 8.9976
96 23.0895 11.8412 59.6703
136.242 115.284 0.388281 0.287052 0.00174475 0.0790895 7.545 8.9976
97 23.0895 11.9283 63.6128
136.242 115.284 0.388281 0.287052 0.00174475 0.0790895 7.545 8.9976
98 23.0895 10.5563 87.3998
136.242 115.284 0.388281 0.287052 0.00174475 0.0790895 7.545 8.9976
99 23.0895 12.0764 65.3618
136.242 115.284 0.388281 0.287052 0.00174475 0.0790895 7.545 8.9976
100 23.0895 12.2977 58.2206
136.242 115.284 0.388281 0.287052 0.00174475 0.0790895 7.545 8.9976
