0 3.67788 0.631886 0.971612
145.061 105.511 0.031784 0.0839717 0.257259 0.329152 5.64931 9.24153
1 4.2019 1.00769 1.54673
144.772 103.681 0.0221084 0.0804637 0.264922 0.326031 5.63651 8.9916
2 4.2019 1.44445 2.09857
144.772 103.681 0.0221084 0.0804637 0.264922 0.326031 5.63651 8.9916
3 5.75644 1.86999 3.59552
161.916 120.79 0.122815 0.381481 0.0422086 0.791033 2.15495 5.72174
4 5.76146 2.5831 4.42782
156.595 118.744 0.0687003 0.377057 0.132015 0.735609 2.03143 5.27125
5 5.76146 2.61758 4.43969
156.595 118.744 0.0687003 0.377057 0.132015 0.735609 2.03143 5.27125
6 5.76146 2.80327 4.29783
156.595 118.744 0.0687003 0.377057 0.132015 0.735609 2.03143 5.27125
7 6.29099 2.92838 4.41219
157.795 123.237 0.0829068 0.40525 0.141742 0.767908 1.84576 5.20334
8 6.29099 3.29176 4.56906
157.795 123.237 0.0829068 0.40525 0.141742 0.767908 1.84576 5.20334
9 6.29099 3.25605 4.9374
157.795 123.237 0.0829068 0.40525 0.141742 0.767908 1.84576 5.20334
10 6.79883 3.61235 5.46601
147.694 135.813 0.233609 0.405467 0.0392726 0.768308 0.212235 4.6335
11 7.81339 3.84222 5.77737
145.129 130.926 0.247923 0.445418 0.026166 0.786451 0.0844624 4.71192
12 7.81339 4.28463 5.66128
145.129 130.926 0.247923 0.445418 0.026166 0.786451 0.0844624 4.71192
13 7.81339 4.01762 5.50529
145.129 130.926 0.247923 0.445418 0.026166 0.786451 0.0844624 4.71192
14 7.81339 4.53853 5.65878
145.129 130.926 0.247923 0.445418 0.026166 0.786451 0.0844624 4.71192
15 8.31292 4.3906 5.68801
142.627 133.224 0.248232 0.465183 0 0.778765 0.023147 4.37664
16 8.31292 4.90842 5.35184
142.627 133.224 0.248232 0.465183 0 0.778765 0.023147 4.37664
17 8.31292 5.73839 3.86251
142.627 133.224 0.248232 0.465183 0 0.778765 0.023147 4.37664
18 8.31292 4.72255 5.74611
142.627 133.224 0.248232 0.465183 0 0.778765 0.023147 4.37664
19 8.92681 5.32893 5.97316
141.004 131.9 0.283546 0.398069 0 0.760985 0.137574 6.23866
20 8.92681 4.7788 7.11664
141.004 131.9 0.283546 0.398069 0 0.760985 0.137574 6.23866
21 8.92681 4.94716 6.59809
141.004 131.9 0.283546 0.398069 0 0.760985 0.137574 6.23866
22 8.92681 4.75098 8.25877
141.004 131.9 0.283546 0.398069 0 0.760985 0.137574 6.23866
23 8.92681 4.78377 7.65988
141.004 131.9 0.283546 0.398069 0 0.760985 0.137574 6.23866
24 8.92681 4.92936 7.25736
141.004 131.9 0.283546 0.398069 0 0.760985 0.137574 6.23866
25 8.92681 4.46436 7.76596
141.004 131.9 0.283546 0.398069 0 0.760985 0.137574 6.23866
26 8.92681 4.58669 5.90966
141.004 131.9 0.283546 0.398069 0 0.760985 0.137574 6.23866
27 8.92681 4.40121 6.05504
141.004 131.9 0.283546 0.398069 0 0.760985 0.137574 6.23866
28 8.92681 4.15507 6.57817
141.004 131.9 0.283546 0.398069 0 0.760985 0.137574 6.23866
29 8.92681 4.42223 8.04899
141.004 131.9 0.283546 0.398069 0 0.760985 0.137574 6.23866
30 8.92681 4.59534 7.60664
141.004 131.9 0.283546 0.398069 0 0.760985 0.137574 6.23866
31 8.92681 4.97118 7.18536
141.004 131.9 0.283546 0.398069 0 0.760985 0.137574 6.23866
32 8.92681 4.84649 6.10581
141.004 131.9 0.283546 0.398069 0 0.760985 0.137574 6.23866
33 8.99393 4.57797 7.0115
114.567 135.412 0.265503 0.403913 0 0.742688 0.807419 7.14697
34 8.99393 4.69501 7.3465
114.567 135.412 0.265503 0.403913 0 0.742688 0.807419 7.14697
35 8.99393 4.57598 9.37121
114.567 135.412 0.265503 0.403913 0 0.742688 0.807419 7.14697
36 10.4277 5.01245 9.50323
112.164 133.696 0.259722 0.448757 0.0583013 0.683003 0.944084 9.15549
37 10.4277 4.84846 10.149
112.164 133.696 0.259722 0.448757 0.0583013 0.683003 0.944084 9.15549
38 10.9279 4.81151 9.69994
111.913 134.009 0.258331 0.446674 0.0514393 0.683207 0.920542 9.06712
39 10.9279 4.91186 9.77151
111.913 134.009 0.258331 0.446674 0.0514393 0.683207 0.920542 9.06712
40 10.9279 5.05571 9.02277
111.913 134.009 0.258331 0.446674 0.0514393 0.683207 0.920542 9.06712
41 10.9279 5.32967 9.50256
111.913 134.009 0.258331 0.446674 0.0514393 0.683207 0.920542 9.06712
42 10.9279 5.19084 8.65461
111.913 134.009 0.258331 0.446674 0.0514393 0.683207 0.920542 9.06712
43 10.9279 5.38789 10.7577
111.913 134.009 0.258331 0.446674 0.0514393 0.683207 0.920542 9.06712
44 10.9279 5.1774 11.7827
111.913 134.009 0.258331 0.446674 0.0514393 0.683207 0.920542 9.06712
45 10.9741 5.55406 12.0454
116.544 133.604 0.273045 0.451114 0.0273472 0.645881 0.800447 8.74736
46 10.9741 4.85667 9.78186
116.544 133.604 0.273045 0.451114 0.0273472 0.645881 0.800447 8.74736
47 10.9741 5.60876 9.29015
116.544 133.604 0.273045 0.451114 0.0273472 0.645881 0.800447 8.74736
48 10.9741 5.28726 13.7439
116.544 133.604 0.273045 0.451114 0.0273472 0.645881 0.800447 8.74736
49 10.9741 5.53327 13.2199
116.544 133.604 0.273045 0.451114 0.0273472 0.645881 0.800447 8.74736
50 10.9741 5.40093 11.3888
116.544 133.604 0.273045 0.451114 0.0273472 0.645881 0.800447 8.74736
51 10.9741 4.80244 12.2822
116.544 133.604 0.273045 0.451114 0.0273472 0.645881 0.800447 8.74736
52 10.9741 4.82341 11.7716
116.544 133.604 0.273045 0.451114 0.0273472 0.645881 0.800447 8.74736
53 10.9741 4.86397 11.7033
116.544 133.604 0.273045 0.451114 0.0273472 0.645881 0.800447 8.74736
54 10.9741 5.23626 11.6771
116.544 133.604 0.273045 0.451114 0.0273472 0.645881 0.800447 8.74736
55 10.9741 5.18459 10.2718
116.544 133.604 0.273045 0.451114 0.0273472 0.645881 0.800447 8.74736
56 10.9741 5.64103 10.4638
116.544 133.604 0.273045 0.451114 0.0273472 0.645881 0.800447 8.74736
57 10.9741 5.76128 10.3556
116.544 133.604 0.273045 0.451114 0.0273472 0.645881 0.800447 8.74736
58 10.9741 5.4511 10.8805
116.544 133.604 0.273045 0.451114 0.0273472 0.645881 0.800447 8.74736
59 10.9741 5.45593 13.6112
116.544 133.604 0.273045 0.451114 0.0273472 0.645881 0.800447 8.74736
60 10.9741 5.66527 11.8407
116.544 133.604 0.273045 0.451114 0.0273472 0.645881 0.800447 8.74736
61 10.9741 5.91349 10.8918
116.544 133.604 0.273045 0.451114 0.0273472 0.645881 0.800447 8.74736
62 10.9741 4.9976 10.7323
116.544 133.604 0.273045 0.451114 0.0273472 0.645881 0.800447 8.74736
63 10.9741 5.43545 10.1587
116.544 133.604 0.273045 0.451114 0.0273472 0.645881 0.800447 8.74736
64 10.9741 4.66851 12.1484
116.544 133.604 0.273045 0.451114 0.0273472 0.645881 0.800447 8.74736
65 10.9741 4.87508 10.9125
116.544 133.604 0.273045 0.451114 0.0273472 0.645881 0.800447 8.74736
66 10.9741 4.24663 11.5861
116.544 133.604 0.273045 0.451114 0.0273472 0.645881 0.800447 8.74736
67 10.9741 4.88379 11.8875
116.544 133.604 0.273045 0.451114 0.0273472 0.645881 0.800447 8.74736
68 10.9741 4.48671 10.9438
116.544 133.604 0.273045 0.451114 0.0273472 0.645881 0.800447 8.74736
69 10.9741 4.89498 12.6087
116.544 133.604 0.273045 0.451114 0.0273472 0.645881 0.800447 8.74736
70 10.9741 4.87106 11.2548
116.544 133.604 0.273045 0.451114 0.0273472 0.645881 0.800447 8.74736
71 10.9741 5.07611 11.858
116.544 133.604 0.273045 0.451114 0.0273472 0.645881 0.800447 8.74736
72 10.9741 5.23452 13.7881
116.544 133.604 0.273045 0.451114 0.0273472 0.645881 0.800447 8.74736
73 10.9776 4.87957 12.3109
110.743 135.801 0.269684 0.452227 0.0282148 0.698037 0.992791 8.89666
74 10.9776 5.59897 12.7513
110.743 135.801 0.269684 0.452227 0.0282148 0.698037 0.992791 8.89666
75 10.9776 5.4584 11.3736
110.743 135.801 0.269684 0.452227 0.0282148 0.698037 0.992791 8.89666
76 10.9776 4.85275 10.2658
110.743 135.801 0.269684 0.452227 0.0282148 0.698037 0.992791 8.89666
77 10.9776 4.91886 9.45037
110.743 135.801 0.269684 0.452227 0.0282148 0.698037 0.992791 8.89666
78 10.9776 4.57257 13.0532
110.743 135.801 0.269684 0.452227 0.0282148 0.698037 0.992791 8.89666
79 10.9776 4.84078 13.9437
110.743 135.801 0.269684 0.452227 0.0282148 0.698037 0.992791 8.89666
80 10.9776 5.20004 15.5185
110.743 135.801 0.269684 0.452227 0.0282148 0.698037 0.992791 8.89666
81 10.9776 5.478 14.0006
110.743 135.801 0.269684 0.452227 0.0282148 0.698037 0.992791 8.89666
82 10.9776 4.93688 12.8276
110.743 135.801 0.269684 0.452227 0.0282148 0.698037 0.992791 8.89666
83 10.9776 4.65787 12.8585
110.743 135.801 0.269684 0.452227 0.0282148 0.698037 0.992791 8.89666
84 10.9776 5.07901 14.9473
110.743 135.801 0.269684 0.452227 0.0282148 0.698037 0.992791 8.89666
85 10.9776 4.85378 13.1041
110.743 135.801 0.269684 0.452227 0.0282148 0.698037 0.992791 8.89666
86 10.9776 5.09039 15.6254
110.743 135.801 0.269684 0.452227 0.0282148 0.698037 0.992791 8.89666
87 10.9776 5.20098 14.1743
110.743 135.801 0.269684 0.452227 0.0282148 0.698037 0.992791 8.89666
88 10.9776 5.25283 16.0811
110.743 135.801 0.269684 0.452227 0.0282148 0.698037 0.992791 8.89666
89 10.9776 5.30614 14.1253
110.743 135.801 0.269684 0.452227 0.0282148 0.698037 0.992791 8.89666
90 10.9776 4.49422 13.8243
110.743 135.801 0.269684 0.452227 0.0282148 0.698037 0.992791 8.89666
91 10.9776 4.61363 13.1924
110.743 135.801 0.269684 0.452227 0.0282148 0.698037 0.992791 8.89666
92 10.9776 5.02679 12.9691
110.743 135.801 0.269684 0.452227 0.0282148 0.698037 0.992791 8.89666
93 10.9838 5.44039 14.7241
114.197 134.045 0.281841 0.446304 0 0.632701 1.34621 9.14933
94 10.9838 5.35669 14.6172
114.197 134.045 0.281841 0.446304 0 0.632701 1.34621 9.14933
95 10.9838 4.52382 14.5841
114.197 134.045 0.281841 0.446304 0 0.632701 1.34621 9.14933
96 10.9838 5.35174 14.2951
114.197 134.045 0.281841 0.446304 0 0.632701 1.34621 9.14933
97 10.9838 6.18441 15.2937
114.197 134.045 0.281841 0.446304 0 0.632701 1.34621 9.14933
98 10.9838 5.64674 11.5282
114.197 134.045 0.281841 0.446304 0 0.632701 1.34621 9.14933
99 10.9838 4.57477 12.3774
114.197 134.045 0.281841 0.446304 0 0.632701 1.34621 9.14933
100 10.9838 4.69739 14.1756
114.197 134.045 0.281841 0.446304 0 0.632701 1.34621 9.14933
