0 18.4713 4.06363 45.4371
108.022 154.601 0.102822 0.241791 0.0568008 0.676922 6.60531 6.64102
1 26.0397 6.50453 84.1525
135.577 105.813 0.11256 0.494719 0.0889832 0.0775214 6.30451 7.19136
2 26.2117 6.90248 103.868
146.601 107.688 0.122747 0.459118 0.0500648 0.057951 7.14372 6.64787
3 26.2117 8.56869 116.844
146.601 107.688 0.122747 0.459118 0.0500648 0.057951 7.14372 6.64787
4 26.2174 10.0067 127.819
146.623 107.682 0.122348 0.45915 0.0496194 0.057813 7.14934 6.65313
5 26.2174 13.3564 121.688
146.623 107.682 0.122348 0.45915 0.0496194 0.057813 7.14934 6.65313
6 26.268 12.8905 128.386
134.833 102.274 0.0440672 0.44499 0.173531 0.0718703 5.23999 6.65885
7 26.268 11.3203 125.315
134.833 102.274 0.0440672 0.44499 0.173531 0.0718703 5.23999 6.65885
8 26.268 13.6259 105.862
134.833 102.274 0.0440672 0.44499 0.173531 0.0718703 5.23999 6.65885
9 26.268 15.0047 92.2763
134.833 102.274 0.0440672 0.44499 0.173531 0.0718703 5.23999 6.65885
10 27.758 16.4773 103.65
148.566 108.023 0.134926 0.393519 0.0503577 0.0470878 7.33624 6.24046
11 27.758 13.6374 131.824
148.566 108.023 0.134926 0.393519 0.0503577 0.0470878 7.33624 6.24046
12 27.758 15.4291 103.432
148.566 108.023 0.134926 0.393519 0.0503577 0.0470878 7.33624 6.24046
13 27.758 16.299 110.795
148.566 108.023 0.134926 0.393519 0.0503577 0.0470878 7.33624 6.24046
14 27.758 14.6644 128.912
148.566 108.023 0.134926 0.393519 0.0503577 0.0470878 7.33624 6.24046
15 27.758 14.6504 115.903
148.566 108.023 0.134926 0.393519 0.0503577 0.0470878 7.33624 6.24046
16 27.758 14.3917 102.561
148.566 108.023 0.134926 0.393519 0.0503577 0.0470878 7.33624 6.24046
17 27.758 14.0044 92.2991
148.566 108.023 0.134926 0.393519 0.0503577 0.0470878 7.33624 6.24046
18 27.758 15.5336 68.7396
148.566 108.023 0.134926 0.393519 0.0503577 0.0470878 7.33624 6.24046
19 27.758 14.1478 73.7846
148.566 108.023 0.134926 0.393519 0.0503577 0.0470878 7.33624 6.24046
20 27.758 14.4297 72.5889
148.566 108.023 0.134926 0.393519 0.0503577 0.0470878 7.33624 6.24046
21 27.758 17.5057 62.3707
148.566 108.023 0.134926 0.393519 0.0503577 0.0470878 7.33624 6.24046
22 27.758 16.3847 72.503
148.566 108.023 0.134926 0.393519 0.0503577 0.0470878 7.33624 6.24046
23 27.758 17.078 51.3097
148.566 108.023 0.134926 0.393519 0.0503577 0.0470878 7.33624 6.24046
24 27.758 17.4205 53.4342
148.566 108.023 0.134926 0.393519 0.0503577 0.0470878 7.33624 6.24046
25 27.758 18.1344 51.8222
148.566 108.023 0.134926 0.393519 0.0503577 0.0470878 7.33624 6.24046
26 27.758 18.3907 51.9076
148.566 108.023 0.134926 0.393519 0.0503577 0.0470878 7.33624 6.24046
27 27.758 17.6592 57.061
148.566 108.023 0.134926 0.393519 0.0503577 0.0470878 7.33624 6.24046
28 27.758 17.3138 76.082
148.566 108.023 0.134926 0.393519 0.0503577 0.0470878 7.33624 6.24046
29 27.758 14.8596 75.5279
148.566 108.023 0.134926 0.393519 0.0503577 0.0470878 7.33624 6.24046
30 27.758 17.8523 52.2741
148.566 108.023 0.134926 0.393519 0.0503577 0.0470878 7.33624 6.24046
31 27.758 18.4264 63.3106
148.566 108.023 0.134926 0.393519 0.0503577 0.0470878 7.33624 6.24046
32 27.758 19.3967 66.554
148.566 108.023 0.134926 0.393519 0.0503577 0.0470878 7.33624 6.24046
33 27.758 16.3624 99.9595
148.566 108.023 0.134926 0.393519 0.0503577 0.0470878 7.33624 6.24046
34 29.2514 15.8796 106.67
155.739 100 0.224773 0.337061 0 0 6.70415 6.72618
35 29.2514 16.5858 89.0818
155.739 100 0.224773 0.337061 0 0 6.70415 6.72618
36 29.2514 16.8296 73.2403
155.739 100 0.224773 0.337061 0 0 6.70415 6.72618
37 29.2514 19.5455 83.2537
155.739 100 0.224773 0.337061 0 0 6.70415 6.72618
38 29.2514 21.4642 39.7499
155.739 100 0.224773 0.337061 0 0 6.70415 6.72618
39 29.2514 18.5286 93.5065
155.739 100 0.224773 0.337061 0 0 6.70415 6.72618
40 29.2514 17.9054 49.3131
155.739 100 0.224773 0.337061 0 0 6.70415 6.72618
41 29.2514 18.2281 61.761
155.739 100 0.224773 0.337061 0 0 6.70415 6.72618
42 29.2514 15.5826 50.0488
155.739 100 0.224773 0.337061 0 0 6.70415 6.72618
43 29.2514 16.73 61.0352
155.739 100 0.224773 0.337061 0 0 6.70415 6.72618
44 29.2514 16.5301 66.8139
155.739 100 0.224773 0.337061 0 0 6.70415 6.72618
45 29.2514 17.5433 91.9561
155.739 100 0.224773 0.337061 0 0 6.70415 6.72618
46 29.2514 18.7253 55.2402
155.739 100 0.224773 0.337061 0 0 6.70415 6.72618
47 29.2514 19.3877 52.2499
155.739 100 0.224773 0.337061 0 0 6.70415 6.72618
48 29.2514 16.8925 71.7761
155.739 100 0.224773 0.337061 0 0 6.70415 6.72618
49 29.485 17.1545 72.1269
155.605 100.076 0.223574 0.340101 0.00222625 0 6.76432 6.70945
50 29.485 17.2005 54.8128
155.605 100.076 0.223574 0.340101 0.00222625 0 6.76432 6.70945
51 29.485 18.2786 55.682
155.605 100.076 0.223574 0.340101 0.00222625 0 6.76432 6.70945
52 29.485 17.3545 57.2045
155.605 100.076 0.223574 0.340101 0.00222625 0 6.76432 6.70945
53 29.485 16.7408 48.315
155.605 100.076 0.223574 0.340101 0.00222625 0 6.76432 6.70945
54 29.485 17.9452 40.9796
155.605 100.076 0.223574 0.340101 0.00222625 0 6.76432 6.70945
55 29.485 19.5272 32.9474
155.605 100.076 0.223574 0.340101 0.00222625 0 6.76432 6.70945
56 29.485 16.4007 37.3663
155.605 100.076 0.223574 0.340101 0.00222625 0 6.76432 6.70945
57 29.485 16.7906 62.5125
155.605 100.076 0.223574 0.340101 0.00222625 0 6.76432 6.70945
58 29.485 17.009 44.1436
155.605 100.076 0.223574 0.340101 0.00222625 0 6.76432 6.70945
59 29.485 17.8905 68.2371
155.605 100.076 0.223574 0.340101 0.00222625 0 6.76432 6.70945
60 29.485 17.6413 66.5091
155.605 100.076 0.223574 0.340101 0.00222625 0 6.76432 6.70945
61 29.485 19.178 56.6918
155.605 100.076 0.223574 0.340101 0.00222625 0 6.76432 6.70945
62 29.485 17.1777 75.0102
155.605 100.076 0.223574 0.340101 0.00222625 0 6.76432 6.70945
63 29.485 19.2107 65.8618
155.605 100.076 0.223574 0.340101 0.00222625 0 6.76432 6.70945
64 29.485 18.9424 50.849
155.605 100.076 0.223574 0.340101 0.00222625 0 6.76432 6.70945
65 29.485 17.4547 42.9352
155.605 100.076 0.223574 0.340101 0.00222625 0 6.76432 6.70945
66 29.485 18.4327 35.853
155.605 100.076 0.223574 0.340101 0.00222625 0 6.76432 6.70945
67 29.485 18.346 23.121
155.605 100.076 0.223574 0.340101 0.00222625 0 6.76432 6.70945
68 29.485 18.4295 50.8623
155.605 100.076 0.223574 0.340101 0.00222625 0 6.76432 6.70945
69 29.485 19.2305 44.0824
155.605 100.076 0.223574 0.340101 0.00222625 0 6.76432 6.70945
70 29.485 18.8057 52.4079
155.605 100.076 0.223574 0.340101 0.00222625 0 6.76432 6.70945
71 29.485 17.2149 61.9686
155.605 100.076 0.223574 0.340101 0.00222625 0 6.76432 6.70945
72 29.485 17.5448 50.7999
155.605 100.076 0.223574 0.340101 0.00222625 0 6.76432 6.70945
73 29.485 17.8233 52.6906
155.605 100.076 0.223574 0.340101 0.00222625 0 6.76432 6.70945
74 29.485 17.3142 82.5567
155.605 100.076 0.223574 0.340101 0.00222625 0 6.76432 6.70945
75 29.485 18.0957 56.6096
155.605 100.076 0.223574 0.340101 0.00222625 0 6.76432 6.70945
76 29.485 16.3331 35.2435
155.605 100.076 0.223574 0.340101 0.00222625 0 6.76432 6.70945
77 29.485 17.3511 40.5633
155.605 100.076 0.223574 0.340101 0.00222625 0 6.76432 6.70945
78 29.485 15.8125 45.2655
155.605 100.076 0.223574 0.340101 0.00222625 0 6.76432 6.70945
79 29.485 17.3901 48.6907
155.605 100.076 0.223574 0.340101 0.00222625 0 6.76432 6.70945
80 29.485 17.2551 34.2229
155.605 100.076 0.223574 0.340101 0.00222625 0 6.76432 6.70945
81 29.485 17.3295 39.9756
155.605 100.076 0.223574 0.340101 0.00222625 0 6.76432 6.70945
82 29.485 17.242 72.3297
155.605 100.076 0.223574 0.340101 0.00222625 0 6.76432 6.70945
83 29.6206 17.8774 49.1999
154.788 100 0.218335 0.342938 0.00434848 7.14918e-05 6.71879 6.72702
84 29.6206 17.9266 49.1638
154.788 100 0.218335 0.342938 0.00434848 7.14918e-05 6.71879 6.72702
85 29.6508 18.9671 50.4517
158.5 100 0.226552 0.3447 0 0 6.88026 6.69123
86 29.6508 17.2317 72.5161
158.5 100 0.226552 0.3447 0 0 6.88026 6.69123
87 29.6508 18.6278 31.6251
158.5 100 0.226552 0.3447 0 0 6.88026 6.69123
88 29.6508 17.9444 69.8027
158.5 100 0.226552 0.3447 0 0 6.88026 6.69123
89 29.6508 18.0561 60.0882
158.5 100 0.226552 0.3447 0 0 6.88026 6.69123
90 29.6508 19.301 49.5708
158.5 100 0.226552 0.3447 0 0 6.88026 6.69123
91 29.6508 19.6947 52.5478
158.5 100 0.226552 0.3447 0 0 6.88026 6.69123
92 29.6508 18.5474 48.0576
158.5 100 0.226552 0.3447 0 0 6.88026 6.69123
93 29.6508 19.1774 31.4257
158.5 100 0.226552 0.3447 0 0 6.88026 6.69123
94 29.6508 18.1993 34.2822
158.5 100 0.226552 0.3447 0 0 6.88026 6.69123
95 29.6508 18.8618 36.4079
158.5 100 0.226552 0.3447 0 0 6.88026 6.69123
96 29.6508 19.1846 30.2028
158.5 100 0.226552 0.3447 0 0 6.88026 6.69123
97 29.6508 19.2063 58.8973
158.5 100 0.226552 0.3447 0 0 6.88026 6.69123
98 29.6508 19.3199 72.8068
158.5 100 0.226552 0.3447 0 0 6.88026 6.69123
99 29.6508 17.4416 52.6679
158.5 100 0.226552 0.3447 0 0 6.88026 6.69123
100 29.6508 17.9307 49.321
158.5 100 0.226552 0.3447 0 0 6.88026 6.69123
