0 11.412 2.687 11.7958
127.094 150.093 0.363564 0.169754 0.756459 0.618859 9.02534 2.38255
1 14.0986 3.74648 18.4999
128.749 150.837 0.357602 0.14926 0.731265 0.641697 9.46342 1.98261
2 14.0986 4.50712 22.2747
128.749 150.837 0.357602 0.14926 0.731265 0.641697 9.46342 1.98261
3 19.8536 5.8558 39.0862
117.418 143.158 0.198821 0.147673 0.727423 0.715425 9.92852 3.21928
4 19.8536 6.6443 51.7774
117.418 143.158 0.198821 0.147673 0.727423 0.715425 9.92852 3.21928
5 21.4912 8.48258 62.1611
124.666 138.529 0.257828 0.186587 0.792807 0.625275 9.31956 3.45147
6 21.4912 9.85036 55.3113
124.666 138.529 0.257828 0.186587 0.792807 0.625275 9.31956 3.45147
7 21.4912 10.5399 61.5576
124.666 138.529 0.257828 0.186587 0.792807 0.625275 9.31956 3.45147
8 22.4787 12.8264 67.6671
100.37 100 0.128289 0 0.918492 0.539817 9.19418 5.57603
9 25.2755 14.137 78.9411
125.755 139.087 0.21084 0 0.600316 0.81816 8.74778 1.24808
10 27.3569 15.76 83.5198
130.314 146.699 0.263254 0 0.644559 0.845281 7.89883 0.404642
11 27.3569 16.3198 73.7974
130.314 146.699 0.263254 0 0.644559 0.845281 7.89883 0.404642
12 27.3569 18.1596 70.7184
130.314 146.699 0.263254 0 0.644559 0.845281 7.89883 0.404642
13 27.3569 16.8414 55.2855
130.314 146.699 0.263254 0 0.644559 0.845281 7.89883 0.404642
14 27.3569 15.6552 54.8168
130.314 146.699 0.263254 0 0.644559 0.845281 7.89883 0.404642
15 33.0841 15.7804 87.1913
116.008 174.516 0.128446 0.063359 0.318514 0.180037 9.66618 6.16137
16 33.0841 15.4954 91.0559
116.008 174.516 0.128446 0.063359 0.318514 0.180037 9.66618 6.16137
17 33.0841 15.387 77.657
116.008 174.516 0.128446 0.063359 0.318514 0.180037 9.66618 6.16137
18 35.3656 16.0475 122.758
115.73 171.243 0.136513 0.0760729 0.317858 0.167468 10 6.28179
19 35.3656 14.9602 135.164
115.73 171.243 0.136513 0.0760729 0.317858 0.167468 10 6.28179
20 37.4002 18.845 179.244
114.898 168.993 0.133243 0.118834 0.328147 0.162371 10 5.85594
21 37.4002 19.6157 191.084
114.898 168.993 0.133243 0.118834 0.328147 0.162371 10 5.85594
22 37.4002 20.3413 181.891
114.898 168.993 0.133243 0.118834 0.328147 0.162371 10 5.85594
23 38.5666 24.6786 140.628
107.695 162.18 0.122136 0.180865 0.302553 0.298643 10 6.81545
24 38.5666 25.3283 140.927
107.695 162.18 0.122136 0.180865 0.302553 0.298643 10 6.81545
25 40.9801 25.5141 146.916
102.222 161.957 0.104624 0.217478 0.246055 0.280382 10 6.63209
26 40.9801 24.5308 208.116
102.222 161.957 0.104624 0.217478 0.246055 0.280382 10 6.63209
27 40.9801 27.5753 170.579
102.222 161.957 0.104624 0.217478 0.246055 0.280382 10 6.63209
28 41.0238 29.1551 152.062
101.013 162.276 0.099784 0.208901 0.245604 0.291713 9.98465 6.52155
29 41.0238 28.8719 135.499
101.013 162.276 0.099784 0.208901 0.245604 0.291713 9.98465 6.52155
30 41.0238 30.8824 107.677
101.013 162.276 0.099784 0.208901 0.245604 0.291713 9.98465 6.52155
31 41.5167 29.6354 136.407
107.166 154.523 0.0975225 0.2151 0.25019 0.251024 9.94165 7.05349
32 41.5167 33.2713 69.6059
107.166 154.523 0.0975225 0.2151 0.25019 0.251024 9.94165 7.05349
33 41.5167 32.2487 72.3563
107.166 154.523 0.0975225 0.2151 0.25019 0.251024 9.94165 7.05349
34 41.5167 30.0716 105.28
107.166 154.523 0.0975225 0.2151 0.25019 0.251024 9.94165 7.05349
35 41.5167 30.733 115.006
107.166 154.523 0.0975225 0.2151 0.25019 0.251024 9.94165 7.05349
36 41.5407 32.962 64.9124
103.879 161.991 0.118369 0.247837 0.222684 0.259596 9.97028 6.59872
37 41.9775 34.2787 43.4346
102.968 165.486 0.099433 0.217298 0.233748 0.221902 10 6.34114
38 41.9775 33.5061 75.3593
102.968 165.486 0.099433 0.217298 0.233748 0.221902 10 6.34114
39 41.9775 33.7672 86.6313
102.968 165.486 0.099433 0.217298 0.233748 0.221902 10 6.34114
40 41.9775 30.7843 147.547
102.968 165.486 0.099433 0.217298 0.233748 0.221902 10 6.34114
41 41.9775 31.5636 103.047
102.968 165.486 0.099433 0.217298 0.233748 0.221902 10 6.34114
42 42.6054 32.1862 153.903
128.474 169.666 0.208189 0.414253 0.0380623 0 9.92324 5.82812
43 42.6054 31.7315 147.061
128.474 169.666 0.208189 0.414253 0.0380623 0 9.92324 5.82812
44 42.6054 34.196 103.035
128.474 169.666 0.208189 0.414253 0.0380623 0 9.92324 5.82812
45 43.1788 34.0862 82.0657
128.4 169.659 0.206926 0.412966 0.0368066 0 9.93539 5.82086
46 44.0563 34.23 75.9611
126.566 172.725 0.220196 0.435973 0.0168017 0.00359057 9.70924 5.55688
47 44.0563 34.3101 84.9265
126.566 172.725 0.220196 0.435973 0.0168017 0.00359057 9.70924 5.55688
48 44.0563 35.0071 45.0296
126.566 172.725 0.220196 0.435973 0.0168017 0.00359057 9.70924 5.55688
49 44.9152 34.0762 53.1889
126.6 166.282 0.243318 0.416165 0 0 9.07676 5.40076
50 44.9152 33.7796 66.1944
126.6 166.282 0.243318 0.416165 0 0 9.07676 5.40076
51 44.9152 33.8861 63.3829
126.6 166.282 0.243318 0.416165 0 0 9.07676 5.40076
52 44.9152 32.3315 74.5993
126.6 166.282 0.243318 0.416165 0 0 9.07676 5.40076
53 44.9152 32.0258 106.946
126.6 166.282 0.243318 0.416165 0 0 9.07676 5.40076
54 44.9152 30.1994 192.543
126.6 166.282 0.243318 0.416165 0 0 9.07676 5.40076
55 44.9152 31.1507 156.903
126.6 166.282 0.243318 0.416165 0 0 9.07676 5.40076
56 44.9152 32.6561 145.524
126.6 166.282 0.243318 0.416165 0 0 9.07676 5.40076
57 44.9152 32.4786 129.453
126.6 166.282 0.243318 0.416165 0 0 9.07676 5.40076
58 44.9152 31.159 164.85
126.6 166.282 0.243318 0.416165 0 0 9.07676 5.40076
59 44.9152 35.3775 87.6816
126.6 166.282 0.243318 0.416165 0 0 9.07676 5.40076
60 44.9152 35.0707 85.6082
126.6 166.282 0.243318 0.416165 0 0 9.07676 5.40076
61 44.9152 35.1564 98.7856
126.6 166.282 0.243318 0.416165 0 0 9.07676 5.40076
62 44.9152 34.7821 97.9689
126.6 166.282 0.243318 0.416165 0 0 9.07676 5.40076
63 44.9152 35.2263 65.6354
126.6 166.282 0.243318 0.416165 0 0 9.07676 5.40076
64 44.9152 35.999 57.2152
126.6 166.282 0.243318 0.416165 0 0 9.07676 5.40076
65 44.9152 34.828 66.7815
126.6 166.282 0.243318 0.416165 0 0 9.07676 5.40076
66 44.9152 33.2459 68.3806
126.6 166.282 0.243318 0.416165 0 0 9.07676 5.40076
67 44.9152 32.9874 115.293
126.6 166.282 0.243318 0.416165 0 0 9.07676 5.40076
68 44.9152 32.8799 118.626
126.6 166.282 0.243318 0.416165 0 0 9.07676 5.40076
69 44.9152 34.1205 108.422
126.6 166.282 0.243318 0.416165 0 0 9.07676 5.40076
70 44.9152 34.3518 118.104
126.6 166.282 0.243318 0.416165 0 0 9.07676 5.40076
71 44.9152 32.509 150.629
126.6 166.282 0.243318 0.416165 0 0 9.07676 5.40076
72 44.9152 32.4329 171.818
126.6 166.282 0.243318 0.416165 0 0 9.07676 5.40076
73 44.9152 30.7543 230.059
126.6 166.282 0.243318 0.416165 0 0 9.07676 5.40076
74 44.9152 32.4862 237.946
126.6 166.282 0.243318 0.416165 0 0 9.07676 5.40076
75 44.9152 30.3739 205.285
126.6 166.282 0.243318 0.416165 0 0 9.07676 5.40076
76 44.9152 30.6579 198.366
126.6 166.282 0.243318 0.416165 0 0 9.07676 5.40076
77 44.9152 32.6739 127.254
126.6 166.282 0.243318 0.416165 0 0 9.07676 5.40076
78 44.9152 32.3572 150.992
126.6 166.282 0.243318 0.416165 0 0 9.07676 5.40076
79 44.9152 31.9499 159.018
126.6 166.282 0.243318 0.416165 0 0 9.07676 5.40076
80 44.9152 34.0634 100.556
126.6 166.282 0.243318 0.416165 0 0 9.07676 5.40076
81 44.9152 33.0159 116.657
126.6 166.282 0.243318 0.416165 0 0 9.07676 5.40076
82 44.9152 33.2416 87.4813
126.6 166.282 0.243318 0.416165 0 0 9.07676 5.40076
83 44.9152 32.5678 69.8472
126.6 166.282 0.243318 0.416165 0 0 9.07676 5.40076
84 44.9152 32.849 113.466
126.6 166.282 0.243318 0.416165 0 0 9.07676 5.40076
85 44.9152 33.3843 122.372
126.6 166.282 0.243318 0.416165 0 0 9.07676 5.40076
86 44.9152 32.192 107.905
126.6 166.282 0.243318 0.416165 0 0 9.07676 5.40076
87 44.9152 33.6007 129.49
126.6 166.282 0.243318 0.416165 0 0 9.07676 5.40076
88 44.9152 32.6214 131.135
126.6 166.282 0.243318 0.416165 0 0 9.07676 5.40076
89 44.9152 33.6493 107.221
126.6 166.282 0.243318 0.416165 0 0 9.07676 5.40076
90 44.9152 34.0115 134.594
126.6 166.282 0.243318 0.416165 0 0 9.07676 5.40076
91 44.9152 32.4311 166.548
126.6 166.282 0.243318 0.416165 0 0 9.07676 5.40076
92 44.9152 31.5196 120.544
126.6 166.282 0.243318 0.416165 0 0 9.07676 5.40076
93 44.9152 31.8809 122.677
126.6 166.282 0.243318 0.416165 0 0 9.07676 5.40076
94 44.9161 31.4013 152.869
126.621 166.313 0.243414 0.416145 0 0.000107549 9.07442 5.40351
95 44.9161 31.7757 144.621
126.621 166.313 0.243414 0.416145 0 0.000107549 9.07442 5.40351
96 44.9161 31.4521 166.342
126.621 166.313 0.243414 0.416145 0 0.000107549 9.07442 5.40351
97 44.9161 35.3386 115.59
126.621 166.313 0.243414 0.416145 0 0.000107549 9.07442 5.40351
98 44.9161 34.733 119.227
126.621 166.313 0.243414 0.416145 0 0.000107549 9.07442 5.40351
99 44.9161 34.2201 103.558
126.621 166.313 0.243414 0.416145 0 0.000107549 9.07442 5.40351
100 44.9161 35.0411 104.869
126.621 166.313 0.243414 0.416145 0 0.000107549 9.07442 5.40351
