0 25.8031 3.48 66.1823
118.218 177.216 0.112993 0.140468 0.699452 0.324293 0.883899 5.68628
1 25.8031 6.19066 112.952
118.218 177.216 0.112993 0.140468 0.699452 0.324293 0.883899 5.68628
2 25.8371 7.96823 129.827
113.24 178.882 0.118266 0.0935838 0.757089 0.365076 0.806038 5.34069
3 25.9814 11.9759 143.118
121.344 176.818 0.144452 0.101751 0.705423 0.313857 1.16674 5.70025
4 25.9814 14.6294 125.617
121.344 176.818 0.144452 0.101751 0.705423 0.313857 1.16674 5.70025
5 26.0749 17.2817 120.155
120.465 176.487 0.165768 0.0874795 0.699374 0.293056 1.23695 5.69842
6 26.1637 16.7931 125.38
122.682 167.291 0.127326 0.0129374 0.721613 0.333396 0 6.32199
7 26.1981 16.4491 110.331
121.475 165.059 0.141177 0.0146516 0.702433 0.305887 0.262595 6.11652
8 26.2129 19.1524 104.513
121.491 165.879 0.140452 0 0.677515 0.310841 0.119693 6.89107
9 26.2129 20.546 83.7614
121.491 165.879 0.140452 0 0.677515 0.310841 0.119693 6.89107
10 26.2145 18.0741 107.705
121.171 164.425 0.107773 0.0226318 0.662425 0.365061 0 7.24862
11 26.372 18.6701 95.6402
130.73 161.023 0.07558 0 0.711211 0.3278 0.858484 7.89466
12 26.6555 18.8613 102.682
117.333 167.901 0.0753984 0.128643 0.731276 0.30629 0.510983 7.90268
13 26.6555 20.336 79.4624
117.333 167.901 0.0753984 0.128643 0.731276 0.30629 0.510983 7.90268
14 26.9032 21.605 68.3828
117.398 168.014 0.0763479 0.12731 0.7306 0.303005 0.520699 7.8422
15 26.9032 21.1175 67.7005
117.398 168.014 0.0763479 0.12731 0.7306 0.303005 0.520699 7.8422
16 26.9032 19.3518 103.781
117.398 168.014 0.0763479 0.12731 0.7306 0.303005 0.520699 7.8422
17 26.9032 20.703 81.1401
117.398 168.014 0.0763479 0.12731 0.7306 0.303005 0.520699 7.8422
18 26.9032 20.777 78.4374
117.398 168.014 0.0763479 0.12731 0.7306 0.303005 0.520699 7.8422
19 26.9032 21.63 67.747
117.398 168.014 0.0763479 0.12731 0.7306 0.303005 0.520699 7.8422
20 26.9032 21.6084 67.5805
117.398 168.014 0.0763479 0.12731 0.7306 0.303005 0.520699 7.8422
21 26.9032 19.9571 78.8528
117.398 168.014 0.0763479 0.12731 0.7306 0.303005 0.520699 7.8422
22 26.9032 21.0657 68.7083
117.398 168.014 0.0763479 0.12731 0.7306 0.303005 0.520699 7.8422
23 27.013 21.0904 70.4828
123.808 170.923 0.100062 0.0900386 0.270619 0.290874 0.639077 9.62591
24 27.3125 19.0244 89.4992
124.174 172.382 0.0988819 0.096052 0.279248 0.291567 0.552932 9.70743
25 27.6354 20.4944 56.6077
114.425 177.078 0.102135 0.0669423 0.436842 0.342668 1.38146 6.88954
26 27.6354 21.0943 59.9851
114.425 177.078 0.102135 0.0669423 0.436842 0.342668 1.38146 6.88954
27 27.6354 20.7059 72.079
114.425 177.078 0.102135 0.0669423 0.436842 0.342668 1.38146 6.88954
28 27.6354 21.867 57.5573
114.425 177.078 0.102135 0.0669423 0.436842 0.342668 1.38146 6.88954
29 27.6354 20.2135 75.2237
114.425 177.078 0.102135 0.0669423 0.436842 0.342668 1.38146 6.88954
30 27.6354 21.1551 72.7955
114.425 177.078 0.102135 0.0669423 0.436842 0.342668 1.38146 6.88954
31 27.6354 18.2016 95.1725
114.425 177.078 0.102135 0.0669423 0.436842 0.342668 1.38146 6.88954
32 27.6354 18.3117 78.6631
114.425 177.078 0.102135 0.0669423 0.436842 0.342668 1.38146 6.88954
33 27.6354 21.0004 66.945
114.425 177.078 0.102135 0.0669423 0.436842 0.342668 1.38146 6.88954
34 27.6354 22.1617 49.7763
114.425 177.078 0.102135 0.0669423 0.436842 0.342668 1.38146 6.88954
35 27.6354 22.8213 46.06
114.425 177.078 0.102135 0.0669423 0.436842 0.342668 1.38146 6.88954
36 28.1576 21.2431 83.8543
100 180.339 0.169756 0.276273 0.147079 0.121054 0.880929 8.25728
37 28.1576 20.6563 76.81
100 180.339 0.169756 0.276273 0.147079 0.121054 0.880929 8.25728
38 28.1576 21.5704 62.016
100 180.339 0.169756 0.276273 0.147079 0.121054 0.880929 8.25728
39 28.1576 22.7502 60.7831
100 180.339 0.169756 0.276273 0.147079 0.121054 0.880929 8.25728
40 28.3269 20.8852 105.213
100.112 180.27 0.171297 0.277058 0.146195 0.121587 0.868387 8.24522
41 28.3269 20.8154 108.758
100.112 180.27 0.171297 0.277058 0.146195 0.121587 0.868387 8.24522
42 28.3269 21.9922 89.1729
100.112 180.27 0.171297 0.277058 0.146195 0.121587 0.868387 8.24522
43 28.3269 19.8538 116.584
100.112 180.27 0.171297 0.277058 0.146195 0.121587 0.868387 8.24522
44 28.3269 19.5182 103.659
100.112 180.27 0.171297 0.277058 0.146195 0.121587 0.868387 8.24522
45 28.3269 19.1828 109.145
100.112 180.27 0.171297 0.277058 0.146195 0.121587 0.868387 8.24522
46 28.3269 20.8455 103.222
100.112 180.27 0.171297 0.277058 0.146195 0.121587 0.868387 8.24522
47 28.3269 19.8393 107.375
100.112 180.27 0.171297 0.277058 0.146195 0.121587 0.868387 8.24522
48 28.3269 19.7224 107.181
100.112 180.27 0.171297 0.277058 0.146195 0.121587 0.868387 8.24522
49 28.3269 18.8783 126.468
100.112 180.27 0.171297 0.277058 0.146195 0.121587 0.868387 8.24522
50 28.3269 17.2706 128.441
100.112 180.27 0.171297 0.277058 0.146195 0.121587 0.868387 8.24522
51 28.3269 19.7662 113.759
100.112 180.27 0.171297 0.277058 0.146195 0.121587 0.868387 8.24522
52 28.3269 20.8445 91.2554
100.112 180.27 0.171297 0.277058 0.146195 0.121587 0.868387 8.24522
53 29.4962 22.7595 71.3446
119.882 167.306 0.130819 0.345549 0.23111 0.0246215 0 8.28616
54 29.4962 20.9619 68.7568
119.882 167.306 0.130819 0.345549 0.23111 0.0246215 0 8.28616
55 29.4962 19.6849 113.432
119.882 167.306 0.130819 0.345549 0.23111 0.0246215 0 8.28616
56 29.4962 19.7374 105.942
119.882 167.306 0.130819 0.345549 0.23111 0.0246215 0 8.28616
57 29.4962 17.9042 140.27
119.882 167.306 0.130819 0.345549 0.23111 0.0246215 0 8.28616
58 30.423 18.9485 132.833
118.691 166.1 0.136388 0.343484 0.238286 0.0155601 0 8.20223
59 30.423 20.2032 130.183
118.691 166.1 0.136388 0.343484 0.238286 0.0155601 0 8.20223
60 30.423 17.5971 133.73
118.691 166.1 0.136388 0.343484 0.238286 0.0155601 0 8.20223
61 30.423 17.6377 136.253
118.691 166.1 0.136388 0.343484 0.238286 0.0155601 0 8.20223
62 30.423 16.9612 159.316
118.691 166.1 0.136388 0.343484 0.238286 0.0155601 0 8.20223
63 30.423 19.9764 131.113
118.691 166.1 0.136388 0.343484 0.238286 0.0155601 0 8.20223
64 30.423 21.0008 117.921
118.691 166.1 0.136388 0.343484 0.238286 0.0155601 0 8.20223
65 30.423 17.498 146.508
118.691 166.1 0.136388 0.343484 0.238286 0.0155601 0 8.20223
66 30.423 21.3158 96.1516
118.691 166.1 0.136388 0.343484 0.238286 0.0155601 0 8.20223
67 30.423 22.1619 92.5125
118.691 166.1 0.136388 0.343484 0.238286 0.0155601 0 8.20223
68 30.423 21.6755 91.8471
118.691 166.1 0.136388 0.343484 0.238286 0.0155601 0 8.20223
69 30.423 19.0357 130.925
118.691 166.1 0.136388 0.343484 0.238286 0.0155601 0 8.20223
70 30.423 19.6535 124.884
118.691 166.1 0.136388 0.343484 0.238286 0.0155601 0 8.20223
71 30.423 19.6432 125.885
118.691 166.1 0.136388 0.343484 0.238286 0.0155601 0 8.20223
72 30.423 20.3355 119.318
118.691 166.1 0.136388 0.343484 0.238286 0.0155601 0 8.20223
73 30.423 19.1729 122.802
118.691 166.1 0.136388 0.343484 0.238286 0.0155601 0 8.20223
74 30.423 20.0343 119.035
118.691 166.1 0.136388 0.343484 0.238286 0.0155601 0 8.20223
75 30.423 21.4837 101.26
118.691 166.1 0.136388 0.343484 0.238286 0.0155601 0 8.20223
76 30.423 22.9041 74.3791
118.691 166.1 0.136388 0.343484 0.238286 0.0155601 0 8.20223
77 30.453 21.6936 98.56
119.108 166.033 0.136461 0.343435 0.235636 0.0141026 0 8.19967
78 30.6403 21.578 88.5436
119.035 166.051 0.136034 0.343198 0.234912 0.0151337 0.000483531 8.19952
79 30.6403 21.8988 83.4648
119.035 166.051 0.136034 0.343198 0.234912 0.0151337 0.000483531 8.19952
80 30.6403 22.8726 71.2578
119.035 166.051 0.136034 0.343198 0.234912 0.0151337 0.000483531 8.19952
81 30.6403 22.1671 75.287
119.035 166.051 0.136034 0.343198 0.234912 0.0151337 0.000483531 8.19952
82 30.6403 22.4428 71.9855
119.035 166.051 0.136034 0.343198 0.234912 0.0151337 0.000483531 8.19952
83 30.6403 18.1706 140.521
119.035 166.051 0.136034 0.343198 0.234912 0.0151337 0.000483531 8.19952
84 30.6403 19.628 124.807
119.035 166.051 0.136034 0.343198 0.234912 0.0151337 0.000483531 8.19952
85 30.6403 18.5212 127.631
119.035 166.051 0.136034 0.343198 0.234912 0.0151337 0.000483531 8.19952
86 30.6403 19.9528 120.599
119.035 166.051 0.136034 0.343198 0.234912 0.0151337 0.000483531 8.19952
87 30.6403 19.2218 132.79
119.035 166.051 0.136034 0.343198 0.234912 0.0151337 0.000483531 8.19952
88 30.6403 22.9819 86.7682
119.035 166.051 0.136034 0.343198 0.234912 0.0151337 0.000483531 8.19952
89 30.6403 23.2013 70.1808
119.035 166.051 0.136034 0.343198 0.234912 0.0151337 0.000483531 8.19952
90 30.8008 22.0596 95.4868
119.352 162.566 0.12922 0.350025 0.27071 0.00512718 0 7.98721
91 30.8008 20.643 109.418
119.352 162.566 0.12922 0.350025 0.27071 0.00512718 0 7.98721
92 30.8008 22.4901 76.0758
119.352 162.566 0.12922 0.350025 0.27071 0.00512718 0 7.98721
93 30.8008 21.045 108.58
119.352 162.566 0.12922 0.350025 0.27071 0.00512718 0 7.98721
94 30.8008 20.4283 89.4796
119.352 162.566 0.12922 0.350025 0.27071 0.00512718 0 7.98721
95 30.8008 21.4937 97.5092
119.352 162.566 0.12922 0.350025 0.27071 0.00512718 0 7.98721
96 30.8008 23.5825 63.3828
119.352 162.566 0.12922 0.350025 0.27071 0.00512718 0 7.98721
97 30.8008 24.6976 34.0161
119.352 162.566 0.12922 0.350025 0.27071 0.00512718 0 7.98721
98 30.8008 22.8283 76.5215
119.352 162.566 0.12922 0.350025 0.27071 0.00512718 0 7.98721
99 30.8008 24.9773 36.6638
119.352 162.566 0.12922 0.350025 0.27071 0.00512718 0 7.98721
100 30.8008 23.3812 52.8566
119.352 162.566 0.12922 0.350025 0.27071 0.00512718 0 7.98721
