0 13.2223 0.75431 8.61782
100.324 126.889 0.155377 0.15573 0.252767 0.182737 3.95985 3.65507
1 23.3095 1.99161 33.7494
100 128.412 0.135358 0.124481 0.257487 0.162589 3.71575 3.4444
2 23.3361 4.24543 76.1
100.564 128.014 0.13653 0.12909 0.207611 0.149412 3.63745 3.59291
3 23.3477 4.24835 72.2016
101.248 127.965 0.132091 0.121612 0.211488 0.137567 3.68909 3.46253
4 23.3477 3.9042 70.9561
101.248 127.965 0.132091 0.121612 0.211488 0.137567 3.68909 3.46253
5 23.3477 4.619 69.8904
101.248 127.965 0.132091 0.121612 0.211488 0.137567 3.68909 3.46253
6 26.1547 7.00319 106.711
100 121.547 0.205571 0.13459 0.0799919 0.0126135 4.79292 4.37852
7 26.1547 7.62417 108.74
100 121.547 0.205571 0.13459 0.0799919 0.0126135 4.79292 4.37852
8 26.1547 8.58602 129.319
100 121.547 0.205571 0.13459 0.0799919 0.0126135 4.79292 4.37852
9 26.1547 8.64718 124.467
100 121.547 0.205571 0.13459 0.0799919 0.0126135 4.79292 4.37852
10 26.2278 9.00907 127.075
100 120.652 0.16433 0.0829839 0.0678495 0.0518724 4.84743 4.02194
11 26.4138 10.2021 137.293
100.733 121.687 0.146615 0.0974039 0.0645581 0.0580083 4.78121 4.06674
12 26.4138 12.1636 138.513
100.733 121.687 0.146615 0.0974039 0.0645581 0.0580083 4.78121 4.06674
13 26.5641 12.7569 145.237
100 121.421 0.122572 0.148183 0.114309 0.0172911 4.55947 4.08884
14 26.5641 14.6915 130.91
100 121.421 0.122572 0.148183 0.114309 0.0172911 4.55947 4.08884
15 26.6079 15.0182 125.936
100 124.425 0.202226 0.192656 0.035208 0.0566415 5.94761 3.8592
16 27.083 19.31 104.961
102.011 122.993 0.139263 0.185612 0 0.0480612 5.46949 3.46019
17 27.083 18.2055 106.886
102.011 122.993 0.139263 0.185612 0 0.0480612 5.46949 3.46019
18 27.083 15.1334 119.036
102.011 122.993 0.139263 0.185612 0 0.0480612 5.46949 3.46019
19 27.083 14.5647 138.967
102.011 122.993 0.139263 0.185612 0 0.0480612 5.46949 3.46019
20 27.083 16.8461 119.679
102.011 122.993 0.139263 0.185612 0 0.0480612 5.46949 3.46019
21 27.083 16.4853 111.571
102.011 122.993 0.139263 0.185612 0 0.0480612 5.46949 3.46019
22 27.083 15.5011 131.851
102.011 122.993 0.139263 0.185612 0 0.0480612 5.46949 3.46019
23 27.1507 13.6978 118.527
104.907 122.209 0.148161 0.204893 0 0.0100898 5.26239 4.37066
24 27.1809 10.6005 123.895
102.969 125.39 0.141549 0.196492 0.0059975 0.00493123 5.40237 3.62447
25 27.1809 11.6329 120.347
102.969 125.39 0.141549 0.196492 0.0059975 0.00493123 5.40237 3.62447
26 27.1813 16.4091 136.011
112.131 136.172 0.131198 0.249406 0.0110698 0 5.29705 5.2172
27 27.1813 16.0625 116.129
112.131 136.172 0.131198 0.249406 0.0110698 0 5.29705 5.2172
28 27.1813 15.3933 105.076
112.131 136.172 0.131198 0.249406 0.0110698 0 5.29705 5.2172
29 27.1813 15.102 121.995
112.131 136.172 0.131198 0.249406 0.0110698 0 5.29705 5.2172
30 27.1813 11.7016 108.328
112.131 136.172 0.131198 0.249406 0.0110698 0 5.29705 5.2172
31 27.1813 14.9962 135.971
112.131 136.172 0.131198 0.249406 0.0110698 0 5.29705 5.2172
32 27.1813 15.0024 148.07
112.131 136.172 0.131198 0.249406 0.0110698 0 5.29705 5.2172
33 27.2764 14.9421 144.142
100 149.225 0.165698 0.165595 0.03778 0.0456128 6.63734 3.50103
34 27.2764 14.8495 157.831
100 149.225 0.165698 0.165595 0.03778 0.0456128 6.63734 3.50103
35 27.3255 15.8622 160.88
106.329 157.599 0.175853 0.0889335 0 0 6.32365 3.37236
36 27.3255 14.7057 132.58
106.329 157.599 0.175853 0.0889335 0 0 6.32365 3.37236
37 27.3255 18.0609 121.387
106.329 157.599 0.175853 0.0889335 0 0 6.32365 3.37236
38 27.3255 18.6132 114.137
106.329 157.599 0.175853 0.0889335 0 0 6.32365 3.37236
39 27.657 17.5951 124.802
100.361 148.867 0.151682 0.158723 0.0287631 0.0508639 6.55393 3.54157
40 27.657 16.1874 147.524
100.361 148.867 0.151682 0.158723 0.0287631 0.0508639 6.55393 3.54157
41 27.657 15.8592 143.263
100.361 148.867 0.151682 0.158723 0.0287631 0.0508639 6.55393 3.54157
42 27.657 15.5837 123.804
100.361 148.867 0.151682 0.158723 0.0287631 0.0508639 6.55393 3.54157
43 27.657 13.0761 132.243
100.361 148.867 0.151682 0.158723 0.0287631 0.0508639 6.55393 3.54157
44 27.657 11.9315 133.429
100.361 148.867 0.151682 0.158723 0.0287631 0.0508639 6.55393 3.54157
45 27.657 12.4153 143.919
100.361 148.867 0.151682 0.158723 0.0287631 0.0508639 6.55393 3.54157
46 27.657 13.8319 140.642
100.361 148.867 0.151682 0.158723 0.0287631 0.0508639 6.55393 3.54157
47 27.657 13.0479 145.364
100.361 148.867 0.151682 0.158723 0.0287631 0.0508639 6.55393 3.54157
48 27.6906 15.1178 139.824
100.268 148.953 0.151323 0.158404 0.0268157 0.050789 6.53337 3.5644
49 28.0014 15.0479 123.002
105.523 153.065 0.152932 0.112019 0.0257694 0.0287826 6.42454 3.33842
50 28.3228 15.0864 136.399
100 149.649 0.144738 0.159013 0.00300991 0.0380602 6.40535 3.759
51 28.3228 17.486 132.78
100 149.649 0.144738 0.159013 0.00300991 0.0380602 6.40535 3.759
52 28.3228 15.7773 147.423
100 149.649 0.144738 0.159013 0.00300991 0.0380602 6.40535 3.759
53 28.3228 16.1899 136.66
100 149.649 0.144738 0.159013 0.00300991 0.0380602 6.40535 3.759
54 28.9758 17.0781 120.262
100 151.607 0.148412 0.142618 0 0 6.47509 4.08969
55 28.9758 16.073 141.768
100 151.607 0.148412 0.142618 0 0 6.47509 4.08969
56 28.9758 17.991 125.672
100 151.607 0.148412 0.142618 0 0 6.47509 4.08969
57 28.9758 17.7118 138.711
100 151.607 0.148412 0.142618 0 0 6.47509 4.08969
58 29.0348 16.1783 149.353
100.006 151.465 0.146924 0.141945 0.000338769 0 6.45257 4.09051
59 29.0348 16.9729 143.935
100.006 151.465 0.146924 0.141945 0.000338769 0 6.45257 4.09051
60 29.0348 17.0373 122.665
100.006 151.465 0.146924 0.141945 0.000338769 0 6.45257 4.09051
61 29.0455 14.5729 135.92
100 157.089 0.154084 0.145367 0.0147976 0 6.83977 4.40227
62 29.3569 16.498 134.534
100.741 151.596 0.147015 0.147347 0.00179921 0.0108382 6.60413 4.27465
63 29.3569 12.1352 134.224
100.741 151.596 0.147015 0.147347 0.00179921 0.0108382 6.60413 4.27465
64 29.3569 18.8666 115.958
100.741 151.596 0.147015 0.147347 0.00179921 0.0108382 6.60413 4.27465
65 29.3569 16.9046 103.603
100.741 151.596 0.147015 0.147347 0.00179921 0.0108382 6.60413 4.27465
66 29.4718 19.2931 104.58
100.74 151.401 0.146302 0.148039 0.00110127 0.0100929 6.6118 4.26824
67 29.4718 15.9283 151.93
100.74 151.401 0.146302 0.148039 0.00110127 0.0100929 6.6118 4.26824
68 29.4718 12.9515 143.487
100.74 151.401 0.146302 0.148039 0.00110127 0.0100929 6.6118 4.26824
69 29.4718 14.2197 140.896
100.74 151.401 0.146302 0.148039 0.00110127 0.0100929 6.6118 4.26824
70 29.4718 13.2157 138.33
100.74 151.401 0.146302 0.148039 0.00110127 0.0100929 6.6118 4.26824
71 29.4718 16.5026 138.158
100.74 151.401 0.146302 0.148039 0.00110127 0.0100929 6.6118 4.26824
72 31.2406 17.5316 155.885
101.013 144.155 0.114896 0.157419 0.111629 0.08638 7.54691 4.69879
73 31.2406 18.1198 131.727
101.013 144.155 0.114896 0.157419 0.111629 0.08638 7.54691 4.69879
74 31.2406 17.0639 124.822
101.013 144.155 0.114896 0.157419 0.111629 0.08638 7.54691 4.69879
75 31.2406 18.6452 116.144
101.013 144.155 0.114896 0.157419 0.111629 0.08638 7.54691 4.69879
76 31.9516 18.7912 117.772
100 148.681 0.140655 0.174767 0 0 6.94168 4.78461
77 31.9516 19.7795 107.537
100 148.681 0.140655 0.174767 0 0 6.94168 4.78461
78 31.9516 16.8365 145.271
100 148.681 0.140655 0.174767 0 0 6.94168 4.78461
79 31.9516 16.2155 165.534
100 148.681 0.140655 0.174767 0 0 6.94168 4.78461
80 31.9516 15.2295 163.498
100 148.681 0.140655 0.174767 0 0 6.94168 4.78461
81 31.9516 14.0061 137.627
100 148.681 0.140655 0.174767 0 0 6.94168 4.78461
82 31.9516 12.9788 131.14
100 148.681 0.140655 0.174767 0 0 6.94168 4.78461
83 31.9516 13.8128 150.089
100 148.681 0.140655 0.174767 0 0 6.94168 4.78461
84 31.9516 14.9358 141.861
100 148.681 0.140655 0.174767 0 0 6.94168 4.78461
85 31.9516 12.4645 140.95
100 148.681 0.140655 0.174767 0 0 6.94168 4.78461
86 31.9516 12.4935 133.485
100 148.681 0.140655 0.174767 0 0 6.94168 4.78461
87 32.8019 12.64 169.188
100 147.575 0.142398 0.179281 0 0.00217423 6.95037 4.74191
88 32.8019 12.4394 186.997
100 147.575 0.142398 0.179281 0 0.00217423 6.95037 4.74191
89 32.8019 11.8525 185.899
100 147.575 0.142398 0.179281 0 0.00217423 6.95037 4.74191
90 32.8019 13.8956 194.831
100 147.575 0.142398 0.179281 0 0.00217423 6.95037 4.74191
91 32.8019 15.6724 172.804
100 147.575 0.142398 0.179281 0 0.00217423 6.95037 4.74191
92 33.4965 19.2134 138.014
115.204 162.287 0.13545 0.184271 0.100564 0 8.03106 4.77643
93 33.4965 18.2609 127.842
115.204 162.287 0.13545 0.184271 0.100564 0 8.03106 4.77643
94 33.4965 18.6707 123.039
115.204 162.287 0.13545 0.184271 0.100564 0 8.03106 4.77643
95 33.4965 16.4535 130.473
115.204 162.287 0.13545 0.184271 0.100564 0 8.03106 4.77643
96 33.4965 16.9546 120.835
115.204 162.287 0.13545 0.184271 0.100564 0 8.03106 4.77643
97 33.4965 16.9492 156.606
115.204 162.287 0.13545 0.184271 0.100564 0 8.03106 4.77643
98 34.6608 18.125 164.905
115.406 162.092 0.147995 0.179832 0.0662854 0 7.97236 4.58726
99 34.6608 18.1443 139.39
115.406 162.092 0.147995 0.179832 0.0662854 0 7.97236 4.58726
100 34.6608 16.9862 158.095
115.406 162.092 0.147995 0.179832 0.0662854 0 7.97236 4.58726
