0 24.4285 0.945385 15.5305
196.85 139.415 0.110095 0.296894 0.249864 0.431336 7.70027 4.57027
1 25.7539 2.33765 42.2894
192.367 143.303 0.189695 0.401343 0.118097 0.419275 6.51781 5.19762
2 25.8774 4.43934 69.4879
195.761 137.92 0.096613 0.282114 0.240463 0.44392 7.6518 4.58668
3 25.9028 6.14878 95.4369
195.526 139.208 0.108113 0.266819 0.240299 0.442536 7.67263 4.70805
4 25.9028 7.61909 116.466
195.526 139.208 0.108113 0.266819 0.240299 0.442536 7.67263 4.70805
5 25.9508 9.04652 130.203
194.454 134.564 0.0518923 0.193367 0.312199 0.468108 7.70828 4.73578
6 26.4495 11.4376 138.898
193.9 150.234 0.137297 0.174426 0.15079 0.383248 9.1217 3.84781
7 26.4495 11.8265 131.42
193.9 150.234 0.137297 0.174426 0.15079 0.383248 9.1217 3.84781
8 27.1448 13.2064 139.853
188.952 143.565 0.196778 0.1188 0.0793914 0.314472 8.83642 2.52912
9 28.7362 13.8339 143.98
200 154.068 0.184276 0.120934 0 0.320177 4.98427 4.16415
10 28.7362 15.0451 138.804
200 154.068 0.184276 0.120934 0 0.320177 4.98427 4.16415
11 28.7362 13.7066 129.694
200 154.068 0.184276 0.120934 0 0.320177 4.98427 4.16415
12 28.7362 13.7941 122.845
200 154.068 0.184276 0.120934 0 0.320177 4.98427 4.16415
13 28.7362 14.7251 120.457
200 154.068 0.184276 0.120934 0 0.320177 4.98427 4.16415
14 28.9117 15.6063 120.698
199.778 154.078 0.177554 0.125582 0 0.314958 4.98247 4.17427
15 31.7065 16.2952 126.927
200 155.873 0.184771 0.128475 0.0157846 0.348587 4.8626 3.87436
16 31.7065 17.4878 111.717
200 155.873 0.184771 0.128475 0.0157846 0.348587 4.8626 3.87436
17 31.7065 17.2371 119.031
200 155.873 0.184771 0.128475 0.0157846 0.348587 4.8626 3.87436
18 31.7065 18.5154 113.552
200 155.873 0.184771 0.128475 0.0157846 0.348587 4.8626 3.87436
19 31.7065 19.4102 109.225
200 155.873 0.184771 0.128475 0.0157846 0.348587 4.8626 3.87436
20 31.7065 21.1049 94.7242
200 155.873 0.184771 0.128475 0.0157846 0.348587 4.8626 3.87436
21 31.7065 20.6003 95.3804
200 155.873 0.184771 0.128475 0.0157846 0.348587 4.8626 3.87436
22 31.7065 20.2311 106.103
200 155.873 0.184771 0.128475 0.0157846 0.348587 4.8626 3.87436
23 31.7065 19.7475 107.988
200 155.873 0.184771 0.128475 0.0157846 0.348587 4.8626 3.87436
24 32.579 19.1382 106.19
199.08 154.257 0.183543 0.135711 0.0192452 0.353583 4.81818 4.00575
25 32.579 19.7912 106.526
199.08 154.257 0.183543 0.135711 0.0192452 0.353583 4.81818 4.00575
26 32.579 20.0124 99.9774
199.08 154.257 0.183543 0.135711 0.0192452 0.353583 4.81818 4.00575
27 32.579 19.354 109.097
199.08 154.257 0.183543 0.135711 0.0192452 0.353583 4.81818 4.00575
28 32.579 20.4715 86.0804
199.08 154.257 0.183543 0.135711 0.0192452 0.353583 4.81818 4.00575
29 32.579 20.6126 88.6227
199.08 154.257 0.183543 0.135711 0.0192452 0.353583 4.81818 4.00575
30 32.579 19.905 91.4026
199.08 154.257 0.183543 0.135711 0.0192452 0.353583 4.81818 4.00575
31 32.579 21.351 76.1529
199.08 154.257 0.183543 0.135711 0.0192452 0.353583 4.81818 4.00575
32 32.579 21.6763 68.6419
199.08 154.257 0.183543 0.135711 0.0192452 0.353583 4.81818 4.00575
33 32.579 20.0169 88.0894
199.08 154.257 0.183543 0.135711 0.0192452 0.353583 4.81818 4.00575
34 32.579 19.9793 93.5858
199.08 154.257 0.183543 0.135711 0.0192452 0.353583 4.81818 4.00575
35 32.579 18.7765 109.364
199.08 154.257 0.183543 0.135711 0.0192452 0.353583 4.81818 4.00575
36 32.579 18.3899 126.552
199.08 154.257 0.183543 0.135711 0.0192452 0.353583 4.81818 4.00575
37 32.579 18.7214 111.836
199.08 154.257 0.183543 0.135711 0.0192452 0.353583 4.81818 4.00575
38 32.579 17.6413 122.467
199.08 154.257 0.183543 0.135711 0.0192452 0.353583 4.81818 4.00575
39 32.579 17.8515 115.261
199.08 154.257 0.183543 0.135711 0.0192452 0.353583 4.81818 4.00575
40 32.579 18.7685 122.751
199.08 154.257 0.183543 0.135711 0.0192452 0.353583 4.81818 4.00575
41 32.579 20.7482 113.835
199.08 154.257 0.183543 0.135711 0.0192452 0.353583 4.81818 4.00575
42 32.579 20.1641 103.602
199.08 154.257 0.183543 0.135711 0.0192452 0.353583 4.81818 4.00575
43 32.579 22.9593 62.3571
199.08 154.257 0.183543 0.135711 0.0192452 0.353583 4.81818 4.00575
44 32.6815 22.0358 87.398
199.846 158.572 0.176505 0.159213 0.0207074 0.322007 4.6032 4.22172
45 32.6815 20.0484 102.79
199.846 158.572 0.176505 0.159213 0.0207074 0.322007 4.6032 4.22172
46 32.6815 20.8694 78.9537
199.846 158.572 0.176505 0.159213 0.0207074 0.322007 4.6032 4.22172
47 32.6815 20.8281 86.9409
199.846 158.572 0.176505 0.159213 0.0207074 0.322007 4.6032 4.22172
48 32.6815 20.9181 97.2895
199.846 158.572 0.176505 0.159213 0.0207074 0.322007 4.6032 4.22172
49 32.6815 20.2184 106.915
199.846 158.572 0.176505 0.159213 0.0207074 0.322007 4.6032 4.22172
50 32.6815 20.9899 108.472
199.846 158.572 0.176505 0.159213 0.0207074 0.322007 4.6032 4.22172
51 32.6815 18.8047 115.301
199.846 158.572 0.176505 0.159213 0.0207074 0.322007 4.6032 4.22172
52 33.1814 19.7882 96.751
199.663 158.608 0.175716 0.167794 0.0204971 0.315183 4.56977 4.18786
53 33.1814 19.7569 94.0476
199.663 158.608 0.175716 0.167794 0.0204971 0.315183 4.56977 4.18786
54 33.1814 20.1192 91.7598
199.663 158.608 0.175716 0.167794 0.0204971 0.315183 4.56977 4.18786
55 33.1814 19.9915 103.896
199.663 158.608 0.175716 0.167794 0.0204971 0.315183 4.56977 4.18786
56 33.1814 20.8852 91.4044
199.663 158.608 0.175716 0.167794 0.0204971 0.315183 4.56977 4.18786
57 33.1814 22.427 70.062
199.663 158.608 0.175716 0.167794 0.0204971 0.315183 4.56977 4.18786
58 33.1814 21.1746 97.5563
199.663 158.608 0.175716 0.167794 0.0204971 0.315183 4.56977 4.18786
59 33.1814 20.7714 89.5519
199.663 158.608 0.175716 0.167794 0.0204971 0.315183 4.56977 4.18786
60 33.1814 20.1204 99.597
199.663 158.608 0.175716 0.167794 0.0204971 0.315183 4.56977 4.18786
61 33.1814 19.2848 101.409
199.663 158.608 0.175716 0.167794 0.0204971 0.315183 4.56977 4.18786
62 33.1814 19.9253 99.3981
199.663 158.608 0.175716 0.167794 0.0204971 0.315183 4.56977 4.18786
63 33.1814 20.1644 102.652
199.663 158.608 0.175716 0.167794 0.0204971 0.315183 4.56977 4.18786
64 33.1814 19.9907 107.492
199.663 158.608 0.175716 0.167794 0.0204971 0.315183 4.56977 4.18786
65 33.3761 18.9973 106.15
199.914 158.487 0.172746 0.165791 0.019363 0.313593 4.56905 4.17156
66 33.3761 18.1012 119.071
199.914 158.487 0.172746 0.165791 0.019363 0.313593 4.56905 4.17156
67 33.3761 19.4436 114.533
199.914 158.487 0.172746 0.165791 0.019363 0.313593 4.56905 4.17156
68 33.3761 18.8186 106.096
199.914 158.487 0.172746 0.165791 0.019363 0.313593 4.56905 4.17156
69 33.3761 18.8751 105.184
199.914 158.487 0.172746 0.165791 0.019363 0.313593 4.56905 4.17156
70 33.3761 19.3142 113.375
199.914 158.487 0.172746 0.165791 0.019363 0.313593 4.56905 4.17156
71 33.3761 20.0213 110.199
199.914 158.487 0.172746 0.165791 0.019363 0.313593 4.56905 4.17156
72 33.3761 20.4641 97.4033
199.914 158.487 0.172746 0.165791 0.019363 0.313593 4.56905 4.17156
73 33.3761 20.6339 81.3416
199.914 158.487 0.172746 0.165791 0.019363 0.313593 4.56905 4.17156
74 33.3761 20.74 93.2773
199.914 158.487 0.172746 0.165791 0.019363 0.313593 4.56905 4.17156
75 33.3761 20.3735 100.45
199.914 158.487 0.172746 0.165791 0.019363 0.313593 4.56905 4.17156
76 33.3761 21.7334 89.7258
199.914 158.487 0.172746 0.165791 0.019363 0.313593 4.56905 4.17156
77 33.3761 21.5976 86.6368
199.914 158.487 0.172746 0.165791 0.019363 0.313593 4.56905 4.17156
78 33.3761 21.4849 98.5085
199.914 158.487 0.172746 0.165791 0.019363 0.313593 4.56905 4.17156
79 33.3761 21.3652 87.3907
199.914 158.487 0.172746 0.165791 0.019363 0.313593 4.56905 4.17156
80 33.3761 20.6842 92.2598
199.914 158.487 0.172746 0.165791 0.019363 0.313593 4.56905 4.17156
81 33.3761 19.8137 103.446
199.914 158.487 0.172746 0.165791 0.019363 0.313593 4.56905 4.17156
82 33.3761 21.4103 97.2307
199.914 158.487 0.172746 0.165791 0.019363 0.313593 4.56905 4.17156
83 33.3761 19.486 119.057
199.914 158.487 0.172746 0.165791 0.019363 0.313593 4.56905 4.17156
84 33.3761 20.0435 105.435
199.914 158.487 0.172746 0.165791 0.019363 0.313593 4.56905 4.17156
85 33.3761 20.8314 98.8828
199.914 158.487 0.172746 0.165791 0.019363 0.313593 4.56905 4.17156
86 33.3761 19.3897 102.482
199.914 158.487 0.172746 0.165791 0.019363 0.313593 4.56905 4.17156
87 33.3761 20.0927 103.729
199.914 158.487 0.172746 0.165791 0.019363 0.313593 4.56905 4.17156
88 33.3761 20.777 98.6969
199.914 158.487 0.172746 0.165791 0.019363 0.313593 4.56905 4.17156
89 33.3761 20.7857 100.905
199.914 158.487 0.172746 0.165791 0.019363 0.313593 4.56905 4.17156
90 33.3761 20.9028 108.674
199.914 158.487 0.172746 0.165791 0.019363 0.313593 4.56905 4.17156
91 33.3761 19.8021 119.92
199.914 158.487 0.172746 0.165791 0.019363 0.313593 4.56905 4.17156
92 33.3761 20.8906 104.773
199.914 158.487 0.172746 0.165791 0.019363 0.313593 4.56905 4.17156
93 33.3761 21.4454 98.0092
199.914 158.487 0.172746 0.165791 0.019363 0.313593 4.56905 4.17156
94 33.3761 20.8855 101.818
199.914 158.487 0.172746 0.165791 0.019363 0.313593 4.56905 4.17156
95 33.4129 20.4959 112.088
198.67 155.443 0.173075 0.124566 0.0486623 0.374741 4.763 3.73955
96 33.4129 20.5319 109.124
198.67 155.443 0.173075 0.124566 0.0486623 0.374741 4.763 3.73955
97 33.4129 21.1433 99.8904
198.67 155.443 0.173075 0.124566 0.0486623 0.374741 4.763 3.73955
98 33.4129 20.4487 99.4878
198.67 155.443 0.173075 0.124566 0.0486623 0.374741 4.763 3.73955
99 33.4129 21.299 79.454
198.67 155.443 0.173075 0.124566 0.0486623 0.374741 4.763 3.73955
100 33.4129 19.1007 104.894
198.67 155.443 0.173075 0.124566 0.0486623 0.374741 4.763 3.73955
