0 7.80117 2.49182 5.27826
184.438 157.959 0.36282 0.209653 0.0853592 0.35257 7.41755 8.06605
1 7.80117 3.16126 6.42163
184.438 157.959 0.36282 0.209653 0.0853592 0.35257 7.41755 8.06605
2 12.9233 3.78261 9.54504
172.158 155.712 0.383719 0.256674 0 0.241248 7.07558 8.22579
3 12.9233 4.64514 11.5459
172.158 155.712 0.383719 0.256674 0 0.241248 7.07558 8.22579
4 12.9233 5.36443 14.933
172.158 155.712 0.383719 0.256674 0 0.241248 7.07558 8.22579
5 13.9707 6.36124 19.429
194.259 168.989 0.311919 0.214139 0 0.161122 10 9.10264
6 13.9707 6.70989 20.631
194.259 168.989 0.311919 0.214139 0 0.161122 10 9.10264
7 13.9707 6.90436 23.8592
194.259 168.989 0.311919 0.214139 0 0.161122 10 9.10264
8 14.9397 7.8237 23.7247
179.247 153.986 0.383776 0.121323 0.00395867 0.236233 7.60449 8.16497
9 14.9397 8.1661 22.6214
179.247 153.986 0.383776 0.121323 0.00395867 0.236233 7.60449 8.16497
10 14.9397 8.77566 21.9278
179.247 153.986 0.383776 0.121323 0.00395867 0.236233 7.60449 8.16497
11 14.9397 8.69541 23.4769
179.247 153.986 0.383776 0.121323 0.00395867 0.236233 7.60449 8.16497
12 15.9296 9.75425 21.2684
153.706 145.085 0.394227 0.0990782 0.0202949 0.203109 8.52269 8.54242
13 15.9296 9.12894 19.2181
153.706 145.085 0.394227 0.0990782 0.0202949 0.203109 8.52269 8.54242
14 16.4136 9.91009 23.6868
139.37 146.883 0.428026 0.102214 0.0321639 0.218638 8.58422 9.17745
15 16.9305 10.8061 20.6527
138.448 147.341 0.43309 0.0690562 0.0500011 0.222114 8.24616 9.54592
16 16.9305 9.84103 23.3081
138.448 147.341 0.43309 0.0690562 0.0500011 0.222114 8.24616 9.54592
17 16.9305 10.303 23.9412
138.448 147.341 0.43309 0.0690562 0.0500011 0.222114 8.24616 9.54592
18 16.9305 11.1018 23.0017
138.448 147.341 0.43309 0.0690562 0.0500011 0.222114 8.24616 9.54592
19 16.9305 11.6937 18.5771
138.448 147.341 0.43309 0.0690562 0.0500011 0.222114 8.24616 9.54592
20 16.9305 11.7615 19.1403
138.448 147.341 0.43309 0.0690562 0.0500011 0.222114 8.24616 9.54592
21 17.9522 12.4239 21.6695
133.785 148.321 0.45806 0.0392901 0.0432961 0.224815 8.00152 9.54612
22 18.0001 12.6763 18.3203
135.424 163.382 0.427296 0 0 0.272092 6.87638 8.22863
23 18.0001 11.5738 20.9637
135.424 163.382 0.427296 0 0 0.272092 6.87638 8.22863
24 18.0001 11.6527 16.733
135.424 163.382 0.427296 0 0 0.272092 6.87638 8.22863
25 18.0001 11.9989 16.481
135.424 163.382 0.427296 0 0 0.272092 6.87638 8.22863
26 19.0842 11.9942 20.3685
118.074 156.718 0.339823 0 0 0.303952 7.34854 9.33716
27 19.0842 12.8459 19.595
118.074 156.718 0.339823 0 0 0.303952 7.34854 9.33716
28 19.0842 11.925 19.6935
118.074 156.718 0.339823 0 0 0.303952 7.34854 9.33716
29 19.0842 13.1555 23.4095
118.074 156.718 0.339823 0 0 0.303952 7.34854 9.33716
30 19.0842 12.4256 21.4692
118.074 156.718 0.339823 0 0 0.303952 7.34854 9.33716
31 19.5738 12.9028 26.1849
118.448 155.709 0.348964 0 0.0199369 0.308501 7.28267 9.47155
32 20.1074 14.054 31.4888
109.881 142.503 0.338379 0 0.0339328 0.328027 8.24841 10
33 20.1074 14.2864 23.4436
109.881 142.503 0.338379 0 0.0339328 0.328027 8.24841 10
34 20.1074 13.2012 21.3703
109.881 142.503 0.338379 0 0.0339328 0.328027 8.24841 10
35 20.1074 13.1871 24.2239
109.881 142.503 0.338379 0 0.0339328 0.328027 8.24841 10
36 20.1074 12.8156 23.3402
109.881 142.503 0.338379 0 0.0339328 0.328027 8.24841 10
37 20.1074 12.6134 29.0605
109.881 142.503 0.338379 0 0.0339328 0.328027 8.24841 10
38 20.1074 12.8555 30.9052
109.881 142.503 0.338379 0 0.0339328 0.328027 8.24841 10
39 20.1074 12.6969 33.1966
109.881 142.503 0.338379 0 0.0339328 0.328027 8.24841 10
40 20.1074 12.8722 35.8534
109.881 142.503 0.338379 0 0.0339328 0.328027 8.24841 10
41 20.4997 13.2337 36.6825
107.824 135.559 0.439163 0.0278769 0 0.26724 7.86095 9.68902
42 20.4997 13.7301 36.8893
107.824 135.559 0.439163 0.0278769 0 0.26724 7.86095 9.68902
43 20.4997 13.1666 37.3229
107.824 135.559 0.439163 0.0278769 0 0.26724 7.86095 9.68902
44 20.4997 13.6075 36.0456
107.824 135.559 0.439163 0.0278769 0 0.26724 7.86095 9.68902
45 20.4997 13.7023 33.5498
107.824 135.559 0.439163 0.0278769 0 0.26724 7.86095 9.68902
46 20.4997 13.4211 31.5357
107.824 135.559 0.439163 0.0278769 0 0.26724 7.86095 9.68902
47 20.5151 13.1027 40.7045
103.673 143.249 0.414965 0.0244451 0 0.268663 7.89113 10
48 20.5151 13.0155 37.1652
103.673 143.249 0.414965 0.0244451 0 0.268663 7.89113 10
49 20.5151 12.9877 31.8267
103.673 143.249 0.414965 0.0244451 0 0.268663 7.89113 10
50 20.5151 14.0661 32.3819
103.673 143.249 0.414965 0.0244451 0 0.268663 7.89113 10
51 20.5151 14.2897 28.534
103.673 143.249 0.414965 0.0244451 0 0.268663 7.89113 10
52 20.5151 14.5737 32.5364
103.673 143.249 0.414965 0.0244451 0 0.268663 7.89113 10
53 20.5151 14.0626 36.9506
103.673 143.249 0.414965 0.0244451 0 0.268663 7.89113 10
54 20.5151 13.1715 34.5065
103.673 143.249 0.414965 0.0244451 0 0.268663 7.89113 10
55 20.5151 14.088 29.1096
103.673 143.249 0.414965 0.0244451 0 0.268663 7.89113 10
56 20.5151 13.8278 30.2276
103.58 143.247 0.415337 0.0246073 0 0.268243 7.88825 10
57 20.5151 13.4432 34.0141
103.58 143.247 0.415337 0.0246073 0 0.268243 7.88825 10
58 20.5151 13.4021 28.6603
103.58 143.247 0.415337 0.0246073 0 0.268243 7.88825 10
59 20.5151 12.7577 31.8983
103.58 143.247 0.415337 0.0246073 0 0.268243 7.88825 10
60 20.5187 13.6148 28.4537
101.262 135.825 0.439312 0.00424633 0 0.28425 7.94797 9.90075
61 20.5187 14.8326 32.4758
101.262 135.825 0.439312 0.00424633 0 0.28425 7.94797 9.90075
62 20.5187 14.4235 33.6729
101.262 135.825 0.439312 0.00424633 0 0.28425 7.94797 9.90075
63 21.0033 14.4959 33.9325
101.871 134.504 0.478717 0.0128424 0.0119903 0.28841 8.11953 10
64 21.0033 13.534 33.2801
101.871 134.504 0.478717 0.0128424 0.0119903 0.28841 8.11953 10
65 21.0033 13.9731 26.4736
101.871 134.504 0.478717 0.0128424 0.0119903 0.28841 8.11953 10
66 21.0033 13.1774 33.4533
101.871 134.504 0.478717 0.0128424 0.0119903 0.28841 8.11953 10
67 21.0033 12.5726 37.4118
101.871 134.504 0.478717 0.0128424 0.0119903 0.28841 8.11953 10
68 21.0033 14.3578 30.6993
101.871 134.504 0.478717 0.0128424 0.0119903 0.28841 8.11953 10
69 21.0033 13.6809 35.113
101.871 134.504 0.478717 0.0128424 0.0119903 0.28841 8.11953 10
70 21.0413 13.6149 32.1111
100.83 134.38 0.427495 0.000192379 0.0159936 0.294394 8.49404 9.88736
71 21.0413 14.5443 31.8671
100.83 134.38 0.427495 0.000192379 0.0159936 0.294394 8.49404 9.88736
72 21.0413 14.0428 30.4526
100.83 134.38 0.427495 0.000192379 0.0159936 0.294394 8.49404 9.88736
73 21.0413 15.0456 31.5601
100.83 134.38 0.427495 0.000192379 0.0159936 0.294394 8.49404 9.88736
74 21.0413 12.9541 33.4391
100.83 134.38 0.427495 0.000192379 0.0159936 0.294394 8.49404 9.88736
75 21.0485 13.0001 36.3439
103.21 136.671 0.432867 0 0 0.312659 8.16753 10
76 21.0485 13.4985 47.444
103.21 136.671 0.432867 0 0 0.312659 8.16753 10
77 21.0485 13.5834 43.1633
103.21 136.671 0.432867 0 0 0.312659 8.16753 10
78 21.0485 14.4766 41.1646
103.21 136.671 0.432867 0 0 0.312659 8.16753 10
79 21.0485 14.4281 39.512
103.21 136.671 0.432867 0 0 0.312659 8.16753 10
80 21.0485 13.1283 47.0579
103.21 136.671 0.432867 0 0 0.312659 8.16753 10
81 21.0485 13.3345 52.6661
103.21 136.671 0.432867 0 0 0.312659 8.16753 10
82 21.0485 15.1146 41.9818
103.21 136.671 0.432867 0 0 0.312659 8.16753 10
83 21.0485 15.0729 35.1395
103.21 136.671 0.432867 0 0 0.312659 8.16753 10
84 21.0485 16.0913 28.4675
103.21 136.671 0.432867 0 0 0.312659 8.16753 10
85 21.0485 14.8845 36.8286
103.21 136.671 0.432867 0 0 0.312659 8.16753 10
86 21.0485 13.9887 38.3547
103.21 136.671 0.432867 0 0 0.312659 8.16753 10
87 21.0485 14.2097 32.0095
103.21 136.671 0.432867 0 0 0.312659 8.16753 10
88 21.0485 13.8552 44.0708
103.21 136.671 0.432867 0 0 0.312659 8.16753 10
89 21.0485 13.291 48.0878
103.21 136.671 0.432867 0 0 0.312659 8.16753 10
90 21.0485 12.6007 51.9319
103.21 136.671 0.432867 0 0 0.312659 8.16753 10
91 21.0485 12.5113 56.7471
103.21 136.671 0.432867 0 0 0.312659 8.16753 10
92 21.0485 13.4188 54.7047
103.21 136.671 0.432867 0 0 0.312659 8.16753 10
93 21.0485 13.8544 45.4012
103.21 136.671 0.432867 0 0 0.312659 8.16753 10
94 21.0485 14.3432 43.4322
103.21 136.671 0.432867 0 0 0.312659 8.16753 10
95 21.0485 12.4882 44.9926
103.21 136.671 0.432867 0 0 0.312659 8.16753 10
96 21.0549 13.4178 46.3044
100 135.248 0.426119 0 0.0028896 0.32448 8.82999 10
97 21.0549 14.2193 42.8071
100 135.248 0.426119 0 0.0028896 0.32448 8.82999 10
98 21.0549 14.3994 46.5181
100 135.248 0.426119 0 0.0028896 0.32448 8.82999 10
99 21.0549 14.8536 37.4719
100 135.248 0.426119 0 0.0028896 0.32448 8.82999 10
100 21.0549 14.9864 33.8248
100 135.248 0.426119 0 0.0028896 0.32448 8.82999 10
