0 25.6368 5.70117 65.9572
150.688 148.477 0.301224 0.356774 0.317535 0.586519 6.71149 0.74151
1 25.6368 6.91507 88.1285
150.688 148.477 0.301224 0.356774 0.317535 0.586519 6.71149 0.74151
2 25.6368 8.21034 94.1554
150.688 148.477 0.301224 0.356774 0.317535 0.586519 6.71149 0.74151
3 25.7063 11.0471 114.931
114.996 124.163 0.186711 0.389502 0.461956 0.324027 8.79106 8.00989
4 25.7072 13.5342 121.704
144.591 136.458 0.242349 0.317326 0.299919 0.535757 6.18021 1.00479
5 25.7072 13.312 107.907
144.591 136.458 0.242349 0.317326 0.299919 0.535757 6.18021 1.00479
6 25.8304 14.1717 109.495
126.583 119.501 0.338199 0.260529 0.271235 0.553801 5.9217 0
7 25.8334 15.3792 108.715
118.888 118.579 0.281638 0.217235 0.255982 0.574313 5.69419 0.52503
8 25.8686 16.1129 113.55
120.278 123.862 0.279512 0.240346 0.181752 0.533505 4.78006 0
9 26.1275 19.2828 97.1663
184.888 100 0.214991 0.200087 0.209527 0.346321 1.18871 5.97232
10 26.2447 20.285 89.643
123.248 126.382 0.3486 0.168787 0.147428 0.300665 5.3798 1.25633
11 26.2447 17.3087 106.384
123.248 126.382 0.3486 0.168787 0.147428 0.300665 5.3798 1.25633
12 26.2447 20.2535 101.854
123.248 126.382 0.3486 0.168787 0.147428 0.300665 5.3798 1.25633
13 26.2555 21.1957 75.0304
122.74 126.467 0.349723 0.163276 0.144668 0.301264 5.40513 1.24258
14 26.7907 21.0627 64.7507
128.391 133.974 0.286475 0.0321862 0.0539211 0.467706 4.90575 3.75094
15 26.7911 20.8828 75.0667
128.168 135.154 0.285092 0.0278168 0.0566582 0.470258 4.90073 3.82212
16 27.0081 22.2581 68.9285
131.319 133.087 0.282413 0.0566718 0.0473112 0.468131 4.83162 3.61216
17 28.0001 20.9111 95.7104
125.348 129.734 0.262113 0.0761017 0.0555461 0.431482 4.77242 3.02452
18 28.0001 20.4797 92.8029
125.348 129.734 0.262113 0.0761017 0.0555461 0.431482 4.77242 3.02452
19 28.0001 20.6715 91.6854
125.348 129.734 0.262113 0.0761017 0.0555461 0.431482 4.77242 3.02452
20 28.0001 21.8537 66.6236
125.348 129.734 0.262113 0.0761017 0.0555461 0.431482 4.77242 3.02452
21 28.0001 18.4415 105.575
125.348 129.734 0.262113 0.0761017 0.0555461 0.431482 4.77242 3.02452
22 28.0001 18.8698 114.624
125.348 129.734 0.262113 0.0761017 0.0555461 0.431482 4.77242 3.02452
23 28.0046 20.5408 83.464
125.195 129.825 0.261426 0.0772663 0.0578184 0.429758 4.76551 3.02228
24 28.0046 20.6724 70.7755
125.195 129.825 0.261426 0.0772663 0.0578184 0.429758 4.76551 3.02228
25 28.0046 20.7868 80.3932
125.195 129.825 0.261426 0.0772663 0.0578184 0.429758 4.76551 3.02228
26 28.0046 22.7636 45.4677
125.195 129.825 0.261426 0.0772663 0.0578184 0.429758 4.76551 3.02228
27 28.0046 22.5429 61.7832
125.195 129.825 0.261426 0.0772663 0.0578184 0.429758 4.76551 3.02228
28 28.0046 21.8793 71.2422
125.195 129.825 0.261426 0.0772663 0.0578184 0.429758 4.76551 3.02228
29 28.0046 23.1836 54.1302
125.195 129.825 0.261426 0.0772663 0.0578184 0.429758 4.76551 3.02228
30 28.1166 22.1492 65.2152
122.59 129.135 0.270239 0.0684742 0.0394934 0.435795 4.95378 2.87949
31 28.2382 23.3629 49.3342
122.559 129.163 0.269079 0.0674144 0.0394618 0.437619 4.93657 2.84975
32 28.2382 22.0638 57.5922
122.559 129.163 0.269079 0.0674144 0.0394618 0.437619 4.93657 2.84975
33 28.2382 22.4719 60.8424
122.559 129.163 0.269079 0.0674144 0.0394618 0.437619 4.93657 2.84975
34 28.2382 23.4311 44.5487
122.559 129.163 0.269079 0.0674144 0.0394618 0.437619 4.93657 2.84975
35 28.2382 23.1123 39.6105
122.559 129.163 0.269079 0.0674144 0.0394618 0.437619 4.93657 2.84975
36 28.2382 22.6429 47.7288
122.559 129.163 0.269079 0.0674144 0.0394618 0.437619 4.93657 2.84975
37 28.2382 20.4635 64.4266
122.559 129.163 0.269079 0.0674144 0.0394618 0.437619 4.93657 2.84975
38 28.2382 21.7019 65.1594
122.559 129.163 0.269079 0.0674144 0.0394618 0.437619 4.93657 2.84975
39 28.2382 22.0267 58.9256
122.559 129.163 0.269079 0.0674144 0.0394618 0.437619 4.93657 2.84975
40 28.2382 23.5875 58.1108
122.559 129.163 0.269079 0.0674144 0.0394618 0.437619 4.93657 2.84975
41 28.2382 22.3591 69.6069
122.559 129.163 0.269079 0.0674144 0.0394618 0.437619 4.93657 2.84975
42 28.2382 21.188 65.3053
122.559 129.163 0.269079 0.0674144 0.0394618 0.437619 4.93657 2.84975
43 28.6277 23.1118 53.1671
121.082 129.384 0.269777 0.0854552 0.0448644 0.453732 4.81585 2.79623
44 28.6655 21.221 85.9031
120.808 125.801 0.277987 0.0712335 0.0141989 0.422184 4.64108 2.57567
45 28.6655 23.0299 64.3481
120.808 125.801 0.277987 0.0712335 0.0141989 0.422184 4.64108 2.57567
46 28.6655 22.1928 66.1851
120.808 125.801 0.277987 0.0712335 0.0141989 0.422184 4.64108 2.57567
47 28.6784 22.7515 64.8711
120.809 125.803 0.278259 0.0718311 0.0141862 0.421645 4.63615 2.57784
48 29.148 20.5956 86.1318
120.716 126.323 0.284378 0.0838362 0.0114291 0.428025 4.6252 2.52277
49 29.148 18.2174 120.624
120.716 126.323 0.284378 0.0838362 0.0114291 0.428025 4.6252 2.52277
50 29.148 20.5479 90.0385
120.716 126.323 0.284378 0.0838362 0.0114291 0.428025 4.6252 2.52277
51 29.148 24.6408 37.683
120.716 126.323 0.284378 0.0838362 0.0114291 0.428025 4.6252 2.52277
52 29.148 21.5075 84.6989
120.716 126.323 0.284378 0.0838362 0.0114291 0.428025 4.6252 2.52277
53 29.148 22.108 56.6136
120.716 126.323 0.284378 0.0838362 0.0114291 0.428025 4.6252 2.52277
54 29.148 21.2703 71.3774
120.716 126.323 0.284378 0.0838362 0.0114291 0.428025 4.6252 2.52277
55 29.148 21.4592 77.1981
120.716 126.323 0.284378 0.0838362 0.0114291 0.428025 4.6252 2.52277
56 29.148 21.4758 86.6788
120.716 126.323 0.284378 0.0838362 0.0114291 0.428025 4.6252 2.52277
57 29.148 22.4111 68.7525
120.716 126.323 0.284378 0.0838362 0.0114291 0.428025 4.6252 2.52277
58 29.1717 21.6105 66.7833
120.723 126.358 0.284172 0.0834163 0.0116649 0.42788 4.62455 2.51747
59 29.1717 21.3365 82.4339
120.723 126.358 0.284172 0.0834163 0.0116649 0.42788 4.62455 2.51747
60 29.1717 20.7064 109.219
120.723 126.358 0.284172 0.0834163 0.0116649 0.42788 4.62455 2.51747
61 29.1717 19.4705 108.252
120.723 126.358 0.284172 0.0834163 0.0116649 0.42788 4.62455 2.51747
62 29.1717 22.0999 62.4707
120.723 126.358 0.284172 0.0834163 0.0116649 0.42788 4.62455 2.51747
63 29.1717 22.4161 59.5195
120.723 126.358 0.284172 0.0834163 0.0116649 0.42788 4.62455 2.51747
64 29.1717 18.6442 112.719
120.723 126.358 0.284172 0.0834163 0.0116649 0.42788 4.62455 2.51747
65 29.1717 19.1845 133.637
120.723 126.358 0.284172 0.0834163 0.0116649 0.42788 4.62455 2.51747
66 29.1717 18.5765 146.386
120.723 126.358 0.284172 0.0834163 0.0116649 0.42788 4.62455 2.51747
67 29.1717 20.9708 116.611
120.723 126.358 0.284172 0.0834163 0.0116649 0.42788 4.62455 2.51747
68 29.1717 18.9525 126.095
120.723 126.358 0.284172 0.0834163 0.0116649 0.42788 4.62455 2.51747
69 29.1717 18.754 116.04
120.723 126.358 0.284172 0.0834163 0.0116649 0.42788 4.62455 2.51747
70 29.1717 20.2475 82.2409
120.723 126.358 0.284172 0.0834163 0.0116649 0.42788 4.62455 2.51747
71 29.1717 20.5497 95.1232
120.723 126.358 0.284172 0.0834163 0.0116649 0.42788 4.62455 2.51747
72 29.1717 21.3402 69.4762
120.723 126.358 0.284172 0.0834163 0.0116649 0.42788 4.62455 2.51747
73 29.1717 21.9951 76.7052
120.723 126.358 0.284172 0.0834163 0.0116649 0.42788 4.62455 2.51747
74 29.1717 22.3993 70.3775
120.723 126.358 0.284172 0.0834163 0.0116649 0.42788 4.62455 2.51747
75 29.1717 22.8157 61.5007
120.723 126.358 0.284172 0.0834163 0.0116649 0.42788 4.62455 2.51747
76 29.1717 23.6418 51.0272
120.723 126.358 0.284172 0.0834163 0.0116649 0.42788 4.62455 2.51747
77 29.1717 24.0281 37.1863
120.723 126.358 0.284172 0.0834163 0.0116649 0.42788 4.62455 2.51747
78 29.1717 22.5485 69.5207
120.723 126.358 0.284172 0.0834163 0.0116649 0.42788 4.62455 2.51747
79 29.1717 22.373 72.4107
120.723 126.358 0.284172 0.0834163 0.0116649 0.42788 4.62455 2.51747
80 29.1717 20.6958 108.464
120.723 126.358 0.284172 0.0834163 0.0116649 0.42788 4.62455 2.51747
81 29.1717 20.8239 103.763
120.723 126.358 0.284172 0.0834163 0.0116649 0.42788 4.62455 2.51747
82 29.1717 21.8456 92.196
120.723 126.358 0.284172 0.0834163 0.0116649 0.42788 4.62455 2.51747
83 29.1717 19.3641 114.574
120.723 126.358 0.284172 0.0834163 0.0116649 0.42788 4.62455 2.51747
84 29.1717 20.3631 128.1
120.723 126.358 0.284172 0.0834163 0.0116649 0.42788 4.62455 2.51747
85 29.1717 19.3735 113.462
120.723 126.358 0.284172 0.0834163 0.0116649 0.42788 4.62455 2.51747
86 29.1717 21.2491 96.9252
120.723 126.358 0.284172 0.0834163 0.0116649 0.42788 4.62455 2.51747
87 29.1717 20.9091 95.6195
120.723 126.358 0.284172 0.0834163 0.0116649 0.42788 4.62455 2.51747
88 29.1717 19.1408 119.325
120.723 126.358 0.284172 0.0834163 0.0116649 0.42788 4.62455 2.51747
89 29.1717 21.2125 104.976
120.723 126.358 0.284172 0.0834163 0.0116649 0.42788 4.62455 2.51747
90 29.1717 21.3193 83.6386
120.723 126.358 0.284172 0.0834163 0.0116649 0.42788 4.62455 2.51747
91 29.1717 24.7406 44.4505
120.723 126.358 0.284172 0.0834163 0.0116649 0.42788 4.62455 2.51747
92 29.1717 22.7536 53.2294
120.723 126.358 0.284172 0.0834163 0.0116649 0.42788 4.62455 2.51747
93 29.1717 23.5568 46.2846
120.723 126.358 0.284172 0.0834163 0.0116649 0.42788 4.62455 2.51747
94 29.1717 22.584 55.5567
120.723 126.358 0.284172 0.0834163 0.0116649 0.42788 4.62455 2.51747
95 29.1717 22.5804 64.146
120.723 126.358 0.284172 0.0834163 0.0116649 0.42788 4.62455 2.51747
96 29.1717 22.5666 64.2325
120.723 126.358 0.284172 0.0834163 0.0116649 0.42788 4.62455 2.51747
97 29.1717 23.0686 53.2534
120.723 126.358 0.284172 0.0834163 0.0116649 0.42788 4.62455 2.51747
98 29.1717 23.6516 48.6528
120.723 126.358 0.284172 0.0834163 0.0116649 0.42788 4.62455 2.51747
99 29.1717 20.5286 119.888
120.723 126.358 0.284172 0.0834163 0.0116649 0.42788 4.62455 2.51747
100 29.1717 19.921 119.323
120.723 126.358 0.284172 0.0834163 0.0116649 0.42788 4.62455 2.51747
