0 26.2588 3.38925 52.8583
183.601 111.026 0.29106 0.34258 0.679963 0.0419366 4.87415 3.66302
1 26.9251 5.97629 89.8089
183.524 117.04 0.297535 0.331588 0.896117 0.0637681 6.35511 5.08375
2 27.2797 8.41679 114.604
181.995 118.176 0.219717 0.314224 0.881968 0.0443501 6.32634 5.13433
3 27.2797 11.8474 153.726
181.995 118.176 0.219717 0.314224 0.881968 0.0443501 6.32634 5.13433
4 27.2919 12.9296 155.609
181.874 118.563 0.281835 0.353614 0.900512 0.0537444 6.34613 5.16406
5 27.2919 15.57 149.33
181.874 118.563 0.281835 0.353614 0.900512 0.0537444 6.34613 5.16406
6 27.377 17.0217 140.024
181.794 118.353 0.281812 0.351844 0.899377 0.0531499 6.3496 5.18716
7 27.8884 18.3448 129.627
183.697 118.157 0.286326 0.304934 0.854721 0.0354122 6.5638 5.12425
8 27.8884 17.7954 142.848
183.697 118.157 0.286326 0.304934 0.854721 0.0354122 6.5638 5.12425
9 27.8884 19.754 119.884
183.697 118.157 0.286326 0.304934 0.854721 0.0354122 6.5638 5.12425
10 27.8884 19.5909 121.069
183.697 118.157 0.286326 0.304934 0.854721 0.0354122 6.5638 5.12425
11 27.8884 20.6964 96.0464
183.697 118.157 0.286326 0.304934 0.854721 0.0354122 6.5638 5.12425
12 27.8884 21.7046 83.3656
183.697 118.157 0.286326 0.304934 0.854721 0.0354122 6.5638 5.12425
13 28.0024 22.0429 82.9432
183.691 118.162 0.286259 0.305016 0.854702 0.0353962 6.56481 5.12367
14 28.0024 21.1012 89.4309
183.691 118.162 0.286259 0.305016 0.854702 0.0353962 6.56481 5.12367
15 28.0024 21.3849 92.4603
183.691 118.162 0.286259 0.305016 0.854702 0.0353962 6.56481 5.12367
16 28.1993 19.6926 104.134
195.97 102.891 0.260959 0.285539 0.942374 0.0713723 6.5148 4.06604
17 28.1993 19.7673 104.911
195.97 102.891 0.260959 0.285539 0.942374 0.0713723 6.5148 4.06604
18 28.2805 22.8927 75.6768
193.154 137.944 0.250503 0.340928 0.86645 0.0226542 6.73837 7.56436
19 28.4226 22.5725 59.258
184.344 118.157 0.279787 0.304905 0.851333 0.0157276 6.57252 4.93618
20 28.4226 22.975 70.4617
184.344 118.157 0.279787 0.304905 0.851333 0.0157276 6.57252 4.93618
21 28.4226 23.9848 57.3532
184.344 118.157 0.279787 0.304905 0.851333 0.0157276 6.57252 4.93618
22 28.4226 23.9674 57.442
184.344 118.157 0.279787 0.304905 0.851333 0.0157276 6.57252 4.93618
23 28.4226 24.7596 35.0795
184.344 118.157 0.279787 0.304905 0.851333 0.0157276 6.57252 4.93618
24 28.5058 24.3301 42.1597
187.615 115.55 0.238531 0.341652 0.819985 0 6.91116 4.80981
25 28.5058 23.7898 49.8565
187.615 115.55 0.238531 0.341652 0.819985 0 6.91116 4.80981
26 28.5058 23.6978 46.8728
187.615 115.55 0.238531 0.341652 0.819985 0 6.91116 4.80981
27 28.5058 24.2751 40.5272
187.615 115.55 0.238531 0.341652 0.819985 0 6.91116 4.80981
28 28.5058 22.1578 66.3003
187.615 115.55 0.238531 0.341652 0.819985 0 6.91116 4.80981
29 28.5058 22.6655 53.2934
187.615 115.55 0.238531 0.341652 0.819985 0 6.91116 4.80981
30 28.5058 21.3085 68.2057
187.615 115.55 0.238531 0.341652 0.819985 0 6.91116 4.80981
31 28.5058 22.7488 56.3511
187.615 115.55 0.238531 0.341652 0.819985 0 6.91116 4.80981
32 28.5058 22.2858 53.7109
187.615 115.55 0.238531 0.341652 0.819985 0 6.91116 4.80981
33 28.5058 21.5398 68.553
187.615 115.55 0.238531 0.341652 0.819985 0 6.91116 4.80981
34 28.5058 22.2056 61.1141
187.615 115.55 0.238531 0.341652 0.819985 0 6.91116 4.80981
35 28.5058 23.4644 40.7412
187.615 115.55 0.238531 0.341652 0.819985 0 6.91116 4.80981
36 28.5058 23.9683 28.7188
187.615 115.55 0.238531 0.341652 0.819985 0 6.91116 4.80981
37 28.5058 22.933 28.3088
187.615 115.55 0.238531 0.341652 0.819985 0 6.91116 4.80981
38 28.5058 22.801 47.7219
187.615 115.55 0.238531 0.341652 0.819985 0 6.91116 4.80981
39 28.5058 24.0364 24.2124
187.615 115.55 0.238531 0.341652 0.819985 0 6.91116 4.80981
40 28.7226 24.4097 22.6953
181.699 112.041 0.264394 0.368487 0.873263 0 6.1183 5.80861
41 28.7226 24.6443 15.0495
181.699 112.041 0.264394 0.368487 0.873263 0 6.1183 5.80861
42 28.7226 24.6275 22.3435
181.699 112.041 0.264394 0.368487 0.873263 0 6.1183 5.80861
43 28.7226 24.1622 28.747
181.699 112.041 0.264394 0.368487 0.873263 0 6.1183 5.80861
44 28.7226 24.5903 32.6865
181.699 112.041 0.264394 0.368487 0.873263 0 6.1183 5.80861
45 28.9863 25.0777 30.4907
181.831 125.382 0.244232 0.328745 0.831481 0.0570181 6.06841 5.3957
46 28.9863 25.0592 26.3294
181.831 125.382 0.244232 0.328745 0.831481 0.0570181 6.06841 5.3957
47 28.9863 24.5065 41.4151
181.831 125.382 0.244232 0.328745 0.831481 0.0570181 6.06841 5.3957
48 28.9863 25.4967 22.0668
181.831 125.382 0.244232 0.328745 0.831481 0.0570181 6.06841 5.3957
49 29.359 24.62 39.5986
183.046 126.458 0.251261 0.329819 0.863708 0.0570726 6.03036 5.59962
50 29.9686 23.9025 47.5656
179.509 108.199 0.246376 0.36223 0.842806 0.0124501 5.98551 6.43186
51 29.9686 23.8469 51.5378
179.509 108.199 0.246376 0.36223 0.842806 0.0124501 5.98551 6.43186
52 29.9686 23.8332 51.4235
179.509 108.199 0.246376 0.36223 0.842806 0.0124501 5.98551 6.43186
53 29.9686 23.9849 41.1745
179.509 108.199 0.246376 0.36223 0.842806 0.0124501 5.98551 6.43186
54 29.9686 22.775 60.0268
179.509 108.199 0.246376 0.36223 0.842806 0.0124501 5.98551 6.43186
55 29.9686 22.6843 69.8593
179.509 108.199 0.246376 0.36223 0.842806 0.0124501 5.98551 6.43186
56 29.9686 23.4534 45.0528
179.509 108.199 0.246376 0.36223 0.842806 0.0124501 5.98551 6.43186
57 29.9686 23.5662 43.9556
179.509 108.199 0.246376 0.36223 0.842806 0.0124501 5.98551 6.43186
58 29.9686 23.0819 43.7899
179.509 108.199 0.246376 0.36223 0.842806 0.0124501 5.98551 6.43186
59 29.9686 24.6039 27.984
179.509 108.199 0.246376 0.36223 0.842806 0.0124501 5.98551 6.43186
60 29.9686 24.5417 20.419
179.509 108.199 0.246376 0.36223 0.842806 0.0124501 5.98551 6.43186
61 29.9686 23.7215 33.2577
179.509 108.199 0.246376 0.36223 0.842806 0.0124501 5.98551 6.43186
62 29.9686 23.7174 39.6498
179.509 108.199 0.246376 0.36223 0.842806 0.0124501 5.98551 6.43186
63 29.9686 21.9637 64.3822
179.509 108.199 0.246376 0.36223 0.842806 0.0124501 5.98551 6.43186
64 29.9686 22.7869 38.6514
179.509 108.199 0.246376 0.36223 0.842806 0.0124501 5.98551 6.43186
65 29.9686 23.0403 46.5999
179.509 108.199 0.246376 0.36223 0.842806 0.0124501 5.98551 6.43186
66 29.9686 22.0235 52.1079
179.509 108.199 0.246376 0.36223 0.842806 0.0124501 5.98551 6.43186
67 29.9686 22.9248 63.1206
179.509 108.199 0.246376 0.36223 0.842806 0.0124501 5.98551 6.43186
68 29.9686 20.9593 75.6927
179.509 108.199 0.246376 0.36223 0.842806 0.0124501 5.98551 6.43186
69 29.9686 21.1236 68.9613
179.509 108.199 0.246376 0.36223 0.842806 0.0124501 5.98551 6.43186
70 29.9686 20.6191 81.8075
179.509 108.199 0.246376 0.36223 0.842806 0.0124501 5.98551 6.43186
71 29.9686 20.7546 70.5725
179.509 108.199 0.246376 0.36223 0.842806 0.0124501 5.98551 6.43186
72 29.9686 22.2993 74.8897
179.509 108.199 0.246376 0.36223 0.842806 0.0124501 5.98551 6.43186
73 29.9686 23.7085 51.3476
179.509 108.199 0.246376 0.36223 0.842806 0.0124501 5.98551 6.43186
74 30.153 23.9042 47.3088
179.546 109.175 0.251008 0.361086 0.833521 0.0115696 5.99912 6.34004
75 30.153 24.0392 43.1737
179.546 109.175 0.251008 0.361086 0.833521 0.0115696 5.99912 6.34004
76 30.153 24.306 24.072
179.546 109.175 0.251008 0.361086 0.833521 0.0115696 5.99912 6.34004
77 30.153 24.6879 24.2143
179.546 109.175 0.251008 0.361086 0.833521 0.0115696 5.99912 6.34004
78 30.153 23.1908 45.7418
179.546 109.175 0.251008 0.361086 0.833521 0.0115696 5.99912 6.34004
79 30.153 22.5091 62.006
179.546 109.175 0.251008 0.361086 0.833521 0.0115696 5.99912 6.34004
80 30.153 21.6007 74.56
179.546 109.175 0.251008 0.361086 0.833521 0.0115696 5.99912 6.34004
81 30.153 22.2897 70.5455
179.546 109.175 0.251008 0.361086 0.833521 0.0115696 5.99912 6.34004
82 30.153 23.3624 58.2284
179.546 109.175 0.251008 0.361086 0.833521 0.0115696 5.99912 6.34004
83 30.153 22.7442 60.2571
179.546 109.175 0.251008 0.361086 0.833521 0.0115696 5.99912 6.34004
84 30.153 22.506 69.0217
179.546 109.175 0.251008 0.361086 0.833521 0.0115696 5.99912 6.34004
85 30.153 22.5481 59.7214
179.546 109.175 0.251008 0.361086 0.833521 0.0115696 5.99912 6.34004
86 30.153 23.0869 57.8135
179.546 109.175 0.251008 0.361086 0.833521 0.0115696 5.99912 6.34004
87 30.153 23.1682 61.8244
179.546 109.175 0.251008 0.361086 0.833521 0.0115696 5.99912 6.34004
88 30.153 22.9973 80.8666
179.546 109.175 0.251008 0.361086 0.833521 0.0115696 5.99912 6.34004
89 30.153 23.7402 62.0495
179.546 109.175 0.251008 0.361086 0.833521 0.0115696 5.99912 6.34004
90 30.153 23.5892 60.2234
179.546 109.175 0.251008 0.361086 0.833521 0.0115696 5.99912 6.34004
91 30.153 24.1089 57.9396
179.546 109.175 0.251008 0.361086 0.833521 0.0115696 5.99912 6.34004
92 30.153 23.5737 44.1766
179.546 109.175 0.251008 0.361086 0.833521 0.0115696 5.99912 6.34004
93 30.153 23.3318 55.1944
179.546 109.175 0.251008 0.361086 0.833521 0.0115696 5.99912 6.34004
94 30.153 22.3918 59.3768
179.546 109.175 0.251008 0.361086 0.833521 0.0115696 5.99912 6.34004
95 30.153 23.2213 46.4769
179.546 109.175 0.251008 0.361086 0.833521 0.0115696 5.99912 6.34004
96 30.153 23.7531 47.7408
179.546 109.175 0.251008 0.361086 0.833521 0.0115696 5.99912 6.34004
97 30.153 24.0222 44.258
179.546 109.175 0.251008 0.361086 0.833521 0.0115696 5.99912 6.34004
98 30.153 22.4805 62.9267
179.546 109.175 0.251008 0.361086 0.833521 0.0115696 5.99912 6.34004
99 30.153 23.8749 39.0925
179.546 109.175 0.251008 0.361086 0.833521 0.0115696 5.99912 6.34004
100 30.153 23.6966 46.7489
179.546 109.175 0.251008 0.361086 0.833521 0.0115696 5.99912 6.34004
