0 10.3424 2.65735 8.46766
163.899 180.694 0.575396 0.197492 0.82374 0.194948 5.54089 4.94237
1 10.3424 3.47125 11.318
163.899 180.694 0.575396 0.197492 0.82374 0.194948 5.54089 4.94237
2 13.0031 4.41315 14.738
165.54 171.832 0.453995 0.193137 0.836404 0.09653 5.68821 5.17366
3 13.0031 5.4706 19.5677
165.54 171.832 0.453995 0.193137 0.836404 0.09653 5.68821 5.17366
4 13.0031 5.98616 18.837
165.54 171.832 0.453995 0.193137 0.836404 0.09653 5.68821 5.17366
5 13.0031 6.92506 17.5578
165.54 171.832 0.453995 0.193137 0.836404 0.09653 5.68821 5.17366
6 13.0031 7.1137 15.447
165.54 171.832 0.453995 0.193137 0.836404 0.09653 5.68821 5.17366
7 13.0031 7.4629 13.4117
165.54 171.832 0.453995 0.193137 0.836404 0.09653 5.68821 5.17366
8 13.0031 8.24094 12.2455
165.54 171.832 0.453995 0.193137 0.836404 0.09653 5.68821 5.17366
9 13.4859 8.42398 15.621
170.004 168.383 0.468198 0.167563 0.911424 0.153826 5.60684 6.0042
10 13.4859 8.61121 12.9261
170.004 168.383 0.468198 0.167563 0.911424 0.153826 5.60684 6.0042
11 13.4859 8.76428 12.58
170.004 168.383 0.468198 0.167563 0.911424 0.153826 5.60684 6.0042
12 13.6952 8.97124 13.9627
161.78 176.258 0.475624 0.212548 0.822061 0.0401733 5.99946 5.27279
13 13.7882 8.60906 14.6372
162.592 175.097 0.474794 0.195736 0.82724 0.0335221 5.96749 5.33114
14 13.7882 9.1055 13.4213
162.592 175.097 0.474794 0.195736 0.82724 0.0335221 5.96749 5.33114
15 13.7882 9.69753 10.2304
162.592 175.097 0.474794 0.195736 0.82724 0.0335221 5.96749 5.33114
16 13.7882 10.4188 8.1595
162.592 175.097 0.474794 0.195736 0.82724 0.0335221 5.96749 5.33114
17 13.8073 10.3196 9.07961
161.485 173.994 0.472074 0.1954 0.819619 0.025219 5.96461 5.43203
18 13.8073 10.0028 11.9854
161.485 173.994 0.472074 0.1954 0.819619 0.025219 5.96461 5.43203
19 13.8073 9.1604 13.295
161.485 173.994 0.472074 0.1954 0.819619 0.025219 5.96461 5.43203
20 13.8073 8.75991 18.3106
161.485 173.994 0.472074 0.1954 0.819619 0.025219 5.96461 5.43203
21 13.8073 9.43297 16.4941
161.485 173.994 0.472074 0.1954 0.819619 0.025219 5.96461 5.43203
22 13.8073 9.78549 14.4374
161.485 173.994 0.472074 0.1954 0.819619 0.025219 5.96461 5.43203
23 13.8073 9.7469 15.894
161.485 173.994 0.472074 0.1954 0.819619 0.025219 5.96461 5.43203
24 13.8073 9.57042 14.902
161.485 173.994 0.472074 0.1954 0.819619 0.025219 5.96461 5.43203
25 13.8073 9.67521 13.0612
161.485 173.994 0.472074 0.1954 0.819619 0.025219 5.96461 5.43203
26 13.8073 9.93177 16.4588
161.485 173.994 0.472074 0.1954 0.819619 0.025219 5.96461 5.43203
27 13.8073 9.43491 17.384
161.485 173.994 0.472074 0.1954 0.819619 0.025219 5.96461 5.43203
28 13.8073 8.91234 18.0396
161.485 173.994 0.472074 0.1954 0.819619 0.025219 5.96461 5.43203
29 13.8073 9.39043 14.115
161.485 173.994 0.472074 0.1954 0.819619 0.025219 5.96461 5.43203
30 13.8073 9.56683 15.4203
161.485 173.994 0.472074 0.1954 0.819619 0.025219 5.96461 5.43203
31 13.9186 9.89952 16.0954
168.666 167.296 0.483829 0.194419 0.849327 0.0262608 5.75189 4.68582
32 13.9186 9.68473 13.9501
168.666 167.296 0.483829 0.194419 0.849327 0.0262608 5.75189 4.68582
33 13.9186 10.1128 12.9827
168.666 167.296 0.483829 0.194419 0.849327 0.0262608 5.75189 4.68582
34 13.9186 9.76729 15.5971
168.666 167.296 0.483829 0.194419 0.849327 0.0262608 5.75189 4.68582
35 13.9186 9.96365 14.0098
168.666 167.296 0.483829 0.194419 0.849327 0.0262608 5.75189 4.68582
36 13.9186 9.79632 13.2644
168.666 167.296 0.483829 0.194419 0.849327 0.0262608 5.75189 4.68582
37 13.9186 10.1638 10.5376
168.666 167.296 0.483829 0.194419 0.849327 0.0262608 5.75189 4.68582
38 13.9186 9.81728 13.5346
168.666 167.296 0.483829 0.194419 0.849327 0.0262608 5.75189 4.68582
39 13.9186 9.68848 12.6094
168.666 167.296 0.483829 0.194419 0.849327 0.0262608 5.75189 4.68582
40 13.9186 10.1266 10.5629
168.666 167.296 0.483829 0.194419 0.849327 0.0262608 5.75189 4.68582
41 13.929 10.1093 11.1141
169.601 168.634 0.482965 0.192349 0.847353 0.0309743 5.80864 4.63279
42 13.929 10.0393 12.5258
169.601 168.634 0.482965 0.192349 0.847353 0.0309743 5.80864 4.63279
43 15.0796 10.0337 13.7381
168.891 163.407 0.464934 0.315162 0.748152 0 9.2517 4.11942
44 15.1107 9.77852 16.9371
168.13 162.929 0.453104 0.295538 0.746688 0 9.25285 4.07203
45 15.1107 9.82606 19.1148
168.13 162.929 0.453104 0.295538 0.746688 0 9.25285 4.07203
46 15.1107 10.177 17.1337
168.13 162.929 0.453104 0.295538 0.746688 0 9.25285 4.07203
47 15.1107 9.87638 16.8317
168.13 162.929 0.453104 0.295538 0.746688 0 9.25285 4.07203
48 15.1107 10.3624 19.78
168.13 162.929 0.453104 0.295538 0.746688 0 9.25285 4.07203
49 15.1107 10.4272 17.3674
168.13 162.929 0.453104 0.295538 0.746688 0 9.25285 4.07203
50 15.1107 10.9211 12.5404
168.13 162.929 0.453104 0.295538 0.746688 0 9.25285 4.07203
51 15.1107 11.1208 10.6058
168.13 162.929 0.453104 0.295538 0.746688 0 9.25285 4.07203
52 15.1818 11.1988 11.7183
168.808 162.922 0.478508 0.296888 0.76022 0 9.50389 4.3256
53 15.1818 10.4533 15.7999
168.808 162.922 0.478508 0.296888 0.76022 0 9.50389 4.3256
54 15.1818 10.5566 19.8178
168.808 162.922 0.478508 0.296888 0.76022 0 9.50389 4.3256
55 15.1818 11.1182 16.2408
168.808 162.922 0.478508 0.296888 0.76022 0 9.50389 4.3256
56 15.1818 10.4188 19.6561
168.808 162.922 0.478508 0.296888 0.76022 0 9.50389 4.3256
57 15.1818 10.7812 16.7238
168.808 162.922 0.478508 0.296888 0.76022 0 9.50389 4.3256
58 15.1818 11.0975 16.3978
168.808 162.922 0.478508 0.296888 0.76022 0 9.50389 4.3256
59 15.1818 11.3978 12.3187
168.808 162.922 0.478508 0.296888 0.76022 0 9.50389 4.3256
60 15.1818 10.9999 15.7943
168.808 162.922 0.478508 0.296888 0.76022 0 9.50389 4.3256
61 15.6081 11.1411 14.9953
163.174 158.374 0.445936 0.29595 0.734576 0.0471933 9.36326 4.09418
62 15.6081 11.1614 12.5099
163.174 158.374 0.445936 0.29595 0.734576 0.0471933 9.36326 4.09418
63 15.6081 11.1648 11.1843
163.174 158.374 0.445936 0.29595 0.734576 0.0471933 9.36326 4.09418
64 15.6081 11.2574 13.9222
163.174 158.374 0.445936 0.29595 0.734576 0.0471933 9.36326 4.09418
65 15.6081 10.789 13.7299
163.174 158.374 0.445936 0.29595 0.734576 0.0471933 9.36326 4.09418
66 15.6081 10.7886 14.6512
163.174 158.374 0.445936 0.29595 0.734576 0.0471933 9.36326 4.09418
67 15.6081 10.6612 14.0694
163.174 158.374 0.445936 0.29595 0.734576 0.0471933 9.36326 4.09418
68 15.6081 10.6051 15.2114
163.174 158.374 0.445936 0.29595 0.734576 0.0471933 9.36326 4.09418
69 15.6081 10.7951 18.0325
163.174 158.374 0.445936 0.29595 0.734576 0.0471933 9.36326 4.09418
70 15.6081 10.8989 15.8577
163.174 158.374 0.445936 0.29595 0.734576 0.0471933 9.36326 4.09418
71 15.6081 10.9543 18.6032
163.174 158.374 0.445936 0.29595 0.734576 0.0471933 9.36326 4.09418
72 15.6081 10.8981 18.1797
163.174 158.374 0.445936 0.29595 0.734576 0.0471933 9.36326 4.09418
73 15.6081 11.4542 13.2294
163.174 158.374 0.445936 0.29595 0.734576 0.0471933 9.36326 4.09418
74 15.6081 11.9411 9.9639
163.174 158.374 0.445936 0.29595 0.734576 0.0471933 9.36326 4.09418
75 15.6519 11.8293 11.2786
163.686 160.678 0.447156 0.327281 0.775042 0 9.70198 3.4909
76 15.6519 11.2747 8.72687
163.686 160.678 0.447156 0.327281 0.775042 0 9.70198 3.4909
77 15.6519 11.2417 15.7431
163.686 160.678 0.447156 0.327281 0.775042 0 9.70198 3.4909
78 15.701 10.4261 15.9656
150.298 111.956 0.451747 0.327585 0.731106 0 10 4.19266
79 15.701 10.8201 19.3877
150.278 112.014 0.452029 0.32889 0.731335 0 10 4.1849
80 15.803 10.6658 19.4961
150.432 114.397 0.441544 0.336029 0.742489 0.0120605 9.98814 4.06604
81 15.803 9.94971 18.9086
150.432 114.397 0.441544 0.336029 0.742489 0.0120605 9.98814 4.06604
82 15.803 10.636 21.1836
150.432 114.397 0.441544 0.336029 0.742489 0.0120605 9.98814 4.06604
83 16.0281 10.8816 24.6382
152.824 116.039 0.440326 0.295403 0.73273 0 9.75556 3.32453
84 17.6309 11.7554 27.5101
128.201 100.59 0.458663 0.328126 0.701261 0.0255664 9.97123 5.40063
85 17.6309 11.6906 25.9711
128.201 100.59 0.458663 0.328126 0.701261 0.0255664 9.97123 5.40063
86 17.6309 12.149 21.8179
128.201 100.59 0.458663 0.328126 0.701261 0.0255664 9.97123 5.40063
87 17.6309 12.1929 21.6427
128.201 100.59 0.458663 0.328126 0.701261 0.0255664 9.97123 5.40063
88 17.6309 11.8402 20.7206
128.201 100.59 0.458663 0.328126 0.701261 0.0255664 9.97123 5.40063
89 17.6309 11.8234 21.8086
128.201 100.59 0.458663 0.328126 0.701261 0.0255664 9.97123 5.40063
90 17.6309 12.2994 21.4268
128.201 100.59 0.458663 0.328126 0.701261 0.0255664 9.97123 5.40063
91 17.6309 13.0789 16.4977
128.201 100.59 0.458663 0.328126 0.701261 0.0255664 9.97123 5.40063
92 17.6309 12.9926 13.7775
128.201 100.59 0.458663 0.328126 0.701261 0.0255664 9.97123 5.40063
93 17.6529 12.4203 16.5265
129.235 100.315 0.450332 0.318499 0.726324 0.045514 10 5.28744
94 17.6529 11.5517 18.6027
129.235 100.315 0.450332 0.318499 0.726324 0.045514 10 5.28744
95 17.6529 12.1138 16.6681
129.235 100.315 0.450332 0.318499 0.726324 0.045514 10 5.28744
96 17.6529 12.1455 18.2842
129.235 100.315 0.450332 0.318499 0.726324 0.045514 10 5.28744
97 17.6529 12.232 21.0652
129.235 100.315 0.450332 0.318499 0.726324 0.045514 10 5.28744
98 17.6529 12.4522 22.6595
129.235 100.315 0.450332 0.318499 0.726324 0.045514 10 5.28744
99 17.6529 12.4188 24.8696
129.235 100.315 0.450332 0.318499 0.726324 0.045514 10 5.28744
100 17.6529 12.3634 22.2799
129.235 100.315 0.450332 0.318499 0.726324 0.045514 10 5.28744
