0 5.69366 1.26938 2.89121
123.113 183.344 0.56085 0.145527 0.185495 0.826344 2.59841 7.5133
1 5.69492 1.66597 3.28848
123.399 184.791 0.552298 0.142958 0.193215 0.817948 2.622 7.49983
2 5.69492 1.89324 3.96649
123.399 184.791 0.552298 0.142958 0.193215 0.817948 2.622 7.49983
3 5.69492 2.18038 4.20686
123.399 184.791 0.552298 0.142958 0.193215 0.817948 2.622 7.49983
4 8.5146 2.74579 5.67922
117.683 185.993 0.525582 0.0941688 0.176562 0.848415 3.11456 7.79742
5 8.5146 3.03316 6.5801
117.683 185.993 0.525582 0.0941688 0.176562 0.848415 3.11456 7.79742
6 8.5146 3.65428 7.02818
117.683 185.993 0.525582 0.0941688 0.176562 0.848415 3.11456 7.79742
7 8.5146 3.82118 7.29678
117.683 185.993 0.525582 0.0941688 0.176562 0.848415 3.11456 7.79742
8 8.5149 4.44374 8.22339
120.125 185.423 0.524882 0.0780437 0.133146 0.872247 2.89663 7.88811
9 8.5149 4.77836 7.99165
120.125 185.423 0.524882 0.0780437 0.133146 0.872247 2.89663 7.88811
10 8.51518 5.17616 9.1595
119.979 185.612 0.523832 0.0791448 0.133054 0.870264 2.89199 7.87932
11 8.51518 4.77826 7.83737
119.979 185.612 0.523832 0.0791448 0.133054 0.870264 2.89199 7.87932
12 8.51518 4.44338 6.57099
119.979 185.612 0.523832 0.0791448 0.133054 0.870264 2.89199 7.87932
13 8.51518 4.61376 6.55657
119.979 185.612 0.523832 0.0791448 0.133054 0.870264 2.89199 7.87932
14 8.51518 5.06207 7.85475
119.979 185.612 0.523832 0.0791448 0.133054 0.870264 2.89199 7.87932
15 8.51518 5.79699 7.6618
119.979 185.612 0.523832 0.0791448 0.133054 0.870264 2.89199 7.87932
16 8.51518 5.46124 7.43982
119.979 185.612 0.523832 0.0791448 0.133054 0.870264 2.89199 7.87932
17 8.51518 5.63244 6.72515
119.979 185.612 0.523832 0.0791448 0.133054 0.870264 2.89199 7.87932
18 8.51557 6.08489 5.4076
108.403 189.784 0.498941 0.113002 0.135356 0.886424 3.83282 7.5799
19 8.51874 6.25449 4.66448
107.193 190.45 0.509498 0.100457 0.139403 0.861081 4.261 7.18671
20 8.51971 5.85884 6.85537
105.57 189.763 0.500466 0.105332 0.154721 0.89088 4.5433 7.17063
21 8.51971 6.0863 7.56513
105.57 189.763 0.500466 0.105332 0.154721 0.89088 4.5433 7.17063
22 8.51971 6.81944 4.14214
105.57 189.763 0.500466 0.105332 0.154721 0.89088 4.5433 7.17063
23 8.51971 6.65321 5.88487
105.57 189.763 0.500466 0.105332 0.154721 0.89088 4.5433 7.17063
24 8.51971 6.25286 6.80748
105.57 189.763 0.500466 0.105332 0.154721 0.89088 4.5433 7.17063
25 8.52559 6.36957 5.13715
105.948 198.944 0.50278 0.112718 0.0599397 0.887216 4.60682 7.35716
26 8.52559 6.4239 4.47991
105.948 198.944 0.50278 0.112718 0.0599397 0.887216 4.60682 7.35716
27 8.52559 6.31226 4.30307
105.948 198.944 0.50278 0.112718 0.0599397 0.887216 4.60682 7.35716
28 8.52559 6.14109 4.95553
105.948 198.944 0.50278 0.112718 0.0599397 0.887216 4.60682 7.35716
29 8.52559 6.14482 5.09345
105.948 198.944 0.50278 0.112718 0.0599397 0.887216 4.60682 7.35716
30 8.52559 6.48151 5.15692
105.948 198.944 0.50278 0.112718 0.0599397 0.887216 4.60682 7.35716
31 8.52559 6.42645 4.31646
105.948 198.944 0.50278 0.112718 0.0599397 0.887216 4.60682 7.35716
32 8.52559 6.48336 4.46622
105.948 198.944 0.50278 0.112718 0.0599397 0.887216 4.60682 7.35716
33 8.52559 6.25814 4.28937
105.948 198.944 0.50278 0.112718 0.0599397 0.887216 4.60682 7.35716
34 8.52559 6.37316 4.30826
105.948 198.944 0.50278 0.112718 0.0599397 0.887216 4.60682 7.35716
35 8.52559 6.20239 5.7574
105.948 198.944 0.50278 0.112718 0.0599397 0.887216 4.60682 7.35716
36 8.52559 6.31531 4.49353
105.948 198.944 0.50278 0.112718 0.0599397 0.887216 4.60682 7.35716
37 8.52559 6.3134 4.66244
105.948 198.944 0.50278 0.112718 0.0599397 0.887216 4.60682 7.35716
38 8.52559 6.31589 3.65268
105.948 198.944 0.50278 0.112718 0.0599397 0.887216 4.60682 7.35716
39 8.52559 6.37205 2.0088
105.948 198.944 0.50278 0.112718 0.0599397 0.887216 4.60682 7.35716
40 8.52559 6.31534 2.67112
105.948 198.944 0.50278 0.112718 0.0599397 0.887216 4.60682 7.35716
41 8.52559 5.92234 4.74284
105.948 198.944 0.50278 0.112718 0.0599397 0.887216 4.60682 7.35716
42 8.52559 6.08996 4.73222
105.948 198.944 0.50278 0.112718 0.0599397 0.887216 4.60682 7.35716
43 8.52559 5.97356 4.997
105.948 198.944 0.50278 0.112718 0.0599397 0.887216 4.60682 7.35716
44 8.52559 5.91886 5.10069
105.948 198.944 0.50278 0.112718 0.0599397 0.887216 4.60682 7.35716
45 8.52559 5.86111 5.04526
105.948 198.944 0.50278 0.112718 0.0599397 0.887216 4.60682 7.35716
46 8.52559 5.46957 5.74787
105.948 198.944 0.50278 0.112718 0.0599397 0.887216 4.60682 7.35716
47 8.52559 5.64138 5.37167
105.948 198.944 0.50278 0.112718 0.0599397 0.887216 4.60682 7.35716
48 8.52559 5.86332 5.0225
105.948 198.944 0.50278 0.112718 0.0599397 0.887216 4.60682 7.35716
49 8.52672 5.81125 5.45221
100 196.289 0.455685 0.16248 0.106346 0.863764 4.38859 5.17117
50 8.52672 6.31437 5.3224
100 196.289 0.455685 0.16248 0.106346 0.863764 4.38859 5.17117
51 8.52672 6.3153 6.30548
100 196.289 0.455685 0.16248 0.106346 0.863764 4.38859 5.17117
52 8.52672 6.71096 4.5588
100 196.289 0.455685 0.16248 0.106346 0.863764 4.38859 5.17117
53 8.52672 6.76905 4.00749
100 196.289 0.455685 0.16248 0.106346 0.863764 4.38859 5.17117
54 8.52672 6.3764 5.13146
100 196.289 0.455685 0.16248 0.106346 0.863764 4.38859 5.17117
55 8.52672 6.71126 2.88953
100 196.289 0.455685 0.16248 0.106346 0.863764 4.38859 5.17117
56 8.52672 6.76551 3.2026
100 196.289 0.455685 0.16248 0.106346 0.863764 4.38859 5.17117
57 8.52672 6.71408 3.89744
100 196.289 0.455685 0.16248 0.106346 0.863764 4.38859 5.17117
58 8.52672 6.76731 4.18611
100 196.289 0.455685 0.16248 0.106346 0.863764 4.38859 5.17117
59 8.52672 6.82819 2.80238
100 196.289 0.455685 0.16248 0.106346 0.863764 4.38859 5.17117
60 8.52672 6.82768 2.14406
100 196.289 0.455685 0.16248 0.106346 0.863764 4.38859 5.17117
61 8.52672 6.5995 3.27203
100 196.289 0.455685 0.16248 0.106346 0.863764 4.38859 5.17117
62 8.52672 6.71259 3.89229
100 196.289 0.455685 0.16248 0.106346 0.863764 4.38859 5.17117
63 8.52672 6.65834 4.24028
100 196.289 0.455685 0.16248 0.106346 0.863764 4.38859 5.17117
64 8.52672 6.31994 5.1323
100 196.289 0.455685 0.16248 0.106346 0.863764 4.38859 5.17117
65 8.52672 5.92248 6.38555
100 196.289 0.455685 0.16248 0.106346 0.863764 4.38859 5.17117
66 8.52672 6.37381 4.81541
100 196.289 0.455685 0.16248 0.106346 0.863764 4.38859 5.17117
67 8.52672 6.09123 5.53755
100 196.289 0.455685 0.16248 0.106346 0.863764 4.38859 5.17117
68 8.52672 6.48622 4.29845
100 196.289 0.455685 0.16248 0.106346 0.863764 4.38859 5.17117
69 8.52672 6.65662 4.22711
100 196.289 0.455685 0.16248 0.106346 0.863764 4.38859 5.17117
70 8.52672 6.71314 4.70863
100 196.289 0.455685 0.16248 0.106346 0.863764 4.38859 5.17117
71 8.52672 6.20242 6.42623
100 196.289 0.455685 0.16248 0.106346 0.863764 4.38859 5.17117
72 8.52672 5.75425 7.35165
100 196.289 0.455685 0.16248 0.106346 0.863764 4.38859 5.17117
73 8.52672 5.92279 5.57371
100 196.289 0.455685 0.16248 0.106346 0.863764 4.38859 5.17117
74 8.52672 5.97809 6.63352
100 196.289 0.455685 0.16248 0.106346 0.863764 4.38859 5.17117
75 8.52672 5.75077 7.57237
100 196.289 0.455685 0.16248 0.106346 0.863764 4.38859 5.17117
76 8.52672 5.80684 5.82584
100 196.289 0.455685 0.16248 0.106346 0.863764 4.38859 5.17117
77 8.52672 5.75316 4.72218
100 196.289 0.455685 0.16248 0.106346 0.863764 4.38859 5.17117
78 8.52672 5.98264 5.61577
100 196.289 0.455685 0.16248 0.106346 0.863764 4.38859 5.17117
79 8.52672 6.2656 4.12206
100 196.289 0.455685 0.16248 0.106346 0.863764 4.38859 5.17117
80 8.52672 5.59032 6.60137
100 196.289 0.455685 0.16248 0.106346 0.863764 4.38859 5.17117
81 8.52672 5.92716 5.89008
100 196.289 0.455685 0.16248 0.106346 0.863764 4.38859 5.17117
82 8.52681 5.76045 5.87696
100 196.231 0.455246 0.162102 0.107141 0.86402 4.38907 5.16835
83 8.52681 5.81615 3.7947
100 196.231 0.455246 0.162102 0.107141 0.86402 4.38907 5.16835
84 8.52681 5.47729 4.41754
100 196.231 0.455246 0.162102 0.107141 0.86402 4.38907 5.16835
85 8.52681 4.97163 5.79379
100 196.231 0.455246 0.162102 0.107141 0.86402 4.38907 5.16835
86 8.52681 5.3082 5.87177
100 196.231 0.455246 0.162102 0.107141 0.86402 4.38907 5.16835
87 8.52681 5.81285 5.11241
100 196.231 0.455246 0.162102 0.107141 0.86402 4.38907 5.16835
88 8.52681 5.4198 5.12742
100 196.231 0.455246 0.162102 0.107141 0.86402 4.38907 5.16835
89 8.52681 5.64357 5.52465
100 196.231 0.455246 0.162102 0.107141 0.86402 4.38907 5.16835
90 8.52681 5.87221 5.32584
100 196.231 0.455246 0.162102 0.107141 0.86402 4.38907 5.16835
91 8.52681 5.87053 4.36161
100 196.231 0.455246 0.162102 0.107141 0.86402 4.38907 5.16835
92 8.52681 5.70177 5.15759
100 196.231 0.455246 0.162102 0.107141 0.86402 4.38907 5.16835
93 8.52681 5.30458 5.41433
100 196.231 0.455246 0.162102 0.107141 0.86402 4.38907 5.16835
94 8.52681 5.41874 4.48581
100 196.231 0.455246 0.162102 0.107141 0.86402 4.38907 5.16835
95 8.52681 5.25188 4.92216
100 196.231 0.455246 0.162102 0.107141 0.86402 4.38907 5.16835
96 8.52681 5.64698 5.35679
100 196.231 0.455246 0.162102 0.107141 0.86402 4.38907 5.16835
97 8.52681 5.87222 4.66508
100 196.231 0.455246 0.162102 0.107141 0.86402 4.38907 5.16835
98 8.52681 6.09525 4.71094
100 196.231 0.455246 0.162102 0.107141 0.86402 4.38907 5.16835
99 8.52681 5.76055 4.86162
100 196.231 0.455246 0.162102 0.107141 0.86402 4.38907 5.16835
100 8.52681 6.09853 5.36359
100 196.231 0.455246 0.162102 0.107141 0.86402 4.38907 5.16835
