0 26.3577 1.32308 26.2498
198.141 169.449 0.155958 0.288981 0.234383 0.288981 7.65375 5.30116
1 26.4667 2.57634 50.8965
199.566 169.703 0.1319 0.262879 0.213638 0.262879 7.73768 5.19286
2 26.5741 4.44871 87.5181
200 171.368 0.112492 0.271724 0.196134 0.271724 7.76914 5.12353
3 26.7298 5.78479 109.919
197.8 170.264 0.0764882 0.27627 0.209354 0.27627 8.0885 4.97324
4 26.7298 8.07537 129.745
197.8 170.264 0.0764882 0.27627 0.209354 0.27627 8.0885 4.97324
5 27.4375 11.4019 161.866
184.387 154.308 0.068221 0.279164 0.0686362 0.279164 7.32187 7.5549
6 27.4375 12.4289 158.353
184.387 154.308 0.068221 0.279164 0.0686362 0.279164 7.32187 7.5549
7 27.4375 12.9678 151.664
184.387 154.308 0.068221 0.279164 0.0686362 0.279164 7.32187 7.5549
8 27.4375 13.7648 150.197
184.387 154.308 0.068221 0.279164 0.0686362 0.279164 7.32187 7.5549
9 27.4375 14.5545 154.375
184.387 154.308 0.068221 0.279164 0.0686362 0.279164 7.32187 7.5549
10 27.4375 16.7001 145.845
184.387 154.308 0.068221 0.279164 0.0686362 0.279164 7.32187 7.5549
11 27.9223 16.5477 146.291
184.494 144.25 0.0217327 0.255253 0.125284 0.255253 8.16497 9.08091
12 28.625 18.7452 124.074
174.566 149.675 0.0177222 0.197112 0.187522 0.197112 8.28101 7.45759
13 28.8659 17.2272 126.452
186.111 141.568 0.0471049 0.277381 0.107242 0.277381 8.04252 9.18918
14 33.3775 19.2855 117.568
172.715 153.733 0.0684381 0.220302 0.0968247 0.220302 9.04071 7.75578
15 33.3775 19.0037 113.698
172.715 153.733 0.0684381 0.220302 0.0968247 0.220302 9.04071 7.75578
16 33.3775 19.0808 114.523
172.715 153.733 0.0684381 0.220302 0.0968247 0.220302 9.04071 7.75578
17 33.3775 20.7954 98.5756
172.715 153.733 0.0684381 0.220302 0.0968247 0.220302 9.04071 7.75578
18 33.3775 20.9014 95.9013
172.715 153.733 0.0684381 0.220302 0.0968247 0.220302 9.04071 7.75578
19 33.3775 21.3172 85.0031
172.715 153.733 0.0684381 0.220302 0.0968247 0.220302 9.04071 7.75578
20 33.3775 21.4052 85.3814
172.715 153.733 0.0684381 0.220302 0.0968247 0.220302 9.04071 7.75578
21 33.3775 19.7983 103.667
172.715 153.733 0.0684381 0.220302 0.0968247 0.220302 9.04071 7.75578
22 33.3775 20.3865 115.04
172.715 153.733 0.0684381 0.220302 0.0968247 0.220302 9.04071 7.75578
23 33.3775 19.2997 119.709
172.715 153.733 0.0684381 0.220302 0.0968247 0.220302 9.04071 7.75578
24 33.3775 18.5461 130.269
172.715 153.733 0.0684381 0.220302 0.0968247 0.220302 9.04071 7.75578
25 33.4034 20.0137 126.505
183.858 152.114 0.0972873 0.152557 0.0972873 0.253042 10 7.07631
26 33.4034 20.9415 117.642
183.858 152.114 0.0972873 0.152557 0.0972873 0.253042 10 7.07631
27 33.4034 21.9303 102.349
183.858 152.114 0.0972873 0.152557 0.0972873 0.253042 10 7.07631
28 36.5172 21.8301 105.161
167.09 158.548 0.0781007 0.205524 0.105087 0.205524 9.68017 7.42833
29 36.5172 20.5571 120.58
167.09 158.548 0.0781007 0.205524 0.105087 0.205524 9.68017 7.42833
30 36.5172 18.6742 126.747
167.09 158.548 0.0781007 0.205524 0.105087 0.205524 9.68017 7.42833
31 36.5172 18.8823 134.815
167.09 158.548 0.0781007 0.205524 0.105087 0.205524 9.68017 7.42833
32 36.5172 19.2638 134.575
167.09 158.548 0.0781007 0.205524 0.105087 0.205524 9.68017 7.42833
33 36.5172 20.6517 115.735
167.09 158.548 0.0781007 0.205524 0.105087 0.205524 9.68017 7.42833
34 36.5172 17.5558 148.779
167.09 158.548 0.0781007 0.205524 0.105087 0.205524 9.68017 7.42833
35 36.5172 19.3536 133.402
167.09 158.548 0.0781007 0.205524 0.105087 0.205524 9.68017 7.42833
36 36.5172 19.9496 120.599
167.09 158.548 0.0781007 0.205524 0.105087 0.205524 9.68017 7.42833
37 36.5172 20.2271 124.267
167.09 158.548 0.0781007 0.205524 0.105087 0.205524 9.68017 7.42833
38 36.5172 20.8839 129.287
167.09 158.548 0.0781007 0.205524 0.105087 0.205524 9.68017 7.42833
39 36.5172 20.186 117.102
167.09 158.548 0.0781007 0.205524 0.105087 0.205524 9.68017 7.42833
40 36.7736 20.4149 129.227
165.739 158.233 0.0763375 0.203909 0.104434 0.203909 9.72394 7.37155
41 36.7736 20.6285 136.751
165.739 158.233 0.0763375 0.203909 0.104434 0.203909 9.72394 7.37155
42 36.7736 22.0655 97.4633
165.739 158.233 0.0763375 0.203909 0.104434 0.203909 9.72394 7.37155
43 36.7736 20.6867 134.714
165.739 158.233 0.0763375 0.203909 0.104434 0.203909 9.72394 7.37155
44 36.7736 21.7174 120.845
165.739 158.233 0.0763375 0.203909 0.104434 0.203909 9.72394 7.37155
45 36.7736 21.0932 119.904
165.739 158.233 0.0763375 0.203909 0.104434 0.203909 9.72394 7.37155
46 36.7736 21.6019 117.935
165.739 158.233 0.0763375 0.203909 0.104434 0.203909 9.72394 7.37155
47 36.7736 21.2338 125.216
165.739 158.233 0.0763375 0.203909 0.104434 0.203909 9.72394 7.37155
48 36.7736 22.0632 107.57
165.739 158.233 0.0763375 0.203909 0.104434 0.203909 9.72394 7.37155
49 36.7736 20.3072 141.504
165.739 158.233 0.0763375 0.203909 0.104434 0.203909 9.72394 7.37155
50 36.7736 20.6205 116.302
165.739 158.233 0.0763375 0.203909 0.104434 0.203909 9.72394 7.37155
51 36.7736 22.5032 111.678
165.739 158.233 0.0763375 0.203909 0.104434 0.203909 9.72394 7.37155
52 36.7736 22.0109 114.289
165.739 158.233 0.0763375 0.203909 0.104434 0.203909 9.72394 7.37155
53 36.7736 21.5025 121.894
165.739 158.233 0.0763375 0.203909 0.104434 0.203909 9.72394 7.37155
54 36.7736 23.2369 101.651
165.739 158.233 0.0763375 0.203909 0.104434 0.203909 9.72394 7.37155
55 36.7736 24.3335 89.0232
165.739 158.233 0.0763375 0.203909 0.104434 0.203909 9.72394 7.37155
56 37.6051 22.9421 116.236
165.833 158.082 0.0777479 0.202993 0.105581 0.202993 9.7342 7.35595
57 37.6051 22.9906 117.037
165.833 158.082 0.0777479 0.202993 0.105581 0.202993 9.7342 7.35595
58 37.6051 22.7485 103.303
165.833 158.082 0.0777479 0.202993 0.105581 0.202993 9.7342 7.35595
59 37.6051 22.9399 101.808
165.833 158.082 0.0777479 0.202993 0.105581 0.202993 9.7342 7.35595
60 37.6051 22.3115 121.208
165.833 158.082 0.0777479 0.202993 0.105581 0.202993 9.7342 7.35595
61 37.6051 22.8413 113.023
165.833 158.082 0.0777479 0.202993 0.105581 0.202993 9.7342 7.35595
62 37.6051 22.7657 112.861
165.833 158.082 0.0777479 0.202993 0.105581 0.202993 9.7342 7.35595
63 37.6051 21.6139 121.521
165.833 158.082 0.0777479 0.202993 0.105581 0.202993 9.7342 7.35595
64 37.6051 22.3587 116.549
165.833 158.082 0.0777479 0.202993 0.105581 0.202993 9.7342 7.35595
65 37.6051 22.3575 116.251
165.833 158.082 0.0777479 0.202993 0.105581 0.202993 9.7342 7.35595
66 37.6051 20.9949 136.502
165.833 158.082 0.0777479 0.202993 0.105581 0.202993 9.7342 7.35595
67 37.6051 23.9748 85.0875
165.833 158.082 0.0777479 0.202993 0.105581 0.202993 9.7342 7.35595
68 37.6051 23.4688 114.915
165.833 158.082 0.0777479 0.202993 0.105581 0.202993 9.7342 7.35595
69 39.1367 22.9994 112.542
165.35 159.435 0.0748669 0.203331 0.114885 0.203331 9.84292 7.27482
70 39.1367 23.8967 100.11
165.35 159.435 0.0748669 0.203331 0.114885 0.203331 9.84292 7.27482
71 39.1367 23.3732 104.473
165.35 159.435 0.0748669 0.203331 0.114885 0.203331 9.84292 7.27482
72 39.1367 23.1834 106.024
165.35 159.435 0.0748669 0.203331 0.114885 0.203331 9.84292 7.27482
73 39.1367 23.7352 107.293
165.35 159.435 0.0748669 0.203331 0.114885 0.203331 9.84292 7.27482
74 39.1367 23.7638 94.9453
165.35 159.435 0.0748669 0.203331 0.114885 0.203331 9.84292 7.27482
75 39.1367 23.9631 104.341
165.35 159.435 0.0748669 0.203331 0.114885 0.203331 9.84292 7.27482
76 39.1367 22.2829 114.53
165.35 159.435 0.0748669 0.203331 0.114885 0.203331 9.84292 7.27482
77 39.1367 21.0251 133.411
165.35 159.435 0.0748669 0.203331 0.114885 0.203331 9.84292 7.27482
78 39.1367 21.2353 117.933
165.35 159.435 0.0748669 0.203331 0.114885 0.203331 9.84292 7.27482
79 39.1367 22.099 119.871
165.35 159.435 0.0748669 0.203331 0.114885 0.203331 9.84292 7.27482
80 39.1367 21.5881 134.176
165.35 159.435 0.0748669 0.203331 0.114885 0.203331 9.84292 7.27482
81 39.1367 20.9886 134.598
165.35 159.435 0.0748669 0.203331 0.114885 0.203331 9.84292 7.27482
82 39.1367 20.8332 129.791
165.35 159.435 0.0748669 0.203331 0.114885 0.203331 9.84292 7.27482
83 39.1367 20.6754 154.622
165.35 159.435 0.0748669 0.203331 0.114885 0.203331 9.84292 7.27482
84 39.1367 21.8217 137.142
165.35 159.435 0.0748669 0.203331 0.114885 0.203331 9.84292 7.27482
85 39.1367 21.5183 131.184
165.35 159.435 0.0748669 0.203331 0.114885 0.203331 9.84292 7.27482
86 39.1367 21.8357 128.686
165.35 159.435 0.0748669 0.203331 0.114885 0.203331 9.84292 7.27482
87 39.1367 21.5168 154.278
165.35 159.435 0.0748669 0.203331 0.114885 0.203331 9.84292 7.27482
88 39.1367 21.4471 143.666
165.35 159.435 0.0748669 0.203331 0.114885 0.203331 9.84292 7.27482
89 39.1367 22.497 124.662
165.35 159.435 0.0748669 0.203331 0.114885 0.203331 9.84292 7.27482
90 39.1367 21.8267 136.77
165.35 159.435 0.0748669 0.203331 0.114885 0.203331 9.84292 7.27482
91 39.1367 22.0584 126.183
165.35 159.435 0.0748669 0.203331 0.114885 0.203331 9.84292 7.27482
92 39.1367 23.3932 118.332
165.35 159.435 0.0748669 0.203331 0.114885 0.203331 9.84292 7.27482
93 39.1367 23.5082 112.163
165.35 159.435 0.0748669 0.203331 0.114885 0.203331 9.84292 7.27482
94 39.1367 21.1828 141.461
165.35 159.435 0.0748669 0.203331 0.114885 0.203331 9.84292 7.27482
95 39.1367 21.68 133.155
165.35 159.435 0.0748669 0.203331 0.114885 0.203331 9.84292 7.27482
96 39.1367 21.4465 149.352
165.35 159.435 0.0748669 0.203331 0.114885 0.203331 9.84292 7.27482
97 39.1367 21.6077 128.773
165.35 159.435 0.0748669 0.203331 0.114885 0.203331 9.84292 7.27482
98 39.1367 19.8534 161.411
165.35 159.435 0.0748669 0.203331 0.114885 0.203331 9.84292 7.27482
99 39.1367 20.3861 143.425
165.35 159.435 0.0748669 0.203331 0.114885 0.203331 9.84292 7.27482
100 39.1367 20.7903 144.747
165.35 159.435 0.0748669 0.203331 0.114885 0.203331 9.84292 7.27482
