0 26.2481 3.86572 47.9646
135.02 165.26 0.117427 0.133065 0.439411 0.236789 6.21835 2.62535
1 26.2481 5.81085 75.1517
135.02 165.26 0.117427 0.133065 0.439411 0.236789 6.21835 2.62535
2 26.2481 7.97212 100.632
135.02 165.26 0.117427 0.133065 0.439411 0.236789 6.21835 2.62535
3 26.2481 8.907 112.132
135.02 165.26 0.117427 0.133065 0.439411 0.236789 6.21835 2.62535
4 26.7624 11.2293 127.831
149.025 165.529 0.218819 0.170133 0.427012 0.0677001 6.06382 1.98084
5 27.0697 13.8784 139.984
159.119 166.336 0.250158 0.119389 0.437226 0.0394317 6.73087 2.30251
6 27.0697 14.7242 136.697
159.119 166.336 0.250158 0.119389 0.437226 0.0394317 6.73087 2.30251
7 27.665 16.6624 124.154
162.283 164.038 0.265854 0.118322 0.431276 0.0387374 6.47355 2.09429
8 27.665 17.1804 130.788
162.283 164.038 0.265854 0.118322 0.431276 0.0387374 6.47355 2.09429
9 27.8655 18.7282 118.497
162.405 164.333 0.265219 0.126308 0.432598 0.0346502 6.45035 2.19674
10 27.8655 17.3118 102.819
162.405 164.333 0.265219 0.126308 0.432598 0.0346502 6.45035 2.19674
11 27.8655 18.7037 97.2447
162.405 164.333 0.265219 0.126308 0.432598 0.0346502 6.45035 2.19674
12 27.8655 19.0451 95.6061
162.405 164.333 0.265219 0.126308 0.432598 0.0346502 6.45035 2.19674
13 27.8655 20.6664 89.7174
162.405 164.333 0.265219 0.126308 0.432598 0.0346502 6.45035 2.19674
14 27.8655 21.8811 73.3842
162.405 164.333 0.265219 0.126308 0.432598 0.0346502 6.45035 2.19674
15 27.8655 23.041 56.0398
162.405 164.333 0.265219 0.126308 0.432598 0.0346502 6.45035 2.19674
16 27.8655 24.3279 38.7868
162.405 164.333 0.265219 0.126308 0.432598 0.0346502 6.45035 2.19674
17 28.4908 23.6024 49.2266
161.676 156.435 0.221018 0.159465 0.32394 0.0791848 6.91096 2.03187
18 28.4908 24.1482 42.0044
161.676 156.435 0.221018 0.159465 0.32394 0.0791848 6.91096 2.03187
19 28.4908 24.6383 38.0971
161.676 156.435 0.221018 0.159465 0.32394 0.0791848 6.91096 2.03187
20 28.4908 24.335 20.9593
161.676 156.435 0.221018 0.159465 0.32394 0.0791848 6.91096 2.03187
21 28.4908 24.623 22.1251
161.676 156.435 0.221018 0.159465 0.32394 0.0791848 6.91096 2.03187
22 29.3214 25.61 9.26811
163.506 156.717 0.219544 0.158919 0.330422 0.0714834 6.98869 2.18137
23 29.3214 23.6822 40.8638
163.506 156.717 0.219544 0.158919 0.330422 0.0714834 6.98869 2.18137
24 29.3214 24.981 9.09407
163.506 156.717 0.219544 0.158919 0.330422 0.0714834 6.98869 2.18137
25 29.3214 24.2975 19.5054
163.506 156.717 0.219544 0.158919 0.330422 0.0714834 6.98869 2.18137
26 29.3214 24.9248 17.3797
163.506 156.717 0.219544 0.158919 0.330422 0.0714834 6.98869 2.18137
27 29.3214 23.7072 44.7617
163.506 156.717 0.219544 0.158919 0.330422 0.0714834 6.98869 2.18137
28 29.3214 23.1426 44.5115
163.506 156.717 0.219544 0.158919 0.330422 0.0714834 6.98869 2.18137
29 29.3214 23.2472 47.938
163.506 156.717 0.219544 0.158919 0.330422 0.0714834 6.98869 2.18137
30 29.3214 23.07 55.5082
163.506 156.717 0.219544 0.158919 0.330422 0.0714834 6.98869 2.18137
31 29.64 24.9878 27.943
165.13 164.757 0.210665 0.132615 0.309512 0.0883077 7.34429 1.86339
32 29.64 23.191 50.8466
165.13 164.757 0.210665 0.132615 0.309512 0.0883077 7.34429 1.86339
33 29.64 21.8189 60.6703
165.13 164.757 0.210665 0.132615 0.309512 0.0883077 7.34429 1.86339
34 29.64 23.9313 33.8912
165.13 164.757 0.210665 0.132615 0.309512 0.0883077 7.34429 1.86339
35 29.64 24.6562 25.6553
165.13 164.757 0.210665 0.132615 0.309512 0.0883077 7.34429 1.86339
36 29.64 24.4572 26.0767
165.13 164.757 0.210665 0.132615 0.309512 0.0883077 7.34429 1.86339
37 29.64 23.2338 36.8996
165.13 164.757 0.210665 0.132615 0.309512 0.0883077 7.34429 1.86339
38 29.64 22.4235 64.7137
165.13 164.757 0.210665 0.132615 0.309512 0.0883077 7.34429 1.86339
39 29.64 24.2055 51.6635
165.13 164.757 0.210665 0.132615 0.309512 0.0883077 7.34429 1.86339
40 29.64 24.3009 51.4324
165.13 164.757 0.210665 0.132615 0.309512 0.0883077 7.34429 1.86339
41 29.64 24.5153 51.5968
165.13 164.757 0.210665 0.132615 0.309512 0.0883077 7.34429 1.86339
42 29.64 24.3251 50.8287
165.13 164.757 0.210665 0.132615 0.309512 0.0883077 7.34429 1.86339
43 29.64 23.8085 47.9332
165.13 164.757 0.210665 0.132615 0.309512 0.0883077 7.34429 1.86339
44 29.64 24.2521 30.7368
165.13 164.757 0.210665 0.132615 0.309512 0.0883077 7.34429 1.86339
45 29.64 23.8198 36.1772
165.13 164.757 0.210665 0.132615 0.309512 0.0883077 7.34429 1.86339
46 29.64 23.7998 25.1501
165.13 164.757 0.210665 0.132615 0.309512 0.0883077 7.34429 1.86339
47 29.64 23.9451 25.4765
165.13 164.757 0.210665 0.132615 0.309512 0.0883077 7.34429 1.86339
48 29.64 24.3033 27.511
165.13 164.757 0.210665 0.132615 0.309512 0.0883077 7.34429 1.86339
49 29.64 25.2207 12.3027
165.13 164.757 0.210665 0.132615 0.309512 0.0883077 7.34429 1.86339
50 29.64 25.0678 16.88
165.13 164.757 0.210665 0.132615 0.309512 0.0883077 7.34429 1.86339
51 29.7211 24.1836 20.5655
166.085 151.165 0.229458 0.152939 0.417725 0.09498 6.70145 2.19305
52 29.7211 23.7656 21.2037
166.085 151.165 0.229458 0.152939 0.417725 0.09498 6.70145 2.19305
53 29.7211 22.0173 59.1975
166.085 151.165 0.229458 0.152939 0.417725 0.09498 6.70145 2.19305
54 29.7211 24.0064 21.679
166.085 151.165 0.229458 0.152939 0.417725 0.09498 6.70145 2.19305
55 29.7211 24.9764 18.9697
166.085 151.165 0.229458 0.152939 0.417725 0.09498 6.70145 2.19305
56 29.7211 24.7968 33.7559
166.085 151.165 0.229458 0.152939 0.417725 0.09498 6.70145 2.19305
57 29.7211 23.4853 40.6346
166.085 151.165 0.229458 0.152939 0.417725 0.09498 6.70145 2.19305
58 29.7211 24.216 46.8385
166.085 151.165 0.229458 0.152939 0.417725 0.09498 6.70145 2.19305
59 29.7211 23.1028 47.7316
166.085 151.165 0.229458 0.152939 0.417725 0.09498 6.70145 2.19305
60 29.7211 24.8579 35.1462
166.085 151.165 0.229458 0.152939 0.417725 0.09498 6.70145 2.19305
61 29.7211 23.8622 48.4214
166.085 151.165 0.229458 0.152939 0.417725 0.09498 6.70145 2.19305
62 29.7211 24.5265 38.4747
166.085 151.165 0.229458 0.152939 0.417725 0.09498 6.70145 2.19305
63 29.7211 24.0283 37.8569
166.085 151.165 0.229458 0.152939 0.417725 0.09498 6.70145 2.19305
64 29.7211 23.6908 59.1703
166.085 151.165 0.229458 0.152939 0.417725 0.09498 6.70145 2.19305
65 29.7211 23.4667 64.1452
166.085 151.165 0.229458 0.152939 0.417725 0.09498 6.70145 2.19305
66 29.7211 22.4108 62.8062
166.085 151.165 0.229458 0.152939 0.417725 0.09498 6.70145 2.19305
67 29.7211 22.724 47.5242
166.085 151.165 0.229458 0.152939 0.417725 0.09498 6.70145 2.19305
68 29.7211 23.0839 45.5736
166.085 151.165 0.229458 0.152939 0.417725 0.09498 6.70145 2.19305
69 29.7211 23.3155 65.1813
166.085 151.165 0.229458 0.152939 0.417725 0.09498 6.70145 2.19305
70 29.7211 24.4659 58.1401
166.085 151.165 0.229458 0.152939 0.417725 0.09498 6.70145 2.19305
71 29.7211 24.4904 42.962
166.085 151.165 0.229458 0.152939 0.417725 0.09498 6.70145 2.19305
72 29.7211 23.6255 56.4108
166.085 151.165 0.229458 0.152939 0.417725 0.09498 6.70145 2.19305
73 29.7211 23.9786 37.0727
166.085 151.165 0.229458 0.152939 0.417725 0.09498 6.70145 2.19305
74 29.8404 24.4912 40.2445
164.383 150.94 0.226686 0.135174 0.423586 0.0712756 7.0006 1.80946
75 29.8404 26.012 9.96209
164.383 150.94 0.226686 0.135174 0.423586 0.0712756 7.0006 1.80946
76 29.8404 23.895 34.1025
164.383 150.94 0.226686 0.135174 0.423586 0.0712756 7.0006 1.80946
77 29.8748 25.2856 15.7408
166.942 150.567 0.235091 0.147699 0.41872 0.101951 6.72408 2.10342
78 30.1865 24.6795 21.1516
166.951 150.279 0.233864 0.150839 0.417369 0.100476 6.71037 2.11921
79 30.1865 24.0788 24.5798
166.951 150.279 0.233864 0.150839 0.417369 0.100476 6.71037 2.11921
80 30.1865 25.0423 28.5598
166.951 150.279 0.233864 0.150839 0.417369 0.100476 6.71037 2.11921
81 30.1865 22.9424 48.5882
166.951 150.279 0.233864 0.150839 0.417369 0.100476 6.71037 2.11921
82 30.1865 23.7249 44.6522
166.951 150.279 0.233864 0.150839 0.417369 0.100476 6.71037 2.11921
83 30.1865 25.0547 22.6038
166.951 150.279 0.233864 0.150839 0.417369 0.100476 6.71037 2.11921
84 30.1865 25.1328 27.8124
166.951 150.279 0.233864 0.150839 0.417369 0.100476 6.71037 2.11921
85 30.1865 26.0272 12.6817
166.951 150.279 0.233864 0.150839 0.417369 0.100476 6.71037 2.11921
86 30.1865 26.2066 9.19762
166.951 150.279 0.233864 0.150839 0.417369 0.100476 6.71037 2.11921
87 30.1865 25.4226 10.7236
166.951 150.279 0.233864 0.150839 0.417369 0.100476 6.71037 2.11921
88 30.1865 25.5605 11.9507
166.951 150.279 0.233864 0.150839 0.417369 0.100476 6.71037 2.11921
89 30.1865 25.2083 22.554
166.951 150.279 0.233864 0.150839 0.417369 0.100476 6.71037 2.11921
90 30.1865 24.0173 27.817
166.951 150.279 0.233864 0.150839 0.417369 0.100476 6.71037 2.11921
91 30.1865 24.0426 18.7838
166.951 150.279 0.233864 0.150839 0.417369 0.100476 6.71037 2.11921
92 30.1865 23.4835 30.014
166.951 150.279 0.233864 0.150839 0.417369 0.100476 6.71037 2.11921
93 30.1865 24.2138 29.9607
166.951 150.279 0.233864 0.150839 0.417369 0.100476 6.71037 2.11921
94 30.1865 24.4472 24.0621
166.951 150.279 0.233864 0.150839 0.417369 0.100476 6.71037 2.11921
95 30.1865 23.4015 49.2436
166.951 150.279 0.233864 0.150839 0.417369 0.100476 6.71037 2.11921
96 30.1865 25.1478 25.5678
166.951 150.279 0.233864 0.150839 0.417369 0.100476 6.71037 2.11921
97 30.1865 23.8809 39.6726
166.951 150.279 0.233864 0.150839 0.417369 0.100476 6.71037 2.11921
98 30.1865 23.541 40.2638
166.951 150.279 0.233864 0.150839 0.417369 0.100476 6.71037 2.11921
99 30.1865 23.4139 40.7032
166.951 150.279 0.233864 0.150839 0.417369 0.100476 6.71037 2.11921
100 30.1865 22.6975 53.6303
166.951 150.279 0.233864 0.150839 0.417369 0.100476 6.71037 2.11921
