0 10.9879 1.08106 6.54829
199.985 115.793 0.404592 0.261106 0.602079 0.136699 8.69741 1.72699
1 11.509 1.99299 12.1118
194.215 116.696 0.399572 0.229347 0.563515 0.128923 8.87706 2.67522
2 11.509 3.0036 17.2461
194.215 116.696 0.399572 0.229347 0.563515 0.128923 8.87706 2.67522
3 11.509 4.01363 21.873
194.215 116.696 0.399572 0.229347 0.563515 0.128923 8.87706 2.67522
4 11.509 4.65506 22.1209
194.215 116.696 0.399572 0.229347 0.563515 0.128923 8.87706 2.67522
5 11.509 6.01648 23.122
194.215 116.696 0.399572 0.229347 0.563515 0.128923 8.87706 2.67522
6 11.509 6.6375 22.2298
194.215 116.696 0.399572 0.229347 0.563515 0.128923 8.87706 2.67522
7 11.509 7.13873 19.4557
194.215 116.696 0.399572 0.229347 0.563515 0.128923 8.87706 2.67522
8 11.509 7.06053 16.8173
194.215 116.696 0.399572 0.229347 0.563515 0.128923 8.87706 2.67522
9 11.509 7.23958 15.3364
194.215 116.696 0.399572 0.229347 0.563515 0.128923 8.87706 2.67522
10 11.509 7.05018 16.0777
194.215 116.696 0.399572 0.229347 0.563515 0.128923 8.87706 2.67522
11 11.6057 7.12791 15.1266
190.503 111.631 0.341086 0.306051 0.643406 0.0515817 8.12894 3.04234
12 11.6057 7.17016 11.9693
190.503 111.631 0.341086 0.306051 0.643406 0.0515817 8.12894 3.04234
13 11.7502 6.96044 13.6319
184.629 107.975 0.349831 0.237621 0.553971 0.204725 9.6643 2.69188
14 11.9114 8.03039 12.5885
185.708 119.457 0.346224 0.249069 0.633524 0.0870225 9.70895 2.66518
15 13.0456 8.25606 11.0171
186.277 118.936 0.365683 0.281094 0.608743 0.0730282 9.76 2.54396
16 13.0456 8.02871 10.9845
186.277 118.936 0.365683 0.281094 0.608743 0.0730282 9.76 2.54396
17 13.0456 7.59163 16.7835
186.277 118.936 0.365683 0.281094 0.608743 0.0730282 9.76 2.54396
18 13.0456 7.80411 15.8121
186.277 118.936 0.365683 0.281094 0.608743 0.0730282 9.76 2.54396
19 13.0456 8.28131 18.8329
186.277 118.936 0.365683 0.281094 0.608743 0.0730282 9.76 2.54396
20 13.646 8.15334 19.6358
167.297 114.832 0.385075 0.291989 0.448741 0.07551 10 0.75872
21 14.6206 8.62687 18.9563
161.281 114.871 0.369119 0.283482 0.381075 0.122716 9.46421 0.616335
22 14.6206 8.96821 20.321
161.281 114.871 0.369119 0.283482 0.381075 0.122716 9.46421 0.616335
23 14.6206 9.23932 16.7527
161.281 114.871 0.369119 0.283482 0.381075 0.122716 9.46421 0.616335
24 14.6206 8.65734 18.7113
161.281 114.871 0.369119 0.283482 0.381075 0.122716 9.46421 0.616335
25 14.6206 9.10659 17.7352
161.281 114.871 0.369119 0.283482 0.381075 0.122716 9.46421 0.616335
26 14.6206 9.10466 20.8058
161.281 114.871 0.369119 0.283482 0.381075 0.122716 9.46421 0.616335
27 14.6206 9.9261 18.6014
161.281 114.871 0.369119 0.283482 0.381075 0.122716 9.46421 0.616335
28 14.6206 9.59532 16.7528
161.281 114.871 0.369119 0.283482 0.381075 0.122716 9.46421 0.616335
29 14.6206 8.89224 18.1244
161.281 114.871 0.369119 0.283482 0.381075 0.122716 9.46421 0.616335
30 14.6873 8.3956 22.1599
146.591 110.894 0.380191 0.338829 0.407869 0.0293707 8.42686 0
31 14.6873 8.58147 23.2016
146.591 110.894 0.380191 0.338829 0.407869 0.0293707 8.42686 0
32 14.6873 8.65206 20.6654
146.591 110.894 0.380191 0.338829 0.407869 0.0293707 8.42686 0
33 14.6873 9.91643 18.8539
146.591 110.894 0.380191 0.338829 0.407869 0.0293707 8.42686 0
34 14.7088 10.067 19.1169
145.659 111.655 0.37114 0.350716 0.404633 0.0328281 8.41067 0.0198539
35 14.7088 10.1217 13.9375
145.659 111.655 0.37114 0.350716 0.404633 0.0328281 8.41067 0.0198539
36 14.7205 10.1779 17.8322
145.42 111.935 0.368332 0.3495 0.403477 0.0319415 8.41985 0
37 14.7205 10.7173 15.5777
145.42 111.935 0.368332 0.3495 0.403477 0.0319415 8.41985 0
38 14.7205 10.4118 16.8454
145.42 111.935 0.368332 0.3495 0.403477 0.0319415 8.41985 0
39 14.7205 9.75133 23.7669
145.42 111.935 0.368332 0.3495 0.403477 0.0319415 8.41985 0
40 14.7435 9.61837 27.5289
149.232 109.585 0.347051 0.345497 0.454817 0.0362391 7.99465 0.1571
41 14.7435 9.43935 28.0305
149.232 109.585 0.347051 0.345497 0.454817 0.0362391 7.99465 0.1571
42 14.7435 9.77204 21.2549
149.232 109.585 0.347051 0.345497 0.454817 0.0362391 7.99465 0.1571
43 15.1619 9.66354 18.4537
145.386 105.818 0.383134 0.39617 0.402683 0.00902349 8.31442 0
44 15.8242 9.70579 17.0287
134.467 117.51 0.325388 0.333405 0.440049 0.0430798 9.06322 0
45 15.8242 9.51756 18.3878
134.467 117.51 0.325388 0.333405 0.440049 0.0430798 9.06322 0
46 15.8242 9.07095 20.4135
134.467 117.51 0.325388 0.333405 0.440049 0.0430798 9.06322 0
47 15.8242 9.53758 25.3549
134.467 117.51 0.325388 0.333405 0.440049 0.0430798 9.06322 0
48 16.1903 10.0395 24.5048
146.764 103.21 0.361904 0.392179 0.256715 0 8.59048 0
49 16.1903 9.91293 23.0295
146.764 103.21 0.361904 0.392179 0.256715 0 8.59048 0
50 16.1903 10.4849 21.6143
146.764 103.21 0.361904 0.392179 0.256715 0 8.59048 0
51 16.1903 10.3442 23.8879
146.764 103.21 0.361904 0.392179 0.256715 0 8.59048 0
52 17.1225 11.4134 27.0967
124.614 114.859 0.226228 0.500731 0.0234617 0.0116137 9.11061 1.68415
53 17.1225 11.9808 22.0486
124.614 114.859 0.226228 0.500731 0.0234617 0.0116137 9.11061 1.68415
54 17.1353 11.0206 23.0748
126.54 114.828 0.22799 0.482189 0 0.00979442 9.14493 1.94008
55 17.1353 11.1259 24.2168
126.54 114.828 0.22799 0.482189 0 0.00979442 9.14493 1.94008
56 17.8683 10.5851 27.197
117.102 113.439 0.228497 0.458207 0.0190633 0 8.8113 1.67215
57 19.7388 11.5139 28.3106
118.974 122.035 0.235121 0.485086 0.00173354 0 9.35543 2.68109
58 19.7388 12.0893 30.1149
118.974 122.035 0.235121 0.485086 0.00173354 0 9.35543 2.68109
59 19.7388 11.7737 37.0028
118.974 122.035 0.235121 0.485086 0.00173354 0 9.35543 2.68109
60 20.3728 13.9969 28.4258
125.302 103.717 0.331246 0.433542 0 0.0473974 7.87207 1.41243
61 20.3728 14.4262 28.5358
125.302 103.717 0.331246 0.433542 0 0.0473974 7.87207 1.41243
62 20.3728 13.5307 32.8453
125.302 103.717 0.331246 0.433542 0 0.0473974 7.87207 1.41243
63 20.3728 14.0924 37.094
125.302 103.717 0.331246 0.433542 0 0.0473974 7.87207 1.41243
64 20.3728 14.4464 41.0725
125.302 103.717 0.331246 0.433542 0 0.0473974 7.87207 1.41243
65 20.3728 12.5653 33.7201
125.302 103.717 0.331246 0.433542 0 0.0473974 7.87207 1.41243
66 20.3728 12.673 46.5024
125.302 103.717 0.331246 0.433542 0 0.0473974 7.87207 1.41243
67 20.5408 13.0108 43.2715
109.228 113.151 0.289574 0.315566 0.0657593 0 8.24946 2.21545
68 20.5408 12.2621 42.852
109.228 113.151 0.289574 0.315566 0.0657593 0 8.24946 2.21545
69 20.82 11.52 45.0172
107.564 107.8 0.35035 0.438619 0.00268894 0 9.02773 1.97224
70 20.82 11.1674 45.5179
107.564 107.8 0.35035 0.438619 0.00268894 0 9.02773 1.97224
71 21.5072 11.653 53.6595
108.95 113.541 0.282569 0.294173 0.0469923 0.00981739 8.31066 2.23466
72 21.5072 12.0008 48.2577
108.95 113.541 0.282569 0.294173 0.0469923 0.00981739 8.31066 2.23466
73 21.5072 12.2456 47.7039
108.95 113.541 0.282569 0.294173 0.0469923 0.00981739 8.31066 2.23466
74 21.5072 12.2258 48.5297
108.95 113.541 0.282569 0.294173 0.0469923 0.00981739 8.31066 2.23466
75 21.5072 12.4485 44.8923
108.95 113.541 0.282569 0.294173 0.0469923 0.00981739 8.31066 2.23466
76 23.3386 13.3026 52.7056
103.602 110.873 0.280917 0.413062 0 0.0119875 9.23522 1.78348
77 23.3386 13.9388 44.8254
103.602 110.873 0.280917 0.413062 0 0.0119875 9.23522 1.78348
78 23.3386 14.2882 48.7101
103.602 110.873 0.280917 0.413062 0 0.0119875 9.23522 1.78348
79 23.3386 13.609 51.597
103.602 110.873 0.280917 0.413062 0 0.0119875 9.23522 1.78348
80 23.3386 13.54 42.8294
103.602 110.873 0.280917 0.413062 0 0.0119875 9.23522 1.78348
81 23.3386 12.4383 58.5489
103.602 110.873 0.280917 0.413062 0 0.0119875 9.23522 1.78348
82 23.3386 12.4661 58.7483
103.602 110.873 0.280917 0.413062 0 0.0119875 9.23522 1.78348
83 23.3631 13.3998 66.7361
104.853 111.967 0.273604 0.425557 0 0 9.00978 1.85036
84 23.4444 15.4466 72.2284
103.051 110.175 0.263115 0.422215 0.00280696 0 9.2302 1.86858
85 23.5112 14.315 75.8831
104.219 109.533 0.271177 0.397452 0.00988959 0.0027824 9.27077 1.81324
86 23.5112 14.0616 76.2435
104.219 109.533 0.271177 0.397452 0.00988959 0.0027824 9.27077 1.81324
87 23.5112 14.0885 79.2182
104.219 109.533 0.271177 0.397452 0.00988959 0.0027824 9.27077 1.81324
88 23.5112 14.5654 72.6017
104.219 109.533 0.271177 0.397452 0.00988959 0.0027824 9.27077 1.81324
89 23.5112 15.9507 55.4144
104.219 109.533 0.271177 0.397452 0.00988959 0.0027824 9.27077 1.81324
90 23.5112 15.5904 58.3119
104.219 109.533 0.271177 0.397452 0.00988959 0.0027824 9.27077 1.81324
91 23.5112 14.8323 49.7288
104.219 109.533 0.271177 0.397452 0.00988959 0.0027824 9.27077 1.81324
92 23.5112 16.3069 52.3027
104.219 109.533 0.271177 0.397452 0.00988959 0.0027824 9.27077 1.81324
93 23.5112 16.2159 39.8876
104.219 109.533 0.271177 0.397452 0.00988959 0.0027824 9.27077 1.81324
94 23.5112 15.1513 45.2353
104.219 109.533 0.271177 0.397452 0.00988959 0.0027824 9.27077 1.81324
95 23.5112 14.2654 58.2305
104.219 109.533 0.271177 0.397452 0.00988959 0.0027824 9.27077 1.81324
96 23.521 14.8898 58.1234
103.947 109.596 0.271327 0.397021 0.00969822 0.000937292 9.28994 1.85565
97 23.521 14.2178 45.6995
103.947 109.596 0.271327 0.397021 0.00969822 0.000937292 9.28994 1.85565
98 23.521 14.3502 40.9109
103.947 109.596 0.271327 0.397021 0.00969822 0.000937292 9.28994 1.85565
99 23.521 16.5289 34.324
103.947 109.596 0.271327 0.397021 0.00969822 0.000937292 9.28994 1.85565
100 23.521 15.6256 47.3175
103.947 109.596 0.271327 0.397021 0.00969822 0.000937292 9.28994 1.85565
