0 0 0 0 0 0 0 0 0 0 0 0 0 0 0 0 0 0 0 0 
0 0 0 0 0 0 0 0 0 0 0 0 0 0 0 0 0 0 0 0 
0 0 0 0 0 0 0 0 0 0 0 0 0 0 0 0 0 0 0 0 
0 0 0 0 0 0 0 0 0 0 0 0 0 0 0 0 0 0 0 0 
0 0 0 0 0 0 0 0 0 0 0 0 0 0 0 0 0 0 0 0 
0 0 0 0 0 0 0 0 0 0 0 0 0 0 0 0 0 0 0 0 
0 0 0 0 0 0 0 0 0 0 0 0 0 0 0 0 0 0 0 0 
0 0 0 0 0 0 0 0 0 0 0 0 0 0 0 0 0 0 0 0 
0 0 0 0 0 0 0 0 0 0 0 0 0 0 0 0 0 0 0 0 
0 0 0 0 0 0 0 0 0 0 0 0 0 0 0 0 0 0 0 0 
0 0 0 0 0 0 0 0 0 0 0 0 0 0 0 0 0 0 0 0 
0 0 0 0 0 0 0 0 0 0 0 0 0 0 0 0 0 0 0 0 
0 0 0 0 0 0 0 0 0 0 0 0 0 0 0 0 0 0 0 0 
0 0 0 0 0 0 0 0 0 0 0 0 0 0 0 0 0 0 0 0 
0 0 0 0 0 0 0 0 0 0 0 0 0 0 0 0 0 0 0 0 
0 0 0 0 0 0 0 0 0 0 0 0 0 0 0 0 0 0 0 0 
0 0 0 0 0 0 0 0 0 0 0 0 0 0 0 0 0 0 0 0 
0 0 0 0 0 0 0 0 0 0 0 0 0 0 0 0 0 0 0 0 
0 0 0 0 0 0 0 0 0 0 0 0 0 0 0 0 0 0 0 0 
0 0 0 0 0 0 0 0 0 0 0 0 0 0 0 0 0 0 0 0 

0 0 0 0 0 0 0 0 0 0 0 0 0 0 0 0 0 0 0 0 
0 0 0 0 0 0 0 0 0 0 0 0 0 0 0 0 0 0 0 0 
0 0 0 0 0 0 0 0 0 0 0 0 0 0 0 0 0 0 0 0 
0 0 0 0 0 1 0 0 0 0 0 0 0 0 0 0 0 0 0 0 
0 0 0 0 0 0 2 0 0 0 0 0 0 0 0 0 0 0 0 4 
0 0 0 0 0 0 0 0 0 0 0 0 0 0 0 0 0 0 0 0 
0 0 0 0 0 0 0 0 0 0 0 0 0 0 0 0 0 0 0 0 
0 0 0 0 0 0 0 0 0 0 0 0 0 0 0 0 0 0 0 0 
0 0 0 0 0 0 0 0 0 0 0 0 0 0 0 0 0 0 0 0 
0 0 0 0 0 0 0 0 0 0 0 0 0 0 0 0 0 0 0 0 
0 0 0 0 0 0 0 0 0 0 0 0 0 0 0 0 0 0 0 0 
0 0 0 0 0 0 0 0 0 0 0 0 0 0 0 0 0 0 0 0 
0 0 0 0 0 0 0 0 0 0 0 0 0 0 0 0 0 0 0 0 
0 0 0 0 0 0 0 0 0 0 0 0 0 0 0 0 0 0 0 0 
0 0 0 10 3 2 6 2 0 0 0 0 0 0 0 0 0 0 27 0 
0 0 0 6 4 3 5 7 3 4 4 4 5 11 13 6 11 13 0 0 
0 0 0 0 5 8 4 3 3 3 2 4 6 11 12 8 14 0 0 0 
0 0 0 3 11 7 8 10 9 11 14 11 11 10 10 4 2 0 0 0 
0 0 0 0 0 1 4 5 5 7 8 7 9 8 5 0 0 0 0 0 
0 0 0 0 0 0 0 0 0 0 0 0 0 0 0 0 0 0 0 0 

0 0 0 0 0 0 0 0 0 0 0 0 0 0 0 0 4 0 1 0 
0 0 0 0 0 0 0 0 0 0 0 0 0 1 0 0 0 0 0 0 
0 0 0 1 0 0 0 0 6 2 1 3 4 4 3 3 4 4 3 0 
0 10 0 0 1 1 8 1 2 3 7 6 7 7 7 9 3 5 2 0 
0 0 0 0 0 1 7 9 11 7 0 1 0 1 2 5 14 17 1 0 
0 0 0 0 2 1 3 7 8 0 0 0 0 0 0 11 8 1 1 0 
0 0 0 1 1 1 4 0 0 0 0 0 0 0 0 0 0 5 6 0 
0 0 0 1 2 1 0 0 0 0 0 0 0 8 18 27 27 27 13 0 
0 0 0 4 4 1 0 0 0 0 6 23 27 27 27 27 27 27 0 0 
0 0 1 10 9 8 5 7 12 26 27 27 27 27 27 27 27 27 0 0 
0 0 1 20 17 16 17 21 27 27 27 27 27 27 27 27 27 27 0 0 
0 0 0 16 16 17 22 27 27 27 27 27 27 27 27 27 27 27 0 0 
0 0 1 13 15 16 22 27 27 27 27 27 27 27 27 27 27 5 0 0 
0 0 0 0 11 14 17 25 27 27 27 27 27 27 27 27 27 0 0 0 
0 0 0 10 12 16 16 16 19 22 26 26 25 26 27 27 27 0 0 0 
0 0 0 5 9 15 20 14 15 17 18 15 13 12 2 7 4 0 0 0 
0 0 6 2 5 10 11 11 13 13 14 14 13 14 3 4 1 0 0 0 
0 0 2 6 16 13 9 2 1 2 3 5 4 6 5 1 3 0 0 0 
0 0 0 5 2 10 5 7 8 13 17 18 19 12 8 4 0 0 0 0 
0 0 0 0 0 2 1 1 5 3 0 2 2 8 5 9 4 0 0 0 

0 0 0 0 0 0 0 0 0 0 0 0 0 0 0 0 1 11 19 0 
0 0 0 0 0 1 0 0 0 0 0 0 27 27 27 27 21 3 0 0 
0 8 0 0 3 4 6 6 0 0 0 1 24 27 27 27 19 1 4 0 
0 10 2 4 2 4 7 0 0 5 27 27 27 27 27 27 27 2 0 0 
0 5 2 0 2 8 8 16 27 27 27 27 27 27 27 27 27 2 0 0 
0 3 6 7 5 10 18 27 27 27 27 27 27 27 27 27 27 2 0 0 
0 1 6 3 8 16 27 27 27 27 27 27 27 27 27 27 27 0 0 0 
0 3 4 19 24 27 27 27 27 27 27 27 27 27 27 27 27 0 0 0 
0 0 16 27 27 27 27 27 27 27 27 27 27 27 27 27 5 0 0 0 
0 0 15 27 27 27 27 27 27 27 27 27 27 27 27 27 0 0 0 0 
0 0 10 27 27 27 27 27 27 27 27 27 27 27 27 27 0 0 0 0 
0 0 5 27 27 27 27 27 27 27 27 27 27 27 27 27 0 0 0 0 
0 0 3 27 27 27 27 27 27 27 27 27 27 27 27 13 0 0 0 0 
0 0 8 14 21 27 27 27 27 27 27 27 27 27 27 0 0 0 0 0 
0 0 1 5 10 10 14 23 27 27 27 27 27 27 27 0 0 0 0 0 
0 0 4 1 1 4 10 12 14 14 15 14 14 11 15 1 0 0 0 0 
0 0 9 13 11 5 2 2 7 9 9 11 7 5 1 0 0 0 0 0 
0 0 2 4 21 12 20 10 6 8 6 4 4 3 0 0 0 0 0 0 
0 0 13 3 13 10 7 17 12 15 6 10 1 0 0 0 0 0 0 0 
0 0 0 2 17 7 3 8 10 6 2 0 0 0 0 0 0 0 0 0 

0 0 0 0 0 0 0 0 0 0 0 0 0 0 0 0 1 0 0 0 
0 0 3 0 3 0 16 27 27 27 27 27 27 27 27 27 27 8 0 0 
0 11 2 0 2 17 27 27 27 27 27 27 27 27 27 27 27 0 0 0 
0 8 2 4 10 27 27 27 27 27 27 27 27 27 27 27 0 0 0 0 
0 5 9 5 13 27 27 27 27 27 27 27 27 27 27 27 0 0 0 0 
0 1 7 9 27 27 27 27 27 27 27 27 27 27 27 18 0 0 0 0 
0 2 9 27 27 27 27 27 27 27 27 27 27 27 27 0 0 0 0 0 
0 0 3 27 27 27 27 27 27 27 27 27 27 27 27 0 0 0 0 0 
0 0 9 27 27 27 27 27 27 27 27 27 27 27 27 0 0 0 0 0 
0 0 6 27 27 27 27 27 27 27 27 27 27 27 17 0 0 0 0 0 
0 0 0 27 27 27 27 27 27 27 27 27 27 27 0 0 0 0 0 0 
0 0 0 27 27 27 27 27 27 27 27 27 27 27 0 0 0 0 0 0 
0 0 0 27 27 27 27 27 27 27 27 27 27 27 0 0 0 0 0 0 
0 0 5 27 27 27 27 27 27 27 27 27 27 5 0 0 0 0 0 0 
0 0 4 12 12 17 25 27 27 27 27 27 27 0 0 0 0 0 0 0 
0 0 10 13 10 11 27 27 27 27 27 27 21 0 0 0 0 0 0 0 
0 0 16 21 23 18 27 27 27 27 27 27 0 0 0 0 0 0 0 0 
0 0 2 2 5 6 9 27 27 27 27 12 6 3 1 0 0 0 0 0 
0 0 4 4 8 10 19 21 16 10 15 1 0 2 0 0 0 0 0 0 
0 0 2 3 1 13 14 0 0 5 1 1 0 0 0 0 0 0 0 0 

0 0 0 0 0 0 0 0 0 0 0 0 0 0 0 1 1 0 0 0 
0 0 0 0 0 0 12 14 15 20 27 27 27 27 27 27 0 0 0 0 
0 8 2 1 0 0 27 27 27 27 27 27 27 27 27 0 0 0 0 0 
0 6 2 3 0 27 27 27 27 27 27 27 27 27 27 0 0 0 0 0 
0 7 4 0 27 27 27 27 27 27 27 27 27 27 0 0 0 0 0 0 
0 7 0 27 27 27 27 27 27 27 27 27 27 27 0 0 0 0 0 0 
0 0 0 27 27 27 27 27 27 27 27 27 27 27 0 0 0 0 0 0 
0 0 0 27 27 27 27 27 27 27 27 27 27 17 0 0 0 0 0 0 
0 0 0 27 27 27 27 27 27 27 27 27 27 0 0 0 0 0 0 0 
0 0 0 27 27 27 27 27 27 27 27 27 27 0 0 0 0 0 0 0 
0 0 0 27 27 27 27 27 27 27 27 27 27 0 0 0 0 0 0 0 
0 0 0 27 27 27 27 27 27 27 27 27 19 0 0 0 0 0 0 0 
0 0 0 27 27 27 27 27 27 27 27 27 0 0 0 0 0 0 0 0 
0 0 0 27 27 27 27 27 27 27 27 27 0 0 0 0 0 0 0 0 
0 0 9 27 27 27 27 27 27 27 27 19 0 0 0 0 0 0 0 0 
0 0 24 25 27 27 27 27 27 27 27 0 0 0 0 0 0 0 0 0 
0 0 10 15 27 27 27 27 27 27 18 0 0 0 0 0 0 0 0 0 
0 0 0 19 24 27 27 27 27 27 0 0 0 0 0 0 0 0 0 0 
0 0 2 4 7 24 27 27 27 0 3 0 1 3 0 0 0 0 0 0 
0 0 0 2 15 4 7 14 8 0 1 0 0 0 0 0 0 0 0 0 

0 0 0 0 0 0 0 0 0 0 0 0 0 0 2 0 0 0 0 0 
0 2 0 0 0 0 3 13 14 15 24 27 27 27 1 0 0 0 0 0 
0 4 0 0 0 21 27 27 27 27 27 27 27 27 0 0 0 0 0 0 
0 1 0 0 0 27 27 27 27 27 27 27 27 0 0 0 0 0 0 0 
0 0 0 0 27 27 27 27 27 27 27 27 27 0 0 0 0 0 0 0 
0 0 0 27 27 27 27 27 27 27 27 27 27 0 0 0 0 0 0 0 
0 0 0 27 27 27 27 27 27 27 27 27 3 0 0 0 0 0 0 0 
0 0 0 27 27 27 27 27 27 27 27 27 0 0 0 0 0 0 0 0 
0 0 0 27 27 27 27 27 27 27 27 27 0 0 0 0 0 0 0 0 
0 0 0 27 27 27 27 27 27 27 27 27 0 0 0 0 0 0 0 0 
0 0 0 27 27 27 27 27 27 27 27 16 0 0 0 0 0 0 0 0 
0 0 0 27 27 27 27 27 27 27 27 0 0 0 0 0 0 0 0 0 
0 0 0 27 27 27 27 27 27 27 27 0 0 0 0 0 0 0 0 0 
0 0 0 27 27 27 27 27 27 27 20 0 0 0 0 0 0 0 0 0 
0 0 0 27 27 27 27 27 27 27 0 0 0 0 0 0 0 0 0 0 
0 0 8 27 27 27 27 27 27 27 0 0 0 0 0 0 0 0 0 0 
0 0 9 27 27 27 27 27 27 7 0 0 0 0 0 0 0 0 0 0 
0 0 9 27 27 27 27 27 26 0 0 0 0 0 0 0 0 0 0 0 
0 0 15 27 27 27 27 27 0 0 0 0 0 0 0 0 0 0 0 0 
0 0 1 15 27 27 27 3 10 0 0 0 0 0 0 0 0 0 0 0 

0 0 0 0 0 0 0 0 0 0 0 0 1 11 0 0 0 0 0 0 
0 0 0 0 0 0 0 0 0 16 19 27 27 0 0 0 0 0 0 0 
0 0 0 0 0 27 27 27 27 27 27 27 0 0 0 0 0 0 0 0 
0 0 0 0 0 27 27 27 27 27 27 27 0 0 0 0 0 0 0 0 
0 0 0 0 27 27 27 27 27 27 27 27 0 0 0 0 0 0 0 0 
0 0 0 0 27 27 27 27 27 27 27 0 0 0 0 0 0 0 0 0 
0 0 0 27 27 27 27 27 27 27 27 0 0 0 0 0 0 0 0 0 
0 0 0 27 27 27 27 27 27 27 27 0 0 0 0 0 0 0 0 0 
0 0 0 27 27 27 27 27 27 27 27 0 0 0 0 0 0 0 0 0 
0 0 0 27 27 27 27 27 27 27 17 0 0 0 0 0 0 0 0 0 
0 0 0 27 27 27 27 27 27 27 0 0 0 0 0 0 0 0 0 0 
0 0 0 27 27 27 27 27 27 27 0 0 0 0 0 0 0 0 0 0 
0 0 0 27 27 27 27 27 27 27 0 0 0 0 0 0 0 0 0 0 
0 0 0 27 27 27 27 27 27 10 0 0 0 0 0 0 0 0 0 0 
0 0 0 27 27 27 27 27 27 0 0 0 0 0 0 0 0 0 0 0 
0 0 0 27 27 27 27 27 23 0 0 0 0 0 0 0 0 0 0 0 
0 0 0 27 27 27 27 27 0 0 0 0 0 0 0 0 0 0 0 0 
0 0 0 27 27 27 27 25 0 0 0 0 0 0 0 0 0 0 0 0 
0 0 0 27 27 27 27 0 0 0 0 0 0 0 0 0 0 0 0 0 
0 0 17 27 27 27 0 0 1 0 1 0 0 0 0 0 0 0 0 0 

0 0 0 0 0 0 0 0 0 0 0 0 0 0 0 0 0 0 0 0 
0 0 0 0 0 0 0 0 1 2 24 10 0 0 0 0 0 0 0 0 
0 0 0 0 0 27 27 27 27 27 4 0 0 0 0 0 0 0 0 0 
0 0 0 0 0 27 27 27 27 27 0 0 0 0 0 0 0 0 0 0 
0 0 0 0 0 27 27 27 27 27 0 0 0 0 0 0 0 0 0 0 
0 0 0 0 27 27 27 27 27 27 0 0 0 0 0 0 0 0 0 0 
0 0 0 27 27 27 27 27 27 27 0 0 0 0 0 0 0 0 0 0 
0 0 0 27 27 27 27 27 27 27 0 0 0 0 0 0 0 0 0 0 
0 0 0 27 27 27 27 27 27 10 0 0 0 0 0 0 0 0 0 0 
0 0 0 27 27 27 27 27 27 0 0 0 0 0 0 0 0 0 0 0 
0 0 0 27 27 27 27 27 27 0 0 0 0 0 0 0 0 0 0 0 
0 0 0 27 27 27 27 27 27 0 0 0 0 0 0 0 0 0 0 0 
0 0 24 27 27 27 27 27 25 0 0 0 0 0 0 0 0 0 0 0 
0 0 27 27 27 27 27 27 0 0 0 0 0 0 0 0 0 0 0 0 
0 0 27 27 27 27 27 27 0 0 0 0 0 0 0 0 0 0 0 0 
0 0 27 27 27 27 27 22 0 0 0 0 0 0 0 0 0 0 0 0 
0 0 27 27 27 27 27 0 0 0 0 0 0 0 0 0 0 0 0 0 
0 0 27 27 27 27 27 0 0 0 0 0 0 0 0 0 0 0 0 0 
0 0 27 27 27 27 3 0 0 0 0 0 0 0 0 0 0 0 0 0 
0 0 27 27 27 15 0 0 0 1 0 0 0 0 0 0 0 0 0 0 

0 0 0 0 0 0 0 0 0 0 3 0 0 0 0 0 0 0 0 0 
0 0 0 0 0 0 1 0 0 0 15 1 0 0 0 0 0 0 0 0 
0 0 0 0 0 27 27 27 27 0 0 0 0 0 0 0 0 0 0 0 
0 0 0 0 0 27 27 27 27 0 0 0 0 0 0 0 0 0 0 0 
0 0 0 0 0 27 27 27 27 0 0 0 0 0 0 0 0 0 0 0 
0 0 0 0 27 27 27 27 27 0 0 0 0 0 0 0 0 0 0 0 
0 0 0 27 27 27 27 27 27 0 0 0 0 0 0 0 0 0 0 0 
0 0 0 27 27 27 27 27 21 0 0 0 0 0 0 0 0 0 0 0 
0 0 0 27 27 27 27 27 2 0 0 0 0 0 0 0 0 0 0 0 
0 0 0 27 27 27 27 27 0 0 0 0 0 0 0 0 0 0 0 0 
0 0 0 27 27 27 27 27 0 0 0 0 0 0 0 0 0 0 0 0 
0 0 27 27 27 27 27 27 0 0 0 0 0 0 0 0 0 0 0 0 
0 0 27 27 27 27 27 21 0 0 0 0 0 0 0 0 0 0 0 0 
0 0 27 27 27 27 27 2 0 0 0 0 0 0 0 0 0 0 0 0 
0 0 27 27 27 27 27 0 0 0 0 0 0 0 0 0 0 0 0 0 
0 0 27 27 27 27 27 0 0 0 0 0 0 0 0 0 0 0 0 0 
0 0 27 27 27 27 3 0 0 0 0 0 0 0 0 0 0 0 0 0 
0 0 27 27 27 27 0 0 0 0 0 0 0 0 0 0 0 0 0 0 
0 0 27 27 27 14 0 0 0 0 0 0 0 0 0 0 0 0 0 0 
0 0 27 27 27 0 0 0 0 0 0 0 0 0 0 0 0 0 0 0 

0 0 0 0 0 0 0 0 0 0 0 0 3 0 0 0 0 0 0 0 
0 0 0 0 0 0 0 0 0 0 6 0 0 0 0 0 0 0 0 0 
0 0 0 0 27 27 27 0 0 0 0 0 0 0 0 0 0 0 0 0 
0 0 0 0 27 27 27 0 0 0 0 0 0 0 0 0 0 0 0 0 
0 0 0 0 27 27 26 10 0 0 0 0 0 0 0 0 0 0 0 0 
0 0 0 0 27 27 27 18 0 0 0 0 0 0 0 0 0 0 0 0 
0 0 0 27 27 27 27 15 0 0 0 0 0 0 0 0 0 0 0 0 
0 0 0 27 27 27 27 11 0 0 0 0 0 0 0 0 0 0 0 0 
0 0 0 27 27 27 27 0 0 0 0 0 0 0 0 0 0 0 0 0 
0 0 0 27 27 27 27 0 0 0 0 0 0 0 0 0 0 0 0 0 
0 0 0 27 27 27 27 0 0 0 0 0 0 0 0 0 0 0 0 0 
0 0 27 27 27 27 27 0 0 0 0 0 0 0 0 0 0 0 0 0 
0 0 27 27 27 27 26 0 0 0 0 0 0 0 0 0 0 0 0 0 
0 0 27 27 27 27 5 0 0 0 0 0 0 0 0 0 0 0 0 0 
0 0 27 27 27 27 0 0 0 0 0 0 0 0 0 0 0 0 0 0 
0 0 27 27 27 27 0 0 0 0 0 0 0 0 0 0 0 0 0 0 
0 0 27 27 27 19 0 0 0 0 0 0 0 0 0 0 0 0 0 0 
0 0 27 27 27 0 0 0 0 0 0 0 0 0 0 0 0 0 0 0 
0 0 27 27 27 0 0 0 0 0 0 0 0 0 0 0 0 0 0 0 
0 0 27 27 3 0 0 0 0 0 0 0 0 0 0 0 0 0 0 0 

0 0 0 0 0 0 0 0 0 0 0 0 0 0 0 0 0 0 0 0 
0 0 0 0 0 0 0 0 0 0 0 0 0 0 0 0 0 0 0 0 
0 0 0 0 27 27 0 0 0 0 0 0 0 0 0 0 0 0 0 0 
0 0 0 0 27 27 0 0 0 0 0 0 0 0 0 0 0 0 0 0 
0 0 0 0 27 27 0 0 0 0 0 0 0 0 0 0 0 0 0 0 
0 0 0 0 27 27 9 0 0 0 0 0 0 0 0 0 0 0 0 0 
0 0 0 27 27 27 12 0 0 0 0 0 0 0 0 0 0 0 0 0 
0 0 0 27 27 27 9 0 0 0 0 0 0 0 0 0 0 0 0 0 
0 0 0 27 27 27 0 0 0 0 0 0 0 0 0 0 0 0 0 0 
0 0 0 27 27 27 0 0 0 0 0 0 0 0 0 0 0 0 0 0 
0 0 27 27 27 27 0 0 0 0 0 0 0 0 0 0 0 0 0 0 
0 0 27 27 27 27 0 0 0 0 0 0 0 0 0 0 0 0 0 0 
0 0 27 27 27 27 0 0 0 0 0 0 0 0 0 0 0 0 0 0 
0 0 27 27 27 16 0 0 0 0 0 0 0 0 0 0 0 0 0 0 
0 0 27 27 27 2 0 0 0 0 0 0 0 0 0 0 0 0 0 0 
0 0 27 27 27 0 0 0 0 0 0 0 0 0 0 0 0 0 0 0 
0 0 27 27 27 0 0 0 0 0 0 0 0 0 0 0 0 0 0 0 
0 0 27 27 15 0 0 0 0 0 0 0 0 0 0 0 0 0 0 0 
0 0 27 27 0 0 0 0 0 0 0 0 0 0 0 0 0 0 0 0 
0 0 27 27 0 0 0 0 0 0 0 0 0 0 0 0 0 0 0 0 

0 0 0 0 0 0 0 0 0 0 0 0 0 0 0 0 0 0 0 0 
0 0 0 0 0 1 0 0 0 0 0 0 0 0 0 0 0 0 0 0 
0 0 0 0 27 0 0 0 0 0 0 0 0 0 0 0 0 0 0 0 
0 0 0 0 27 0 0 0 0 0 0 0 0 0 0 0 0 0 0 0 
0 0 0 0 27 0 0 0 0 0 0 0 0 0 0 0 0 0 0 0 
0 0 0 0 27 5 0 0 0 0 0 0 0 0 0 0 0 0 0 0 
0 0 0 27 27 15 0 0 0 0 0 0 0 0 0 0 0 0 0 0 
0 0 0 27 27 17 0 0 0 0 0 0 0 0 0 0 0 0 0 0 
0 0 0 27 27 7 0 0 0 0 0 0 0 0 0 0 0 0 0 0 
0 0 0 27 27 1 0 0 0 0 0 0 0 0 0 0 0 0 0 0 
0 0 27 27 27 0 0 0 0 0 0 0 0 0 0 0 0 0 0 0 
0 0 27 27 27 0 0 0 0 0 0 0 0 0 0 0 0 0 0 0 
0 0 27 27 27 0 0 0 0 0 0 0 0 0 0 0 0 0 0 0 
0 0 27 27 27 0 0 0 0 0 0 0 0 0 0 0 0 0 0 0 
0 0 27 27 24 0 0 0 0 0 0 0 0 0 0 0 0 0 0 0 
0 0 27 27 10 0 0 0 0 0 0 0 0 0 0 0 0 0 0 0 
0 0 27 27 0 0 0 0 0 0 0 0 0 0 0 0 0 0 0 0 
0 0 27 27 0 0 0 0 0 0 0 0 0 0 0 0 0 0 0 0 
0 0 27 19 0 0 0 0 0 0 0 0 0 0 0 0 0 0 0 0 
0 27 27 0 0 0 0 0 0 0 0 0 0 0 0 0 0 0 0 0 

0 0 0 0 0 0 0 0 0 0 0 0 0 0 0 0 0 0 0 0 
0 0 0 0 0 0 0 0 0 0 0 0 0 0 0 0 0 0 0 0 
0 0 0 3 0 0 0 0 0 0 0 0 0 0 0 0 0 0 0 0 
0 0 0 0 0 0 0 0 0 0 0 0 0 0 0 0 0 0 0 0 
0 0 0 27 17 0 0 0 0 0 0 0 0 0 0 0 0 0 0 0 
0 0 0 27 27 0 0 0 0 0 0 0 0 0 0 0 0 0 0 0 
0 0 0 27 27 0 0 0 0 0 0 0 0 0 0 0 0 0 0 0 
0 0 0 27 27 0 0 0 0 0 0 0 0 0 0 0 0 0 0 0 
0 0 0 27 27 0 0 0 0 0 0 0 0 0 0 0 0 0 0 0 
0 0 24 27 25 0 0 0 0 0 0 0 0 0 0 0 0 0 0 0 
0 0 27 27 17 0 0 0 0 0 0 0 0 0 0 0 0 0 0 0 
0 0 27 27 3 0 0 0 0 0 0 0 0 0 0 0 0 0 0 0 
0 0 27 27 0 0 0 0 0 0 0 0 0 0 0 0 0 0 0 0 
0 0 27 27 0 0 0 0 0 0 0 0 0 0 0 0 0 0 0 0 
0 0 27 27 0 0 0 0 0 0 0 0 0 0 0 0 0 0 0 0 
0 0 27 27 0 0 0 0 0 0 0 0 0 0 0 0 0 0 0 0 
0 0 27 20 0 0 0 0 0 0 0 0 0 0 0 0 0 0 0 0 
0 0 27 0 0 0 0 0 0 0 0 0 0 0 0 0 0 0 0 0 
0 0 27 0 0 0 0 0 0 0 0 0 0 0 0 0 0 0 0 0 
0 27 27 0 0 0 0 0 0 0 0 0 0 0 0 0 0 0 0 0 

0 0 0 27 0 0 0 0 0 0 0 0 0 0 0 0 0 0 0 0 
0 0 0 27 0 0 0 0 0 0 0 0 0 0 0 0 0 0 0 0 
0 0 0 27 0 0 0 0 0 0 0 0 0 0 0 0 0 0 0 0 
0 0 0 27 0 0 0 0 0 0 0 0 0 0 0 0 0 0 0 0 
0 0 0 27 0 0 0 0 0 0 0 0 0 0 0 0 0 0 0 0 
0 0 0 27 0 0 0 0 0 0 0 0 0 0 0 0 0 0 0 0 
0 0 0 22 0 0 0 0 0 0 0 0 0 0 0 0 0 0 0 0 
0 0 0 27 0 0 0 0 0 0 0 0 0 0 0 0 0 0 0 0 
0 0 27 27 0 0 0 0 0 0 0 0 0 0 0 0 0 0 0 0 
0 0 27 27 0 0 0 0 0 0 0 0 0 0 0 0 0 0 0 0 
0 0 27 27 0 0 0 0 0 0 0 0 0 0 0 0 0 0 0 0 
0 0 27 27 0 0 0 0 0 0 0 0 0 0 0 0 0 0 0 0 
0 0 27 25 0 0 0 0 0 0 0 0 0 0 0 0 0 0 0 0 
0 0 27 11 0 0 0 0 0 0 0 0 0 0 0 0 0 0 0 0 
0 0 27 0 0 0 0 0 0 0 0 0 0 0 0 0 0 0 0 0 
0 0 27 0 0 0 0 0 0 0 0 0 0 0 0 0 0 0 0 0 
0 0 27 0 0 0 0 0 0 0 0 0 0 0 0 0 0 0 0 0 
0 0 27 0 0 0 0 0 0 0 0 0 0 0 0 0 0 0 0 0 
0 0 15 0 0 0 0 0 0 0 0 0 0 0 0 0 0 0 0 0 
0 27 0 0 0 0 0 0 0 0 0 0 0 0 0 0 0 0 0 0 

0 0 19 0 0 0 0 0 0 0 0 0 0 0 0 0 0 0 0 0 
0 0 19 0 0 0 0 0 0 0 0 0 0 0 0 0 0 0 0 0 
0 0 18 0 0 0 0 0 0 0 0 0 0 0 0 0 0 0 0 0 
0 0 16 0 0 0 0 0 0 0 0 0 0 0 0 0 0 0 0 0 
0 0 15 0 0 0 0 0 0 0 0 0 0 0 0 0 0 0 0 0 
0 0 15 0 0 0 0 0 0 0 0 0 0 0 0 0 0 0 0 0 
0 0 14 0 0 0 0 0 0 0 0 0 0 0 0 0 0 0 0 0 
0 0 14 0 0 0 0 0 0 0 0 0 0 0 0 0 0 0 0 0 
0 0 12 0 0 0 0 0 0 0 0 0 0 0 0 0 0 0 0 0 
0 0 10 0 0 0 0 0 0 0 0 0 0 0 0 0 0 0 0 0 
0 0 10 0 0 0 0 0 0 0 0 0 0 0 0 0 0 0 0 0 
0 0 10 0 0 0 0 0 0 0 0 0 0 0 0 0 0 0 0 0 
0 0 9 0 0 0 0 0 0 0 0 0 0 0 0 0 0 0 0 0 
0 0 11 0 0 0 0 0 0 0 0 0 0 0 0 0 0 0 0 0 
0 0 13 0 0 0 0 0 0 0 0 0 0 0 0 0 0 0 0 0 
0 0 14 0 0 0 0 0 0 0 0 0 0 0 0 0 0 0 0 0 
0 0 16 0 0 0 0 0 0 0 0 0 0 0 0 0 0 0 0 0 
0 0 5 0 0 0 0 0 0 0 0 0 0 0 0 0 0 0 0 0 
0 0 0 0 0 0 0 0 0 0 0 0 0 0 0 0 0 0 0 0 
0 27 0 0 0 0 0 0 0 0 0 0 0 0 0 0 0 0 0 0 

0 0 14 0 0 0 0 0 0 0 0 0 0 0 0 0 0 0 0 0 
0 0 12 0 0 0 0 0 0 0 0 0 0 0 0 0 0 0 0 0 
0 0 12 0 0 0 0 0 0 0 0 0 0 0 0 0 0 0 0 0 
0 0 12 0 0 0 0 0 0 0 0 0 0 0 0 0 0 0 0 0 
0 0 12 0 0 0 0 0 0 0 0 0 0 0 0 0 0 0 0 0 
0 0 11 0 0 0 0 0 0 0 0 0 0 0 0 0 0 0 0 0 
0 0 10 0 0 0 0 0 0 0 0 0 0 0 0 0 0 0 0 0 
0 0 11 0 0 0 0 0 0 0 0 0 0 0 0 0 0 0 0 0 
0 0 8 0 0 0 0 0 0 0 0 0 0 0 0 0 0 0 0 0 
0 0 7 0 0 0 0 0 0 0 0 0 0 0 0 0 0 0 0 0 
0 0 5 0 0 0 0 0 0 0 0 0 0 0 0 0 0 0 0 0 
0 0 4 0 0 0 0 0 0 0 0 0 0 0 0 0 0 0 0 0 
0 0 4 0 0 0 0 0 0 0 0 0 0 0 0 0 0 0 0 0 
0 0 2 0 0 0 0 0 0 0 0 0 0 0 0 0 0 0 0 0 
0 0 0 0 0 0 0 0 0 0 0 0 0 0 0 0 0 0 0 0 
0 0 0 0 0 0 0 0 0 0 0 0 0 0 0 0 0 0 0 0 
0 0 0 0 0 0 0 0 0 0 0 0 0 0 0 0 0 0 0 0 
0 0 0 0 0 0 0 0 0 0 0 0 0 0 0 0 0 0 0 0 
0 0 0 0 0 0 0 0 0 0 0 0 0 0 0 0 0 0 0 0 
0 0 0 0 0 0 0 0 0 0 0 0 0 0 0 0 0 0 0 0 

0 0 0 0 0 0 0 0 0 0 0 0 0 0 0 0 0 0 0 0 
0 0 0 0 0 0 0 0 0 0 0 0 0 0 0 0 0 0 0 0 
0 0 0 0 0 0 0 0 0 0 0 0 0 0 0 0 0 0 0 0 
0 0 0 0 0 0 0 0 0 0 0 0 0 0 0 0 0 0 0 0 
0 0 0 0 0 0 0 0 0 0 0 0 0 0 0 0 0 0 0 0 
0 0 0 0 0 0 0 0 0 0 0 0 0 0 0 0 0 0 0 0 
0 0 0 0 0 0 0 0 0 0 0 0 0 0 0 0 0 0 0 0 
0 0 0 0 0 0 0 0 0 0 0 0 0 0 0 0 0 0 0 0 
0 0 0 0 0 0 0 0 0 0 0 0 0 0 0 0 0 0 0 0 
0 0 0 0 0 0 0 0 0 0 0 0 0 0 0 0 0 0 0 0 
0 0 0 0 0 0 0 0 0 0 0 0 0 0 0 0 0 0 0 0 
0 0 0 0 0 0 0 0 0 0 0 0 0 0 0 0 0 0 0 0 
0 0 0 0 0 0 0 0 0 0 0 0 0 0 0 0 0 0 0 0 
0 0 0 0 0 0 0 0 0 0 0 0 0 0 0 0 0 0 0 0 
0 0 0 0 0 0 0 0 0 0 0 0 0 0 0 0 0 0 0 0 
0 0 0 0 0 0 0 0 0 0 0 0 0 0 0 0 0 0 0 0 
0 0 0 0 0 0 0 0 0 0 0 0 0 0 0 0 0 0 0 0 
0 0 0 0 0 0 0 0 0 0 0 0 0 0 0 0 0 0 0 0 
0 0 0 0 0 0 0 0 0 0 0 0 0 0 0 0 0 0 0 0 
0 0 0 0 0 0 0 0 0 0 0 0 0 0 0 0 0 0 0 0 

0 0 0 0 0 0 0 0 0 0 0 0 0 0 0 0 0 0 0 0 
0 0 0 0 0 0 0 0 0 0 0 0 0 0 0 0 0 0 0 0 
0 0 0 0 0 0 0 0 0 0 0 0 0 0 0 0 0 0 0 0 
0 0 0 0 0 0 0 0 0 0 0 0 0 0 0 0 0 0 0 0 
0 0 0 0 0 0 0 0 0 0 0 0 0 0 0 0 0 0 0 0 
0 0 0 0 0 0 0 0 0 0 0 0 0 0 0 0 0 0 0 0 
0 0 0 0 0 0 0 0 0 0 0 0 0 0 0 0 0 0 0 0 
0 0 0 0 0 0 0 0 0 0 0 0 0 0 0 0 0 0 0 0 
0 0 0 0 0 0 0 0 0 0 0 0 0 0 0 0 0 0 0 0 
0 0 0 0 0 0 0 0 0 0 0 0 0 0 0 0 0 0 0 0 
0 0 0 0 0 0 0 0 0 0 0 0 0 0 0 0 0 0 0 0 
0 0 0 0 0 0 0 0 0 0 0 0 0 0 0 0 0 0 0 0 
0 0 0 0 0 0 0 0 0 0 0 0 0 0 0 0 0 0 0 0 
0 0 0 0 0 0 0 0 0 0 0 0 0 0 0 0 0 0 0 0 
0 0 0 0 0 0 0 0 0 0 0 0 0 0 0 0 0 0 0 0 
0 0 0 0 0 0 0 0 0 0 0 0 0 0 0 0 0 0 0 0 
0 0 0 0 0 0 0 0 0 0 0 0 0 0 0 0 0 0 0 0 
0 0 0 0 0 0 0 0 0 0 0 0 0 0 0 0 0 0 0 0 
0 0 0 0 0 0 0 0 0 0 0 0 0 0 0 0 0 0 0 0 
0 0 0 0 0 0 0 0 0 0 0 0 0 0 0 0 0 0 0 0 

0 0 0 0 0 0 0 0 0 0 0 0 0 0 0 0 0 0 0 0 
0 0 0 0 0 0 0 0 0 0 0 0 0 0 0 0 0 0 0 0 
0 0 0 0 0 0 0 0 0 0 0 0 0 0 0 0 0 0 0 0 
0 0 0 0 0 0 0 0 0 0 0 0 0 0 0 0 0 0 0 0 
0 0 0 0 0 0 0 0 0 0 0 0 0 0 0 0 0 0 0 0 
0 0 0 0 0 0 0 0 0 0 0 0 0 0 0 0 0 0 0 0 
0 0 0 0 0 0 0 0 0 0 0 0 0 0 0 0 0 0 0 0 
0 0 0 0 0 0 0 0 0 0 0 0 0 0 0 0 0 0 0 0 
0 0 0 0 0 0 0 0 0 0 0 0 0 0 0 0 0 0 0 0 
0 0 0 0 0 0 0 0 0 0 0 0 0 0 0 0 0 0 0 0 
0 0 0 0 0 0 0 0 0 0 0 0 0 0 0 0 0 0 0 0 
0 0 0 0 0 0 0 0 0 0 0 0 0 0 0 0 0 0 0 0 
0 0 0 0 0 0 0 0 0 0 0 0 0 0 0 0 0 0 0 0 
0 0 0 0 0 0 0 0 0 0 0 0 0 0 0 0 0 0 0 0 
0 0 0 0 0 0 0 0 0 0 0 0 0 0 0 0 0 0 0 0 
0 0 0 0 0 0 0 0 0 0 0 0 0 0 0 0 0 0 0 0 
0 0 0 0 0 0 0 0 0 0 0 0 0 0 0 0 0 0 0 0 
0 0 0 0 0 0 0 0 0 0 0 0 0 0 0 0 0 0 0 0 
0 0 0 0 0 0 0 0 0 0 0 0 0 0 0 0 0 0 0 0 
0 0 0 0 0 0 0 0 0 0 0 0 0 0 0 0 0 0 0 0 

