0 5.14876 1.04032 2.43031
151.852 104.711 0.0844345 0.128826 0.821272 0.499566 0.7183 4.28179
1 5.16055 1.65734 3.33761
197.132 121.121 0.130819 0.0745108 0.198444 0.548889 0.927603 9.79107
2 5.16055 2.08947 3.30075
197.132 121.121 0.130819 0.0745108 0.198444 0.548889 0.927603 9.79107
3 6.68895 2.68446 4.47442
196.456 126.644 0.188644 0.0259253 0.194474 0.552924 0 9.93175
4 6.68895 2.95787 4.22986
196.456 126.644 0.188644 0.0259253 0.194474 0.552924 0 9.93175
5 6.68895 3.51132 4.50873
196.456 126.644 0.188644 0.0259253 0.194474 0.552924 0 9.93175
6 7.17938 3.91834 4.64671
189.362 117.236 0.244862 0 0.442024 0.441983 0.1168 9.3996
7 7.17938 4.0164 5.4683
189.362 117.236 0.244862 0 0.442024 0.441983 0.1168 9.3996
8 7.17938 3.68467 6.07031
189.362 117.236 0.244862 0 0.442024 0.441983 0.1168 9.3996
9 7.17938 3.70964 5.35441
189.362 117.236 0.244862 0 0.442024 0.441983 0.1168 9.3996
10 7.18919 4.26245 4.5074
173.938 122.22 0.202365 0.164982 0.359685 0.325044 0.864537 10
11 7.64572 4.38157 5.72724
194.501 133.333 0.370723 0.0662015 0.0184192 0.121362 0.421307 7.26914
12 8.72285 4.79215 6.43441
189.622 133.548 0.329676 0.157644 0 0.140221 1.01007 6.79183
13 8.72285 4.77364 6.86764
189.622 133.548 0.329676 0.157644 0 0.140221 1.01007 6.79183
14 9.72874 4.95553 7.82763
193.751 157.873 0.424276 0.293366 0.151214 0 1.85602 7.0984
15 9.72874 5.25215 8.84588
193.751 157.873 0.424276 0.293366 0.151214 0 1.85602 7.0984
16 10.7497 5.66449 10.6665
197.766 154.534 0.422806 0.251803 0.14135 0.0182647 2.35866 7.32767
17 10.7497 5.92624 12.4843
197.766 154.534 0.422806 0.251803 0.14135 0.0182647 2.35866 7.32767
18 11.7747 6.68971 10.7346
200 156.224 0.432276 0.26401 0.0542034 0 1.7864 8.1968
19 11.7747 6.64417 10.1494
200 156.224 0.432276 0.26401 0.0542034 0 1.7864 8.1968
20 11.7747 7.07864 10.1193
200 156.224 0.432276 0.26401 0.0542034 0 1.7864 8.1968
21 11.7747 6.71259 13.2952
200 156.224 0.432276 0.26401 0.0542034 0 1.7864 8.1968
22 11.7747 7.23975 14.5309
200 156.224 0.432276 0.26401 0.0542034 0 1.7864 8.1968
23 12.7883 8.22534 13.6025
179.589 156.585 0.367374 0.241659 0.197651 0.0184946 2.29057 7.70611
24 12.7883 8.05771 11.6713
179.589 156.585 0.367374 0.241659 0.197651 0.0184946 2.29057 7.70611
25 12.7883 7.87679 15.1062
179.589 156.585 0.367374 0.241659 0.197651 0.0184946 2.29057 7.70611
26 12.7883 7.89533 17.0313
179.589 156.585 0.367374 0.241659 0.197651 0.0184946 2.29057 7.70611
27 12.7883 7.77287 13.2712
179.589 156.585 0.367374 0.241659 0.197651 0.0184946 2.29057 7.70611
28 12.7883 8.34779 8.49434
179.589 156.585 0.367374 0.241659 0.197651 0.0184946 2.29057 7.70611
29 12.7883 8.02736 10.3102
179.589 156.585 0.367374 0.241659 0.197651 0.0184946 2.29057 7.70611
30 12.7888 8.308 13.1331
179.583 156.433 0.366152 0.241385 0.196704 0.0194632 2.26941 7.70322
31 12.7888 7.99735 13.7489
179.583 156.433 0.366152 0.241385 0.196704 0.0194632 2.26941 7.70322
32 12.7888 8.01455 13.0715
179.583 156.433 0.366152 0.241385 0.196704 0.0194632 2.26941 7.70322
33 12.7888 7.89308 10.0421
179.583 156.433 0.366152 0.241385 0.196704 0.0194632 2.26941 7.70322
34 12.7888 8.85052 7.55221
179.583 156.433 0.366152 0.241385 0.196704 0.0194632 2.26941 7.70322
35 12.7892 9.01899 7.59312
179.519 156.211 0.368886 0.242497 0.200123 0.0190388 2.32319 7.71844
36 12.7892 8.83682 9.39139
179.519 156.211 0.368886 0.242497 0.200123 0.0190388 2.32319 7.71844
37 12.807 8.63259 12.6447
153.185 135.865 0.323812 0.304976 0.25719 0.0224439 1.49801 7.30739
38 12.807 8.61454 13.8341
153.185 135.865 0.323812 0.304976 0.25719 0.0224439 1.49801 7.30739
39 14.3362 8.7202 12.7319
130.515 144.87 0.340612 0.228377 0.187467 0 3.12507 6.64051
40 14.3362 8.82525 13.5299
130.515 144.87 0.340612 0.228377 0.187467 0 3.12507 6.64051
41 14.3362 9.35736 11.1785
130.515 144.87 0.340612 0.228377 0.187467 0 3.12507 6.64051
42 14.3362 9.19454 15.6771
130.515 144.87 0.340612 0.228377 0.187467 0 3.12507 6.64051
43 14.8918 10.1758 13.6962
150.993 118.812 0.364251 0.370256 0.0679209 0.0727001 4.19516 8.78301
44 14.8918 9.62271 18.9186
150.993 118.812 0.364251 0.370256 0.0679209 0.0727001 4.19516 8.78301
45 14.8918 9.05109 20.8976
150.993 118.812 0.364251 0.370256 0.0679209 0.0727001 4.19516 8.78301
46 14.8918 9.11655 21.5973
150.993 118.812 0.364251 0.370256 0.0679209 0.0727001 4.19516 8.78301
47 15.3995 9.32619 22.4703
150.8 118.344 0.36599 0.394098 0.0799419 0.075774 4.15148 8.78003
48 15.3995 7.90919 24.0816
150.8 118.344 0.36599 0.394098 0.0799419 0.075774 4.15148 8.78003
49 15.3995 8.63549 21.1773
150.8 118.344 0.36599 0.394098 0.0799419 0.075774 4.15148 8.78003
50 15.411 8.88335 25.6295
148.334 116.05 0.365535 0.38373 0.0378941 0.0698231 3.38132 8.46123
51 15.411 9.75434 23.3691
148.334 116.05 0.365535 0.38373 0.0378941 0.0698231 3.38132 8.46123
52 15.411 9.84856 24.534
148.334 116.05 0.365535 0.38373 0.0378941 0.0698231 3.38132 8.46123
53 15.411 9.99366 21.5147
148.334 116.05 0.365535 0.38373 0.0378941 0.0698231 3.38132 8.46123
54 15.415 10.7134 16.8676
147.265 118.691 0.351808 0.404546 0.00489382 0.0556044 3.67257 7.98993
55 15.4151 10.7738 16.2719
144.429 117.101 0.377526 0.407667 0 0.054023 3.39552 8.12853
56 15.4182 11.6923 13.2413
137.455 116.7 0.341919 0.428078 0.0392468 0.0110309 3.01141 9.73893
57 15.4182 11.6374 18.5953
137.455 116.7 0.341919 0.428078 0.0392468 0.0110309 3.01141 9.73893
58 15.4187 11.5221 16.8272
140.221 113.608 0.389423 0.455838 0 0 2.30979 7.59888
59 15.4239 10.9826 18.9879
147.453 121.361 0.370743 0.450654 0 0 2.64814 8.25138
60 15.4239 11.2788 18.456
147.453 121.361 0.370743 0.450654 0 0 2.64814 8.25138
61 15.4263 11.4164 15.5768
136.884 117.119 0.342653 0.432281 0.0314624 0.0117847 2.95992 9.6718
62 15.438 9.80986 25.8248
139.15 115.678 0.352303 0.467309 0.00841538 0 2.10284 7.35471
63 15.438 10.5807 23.0271
139.15 115.678 0.352303 0.467309 0.00841538 0 2.10284 7.35471
64 15.438 10.3474 23.987
139.15 115.678 0.352303 0.467309 0.00841538 0 2.10284 7.35471
65 15.9337 10.8189 21.9553
137.208 118.769 0.349607 0.423968 0.0270293 0.0153688 2.9115 9.58917
66 15.9337 10.1337 26.7275
137.208 118.769 0.349607 0.423968 0.0270293 0.0153688 2.9115 9.58917
67 15.9341 10.2875 33.0223
137.269 118.812 0.34897 0.422743 0.0280412 0.0141326 2.89975 9.59671
68 15.9341 10.5197 32.8072
137.269 118.812 0.34897 0.422743 0.0280412 0.0141326 2.89975 9.59671
69 15.9348 11.0826 26.092
137.316 118.82 0.347913 0.422431 0.0282143 0.0145944 2.89678 9.601
70 15.9348 12.0205 20.9904
137.316 118.82 0.347913 0.422431 0.0282143 0.0145944 2.89678 9.601
71 15.9348 12.2175 16.3814
137.316 118.82 0.347913 0.422431 0.0282143 0.0145944 2.89678 9.601
72 15.9348 11.8152 17.6052
137.316 118.82 0.347913 0.422431 0.0282143 0.0145944 2.89678 9.601
73 15.9348 11.3594 21.9188
137.316 118.82 0.347913 0.422431 0.0282143 0.0145944 2.89678 9.601
74 16.4858 11.5615 23.5307
115.526 106.471 0.32759 0.369346 0 0.020263 3.22922 10
75 16.9725 11.6344 26.7051
123.736 104.961 0.358068 0.388849 0 0.0167565 4.15909 8.91157
76 16.9725 10.7174 30.6546
123.736 104.961 0.358068 0.388849 0 0.0167565 4.15909 8.91157
77 16.989 11.6027 30.9162
114.779 107.342 0.333091 0.371033 0 0.0151734 3.22277 10
78 16.989 11.4595 30.3277
114.779 107.342 0.333091 0.371033 0 0.0151734 3.22277 10
79 16.989 12.0094 26.3809
114.779 107.342 0.333091 0.371033 0 0.0151734 3.22277 10
80 16.989 11.7327 25.4847
114.779 107.342 0.333091 0.371033 0 0.0151734 3.22277 10
81 17.5147 11.1614 30.9191
100 100 0.317384 0.363403 0.0191281 0 5.06312 9.56783
82 17.5812 11.5944 36.6126
100 100 0.303883 0.373563 0.0072981 0 5.26651 9.52082
83 18.0392 11.8367 33.7536
100 100.882 0.317257 0.360883 0.00489341 0 4.92384 9.56438
84 18.0392 13.111 24.4528
100 100.882 0.317257 0.360883 0.00489341 0 4.92384 9.56438
85 18.0392 12.9807 21.3373
100 100.882 0.317257 0.360883 0.00489341 0 4.92384 9.56438
86 18.0392 12.2245 26.8585
100 100.882 0.317257 0.360883 0.00489341 0 4.92384 9.56438
87 18.0392 11.679 29.7961
100 100.882 0.317257 0.360883 0.00489341 0 4.92384 9.56438
88 18.0392 12.1026 31.7762
100 100.882 0.317257 0.360883 0.00489341 0 4.92384 9.56438
89 18.0392 13.3338 22.8457
100 100.882 0.317257 0.360883 0.00489341 0 4.92384 9.56438
90 18.0392 13.5213 21.3459
100 100.882 0.317257 0.360883 0.00489341 0 4.92384 9.56438
91 18.0392 13.3571 22.0691
100 100.882 0.317257 0.360883 0.00489341 0 4.92384 9.56438
92 18.0392 12.5368 22.4389
100 100.882 0.317257 0.360883 0.00489341 0 4.92384 9.56438
93 18.0392 13.18 22.0699
100 100.882 0.317257 0.360883 0.00489341 0 4.92384 9.56438
94 18.0392 12.296 28.2968
100 100.882 0.317257 0.360883 0.00489341 0 4.92384 9.56438
95 18.0392 12.4209 28.9173
100 100.882 0.317257 0.360883 0.00489341 0 4.92384 9.56438
96 18.0392 11.653 34.6274
100 100.882 0.317257 0.360883 0.00489341 0 4.92384 9.56438
97 18.0392 12.175 30.9233
100 100.882 0.317257 0.360883 0.00489341 0 4.92384 9.56438
98 18.0392 11.5692 35.0612
100 100.882 0.317257 0.360883 0.00489341 0 4.92384 9.56438
99 18.0392 11.9451 31.8637
100 100.882 0.317257 0.360883 0.00489341 0 4.92384 9.56438
100 18.0392 12.1199 30.3871
100 100.882 0.317257 0.360883 0.00489341 0 4.92384 9.56438
