0 21.6888 1.37228 23.2593
144.227 192.66 0.22147 0.613579 0.154172 0.128791 9.71908 1.65252
1 23.0019 2.63986 45.9859
144.386 187.704 0.196885 0.629323 0.146058 0.214421 9.83532 1.93041
2 23.0234 4.72798 79.1703
146.316 184.653 0.182477 0.627888 0.163571 0.183874 10 1.57309
3 25.7295 5.1493 91.5734
141.529 176.649 0.138438 0.618734 0.0738332 0.185644 10 1.95155
4 25.7649 8.28437 124.746
132.238 178.948 0.125905 0.558676 0.137798 0.251625 10 1.80376
5 25.7788 9.85105 135.202
128.286 176.444 0.132213 0.581773 0.149352 0.238946 10 1.57343
6 25.7793 10.4382 142.596
128.383 176.443 0.132434 0.582465 0.150285 0.239888 9.97812 1.58129
7 25.8159 11.4362 157.024
133.431 180.024 0.147909 0.54184 0.120199 0.246628 9.98801 1.27773
8 25.9117 12.7878 167.941
148.137 185.697 0.146939 0.555033 0.154886 0.147328 10 0.771397
9 25.9117 13.856 153.177
148.137 185.697 0.146939 0.555033 0.154886 0.147328 10 0.771397
10 25.9117 14.136 150.868
148.137 185.697 0.146939 0.555033 0.154886 0.147328 10 0.771397
11 25.9679 15.3067 135.353
150.824 180.401 0.116547 0.4071 0.187618 0.190509 10 2.46823
12 25.9994 17.2024 126.792
140.265 176.42 0.210162 0.465972 0.0876202 0.29532 7.78825 2.62698
13 25.9994 15.9918 137.261
140.265 176.42 0.210162 0.465972 0.0876202 0.29532 7.78825 2.62698
14 26.0883 17.7944 111.599
152.318 185.052 0.135616 0.329467 0.151362 0.189704 10 2.54229
15 26.0883 17.4333 120.435
152.318 185.052 0.135616 0.329467 0.151362 0.189704 10 2.54229
16 26.1534 17.5592 117.594
156.373 197.101 0.0996624 0.222443 0.114372 0.0786402 10 3.05233
17 26.1534 18.634 104.484
156.373 197.101 0.0996624 0.222443 0.114372 0.0786402 10 3.05233
18 27.681 18.4805 109.679
134.12 187.458 0.216809 0.126456 0.00176533 0.181035 10 3.09725
19 27.681 20.3666 90.9581
134.12 187.458 0.216809 0.126456 0.00176533 0.181035 10 3.09725
20 27.681 19.5653 84.7764
134.12 187.458 0.216809 0.126456 0.00176533 0.181035 10 3.09725
21 27.681 21.6023 50.5098
134.12 187.458 0.216809 0.126456 0.00176533 0.181035 10 3.09725
22 27.681 23.0061 29.3749
134.12 187.458 0.216809 0.126456 0.00176533 0.181035 10 3.09725
23 27.9417 22.0196 71.8181
134.111 187.483 0.222927 0.128771 0.00155323 0.17476 9.983 3.04608
24 29.5063 23.4011 59.7054
131.855 188.829 0.193973 0.0694724 0 0.109894 9.74394 3.0257
25 29.5063 21.3398 71.2521
131.855 188.829 0.193973 0.0694724 0 0.109894 9.74394 3.0257
26 29.5063 21.0239 75.9507
131.855 188.829 0.193973 0.0694724 0 0.109894 9.74394 3.0257
27 29.6333 22.2951 65.2989
136.343 188.12 0.214872 0.259603 0 0 9.44911 5.10688
28 30.3713 21.4175 81.7295
130.532 188.161 0.198854 0.0674093 0.0219704 0.112696 9.76735 3.05229
29 30.6523 21.9796 79.6776
134.051 189.767 0.183309 0.141119 0.0638523 0 10 3.71397
30 30.6523 21.4467 69.7974
134.051 189.767 0.183309 0.141119 0.0638523 0 10 3.71397
31 30.6523 20.5322 96.6586
134.051 189.767 0.183309 0.141119 0.0638523 0 10 3.71397
32 30.6523 20.6591 84.3154
134.051 189.767 0.183309 0.141119 0.0638523 0 10 3.71397
33 30.6523 20.155 80.9078
134.051 189.767 0.183309 0.141119 0.0638523 0 10 3.71397
34 32.925 16.9756 115.895
130.997 185.493 0.213483 0.194777 0 0.000291021 9.82135 4.24682
35 32.925 17.4386 114.125
130.997 185.493 0.213483 0.194777 0 0.000291021 9.82135 4.24682
36 32.925 21.2777 104.742
130.997 185.493 0.213483 0.194777 0 0.000291021 9.82135 4.24682
37 32.925 19.6987 95.9776
130.997 185.493 0.213483 0.194777 0 0.000291021 9.82135 4.24682
38 32.925 20.1378 78.9867
130.997 185.493 0.213483 0.194777 0 0.000291021 9.82135 4.24682
39 32.925 19.2864 134.642
130.997 185.493 0.213483 0.194777 0 0.000291021 9.82135 4.24682
40 32.925 19.6342 126.051
130.997 185.493 0.213483 0.194777 0 0.000291021 9.82135 4.24682
41 32.925 22.2207 101.458
130.997 185.493 0.213483 0.194777 0 0.000291021 9.82135 4.24682
42 32.925 20.5808 118.132
130.997 185.493 0.213483 0.194777 0 0.000291021 9.82135 4.24682
43 32.925 20.1238 136.41
130.997 185.493 0.213483 0.194777 0 0.000291021 9.82135 4.24682
44 32.925 20.7673 109.218
130.997 185.493 0.213483 0.194777 0 0.000291021 9.82135 4.24682
45 32.925 21.4039 89.3916
130.997 185.493 0.213483 0.194777 0 0.000291021 9.82135 4.24682
46 32.925 23.9553 62.6292
130.997 185.493 0.213483 0.194777 0 0.000291021 9.82135 4.24682
47 32.925 22.0971 96.0732
130.997 185.493 0.213483 0.194777 0 0.000291021 9.82135 4.24682
48 33.0336 23.8434 77.4535
131.121 185.509 0.213262 0.19421 0.00192558 0.00129411 9.86017 4.25761
49 33.0336 24.1688 45.8584
131.121 185.509 0.213262 0.19421 0.00192558 0.00129411 9.86017 4.25761
50 33.0336 23.3995 63.3512
131.121 185.509 0.213262 0.19421 0.00192558 0.00129411 9.86017 4.25761
51 33.0336 21.0842 118.064
131.121 185.509 0.213262 0.19421 0.00192558 0.00129411 9.86017 4.25761
52 33.0336 20.7272 115.827
131.121 185.509 0.213262 0.19421 0.00192558 0.00129411 9.86017 4.25761
53 33.0336 23.7927 59.828
131.121 185.509 0.213262 0.19421 0.00192558 0.00129411 9.86017 4.25761
54 33.0336 23.2175 88.9106
131.121 185.509 0.213262 0.19421 0.00192558 0.00129411 9.86017 4.25761
55 33.0336 25.5199 56.8908
131.121 185.509 0.213262 0.19421 0.00192558 0.00129411 9.86017 4.25761
56 33.0336 22.7707 105.625
131.121 185.509 0.213262 0.19421 0.00192558 0.00129411 9.86017 4.25761
57 33.0336 23.967 79.5152
131.121 185.509 0.213262 0.19421 0.00192558 0.00129411 9.86017 4.25761
58 33.0336 22.4475 97.431
131.121 185.509 0.213262 0.19421 0.00192558 0.00129411 9.86017 4.25761
59 33.0336 22.8728 85.5406
131.121 185.509 0.213262 0.19421 0.00192558 0.00129411 9.86017 4.25761
60 33.0336 22.6415 81.9493
131.121 185.509 0.213262 0.19421 0.00192558 0.00129411 9.86017 4.25761
61 33.0336 22.8158 93.659
131.121 185.509 0.213262 0.19421 0.00192558 0.00129411 9.86017 4.25761
62 33.0336 21.5056 117.227
131.121 185.509 0.213262 0.19421 0.00192558 0.00129411 9.86017 4.25761
63 33.0336 23.2956 80.2443
131.121 185.509 0.213262 0.19421 0.00192558 0.00129411 9.86017 4.25761
64 33.0336 20.3625 111.448
131.121 185.509 0.213262 0.19421 0.00192558 0.00129411 9.86017 4.25761
65 33.0336 21.3111 112.098
131.121 185.509 0.213262 0.19421 0.00192558 0.00129411 9.86017 4.25761
66 33.0336 22.7031 91.6682
131.121 185.509 0.213262 0.19421 0.00192558 0.00129411 9.86017 4.25761
67 33.0336 22.7094 85.9972
131.121 185.509 0.213262 0.19421 0.00192558 0.00129411 9.86017 4.25761
68 33.0336 24.3454 72.8348
131.121 185.509 0.213262 0.19421 0.00192558 0.00129411 9.86017 4.25761
69 33.0336 23.519 99.9954
131.121 185.509 0.213262 0.19421 0.00192558 0.00129411 9.86017 4.25761
70 33.0336 23.9106 85.5141
131.121 185.509 0.213262 0.19421 0.00192558 0.00129411 9.86017 4.25761
71 33.0822 22.986 91.6053
131.084 185.556 0.213279 0.193974 0.00196025 0.000914295 9.85717 4.25427
72 33.0822 22.6524 76.3194
131.084 185.556 0.213279 0.193974 0.00196025 0.000914295 9.85717 4.25427
73 33.0822 20.8334 124.775
131.084 185.556 0.213279 0.193974 0.00196025 0.000914295 9.85717 4.25427
74 33.0822 23.9407 74.1686
131.084 185.556 0.213279 0.193974 0.00196025 0.000914295 9.85717 4.25427
75 33.0822 23.1173 75.1737
131.084 185.556 0.213279 0.193974 0.00196025 0.000914295 9.85717 4.25427
76 33.0822 20.6824 130.936
131.084 185.556 0.213279 0.193974 0.00196025 0.000914295 9.85717 4.25427
77 33.0822 21.2472 124.255
131.084 185.556 0.213279 0.193974 0.00196025 0.000914295 9.85717 4.25427
78 33.0822 21.7173 96.5318
131.084 185.556 0.213279 0.193974 0.00196025 0.000914295 9.85717 4.25427
79 33.0822 21.7797 133.834
131.084 185.556 0.213279 0.193974 0.00196025 0.000914295 9.85717 4.25427
80 33.0822 21.8432 108.455
131.084 185.556 0.213279 0.193974 0.00196025 0.000914295 9.85717 4.25427
81 33.0822 21.0373 136.316
131.084 185.556 0.213279 0.193974 0.00196025 0.000914295 9.85717 4.25427
82 33.0822 22.1739 120.509
131.084 185.556 0.213279 0.193974 0.00196025 0.000914295 9.85717 4.25427
83 33.0822 24.5024 65.5955
131.084 185.556 0.213279 0.193974 0.00196025 0.000914295 9.85717 4.25427
84 33.0822 25.2453 22.8057
131.084 185.556 0.213279 0.193974 0.00196025 0.000914295 9.85717 4.25427
85 33.0822 27.1382 7.83028
131.084 185.556 0.213279 0.193974 0.00196025 0.000914295 9.85717 4.25427
86 33.0822 25.0799 45.5915
131.084 185.556 0.213279 0.193974 0.00196025 0.000914295 9.85717 4.25427
87 33.0822 23.5152 96.3449
131.084 185.556 0.213279 0.193974 0.00196025 0.000914295 9.85717 4.25427
88 33.0822 23.28 76.4282
131.084 185.556 0.213279 0.193974 0.00196025 0.000914295 9.85717 4.25427
89 33.0822 23.7011 73.5414
131.084 185.556 0.213279 0.193974 0.00196025 0.000914295 9.85717 4.25427
90 33.0822 24.1516 75.0977
131.084 185.556 0.213279 0.193974 0.00196025 0.000914295 9.85717 4.25427
91 33.0822 24.2257 59.3752
131.084 185.556 0.213279 0.193974 0.00196025 0.000914295 9.85717 4.25427
92 33.0822 23.8205 76.6249
131.084 185.556 0.213279 0.193974 0.00196025 0.000914295 9.85717 4.25427
93 33.0822 22.0458 118.012
131.084 185.556 0.213279 0.193974 0.00196025 0.000914295 9.85717 4.25427
94 33.0822 21.8568 112
131.084 185.556 0.213279 0.193974 0.00196025 0.000914295 9.85717 4.25427
95 33.0822 23.2867 86.67
131.084 185.556 0.213279 0.193974 0.00196025 0.000914295 9.85717 4.25427
96 33.0822 21.3108 111.706
131.084 185.556 0.213279 0.193974 0.00196025 0.000914295 9.85717 4.25427
97 33.0822 18.4906 148.945
131.084 185.556 0.213279 0.193974 0.00196025 0.000914295 9.85717 4.25427
98 33.0822 20.363 141.538
131.084 185.556 0.213279 0.193974 0.00196025 0.000914295 9.85717 4.25427
99 33.0822 23.0018 95.2797
131.084 185.556 0.213279 0.193974 0.00196025 0.000914295 9.85717 4.25427
100 33.0822 23.7913 81.8123
131.084 185.556 0.213279 0.193974 0.00196025 0.000914295 9.85717 4.25427
