0 4.68341 0.813928 1.20253
128.22 147.974 0.321416 0.189722 0.0506003 0.339688 4.55253 4.9044
1 6.25777 1.1261 2.60055
123.059 153.302 0.288519 0.198712 0.0310492 0.324479 4.71414 5.23922
2 6.25777 1.6598 3.99588
123.059 153.302 0.288519 0.198712 0.0310492 0.324479 4.71414 5.23922
3 7.75661 2.11669 5.88909
125.942 141.821 0.406283 0.207817 0.00255946 0.28616 4.94302 5.03603
4 8.77509 2.40409 7.50007
125.55 139.352 0.418721 0.168765 0 0.289733 4.96308 4.45031
5 8.77509 2.92404 9.41735
125.55 139.352 0.418721 0.168765 0 0.289733 4.96308 4.45031
6 8.77509 3.14908 7.82708
125.55 139.352 0.418721 0.168765 0 0.289733 4.96308 4.45031
7 8.77509 4.0271 10.1618
125.55 139.352 0.418721 0.168765 0 0.289733 4.96308 4.45031
8 8.77509 4.20637 9.76985
125.55 139.352 0.418721 0.168765 0 0.289733 4.96308 4.45031
9 9.27875 4.53401 11.7003
122.763 141.021 0.417758 0.124069 0 0.315349 5.06307 4.77774
10 9.27875 4.89476 8.93028
122.763 141.021 0.417758 0.124069 0 0.315349 5.06307 4.77774
11 10.3336 4.95337 9.46675
108.296 162.815 0.362485 0.0367139 0 0.36427 4.56343 5.85067
12 10.3336 4.60517 10.7243
108.296 162.815 0.362485 0.0367139 0 0.36427 4.56343 5.85067
13 10.3336 4.9569 11.86
108.296 162.815 0.362485 0.0367139 0 0.36427 4.56343 5.85067
14 10.3336 4.88199 12.3429
108.296 162.815 0.362485 0.0367139 0 0.36427 4.56343 5.85067
15 10.3336 4.68805 12.1501
108.296 162.815 0.362485 0.0367139 0 0.36427 4.56343 5.85067
16 10.3336 4.79689 10.721
108.296 162.815 0.362485 0.0367139 0 0.36427 4.56343 5.85067
17 10.3336 5.18055 11.9381
108.296 162.815 0.362485 0.0367139 0 0.36427 4.56343 5.85067
18 10.3336 4.81475 11.493
108.296 162.815 0.362485 0.0367139 0 0.36427 4.56343 5.85067
19 10.3336 4.56616 12.5664
108.296 162.815 0.362485 0.0367139 0 0.36427 4.56343 5.85067
20 10.8349 5.14128 11.7278
101.522 155.334 0.381388 0.0772756 0 0.348309 4.38675 4.8323
21 10.8349 5.14565 11.6095
101.522 155.334 0.381388 0.0772756 0 0.348309 4.38675 4.8323
22 10.8349 5.23246 12.6693
101.522 155.334 0.381388 0.0772756 0 0.348309 4.38675 4.8323
23 10.8349 6.15598 10.4582
101.522 155.334 0.381388 0.0772756 0 0.348309 4.38675 4.8323
24 10.8349 6.52351 9.34266
101.522 155.334 0.381388 0.0772756 0 0.348309 4.38675 4.8323
25 10.8384 6.54354 9.42806
100 147.444 0.396209 0.0465441 0 0.390221 4.59388 5.4399
26 10.8384 6.66876 11.1612
100 147.444 0.396209 0.0465441 0 0.390221 4.59388 5.4399
27 10.8384 6.28178 10.3447
100 147.444 0.396209 0.0465441 0 0.390221 4.59388 5.4399
28 10.8384 6.09686 9.98867
100 147.444 0.396209 0.0465441 0 0.390221 4.59388 5.4399
29 10.8384 6.45921 9.75183
100 147.444 0.396209 0.0465441 0 0.390221 4.59388 5.4399
30 10.8384 5.97535 8.68893
100 147.444 0.396209 0.0465441 0 0.390221 4.59388 5.4399
31 10.8384 5.7893 10.1255
100 147.444 0.396209 0.0465441 0 0.390221 4.59388 5.4399
32 10.8384 5.70206 11.472
100 147.444 0.396209 0.0465441 0 0.390221 4.59388 5.4399
33 10.8384 5.31942 11.566
100 147.444 0.396209 0.0465441 0 0.390221 4.59388 5.4399
34 10.8384 5.7709 10.886
100 147.444 0.396209 0.0465441 0 0.390221 4.59388 5.4399
35 10.8384 5.30245 11.8934
100 147.444 0.396209 0.0465441 0 0.390221 4.59388 5.4399
36 11.3316 5.86875 11.3958
104.972 150.281 0.398058 0.100374 0 0.323008 4.57461 4.80867
37 11.3316 6.56024 11.27
104.972 150.281 0.398058 0.100374 0 0.323008 4.57461 4.80867
38 11.3316 5.85221 12.3209
104.972 150.281 0.398058 0.100374 0 0.323008 4.57461 4.80867
39 11.3316 5.76369 12.4689
104.972 150.281 0.398058 0.100374 0 0.323008 4.57461 4.80867
40 11.3316 5.35182 11.1006
104.972 150.281 0.398058 0.100374 0 0.323008 4.57461 4.80867
41 11.3316 5.86807 13.4924
104.972 150.281 0.398058 0.100374 0 0.323008 4.57461 4.80867
42 11.3316 6.26847 12.775
104.972 150.281 0.398058 0.100374 0 0.323008 4.57461 4.80867
43 11.3316 5.591 11.127
104.972 150.281 0.398058 0.100374 0 0.323008 4.57461 4.80867
44 11.335 5.90122 13.2562
104.902 150.795 0.385254 0.100879 0 0.324243 4.54061 4.7175
45 11.335 5.55801 10.579
104.902 150.795 0.385254 0.100879 0 0.324243 4.54061 4.7175
46 11.335 6.28205 10.5722
104.902 150.795 0.385254 0.100879 0 0.324243 4.54061 4.7175
47 11.335 6.42215 13.1492
104.902 150.795 0.385254 0.100879 0 0.324243 4.54061 4.7175
48 11.335 6.17396 12.5408
104.902 150.795 0.385254 0.100879 0 0.324243 4.54061 4.7175
49 11.335 6.15475 13.2941
104.902 150.795 0.385254 0.100879 0 0.324243 4.54061 4.7175
50 11.335 6.27565 12.7137
104.902 150.795 0.385254 0.100879 0 0.324243 4.54061 4.7175
51 11.335 6.78799 9.32985
104.902 150.795 0.385254 0.100879 0 0.324243 4.54061 4.7175
52 11.335 7.01625 12.815
104.902 150.795 0.385254 0.100879 0 0.324243 4.54061 4.7175
53 11.335 6.50185 13.6927
104.902 150.795 0.385254 0.100879 0 0.324243 4.54061 4.7175
54 11.335 5.92539 13.664
104.902 150.795 0.385254 0.100879 0 0.324243 4.54061 4.7175
55 11.3434 5.2914 14.5413
100 148.555 0.383229 0.0646139 0 0.342494 5.47097 4.06279
56 11.3434 5.41215 13.1977
100 148.555 0.383229 0.0646139 0 0.342494 5.47097 4.06279
57 11.3434 5.88757 14.1278
100 148.555 0.383229 0.0646139 0 0.342494 5.47097 4.06279
58 11.3434 6.68275 12.8331
100 148.555 0.383229 0.0646139 0 0.342494 5.47097 4.06279
59 11.3434 7.02804 10.7833
100 148.555 0.383229 0.0646139 0 0.342494 5.47097 4.06279
60 11.3434 6.82371 11.637
100 148.555 0.383229 0.0646139 0 0.342494 5.47097 4.06279
61 11.3434 6.78337 11.2326
100 148.555 0.383229 0.0646139 0 0.342494 5.47097 4.06279
62 11.3434 6.54299 9.55248
100 148.555 0.383229 0.0646139 0 0.342494 5.47097 4.06279
63 11.3434 6.52191 11.1764
100 148.555 0.383229 0.0646139 0 0.342494 5.47097 4.06279
64 11.3434 5.96084 12.5845
100 148.555 0.383229 0.0646139 0 0.342494 5.47097 4.06279
65 11.3434 5.32536 13.6324
100 148.555 0.383229 0.0646139 0 0.342494 5.47097 4.06279
66 11.3434 5.39277 12.2552
100 148.555 0.383229 0.0646139 0 0.342494 5.47097 4.06279
67 11.3434 5.66446 12.2236
100 148.555 0.383229 0.0646139 0 0.342494 5.47097 4.06279
68 11.3434 6.29879 11.5293
100 148.555 0.383229 0.0646139 0 0.342494 5.47097 4.06279
69 11.3434 6.2423 14.1618
100 148.555 0.383229 0.0646139 0 0.342494 5.47097 4.06279
70 11.3434 6.18324 13.1545
100 148.555 0.383229 0.0646139 0 0.342494 5.47097 4.06279
71 11.3434 6.4117 13.6411
100 148.555 0.383229 0.0646139 0 0.342494 5.47097 4.06279
72 11.3434 6.48711 12.9096
100 148.555 0.383229 0.0646139 0 0.342494 5.47097 4.06279
73 11.3434 6.09994 11.5296
100 148.555 0.383229 0.0646139 0 0.342494 5.47097 4.06279
74 11.3434 5.40595 12.2637
100 148.555 0.383229 0.0646139 0 0.342494 5.47097 4.06279
75 11.3434 5.67125 16.6112
100 148.555 0.383229 0.0646139 0 0.342494 5.47097 4.06279
76 11.3434 6.24397 16.6621
100 148.555 0.383229 0.0646139 0 0.342494 5.47097 4.06279
77 11.3434 6.05362 16.5444
100 148.555 0.383229 0.0646139 0 0.342494 5.47097 4.06279
78 11.3434 5.97067 13.5519
100 148.555 0.383229 0.0646139 0 0.342494 5.47097 4.06279
79 11.3434 6.54663 12.2477
100 148.555 0.383229 0.0646139 0 0.342494 5.47097 4.06279
80 11.3434 6.46723 11.0614
100 148.555 0.383229 0.0646139 0 0.342494 5.47097 4.06279
81 11.3434 6.30463 12.5292
100 148.555 0.383229 0.0646139 0 0.342494 5.47097 4.06279
82 11.3434 5.66274 10.6664
100 148.555 0.383229 0.0646139 0 0.342494 5.47097 4.06279
83 11.3434 5.51717 10.7244
100 148.555 0.383229 0.0646139 0 0.342494 5.47097 4.06279
84 11.3446 5.61872 10.9194
104.195 148.728 0.379064 0.0936473 0 0.343274 3.92733 4.55449
85 11.3446 6.19378 12.7034
104.195 148.728 0.379064 0.0936473 0 0.343274 3.92733 4.55449
86 11.3446 6.55444 11.8473
104.195 148.728 0.379064 0.0936473 0 0.343274 3.92733 4.55449
87 11.3446 5.95832 15.0185
104.195 148.728 0.379064 0.0936473 0 0.343274 3.92733 4.55449
88 11.3446 6.26758 11.3204
104.195 148.728 0.379064 0.0936473 0 0.343274 3.92733 4.55449
89 11.3446 6.52047 10.7205
104.195 148.728 0.379064 0.0936473 0 0.343274 3.92733 4.55449
90 11.3502 6.33946 12.5323
100.934 148.835 0.377686 0.0541587 0 0.344285 5.57922 3.92254
91 11.3502 6.13038 12.2675
100.934 148.835 0.377686 0.0541587 0 0.344285 5.57922 3.92254
92 11.3502 6.26767 11.8494
100.934 148.835 0.377686 0.0541587 0 0.344285 5.57922 3.92254
93 11.3502 6.28275 13.4095
100.934 148.835 0.377686 0.0541587 0 0.344285 5.57922 3.92254
94 11.3502 5.93713 12.3808
100.934 148.835 0.377686 0.0541587 0 0.344285 5.57922 3.92254
95 11.3502 6.32063 10.0872
100.934 148.835 0.377686 0.0541587 0 0.344285 5.57922 3.92254
96 11.3502 6.5523 12.771
100.934 148.835 0.377686 0.0541587 0 0.344285 5.57922 3.92254
97 11.3502 6.28457 12.6028
100.934 148.835 0.377686 0.0541587 0 0.344285 5.57922 3.92254
98 11.3502 6.13463 14.2315
100.934 148.835 0.377686 0.0541587 0 0.344285 5.57922 3.92254
99 11.3502 5.66319 15.6217
100.934 148.835 0.377686 0.0541587 0 0.344285 5.57922 3.92254
100 11.3502 5.8977 15.0258
100.934 148.835 0.377686 0.0541587 0 0.344285 5.57922 3.92254
