0 25.9965 15.5265 81.4392
177.595 174.62 0.737768 0.0880666 0.402767 0.4708 6.65332 1.8645
1 25.9965 18.3821 79.0756
177.595 174.62 0.737768 0.0880666 0.402767 0.4708 6.65332 1.8645
2 25.9965 18.8035 75.15
177.595 174.62 0.737768 0.0880666 0.402767 0.4708 6.65332 1.8645
3 26.0108 19.622 80.6496
133.758 100 0.810633 0.30936 0.455551 0.274372 1.762 6.27002
4 26.0186 21.2306 65.3568
168.633 184.938 0.767991 0.152217 0.391187 0.510338 6.36284 2.63255
5 26.0186 22.5333 41.2264
168.633 184.938 0.767991 0.152217 0.391187 0.510338 6.36284 2.63255
6 26.0359 22.4091 51.3233
133.894 100 0.817414 0.310928 0.467947 0.234751 1.82828 6.75586
7 26.0418 22.3732 48.2906
133.732 100 0.813896 0.3183 0.476927 0.217883 1.70709 6.84096
8 26.0479 22.3604 54.0877
132.958 100 0.805963 0.346716 0.5056 0.189065 1.69552 6.92639
9 26.0479 23.9664 26.7728
132.958 100 0.805963 0.346716 0.5056 0.189065 1.69552 6.92639
10 26.0479 23.9305 25.5979
132.958 100 0.805963 0.346716 0.5056 0.189065 1.69552 6.92639
11 26.056 25.0095 7.43836
132.662 100 0.799024 0.383514 0.474058 0.136958 1.68606 6.88771
12 26.056 24.5084 10.3436
132.662 100 0.799024 0.383514 0.474058 0.136958 1.68606 6.88771
13 26.0628 24.0985 22.8918
137.075 100.334 0.851356 0.40076 0.3317 0.128503 1.91918 6.41422
14 26.0667 24.3783 12.7665
132.375 100 0.793808 0.414366 0.460235 0.105156 1.61589 6.90781
15 26.0667 24.9351 6.80721
132.375 100 0.793808 0.414366 0.460235 0.105156 1.61589 6.90781
16 26.0687 24.8187 11.8948
125.01 100.037 0.907646 0.409706 0.511902 0.103954 2.80666 6.10562
17 26.0718 24.8397 13.6926
124.912 100 0.916573 0.409415 0.508403 0.111548 2.75888 6.10452
18 26.0718 24.2521 28.6796
124.912 100 0.916573 0.409415 0.508403 0.111548 2.75888 6.10452
19 26.0718 24.2347 29.2132
124.912 100 0.916573 0.409415 0.508403 0.111548 2.75888 6.10452
20 26.0742 24.5969 29.7831
118.924 100 0.909674 0.434295 0.509999 0.0844641 2.85602 6.84281
21 26.0742 25.7979 0.466654
118.924 100 0.909674 0.434295 0.509999 0.0844641 2.85602 6.84281
22 26.0794 25.8139 0.466513
120.073 102.356 0.905061 0.440825 0.506434 0.0526811 3.01103 6.97474
23 26.0794 25.6622 0.872752
120.073 102.356 0.905061 0.440825 0.506434 0.0526811 3.01103 6.97474
24 26.0794 25.6488 0.900679
120.073 102.356 0.905061 0.440825 0.506434 0.0526811 3.01103 6.97474
25 26.0794 25.6247 0.650627
120.073 102.356 0.905061 0.440825 0.506434 0.0526811 3.01103 6.97474
26 26.0794 24.2684 32.6706
120.073 102.356 0.905061 0.440825 0.506434 0.0526811 3.01103 6.97474
27 26.0794 24.0643 35.5033
120.073 102.356 0.905061 0.440825 0.506434 0.0526811 3.01103 6.97474
28 26.0794 22.0134 84.7255
120.073 102.356 0.905061 0.440825 0.506434 0.0526811 3.01103 6.97474
29 26.0794 23.6497 50.3333
120.073 102.356 0.905061 0.440825 0.506434 0.0526811 3.01103 6.97474
30 26.0794 23.4309 59.1409
120.073 102.356 0.905061 0.440825 0.506434 0.0526811 3.01103 6.97474
31 26.0817 24.637 32.9674
113.775 100 0.915028 0.4453 0.428753 0.042147 2.5232 6.60427
32 26.0855 25.9314 0.0183553
113.639 105.266 0.895355 0.463657 0.487544 0.0200296 2.94986 6.8103
33 26.0855 23.5657 37.2653
113.639 105.266 0.895355 0.463657 0.487544 0.0200296 2.94986 6.8103
34 26.0855 23.0427 62.6461
113.639 105.266 0.895355 0.463657 0.487544 0.0200296 2.94986 6.8103
35 26.0855 24.1784 35.6622
113.639 105.266 0.895355 0.463657 0.487544 0.0200296 2.94986 6.8103
36 26.0855 23.9724 41.641
113.639 105.266 0.895355 0.463657 0.487544 0.0200296 2.94986 6.8103
37 26.0855 24.4603 33.0843
113.639 105.266 0.895355 0.463657 0.487544 0.0200296 2.94986 6.8103
38 26.0855 21.5847 79.0977
113.639 105.266 0.895355 0.463657 0.487544 0.0200296 2.94986 6.8103
39 26.0855 23.9366 41.6777
113.639 105.266 0.895355 0.463657 0.487544 0.0200296 2.94986 6.8103
40 26.0855 24.5283 33.1635
113.639 105.266 0.895355 0.463657 0.487544 0.0200296 2.94986 6.8103
41 26.0855 22.7288 58.6754
113.639 105.266 0.895355 0.463657 0.487544 0.0200296 2.94986 6.8103
42 26.0855 23.5104 53.2112
113.639 105.266 0.895355 0.463657 0.487544 0.0200296 2.94986 6.8103
43 26.0855 24.6823 33.4805
113.639 105.266 0.895355 0.463657 0.487544 0.0200296 2.94986 6.8103
44 26.0855 24.6072 33.3982
113.639 105.266 0.895355 0.463657 0.487544 0.0200296 2.94986 6.8103
45 26.0855 23.3253 62.7977
113.639 105.266 0.895355 0.463657 0.487544 0.0200296 2.94986 6.8103
46 26.0855 23.1013 61.934
113.639 105.266 0.895355 0.463657 0.487544 0.0200296 2.94986 6.8103
47 26.0855 24.374 33.1632
113.639 105.266 0.895355 0.463657 0.487544 0.0200296 2.94986 6.8103
48 26.0855 25.7966 0.466323
113.639 105.266 0.895355 0.463657 0.487544 0.0200296 2.94986 6.8103
49 26.0855 24.5042 29.4793
113.639 105.266 0.895355 0.463657 0.487544 0.0200296 2.94986 6.8103
50 26.0855 23.3583 55.4974
113.639 105.266 0.895355 0.463657 0.487544 0.0200296 2.94986 6.8103
51 26.0855 23.224 55.2105
113.639 105.266 0.895355 0.463657 0.487544 0.0200296 2.94986 6.8103
52 26.0857 22.5852 63.0822
109.355 100.488 0.902232 0.47343 0.465548 0.00134173 2.9502 6.97944
53 26.0857 22.1039 67.4957
109.355 100.488 0.902232 0.47343 0.465548 0.00134173 2.9502 6.97944
54 26.0857 22.9711 56.96
109.355 100.488 0.902232 0.47343 0.465548 0.00134173 2.9502 6.97944
55 26.0875 24.4194 34.0757
100 102.288 0.927308 0.47214 0.566643 0 2.59701 6.53109
56 26.0875 24.4258 34.097
100 102.288 0.927308 0.47214 0.566643 0 2.59701 6.53109
57 26.0875 25.4352 3.3102
100 102.288 0.927308 0.47214 0.566643 0 2.59701 6.53109
58 26.0875 25.1982 7.03532
100 102.288 0.927308 0.47214 0.566643 0 2.59701 6.53109
59 26.0875 23.3299 45.5583
100 102.288 0.927308 0.47214 0.566643 0 2.59701 6.53109
60 26.0875 24.8435 17.5824
100 102.288 0.927308 0.47214 0.566643 0 2.59701 6.53109
61 26.0875 24.1918 31.2011
100 102.288 0.927308 0.47214 0.566643 0 2.59701 6.53109
62 26.0875 23.6098 52.7942
100 102.288 0.927308 0.47214 0.566643 0 2.59701 6.53109
63 26.0875 24.7428 29.5109
100 102.288 0.927308 0.47214 0.566643 0 2.59701 6.53109
64 26.0875 23.4681 40.742
100 102.288 0.927308 0.47214 0.566643 0 2.59701 6.53109
65 26.0875 24.3868 29.7937
100 102.288 0.927308 0.47214 0.566643 0 2.59701 6.53109
66 26.0875 24.6098 29.627
100 102.288 0.927308 0.47214 0.566643 0 2.59701 6.53109
67 26.0875 23.196 58.7781
100 102.288 0.927308 0.47214 0.566643 0 2.59701 6.53109
68 26.0875 21.1904 89.3691
100 102.288 0.927308 0.47214 0.566643 0 2.59701 6.53109
69 26.0875 22.7564 62.5418
100 102.288 0.927308 0.47214 0.566643 0 2.59701 6.53109
70 26.0875 23.0533 62.9989
100 102.288 0.927308 0.47214 0.566643 0 2.59701 6.53109
71 26.0875 20.8155 101.357
100 102.288 0.927308 0.47214 0.566643 0 2.59701 6.53109
72 26.0875 21.0469 102.845
100 102.288 0.927308 0.47214 0.566643 0 2.59701 6.53109
73 26.0875 22.9111 63.1446
100 102.288 0.927308 0.47214 0.566643 0 2.59701 6.53109
74 26.0875 24.3503 32.3792
100 102.288 0.927308 0.47214 0.566643 0 2.59701 6.53109
75 26.0875 23.0365 60.909
100 102.288 0.927308 0.47214 0.566643 0 2.59701 6.53109
76 26.0875 23.9358 34.4026
100 102.288 0.927308 0.47214 0.566643 0 2.59701 6.53109
77 26.0875 23.2081 39.6006
100 102.288 0.927308 0.47214 0.566643 0 2.59701 6.53109
78 26.0875 23.0821 51.7894
100 102.288 0.927308 0.47214 0.566643 0 2.59701 6.53109
79 26.0875 24.2216 35.6658
100 102.288 0.927308 0.47214 0.566643 0 2.59701 6.53109
80 26.0875 23.4382 43.3158
100 102.288 0.927308 0.47214 0.566643 0 2.59701 6.53109
81 26.0875 25.5218 3.85599
100 102.288 0.927308 0.47214 0.566643 0 2.59701 6.53109
82 26.0875 25.3372 4.1494
100 102.288 0.927308 0.47214 0.566643 0 2.59701 6.53109
83 26.0875 24.2236 35.7401
100 102.288 0.927308 0.47214 0.566643 0 2.59701 6.53109
84 26.0875 25.8844 0.13634
100 102.288 0.927308 0.47214 0.566643 0 2.59701 6.53109
85 26.0875 25.6676 1.70062
100 102.288 0.927308 0.47214 0.566643 0 2.59701 6.53109
86 26.0875 23.8913 32.5745
100 102.288 0.927308 0.47214 0.566643 0 2.59701 6.53109
87 26.0875 23.194 59.5911
100 102.288 0.927308 0.47214 0.566643 0 2.59701 6.53109
88 26.0875 23.9216 43.5678
100 102.288 0.927308 0.47214 0.566643 0 2.59701 6.53109
89 26.0878 24.7163 33.1721
101.377 101.303 0.92309 0.471973 0.632767 0 2.63119 9.32277
90 26.0878 24.5348 33.1564
101.377 101.303 0.92309 0.471973 0.632767 0 2.63119 9.32277
91 26.0878 24.2402 33.9828
101.377 101.303 0.92309 0.471973 0.632767 0 2.63119 9.32277
92 26.0878 22.1371 82.0381
101.377 101.303 0.92309 0.471973 0.632767 0 2.63119 9.32277
93 26.0878 23.2736 62.4768
101.377 101.303 0.92309 0.471973 0.632767 0 2.63119 9.32277
94 26.0878 24.5084 33.0764
101.377 101.303 0.92309 0.471973 0.632767 0 2.63119 9.32277
95 26.0878 24.3923 33.1791
101.377 101.303 0.92309 0.471973 0.632767 0 2.63119 9.32277
96 26.0878 25.5422 2.08947
101.377 101.303 0.92309 0.471973 0.632767 0 2.63119 9.32277
97 26.0878 24.3272 30.5204
101.377 101.303 0.92309 0.471973 0.632767 0 2.63119 9.32277
98 26.0878 24.5212 33.1129
101.377 101.303 0.92309 0.471973 0.632767 0 2.63119 9.32277
99 26.0878 24.2941 30.4581
101.377 101.303 0.92309 0.471973 0.632767 0 2.63119 9.32277
100 26.0878 24.3093 30.5152
101.377 101.303 0.92309 0.471973 0.632767 0 2.63119 9.32277
