0 20.1846 3.17191 39.3856
192.612 145.345 0.128192 0.0955968 0.354836 0.420973 6.94716 4.12803
1 21.8018 4.69233 63.2355
200 149.069 0.27526 0.11339 0.240832 0.511186 5.12566 4.96108
2 21.8018 5.57243 76.0836
200 149.069 0.27526 0.11339 0.240832 0.511186 5.12566 4.96108
3 24.7779 7.73329 89.509
198.608 150.129 0.231764 0.187029 0.230644 0.567293 5.15603 4.64309
4 26.3068 9.47593 122.836
199.179 146.367 0.228469 0.145597 0.244431 0.497443 5.03242 4.46283
5 26.3068 12.8203 124.889
199.179 146.367 0.228469 0.145597 0.244431 0.497443 5.03242 4.46283
6 26.3068 13.6949 128.208
199.179 146.367 0.228469 0.145597 0.244431 0.497443 5.03242 4.46283
7 26.3068 15.8717 129.138
199.179 146.367 0.228469 0.145597 0.244431 0.497443 5.03242 4.46283
8 26.3068 17.0666 118.338
199.179 146.367 0.228469 0.145597 0.244431 0.497443 5.03242 4.46283
9 26.3068 16.7019 106.406
199.179 146.367 0.228469 0.145597 0.244431 0.497443 5.03242 4.46283
10 26.3068 14.9139 102.543
199.179 146.367 0.228469 0.145597 0.244431 0.497443 5.03242 4.46283
11 26.3214 14.482 90.6682
197.548 141.756 0.235804 0.162999 0.139991 0.561725 5.37877 3.23292
12 26.3214 17.9555 75.7086
197.548 141.756 0.235804 0.162999 0.139991 0.561725 5.37877 3.23292
13 26.5281 18.0179 80.201
198.372 144.607 0.217745 0.153793 0.257835 0.463245 5.27719 4.48234
14 26.5281 17.6035 84.4707
198.372 144.607 0.217745 0.153793 0.257835 0.463245 5.27719 4.48234
15 26.5281 15.5121 113.451
198.372 144.607 0.217745 0.153793 0.257835 0.463245 5.27719 4.48234
16 26.5325 17.0286 96.8483
198.358 144.661 0.21712 0.154658 0.257301 0.461842 5.26941 4.48536
17 26.5535 17.1856 100.411
199.825 144.396 0.302993 0.129467 0.10248 0.390923 6.19012 3.60741
18 26.5535 19.9866 91.9634
199.825 144.396 0.302993 0.129467 0.10248 0.390923 6.19012 3.60741
19 26.5535 18.1528 88.5562
199.825 144.396 0.302993 0.129467 0.10248 0.390923 6.19012 3.60741
20 26.6923 18.1269 70.0071
200 145.26 0.132507 0.152183 0.26799 0.386184 4.56211 5.62451
21 26.6923 18.7849 70.1529
200 145.26 0.132507 0.152183 0.26799 0.386184 4.56211 5.62451
22 26.6923 17.5704 81.0123
200 145.26 0.132507 0.152183 0.26799 0.386184 4.56211 5.62451
23 26.6923 18.5408 81.8304
200 145.26 0.132507 0.152183 0.26799 0.386184 4.56211 5.62451
24 26.6923 16.6171 99.0091
200 145.26 0.132507 0.152183 0.26799 0.386184 4.56211 5.62451
25 26.6923 19.4924 88.0989
200 145.26 0.132507 0.152183 0.26799 0.386184 4.56211 5.62451
26 26.6923 20.2511 83.2614
200 145.26 0.132507 0.152183 0.26799 0.386184 4.56211 5.62451
27 27.1811 19.7772 98.2985
189.46 151.386 0.24355 0.116517 0.0987362 0.338139 6.73827 3.245
28 27.1811 18.9792 78.3332
189.46 151.386 0.24355 0.116517 0.0987362 0.338139 6.73827 3.245
29 27.1811 21.5927 70.5968
189.46 151.386 0.24355 0.116517 0.0987362 0.338139 6.73827 3.245
30 27.1811 20.9749 74.6524
189.46 151.386 0.24355 0.116517 0.0987362 0.338139 6.73827 3.245
31 27.1811 21.4335 66.0669
189.46 151.386 0.24355 0.116517 0.0987362 0.338139 6.73827 3.245
32 27.3127 20.4419 72.5383
189.899 151.647 0.243869 0.11285 0.105831 0.33859 6.73697 3.31836
33 27.3127 19.5704 85.0944
189.899 151.647 0.243869 0.11285 0.105831 0.33859 6.73697 3.31836
34 27.3803 18.8544 92.3163
188.426 152.129 0.245863 0.0828521 0.0984807 0.363189 6.96644 3.38754
35 27.3803 18.7434 90.6554
188.426 152.129 0.245863 0.0828521 0.0984807 0.363189 6.96644 3.38754
36 27.3803 19.8166 67.5715
188.426 152.129 0.245863 0.0828521 0.0984807 0.363189 6.96644 3.38754
37 27.4752 19.1152 93.5288
189.222 155.112 0.285968 0.0637143 0.0279785 0.399609 7.03198 5.47145
38 27.5104 20.2051 81.7197
189.737 155.434 0.285277 0.0632657 0.0413538 0.399391 6.96788 5.31422
39 28.3459 19.761 94.6746
187.558 156.311 0.274228 0.0466161 0.0187645 0.396289 7.02069 5.47965
40 28.3459 22.0141 68.5964
187.558 156.311 0.274228 0.0466161 0.0187645 0.396289 7.02069 5.47965
41 28.3459 19.5914 131.974
187.558 156.311 0.274228 0.0466161 0.0187645 0.396289 7.02069 5.47965
42 28.3459 19.9859 109.527
187.558 156.311 0.274228 0.0466161 0.0187645 0.396289 7.02069 5.47965
43 28.3459 23.1055 51.7691
187.558 156.311 0.274228 0.0466161 0.0187645 0.396289 7.02069 5.47965
44 28.3459 23.6587 46.0585
187.558 156.311 0.274228 0.0466161 0.0187645 0.396289 7.02069 5.47965
45 28.3459 24.9531 21.1741
187.558 156.311 0.274228 0.0466161 0.0187645 0.396289 7.02069 5.47965
46 28.3459 23.141 48.149
187.558 156.311 0.274228 0.0466161 0.0187645 0.396289 7.02069 5.47965
47 28.3459 21.723 54.1597
187.558 156.311 0.274228 0.0466161 0.0187645 0.396289 7.02069 5.47965
48 28.3459 21.4487 58.541
187.558 156.311 0.274228 0.0466161 0.0187645 0.396289 7.02069 5.47965
49 28.3459 20.4123 81.5076
187.558 156.311 0.274228 0.0466161 0.0187645 0.396289 7.02069 5.47965
50 28.3459 21.0546 72.557
187.558 156.311 0.274228 0.0466161 0.0187645 0.396289 7.02069 5.47965
51 28.3459 20.9446 82.4927
187.558 156.311 0.274228 0.0466161 0.0187645 0.396289 7.02069 5.47965
52 28.3459 21.3792 83.338
187.558 156.311 0.274228 0.0466161 0.0187645 0.396289 7.02069 5.47965
53 28.3459 22.4159 61.8122
187.558 156.311 0.274228 0.0466161 0.0187645 0.396289 7.02069 5.47965
54 28.3459 22.346 63.3658
187.558 156.311 0.274228 0.0466161 0.0187645 0.396289 7.02069 5.47965
55 28.3459 22.9423 47.7429
187.558 156.311 0.274228 0.0466161 0.0187645 0.396289 7.02069 5.47965
56 28.3459 22.4264 51.2969
187.558 156.311 0.274228 0.0466161 0.0187645 0.396289 7.02069 5.47965
57 28.3459 22.3717 56.5263
187.558 156.311 0.274228 0.0466161 0.0187645 0.396289 7.02069 5.47965
58 28.3459 21.3273 87.2168
187.558 156.311 0.274228 0.0466161 0.0187645 0.396289 7.02069 5.47965
59 28.3459 21.5701 55.5523
187.558 156.311 0.274228 0.0466161 0.0187645 0.396289 7.02069 5.47965
60 28.3459 21.5547 88.1653
187.558 156.311 0.274228 0.0466161 0.0187645 0.396289 7.02069 5.47965
61 28.3459 20.4607 92.1216
187.558 156.311 0.274228 0.0466161 0.0187645 0.396289 7.02069 5.47965
62 28.3459 21.1505 87.4681
187.558 156.311 0.274228 0.0466161 0.0187645 0.396289 7.02069 5.47965
63 28.3459 21.268 73.9866
187.558 156.311 0.274228 0.0466161 0.0187645 0.396289 7.02069 5.47965
64 28.3459 21.1567 74.135
187.558 156.311 0.274228 0.0466161 0.0187645 0.396289 7.02069 5.47965
65 28.3459 21.4327 84.1161
187.558 156.311 0.274228 0.0466161 0.0187645 0.396289 7.02069 5.47965
66 28.3459 21.1596 99.8183
187.558 156.311 0.274228 0.0466161 0.0187645 0.396289 7.02069 5.47965
67 28.3459 20.6108 94.2293
187.558 156.311 0.274228 0.0466161 0.0187645 0.396289 7.02069 5.47965
68 28.3459 21.4724 71.8595
187.558 156.311 0.274228 0.0466161 0.0187645 0.396289 7.02069 5.47965
69 28.3459 20.4569 100.252
187.558 156.311 0.274228 0.0466161 0.0187645 0.396289 7.02069 5.47965
70 28.3459 21.208 86.2197
187.558 156.311 0.274228 0.0466161 0.0187645 0.396289 7.02069 5.47965
71 28.3459 20.9977 101.022
187.558 156.311 0.274228 0.0466161 0.0187645 0.396289 7.02069 5.47965
72 28.3459 19.8311 112.437
187.558 156.311 0.274228 0.0466161 0.0187645 0.396289 7.02069 5.47965
73 28.3459 20.1977 111.249
187.558 156.311 0.274228 0.0466161 0.0187645 0.396289 7.02069 5.47965
74 28.3459 21.8701 91.5201
187.558 156.311 0.274228 0.0466161 0.0187645 0.396289 7.02069 5.47965
75 28.3459 22.2656 82.1159
187.558 156.311 0.274228 0.0466161 0.0187645 0.396289 7.02069 5.47965
76 28.3459 21.4928 58.9341
187.558 156.311 0.274228 0.0466161 0.0187645 0.396289 7.02069 5.47965
77 28.3459 22.4074 61.7183
187.558 156.311 0.274228 0.0466161 0.0187645 0.396289 7.02069 5.47965
78 28.3459 18.7264 111.891
187.558 156.311 0.274228 0.0466161 0.0187645 0.396289 7.02069 5.47965
79 28.3459 20.1483 94.1162
187.558 156.311 0.274228 0.0466161 0.0187645 0.396289 7.02069 5.47965
80 28.3459 22.7183 49.2311
187.558 156.311 0.274228 0.0466161 0.0187645 0.396289 7.02069 5.47965
81 28.3459 20.0096 68.7946
187.558 156.311 0.274228 0.0466161 0.0187645 0.396289 7.02069 5.47965
82 28.3459 20.9373 67.956
187.558 156.311 0.274228 0.0466161 0.0187645 0.396289 7.02069 5.47965
83 28.3459 22.7452 64.8512
187.558 156.311 0.274228 0.0466161 0.0187645 0.396289 7.02069 5.47965
84 28.4295 21.8933 60.6874
187.408 156.256 0.269731 0.0495165 0.0166082 0.396391 7.06177 5.51386
85 28.4295 19.6311 86.2425
187.408 156.256 0.269731 0.0495165 0.0166082 0.396391 7.06177 5.51386
86 28.4295 19.8011 75.4984
187.408 156.256 0.269731 0.0495165 0.0166082 0.396391 7.06177 5.51386
87 28.4295 20.5098 69.6769
187.408 156.256 0.269731 0.0495165 0.0166082 0.396391 7.06177 5.51386
88 28.4295 21.5026 68.8142
187.408 156.256 0.269731 0.0495165 0.0166082 0.396391 7.06177 5.51386
89 28.4295 21.3103 67.0267
187.408 156.256 0.269731 0.0495165 0.0166082 0.396391 7.06177 5.51386
90 28.4295 21.8728 57.9662
187.408 156.256 0.269731 0.0495165 0.0166082 0.396391 7.06177 5.51386
91 28.4295 22.9473 62.6143
187.408 156.256 0.269731 0.0495165 0.0166082 0.396391 7.06177 5.51386
92 28.4295 22.2074 68.0672
187.408 156.256 0.269731 0.0495165 0.0166082 0.396391 7.06177 5.51386
93 28.4295 23.5928 24.1309
187.408 156.256 0.269731 0.0495165 0.0166082 0.396391 7.06177 5.51386
94 28.4295 22.3592 71.7287
187.408 156.256 0.269731 0.0495165 0.0166082 0.396391 7.06177 5.51386
95 28.4295 22.7222 75.3983
187.408 156.256 0.269731 0.0495165 0.0166082 0.396391 7.06177 5.51386
96 28.4295 21.256 93.6927
187.408 156.256 0.269731 0.0495165 0.0166082 0.396391 7.06177 5.51386
97 28.4295 21.6444 73.189
187.408 156.256 0.269731 0.0495165 0.0166082 0.396391 7.06177 5.51386
98 28.4295 18.415 117.666
187.408 156.256 0.269731 0.0495165 0.0166082 0.396391 7.06177 5.51386
99 28.5265 21.275 73.5691
186.21 157.286 0.271744 0.0359977 0.0113168 0.406282 7.04563 5.5865
100 28.5265 19.5398 100.908
186.21 157.286 0.271744 0.0359977 0.0113168 0.406282 7.04563 5.5865
