0 17.0764 1.49574 15.0236
175 146.894 0.198196 0.103968 0.830049 0.00564718 9.66488 8.87499
1 22.8598 2.75724 31.8565
173.682 149.002 0.202538 0.129899 0.827782 0 9.46006 8.6693
2 22.9382 4.88358 62.3949
137.053 136.343 0.336183 0 0.600203 0.519545 10 2.79367
3 24.5545 6.62767 85.9962
170.636 147.542 0.190938 0.175493 0.852497 0.0332208 9.43517 8.30058
4 26.0147 8.3882 97.1808
180.815 158.57 0.0758047 0.18544 0.902451 0 10 9.42291
5 26.0147 9.69946 106.724
180.815 158.57 0.0758047 0.18544 0.902451 0 10 9.42291
6 26.0147 10.0826 111.462
180.815 158.57 0.0758047 0.18544 0.902451 0 10 9.42291
7 26.0147 10.4774 106.19
180.815 158.57 0.0758047 0.18544 0.902451 0 10 9.42291
8 26.0147 12.4002 103.916
180.815 158.57 0.0758047 0.18544 0.902451 0 10 9.42291
9 26.0147 12.9427 108.862
180.815 158.57 0.0758047 0.18544 0.902451 0 10 9.42291
10 26.4539 13.3275 107.542
168.014 145.175 0.211836 0.211986 0.678615 0 8.73976 9.03369
11 26.5257 12.9899 112.248
170.462 144.426 0.203688 0.21438 0.680015 0.00910125 8.89518 9.12579
12 26.5257 14.4828 108.93
170.462 144.426 0.203688 0.21438 0.680015 0.00910125 8.89518 9.12579
13 26.5357 13.6956 105.702
170.173 150.516 0.141204 0.250403 0.754747 0 8.66974 8.92198
14 26.5357 14.8955 108.471
170.173 150.516 0.141204 0.250403 0.754747 0 8.66974 8.92198
15 26.6 15.5178 98.167
169.086 145.761 0.202346 0.218236 0.707598 0 8.53722 9.09748
16 26.6011 16.3565 89.5805
156.681 125.066 0.129252 0.267555 0.565675 0 7.89865 9.25004
17 26.7399 16.3816 96.259
148.74 118.386 0.130014 0.273351 0.552088 0.0151062 7.65685 9.48551
18 26.7399 16.706 99.4066
148.74 118.386 0.130014 0.273351 0.552088 0.0151062 7.65685 9.48551
19 26.7399 18.8727 79.7579
148.74 118.386 0.130014 0.273351 0.552088 0.0151062 7.65685 9.48551
20 26.8962 18.3751 80.6274
166.494 148.046 0.130514 0.264802 0.37648 0.0177376 8.5017 9.15315
21 26.8962 16.8864 90.3688
166.494 148.046 0.130514 0.264802 0.37648 0.0177376 8.5017 9.15315
22 27.8226 18.0937 90.1262
168.014 150.275 0.12589 0.280455 0.394839 0.0410676 8.8025 8.86172
23 27.8226 18.3834 84.7768
168.014 150.275 0.12589 0.280455 0.394839 0.0410676 8.8025 8.86172
24 27.945 18.8563 86.8561
168.47 150.582 0.127983 0.281129 0.388131 0.0414559 8.77468 8.83635
25 27.945 20.6082 65.8695
168.47 150.582 0.127983 0.281129 0.388131 0.0414559 8.77468 8.83635
26 28.0689 20.0937 76.9668
160.715 138.034 0.146822 0.32797 0.371935 0 8.88752 8.92079
27 28.0689 20.6195 76.0275
160.715 138.034 0.146822 0.32797 0.371935 0 8.88752 8.92079
28 28.0689 20.5955 79.7466
160.715 138.034 0.146822 0.32797 0.371935 0 8.88752 8.92079
29 28.8507 21.5123 57.7612
152.471 160.614 0.159644 0.330625 0.293015 0.0222774 10 9.54207
30 28.8507 20.8243 70.1069
152.471 160.614 0.159644 0.330625 0.293015 0.0222774 10 9.54207
31 28.8507 21.649 57.0498
152.471 160.614 0.159644 0.330625 0.293015 0.0222774 10 9.54207
32 28.8507 21.2268 71.3013
152.471 160.614 0.159644 0.330625 0.293015 0.0222774 10 9.54207
33 28.8507 22.3895 53.5283
152.471 160.614 0.159644 0.330625 0.293015 0.0222774 10 9.54207
34 28.8507 23.574 36.2877
152.471 160.614 0.159644 0.330625 0.293015 0.0222774 10 9.54207
35 28.8507 24.4678 26.2028
152.471 160.614 0.159644 0.330625 0.293015 0.0222774 10 9.54207
36 29.1035 23.4125 50.1177
183.859 162.291 0.128755 0.335476 0.161729 0 5.35653 8.50625
37 29.1922 22.5586 59.6591
153.722 162.006 0.167208 0.329688 0.286812 0.0319938 9.81646 9.54296
38 29.1922 21.1678 73.8129
153.722 162.006 0.167208 0.329688 0.286812 0.0319938 9.81646 9.54296
39 29.6077 21.8006 62.0082
153.522 161.928 0.170057 0.325674 0.287597 0.0340762 9.76717 9.563
40 29.6077 21.9426 63.6112
153.522 161.928 0.170057 0.325674 0.287597 0.0340762 9.76717 9.563
41 29.6077 20.7714 81.7838
153.522 161.928 0.170057 0.325674 0.287597 0.0340762 9.76717 9.563
42 29.6077 20.4881 94.6555
153.522 161.928 0.170057 0.325674 0.287597 0.0340762 9.76717 9.563
43 29.6077 21.1935 88.3527
153.522 161.928 0.170057 0.325674 0.287597 0.0340762 9.76717 9.563
44 29.6077 21.5928 86.6716
153.522 161.928 0.170057 0.325674 0.287597 0.0340762 9.76717 9.563
45 29.6077 21.3647 72.5666
153.522 161.928 0.170057 0.325674 0.287597 0.0340762 9.76717 9.563
46 29.6077 21.8983 78.0819
153.522 161.928 0.170057 0.325674 0.287597 0.0340762 9.76717 9.563
47 29.6077 23.2142 47.1433
153.522 161.928 0.170057 0.325674 0.287597 0.0340762 9.76717 9.563
48 29.6077 21.0823 85.0998
153.522 161.928 0.170057 0.325674 0.287597 0.0340762 9.76717 9.563
49 29.6077 21.9009 69.4505
153.522 161.928 0.170057 0.325674 0.287597 0.0340762 9.76717 9.563
50 29.6077 21.7869 74.4675
153.522 161.928 0.170057 0.325674 0.287597 0.0340762 9.76717 9.563
51 30.2615 22.3042 64.2667
151.561 159.094 0.180022 0.34611 0.296829 0 10 10
52 30.2615 22.1833 63.3091
151.561 159.094 0.180022 0.34611 0.296829 0 10 10
53 30.2615 21.1947 80.6299
151.561 159.094 0.180022 0.34611 0.296829 0 10 10
54 30.2615 21.2275 78.5895
151.561 159.094 0.180022 0.34611 0.296829 0 10 10
55 30.2615 22.1572 69.0076
151.561 159.094 0.180022 0.34611 0.296829 0 10 10
56 30.2615 22.5423 66.7198
151.561 159.094 0.180022 0.34611 0.296829 0 10 10
57 30.2615 23.4691 47.209
151.561 159.094 0.180022 0.34611 0.296829 0 10 10
58 30.2615 22.2854 66.4954
151.561 159.094 0.180022 0.34611 0.296829 0 10 10
59 30.2931 20.6717 85.3125
151.501 158.749 0.177429 0.348688 0.300713 0 9.95955 10
60 30.2931 20.0388 87.5678
151.501 158.749 0.177429 0.348688 0.300713 0 9.95955 10
61 30.2931 20.6963 87.6399
151.501 158.749 0.177429 0.348688 0.300713 0 9.95955 10
62 30.2931 20.0547 84.2029
151.501 158.749 0.177429 0.348688 0.300713 0 9.95955 10
63 30.2931 19.8529 90.7671
151.501 158.749 0.177429 0.348688 0.300713 0 9.95955 10
64 30.2931 21.4793 69.8139
151.501 158.749 0.177429 0.348688 0.300713 0 9.95955 10
65 30.2931 21.2173 80.4539
151.501 158.749 0.177429 0.348688 0.300713 0 9.95955 10
66 30.6741 21.7574 60.7223
151.653 159.042 0.179568 0.347881 0.298568 0.000341532 9.99401 9.99608
67 30.6741 21.8718 71.8489
151.653 159.042 0.179568 0.347881 0.298568 0.000341532 9.99401 9.99608
68 30.6741 22.6827 64.7365
151.653 159.042 0.179568 0.347881 0.298568 0.000341532 9.99401 9.99608
69 30.6741 21.268 87.4339
151.653 159.042 0.179568 0.347881 0.298568 0.000341532 9.99401 9.99608
70 30.6741 21.0613 68.8424
151.653 159.042 0.179568 0.347881 0.298568 0.000341532 9.99401 9.99608
71 30.6741 22.0796 65.6609
151.653 159.042 0.179568 0.347881 0.298568 0.000341532 9.99401 9.99608
72 30.6741 21.2292 64.993
151.653 159.042 0.179568 0.347881 0.298568 0.000341532 9.99401 9.99608
73 30.6741 21.3767 62.502
151.653 159.042 0.179568 0.347881 0.298568 0.000341532 9.99401 9.99608
74 30.6741 21.9465 68.5335
151.653 159.042 0.179568 0.347881 0.298568 0.000341532 9.99401 9.99608
75 30.6741 19.5494 92.6429
151.653 159.042 0.179568 0.347881 0.298568 0.000341532 9.99401 9.99608
76 30.6741 19.5332 111.936
151.653 159.042 0.179568 0.347881 0.298568 0.000341532 9.99401 9.99608
77 30.6741 20.1962 88.7509
151.653 159.042 0.179568 0.347881 0.298568 0.000341532 9.99401 9.99608
78 30.6741 21.7417 69.0395
151.653 159.042 0.179568 0.347881 0.298568 0.000341532 9.99401 9.99608
79 30.6741 19.9784 96.6747
151.653 159.042 0.179568 0.347881 0.298568 0.000341532 9.99401 9.99608
80 30.6741 19.311 105.259
151.653 159.042 0.179568 0.347881 0.298568 0.000341532 9.99401 9.99608
81 30.6741 19.061 101.276
151.653 159.042 0.179568 0.347881 0.298568 0.000341532 9.99401 9.99608
82 30.6741 19.6388 87.3724
151.653 159.042 0.179568 0.347881 0.298568 0.000341532 9.99401 9.99608
83 30.6741 20.5165 94.2872
151.653 159.042 0.179568 0.347881 0.298568 0.000341532 9.99401 9.99608
84 30.6741 21.3768 74.3278
151.653 159.042 0.179568 0.347881 0.298568 0.000341532 9.99401 9.99608
85 30.6741 21.6492 72.8972
151.653 159.042 0.179568 0.347881 0.298568 0.000341532 9.99401 9.99608
86 30.6741 21.3333 73.2769
151.653 159.042 0.179568 0.347881 0.298568 0.000341532 9.99401 9.99608
87 30.6741 22.127 81.4568
151.653 159.042 0.179568 0.347881 0.298568 0.000341532 9.99401 9.99608
88 30.6741 19.5181 102.631
151.653 159.042 0.179568 0.347881 0.298568 0.000341532 9.99401 9.99608
89 30.6741 19.9474 94.4325
151.653 159.042 0.179568 0.347881 0.298568 0.000341532 9.99401 9.99608
90 30.6741 20.9295 89.5799
151.653 159.042 0.179568 0.347881 0.298568 0.000341532 9.99401 9.99608
91 30.6741 20.8648 89.5622
151.653 159.042 0.179568 0.347881 0.298568 0.000341532 9.99401 9.99608
92 30.6741 20.0618 98.7931
151.653 159.042 0.179568 0.347881 0.298568 0.000341532 9.99401 9.99608
93 30.7773 20.3808 101.887
150.479 158.104 0.179144 0.347255 0.306689 0.00109238 9.96819 9.9359
94 30.7773 20.5763 90.0159
150.479 158.104 0.179144 0.347255 0.306689 0.00109238 9.96819 9.9359
95 30.7773 20.8074 96.2204
150.479 158.104 0.179144 0.347255 0.306689 0.00109238 9.96819 9.9359
96 30.7773 20.6042 93.5003
150.479 158.104 0.179144 0.347255 0.306689 0.00109238 9.96819 9.9359
97 30.7773 21.4512 83.1219
150.479 158.104 0.179144 0.347255 0.306689 0.00109238 9.96819 9.9359
98 30.7773 22.0053 79.2575
150.479 158.104 0.179144 0.347255 0.306689 0.00109238 9.96819 9.9359
99 30.7773 22.4516 67.2054
150.479 158.104 0.179144 0.347255 0.306689 0.00109238 9.96819 9.9359
100 30.7773 23.0036 55.5456
150.479 158.104 0.179144 0.347255 0.306689 0.00109238 9.96819 9.9359
