0 7.803 2.00704 4.14924
174.461 103.602 0.0526851 0.397705 0.302879 0.286947 8.74997 5.09864
1 8.81656 2.64302 6.74725
167.171 105.533 0 0.357251 0.304804 0.306426 8.45791 5.43029
2 8.81859 3.28896 7.97075
167.391 105.777 0 0.354418 0.305873 0.304173 8.50072 5.42973
3 8.823 4.07069 9.94377
166.353 105.831 0 0.360112 0.28525 0.316105 8.47996 5.33841
4 8.8558 4.98246 10.4733
173.648 103.126 0 0.34823 0.284589 0.252275 8.71679 4.70123
5 8.8558 5.35931 8.93022
173.648 103.126 0 0.34823 0.284589 0.252275 8.71679 4.70123
6 9.3802 5.53109 9.66476
174.646 104.075 0 0.342255 0.294626 0.234946 8.64084 4.70437
7 15.5943 6.5035 13.0864
130.524 161.709 0.461394 0.345783 0.270871 0.0754272 4.86527 2.73728
8 15.5943 6.51531 14.7807
130.524 161.709 0.461394 0.345783 0.270871 0.0754272 4.86527 2.73728
9 17.6581 7.48404 17.4131
131.009 166.84 0.440118 0.339168 0.290177 0.0207786 5.14842 3.32878
10 17.6581 8.24274 23.2487
131.009 166.84 0.440118 0.339168 0.290177 0.0207786 5.14842 3.32878
11 19.6354 9.58131 30.5124
127.029 154.868 0.475817 0.304491 0.273452 0 4.25306 2.55038
12 19.6618 10.3506 36.9747
127.671 155.14 0.468167 0.30967 0.254359 0 4.12569 2.60223
13 19.6618 11.3243 40.9442
127.671 155.14 0.468167 0.30967 0.254359 0 4.12569 2.60223
14 19.6618 11.2753 42.2167
127.671 155.14 0.468167 0.30967 0.254359 0 4.12569 2.60223
15 20.1987 11.2885 44.0164
128.777 158.998 0.447817 0.288677 0.156173 0 4.38849 2.29932
16 20.1987 11.8594 46.5225
128.777 158.998 0.447817 0.288677 0.156173 0 4.38849 2.29932
17 20.1987 11.8919 47.6358
128.777 158.998 0.447817 0.288677 0.156173 0 4.38849 2.29932
18 20.1987 13.0123 35.7409
128.777 158.998 0.447817 0.288677 0.156173 0 4.38849 2.29932
19 20.1987 13.4928 40.1566
128.777 158.998 0.447817 0.288677 0.156173 0 4.38849 2.29932
20 20.1987 14.7313 31.4002
128.777 158.998 0.447817 0.288677 0.156173 0 4.38849 2.29932
21 20.5772 14.425 40.8327
122.243 159.543 0.484157 0.250709 0.0948344 0 4.62762 2.76907
22 20.5772 14.6707 43.9145
122.243 159.543 0.484157 0.250709 0.0948344 0 4.62762 2.76907
23 21.3765 14.2468 46.8016
112.892 151.328 0.390661 0.315773 0.0846191 0.00966922 3.65871 3.21273
24 21.3765 14.7276 41.1477
112.892 151.328 0.390661 0.315773 0.0846191 0.00966922 3.65871 3.21273
25 21.3765 13.2017 39.2117
112.892 151.328 0.390661 0.315773 0.0846191 0.00966922 3.65871 3.21273
26 21.3765 13.0207 47.2649
112.892 151.328 0.390661 0.315773 0.0846191 0.00966922 3.65871 3.21273
27 21.3765 13.9901 40.5424
112.892 151.328 0.390661 0.315773 0.0846191 0.00966922 3.65871 3.21273
28 21.3765 15.3964 38.2468
112.892 151.328 0.390661 0.315773 0.0846191 0.00966922 3.65871 3.21273
29 21.3765 14.9536 40.4316
112.892 151.328 0.390661 0.315773 0.0846191 0.00966922 3.65871 3.21273
30 21.3765 15.9113 31.5713
112.892 151.328 0.390661 0.315773 0.0846191 0.00966922 3.65871 3.21273
31 21.3765 16.4859 25.48
112.892 151.328 0.390661 0.315773 0.0846191 0.00966922 3.65871 3.21273
32 21.3765 15.9473 30.2681
112.892 151.328 0.390661 0.315773 0.0846191 0.00966922 3.65871 3.21273
33 21.3765 17.0958 24.9719
112.892 151.328 0.390661 0.315773 0.0846191 0.00966922 3.65871 3.21273
34 21.3765 15.9778 34.7656
112.892 151.328 0.390661 0.315773 0.0846191 0.00966922 3.65871 3.21273
35 21.7898 16.7561 31.9055
108.169 147.805 0.417154 0.320642 0 0 3.79955 2.35888
36 21.8226 16.6325 37.6426
108.327 149.619 0.399436 0.30601 0.0351493 0 3.76899 2.80957
37 21.8226 16.3237 34.9882
108.327 149.619 0.399436 0.30601 0.0351493 0 3.76899 2.80957
38 21.8226 16.3092 37.9419
108.327 149.619 0.399436 0.30601 0.0351493 0 3.76899 2.80957
39 21.8226 16.2873 30.6362
108.327 149.619 0.399436 0.30601 0.0351493 0 3.76899 2.80957
40 22.5698 16.7111 30.0373
100 120.57 0.559648 0.272673 0.131339 0 3.31663 2.23212
41 22.5698 16.1615 39.6291
100 120.57 0.559648 0.272673 0.131339 0 3.31663 2.23212
42 22.5698 15.0085 46.8997
100 120.57 0.559648 0.272673 0.131339 0 3.31663 2.23212
43 22.5698 15.1747 43.8431
100 120.57 0.559648 0.272673 0.131339 0 3.31663 2.23212
44 22.5698 15.4269 43.5088
100 120.57 0.559648 0.272673 0.131339 0 3.31663 2.23212
45 22.5698 14.0081 58.1646
100 120.57 0.559648 0.272673 0.131339 0 3.31663 2.23212
46 22.5698 14.1925 56.3289
100 120.57 0.559648 0.272673 0.131339 0 3.31663 2.23212
47 22.5698 15.3165 47.073
100 120.57 0.559648 0.272673 0.131339 0 3.31663 2.23212
48 23.0961 16.1664 52.5827
100 137.788 0.504758 0.215119 0.0368676 0.026132 3.54652 1.46279
49 23.6347 16.1296 50.6891
100 118.245 0.497471 0.254066 0.0870192 0 2.98678 3.06158
50 23.6347 16.1817 58.4689
100 118.245 0.497471 0.254066 0.0870192 0 2.98678 3.06158
51 23.6347 16.0424 53.4904
100 118.245 0.497471 0.254066 0.0870192 0 2.98678 3.06158
52 23.6347 14.4463 41.7226
100 118.245 0.497471 0.254066 0.0870192 0 2.98678 3.06158
53 23.6347 16.5406 39.9018
100 118.245 0.497471 0.254066 0.0870192 0 2.98678 3.06158
54 23.6347 15.795 52.2182
100 118.245 0.497471 0.254066 0.0870192 0 2.98678 3.06158
55 23.6347 15.5686 49.866
100 118.245 0.497471 0.254066 0.0870192 0 2.98678 3.06158
56 23.6347 15.6531 54.7269
100 118.245 0.497471 0.254066 0.0870192 0 2.98678 3.06158
57 23.6347 15.4178 50.4809
100 118.245 0.497471 0.254066 0.0870192 0 2.98678 3.06158
58 23.6347 16.3868 45.3041
100 118.245 0.497471 0.254066 0.0870192 0 2.98678 3.06158
59 23.6347 15.8594 47.1198
100 118.245 0.497471 0.254066 0.0870192 0 2.98678 3.06158
60 23.6374 16.1388 52.9655
100 122.076 0.49729 0.252129 0.0806567 0 3.08772 2.89983
61 23.6374 16.9044 51.2499
100 122.076 0.49729 0.252129 0.0806567 0 3.08772 2.89983
62 23.6374 15.06 63.652
100 122.076 0.49729 0.252129 0.0806567 0 3.08772 2.89983
63 23.6374 15.199 55.7306
100 122.076 0.49729 0.252129 0.0806567 0 3.08772 2.89983
64 23.6374 14.8623 60.3943
100 122.076 0.49729 0.252129 0.0806567 0 3.08772 2.89983
65 23.6374 15.8955 61.7263
100 122.076 0.49729 0.252129 0.0806567 0 3.08772 2.89983
66 23.6374 15.3033 60.184
100 122.076 0.49729 0.252129 0.0806567 0 3.08772 2.89983
67 23.6374 14.1083 67.5924
100 122.076 0.49729 0.252129 0.0806567 0 3.08772 2.89983
68 23.6374 14.6616 64.1628
100 122.076 0.49729 0.252129 0.0806567 0 3.08772 2.89983
69 23.6374 15.9554 63.1255
100 122.076 0.49729 0.252129 0.0806567 0 3.08772 2.89983
70 23.6374 13.5949 67.3476
100 122.076 0.49729 0.252129 0.0806567 0 3.08772 2.89983
71 23.6374 14.4191 68.6112
100 122.076 0.49729 0.252129 0.0806567 0 3.08772 2.89983
72 23.6374 14.0638 70.6349
100 122.076 0.49729 0.252129 0.0806567 0 3.08772 2.89983
73 23.6374 13.452 77.0654
100 122.076 0.49729 0.252129 0.0806567 0 3.08772 2.89983
74 23.6374 13.877 68.3631
100 122.076 0.49729 0.252129 0.0806567 0 3.08772 2.89983
75 23.6374 14.2571 78.953
100 122.076 0.49729 0.252129 0.0806567 0 3.08772 2.89983
76 23.6374 14.1044 63.5354
100 122.076 0.49729 0.252129 0.0806567 0 3.08772 2.89983
77 24.1096 14.5698 62.216
100 121.13 0.513277 0.224387 0.0359426 0.0303651 3.61978 2.14399
78 24.1096 16.5 57.6405
100 121.13 0.513277 0.224387 0.0359426 0.0303651 3.61978 2.14399
79 24.1178 14.2756 64.6657
100.453 122.423 0.508517 0.235612 0.0711196 0.0133665 3.12564 3.07466
80 24.1178 14.8834 62.735
100.453 122.423 0.508517 0.235612 0.0711196 0.0133665 3.12564 3.07466
81 24.1178 15.4837 64.9721
100.453 122.423 0.508517 0.235612 0.0711196 0.0133665 3.12564 3.07466
82 24.1178 15.7063 67.7444
100.453 122.423 0.508517 0.235612 0.0711196 0.0133665 3.12564 3.07466
83 24.1178 16.5694 61.4791
100.453 122.423 0.508517 0.235612 0.0711196 0.0133665 3.12564 3.07466
84 24.1178 16.4861 45.1565
100.453 122.423 0.508517 0.235612 0.0711196 0.0133665 3.12564 3.07466
85 24.1178 15.4213 57.978
100.453 122.423 0.508517 0.235612 0.0711196 0.0133665 3.12564 3.07466
86 24.1178 16.0431 58.0285
100.453 122.423 0.508517 0.235612 0.0711196 0.0133665 3.12564 3.07466
87 24.1178 17.2172 49.4372
100.453 122.423 0.508517 0.235612 0.0711196 0.0133665 3.12564 3.07466
88 24.1178 17.7386 45.9942
100.453 122.423 0.508517 0.235612 0.0711196 0.0133665 3.12564 3.07466
89 24.128 16.7078 46.8539
100.55 121.66 0.516391 0.241194 0.0134022 0.0319267 3.77182 2.16949
90 24.128 16.9374 42.0758
100.55 121.66 0.516391 0.241194 0.0134022 0.0319267 3.77182 2.16949
91 24.128 16.9705 34.5337
100.55 121.66 0.516391 0.241194 0.0134022 0.0319267 3.77182 2.16949
92 24.128 15.6823 54.5137
100.55 121.66 0.516391 0.241194 0.0134022 0.0319267 3.77182 2.16949
93 24.128 15.1484 54.0128
100.55 121.66 0.516391 0.241194 0.0134022 0.0319267 3.77182 2.16949
94 24.128 14.4108 61.358
100.55 121.66 0.516391 0.241194 0.0134022 0.0319267 3.77182 2.16949
95 24.128 14.5641 64.5844
100.55 121.66 0.516391 0.241194 0.0134022 0.0319267 3.77182 2.16949
96 24.128 15.2305 60.1752
100.55 121.66 0.516391 0.241194 0.0134022 0.0319267 3.77182 2.16949
97 24.128 14.9737 55.8954
100.55 121.66 0.516391 0.241194 0.0134022 0.0319267 3.77182 2.16949
98 24.128 14.8896 60.9599
100.55 121.66 0.516391 0.241194 0.0134022 0.0319267 3.77182 2.16949
99 24.128 14.8305 53.523
100.55 121.66 0.516391 0.241194 0.0134022 0.0319267 3.77182 2.16949
100 24.128 13.8038 58.1703
100.55 121.66 0.516391 0.241194 0.0134022 0.0319267 3.77182 2.16949
