0 2.65357 0.642283 0.529125
176.471 186.121 0.801868 0.559549 0.438705 0.00273846 1.61222 5.86258
1 3.64473 0.787905 1.05621
143.497 181.889 0.565629 0.3284 0.857891 0.246928 7.73536 1.63366
2 3.64473 1.00116 1.30504
143.497 181.889 0.565629 0.3284 0.857891 0.246928 7.73536 1.63366
3 3.64473 1.06394 1.44728
143.497 181.889 0.565629 0.3284 0.857891 0.246928 7.73536 1.63366
4 5.33991 1.44993 2.52225
145.75 175.722 0.472408 0.329714 0.83964 0.2626 7.90597 1.63616
5 5.33991 1.70456 3.41032
145.75 175.722 0.472408 0.329714 0.83964 0.2626 7.90597 1.63616
6 5.33991 2.12076 3.76274
145.75 175.722 0.472408 0.329714 0.83964 0.2626 7.90597 1.63616
7 5.34002 1.98339 3.4157
148.888 188.166 0.495642 0.369833 0.90898 0.21452 7.39673 2.10605
8 5.35274 1.81013 3.37971
148.885 187.444 0.499977 0.353025 0.896252 0.193276 7.57544 2.06082
9 5.35274 2.37372 4.26013
148.885 187.444 0.499977 0.353025 0.896252 0.193276 7.57544 2.06082
10 5.35274 2.37383 3.84567
148.885 187.444 0.499977 0.353025 0.896252 0.193276 7.57544 2.06082
11 5.77843 2.45985 3.47542
146.599 189.045 0.511397 0.348217 0.891754 0.189261 7.51545 2.12178
12 5.795 3.45451 3.52628
153.393 184.388 0.526032 0.376245 0.955977 0.222552 7.43046 2.14935
13 5.795 2.44995 3.53456
153.393 184.388 0.526032 0.376245 0.955977 0.222552 7.43046 2.14935
14 5.795 2.7104 3.48077
153.393 184.388 0.526032 0.376245 0.955977 0.222552 7.43046 2.14935
15 6.43589 2.93106 4.32084
157.098 170.182 0.538386 0.387359 0.85748 0.0948677 7.25514 2.18039
16 6.43589 3.10682 4.53344
157.098 170.182 0.538386 0.387359 0.85748 0.0948677 7.25514 2.18039
17 6.43589 3.48003 4.71657
157.098 170.182 0.538386 0.387359 0.85748 0.0948677 7.25514 2.18039
18 6.43589 3.6779 4.08418
157.098 170.182 0.538386 0.387359 0.85748 0.0948677 7.25514 2.18039
19 6.43589 3.91504 3.72797
157.098 170.182 0.538386 0.387359 0.85748 0.0948677 7.25514 2.18039
20 6.85361 3.57985 3.60824
154.99 171.402 0.538327 0.413211 0.858697 0.0824438 7.15763 2.51702
21 6.85361 3.48895 3.76704
154.99 171.402 0.538327 0.413211 0.858697 0.0824438 7.15763 2.51702
22 6.85361 3.53218 4.17132
154.99 171.402 0.538327 0.413211 0.858697 0.0824438 7.15763 2.51702
23 6.85361 3.53742 4.36628
154.99 171.402 0.538327 0.413211 0.858697 0.0824438 7.15763 2.51702
24 6.85361 3.41354 4.05047
154.99 171.402 0.538327 0.413211 0.858697 0.0824438 7.15763 2.51702
25 6.85361 3.26148 3.88339
154.99 171.402 0.538327 0.413211 0.858697 0.0824438 7.15763 2.51702
26 6.85361 3.38854 3.51404
154.99 171.402 0.538327 0.413211 0.858697 0.0824438 7.15763 2.51702
27 6.85361 3.1153 4.57057
154.99 171.402 0.538327 0.413211 0.858697 0.0824438 7.15763 2.51702
28 6.85361 3.25997 4.11536
154.99 171.402 0.538327 0.413211 0.858697 0.0824438 7.15763 2.51702
29 6.85361 3.09184 4.52245
154.99 171.402 0.538327 0.413211 0.858697 0.0824438 7.15763 2.51702
30 6.85361 4.03121 4.49649
154.99 171.402 0.538327 0.413211 0.858697 0.0824438 7.15763 2.51702
31 6.85361 3.93887 3.86961
154.99 171.402 0.538327 0.413211 0.858697 0.0824438 7.15763 2.51702
32 6.85361 3.84166 4.45834
154.99 171.402 0.538327 0.413211 0.858697 0.0824438 7.15763 2.51702
33 6.85361 3.56799 4.4866
154.99 171.402 0.538327 0.413211 0.858697 0.0824438 7.15763 2.51702
34 6.85361 3.0121 4.4924
154.99 171.402 0.538327 0.413211 0.858697 0.0824438 7.15763 2.51702
35 6.85361 2.89238 6.41655
154.99 171.402 0.538327 0.413211 0.858697 0.0824438 7.15763 2.51702
36 6.85361 3.28586 5.40559
154.99 171.402 0.538327 0.413211 0.858697 0.0824438 7.15763 2.51702
37 6.85361 3.19014 5.96217
154.99 171.402 0.538327 0.413211 0.858697 0.0824438 7.15763 2.51702
38 6.85361 2.86982 4.93398
154.99 171.402 0.538327 0.413211 0.858697 0.0824438 7.15763 2.51702
39 6.85361 3.0039 5.78858
154.99 171.402 0.538327 0.413211 0.858697 0.0824438 7.15763 2.51702
40 6.85361 2.90151 4.22934
154.99 171.402 0.538327 0.413211 0.858697 0.0824438 7.15763 2.51702
41 6.85361 3.69853 4.96411
154.99 171.402 0.538327 0.413211 0.858697 0.0824438 7.15763 2.51702
42 6.85361 3.23136 5.08623
154.99 171.402 0.538327 0.413211 0.858697 0.0824438 7.15763 2.51702
43 6.85361 3.77385 5.74542
154.99 171.402 0.538327 0.413211 0.858697 0.0824438 7.15763 2.51702
44 7.82986 4.14092 5.7844
144.392 121.955 0.53393 0.415649 0.651661 0.161393 10 2.8013
45 7.82986 3.81259 4.8813
144.392 121.955 0.53393 0.415649 0.651661 0.161393 10 2.8013
46 7.82986 3.9428 5.83894
144.392 121.955 0.53393 0.415649 0.651661 0.161393 10 2.8013
47 7.82986 4.07202 4.54905
144.392 121.955 0.53393 0.415649 0.651661 0.161393 10 2.8013
48 7.82986 4.11731 4.26736
144.392 121.955 0.53393 0.415649 0.651661 0.161393 10 2.8013
49 7.82986 3.127 5.21274
144.392 121.955 0.53393 0.415649 0.651661 0.161393 10 2.8013
50 7.89443 3.18454 5.59014
143.051 121.17 0.516446 0.379474 0.644611 0.168579 9.74274 2.44778
51 7.89443 3.43902 5.49741
143.051 121.17 0.516446 0.379474 0.644611 0.168579 9.74274 2.44778
52 7.89443 3.70254 6.52756
143.051 121.17 0.516446 0.379474 0.644611 0.168579 9.74274 2.44778
53 7.89443 4.28378 6.80946
143.051 121.17 0.516446 0.379474 0.644611 0.168579 9.74274 2.44778
54 7.89443 3.67859 6.33116
143.051 121.17 0.516446 0.379474 0.644611 0.168579 9.74274 2.44778
55 7.89443 3.26171 6.52738
143.051 121.17 0.516446 0.379474 0.644611 0.168579 9.74274 2.44778
56 7.89561 3.93319 7.36148
142.907 121.058 0.516032 0.378848 0.644325 0.167821 9.74353 2.44721
57 7.89561 4.11971 7.68752
142.907 121.058 0.516032 0.378848 0.644325 0.167821 9.74353 2.44721
58 7.90944 3.98641 7.1846
143.381 122.036 0.523997 0.374455 0.65867 0.17917 9.44403 2.53066
59 7.90944 4.36226 5.81271
143.381 122.036 0.523997 0.374455 0.65867 0.17917 9.44403 2.53066
60 7.90944 4.12658 8.35655
143.381 122.036 0.523997 0.374455 0.65867 0.17917 9.44403 2.53066
61 7.90944 3.95382 6.65254
143.381 122.036 0.523997 0.374455 0.65867 0.17917 9.44403 2.53066
62 7.90944 3.83962 7.56938
143.381 122.036 0.523997 0.374455 0.65867 0.17917 9.44403 2.53066
63 7.90944 4.10997 7.04526
143.381 122.036 0.523997 0.374455 0.65867 0.17917 9.44403 2.53066
64 7.90944 3.94679 7.43768
143.381 122.036 0.523997 0.374455 0.65867 0.17917 9.44403 2.53066
65 7.90944 3.62003 6.46685
143.381 122.036 0.523997 0.374455 0.65867 0.17917 9.44403 2.53066
66 7.90944 3.43644 5.79492
143.381 122.036 0.523997 0.374455 0.65867 0.17917 9.44403 2.53066
67 7.90944 3.30211 5.37101
143.381 122.036 0.523997 0.374455 0.65867 0.17917 9.44403 2.53066
68 7.90944 3.69923 6.87263
143.381 122.036 0.523997 0.374455 0.65867 0.17917 9.44403 2.53066
69 7.90944 3.617 7.40074
143.381 122.036 0.523997 0.374455 0.65867 0.17917 9.44403 2.53066
70 7.90944 3.4982 6.80189
143.381 122.036 0.523997 0.374455 0.65867 0.17917 9.44403 2.53066
71 7.90944 3.57913 6.35858
143.381 122.036 0.523997 0.374455 0.65867 0.17917 9.44403 2.53066
72 7.90944 3.91459 7.73869
143.381 122.036 0.523997 0.374455 0.65867 0.17917 9.44403 2.53066
73 7.90944 4.10942 5.91807
143.381 122.036 0.523997 0.374455 0.65867 0.17917 9.44403 2.53066
74 7.90944 3.91062 6.25207
143.381 122.036 0.523997 0.374455 0.65867 0.17917 9.44403 2.53066
75 7.90944 3.33029 6.73768
143.381 122.036 0.523997 0.374455 0.65867 0.17917 9.44403 2.53066
76 7.90944 3.4126 7.02342
143.381 122.036 0.523997 0.374455 0.65867 0.17917 9.44403 2.53066
77 7.90944 3.64558 7.23739
143.381 122.036 0.523997 0.374455 0.65867 0.17917 9.44403 2.53066
78 7.90944 3.60546 7.39692
143.381 122.036 0.523997 0.374455 0.65867 0.17917 9.44403 2.53066
79 7.90944 3.73948 7.16339
143.381 122.036 0.523997 0.374455 0.65867 0.17917 9.44403 2.53066
80 7.90944 3.68408 6.07496
143.381 122.036 0.523997 0.374455 0.65867 0.17917 9.44403 2.53066
81 7.90944 4.14781 7.08914
143.381 122.036 0.523997 0.374455 0.65867 0.17917 9.44403 2.53066
82 7.90944 3.8322 7.68687
143.381 122.036 0.523997 0.374455 0.65867 0.17917 9.44403 2.53066
83 7.90944 3.86872 6.04107
143.381 122.036 0.523997 0.374455 0.65867 0.17917 9.44403 2.53066
84 7.90944 4.40947 6.72431
143.381 122.036 0.523997 0.374455 0.65867 0.17917 9.44403 2.53066
85 8.39018 4.43308 6.64271
142.183 118.926 0.519856 0.386164 0.662877 0.171841 9.24669 2.55448
86 8.39018 4.01477 6.77954
142.183 118.926 0.519856 0.386164 0.662877 0.171841 9.24669 2.55448
87 8.39018 3.62502 7.92138
142.183 118.926 0.519856 0.386164 0.662877 0.171841 9.24669 2.55448
88 8.39018 3.52317 8.17505
142.183 118.926 0.519856 0.386164 0.662877 0.171841 9.24669 2.55448
89 8.39018 3.35506 7.65182
142.183 118.926 0.519856 0.386164 0.662877 0.171841 9.24669 2.55448
90 8.39018 3.71396 8.26014
142.183 118.926 0.519856 0.386164 0.662877 0.171841 9.24669 2.55448
91 8.39018 3.2576 7.86273
142.183 118.926 0.519856 0.386164 0.662877 0.171841 9.24669 2.55448
92 8.39018 3.71166 8.14119
142.183 118.926 0.519856 0.386164 0.662877 0.171841 9.24669 2.55448
93 8.39018 3.37136 7.26186
142.183 118.926 0.519856 0.386164 0.662877 0.171841 9.24669 2.55448
94 8.39018 3.72288 6.75442
142.183 118.926 0.519856 0.386164 0.662877 0.171841 9.24669 2.55448
95 8.39018 4.14384 7.27503
142.183 118.926 0.519856 0.386164 0.662877 0.171841 9.24669 2.55448
96 8.39018 3.47861 6.21971
142.183 118.926 0.519856 0.386164 0.662877 0.171841 9.24669 2.55448
97 8.39018 3.69312 6.72134
142.183 118.926 0.519856 0.386164 0.662877 0.171841 9.24669 2.55448
98 8.39018 3.93297 6.91696
142.183 118.926 0.519856 0.386164 0.662877 0.171841 9.24669 2.55448
99 8.39018 3.51835 7.93597
142.183 118.926 0.519856 0.386164 0.662877 0.171841 9.24669 2.55448
100 8.39018 3.62048 7.78593
142.183 118.926 0.519856 0.386164 0.662877 0.171841 9.24669 2.55448
