0 20.0786 2.18222 30.8914
176.16 108.179 0.163564 0.515437 0.273273 0.28444 6.12347 1.54167
1 26.1681 4.42786 62.3924
139.539 106.594 0.262245 0.0124246 0.925547 0.165741 5.39475 9.40685
2 26.1681 5.80609 79.0588
139.539 106.594 0.262245 0.0124246 0.925547 0.165741 5.39475 9.40685
3 26.1681 7.63275 94.5632
139.539 106.594 0.262245 0.0124246 0.925547 0.165741 5.39475 9.40685
4 26.1681 9.68389 106.907
139.539 106.594 0.262245 0.0124246 0.925547 0.165741 5.39475 9.40685
5 26.1681 11.1962 116.741
139.539 106.594 0.262245 0.0124246 0.925547 0.165741 5.39475 9.40685
6 26.1681 11.9547 113.706
139.539 106.594 0.262245 0.0124246 0.925547 0.165741 5.39475 9.40685
7 26.1681 11.2129 104.7
139.539 106.594 0.262245 0.0124246 0.925547 0.165741 5.39475 9.40685
8 26.1681 12.432 113.005
139.539 106.594 0.262245 0.0124246 0.925547 0.165741 5.39475 9.40685
9 26.1681 13.6153 114.735
139.539 106.594 0.262245 0.0124246 0.925547 0.165741 5.39475 9.40685
10 26.4878 13.9612 93.748
184.52 140.827 0.17239 0.190367 0.73239 0.0787115 5.8947 5.22806
11 26.4878 14.3589 95.3909
184.52 140.827 0.17239 0.190367 0.73239 0.0787115 5.8947 5.22806
12 26.4878 15.3075 92.937
184.52 140.827 0.17239 0.190367 0.73239 0.0787115 5.8947 5.22806
13 27.0636 16.2711 100.811
181.421 136.563 0.243352 0 0.164358 0.701709 9.18368 3.77163
14 27.0636 16.7811 93.8846
181.421 136.563 0.243352 0 0.164358 0.701709 9.18368 3.77163
15 27.0636 18.9469 68.8494
181.421 136.563 0.243352 0 0.164358 0.701709 9.18368 3.77163
16 27.6465 17.7487 74.1517
191.369 139.509 0.249394 0 0.0564975 0.718359 8.53472 3.18275
17 27.6465 18.2074 63.4892
191.369 139.509 0.249394 0 0.0564975 0.718359 8.53472 3.18275
18 27.6465 17.5367 67.1626
191.369 139.509 0.249394 0 0.0564975 0.718359 8.53472 3.18275
19 27.6465 18.2662 64.8863
191.369 139.509 0.249394 0 0.0564975 0.718359 8.53472 3.18275
20 27.703 18.0482 76.891
191.686 139.614 0.243134 0 0.0550861 0.705929 8.55949 3.13037
21 27.703 17.4683 77.3192
191.686 139.614 0.243134 0 0.0550861 0.705929 8.55949 3.13037
22 27.703 18.4774 73.0844
191.686 139.614 0.243134 0 0.0550861 0.705929 8.55949 3.13037
23 27.703 18.7171 76.4701
191.686 139.614 0.243134 0 0.0550861 0.705929 8.55949 3.13037
24 28.1576 19.3943 85.3749
195.432 129.256 0.26391 0 0 0.745507 8.59448 3.10457
25 28.1576 18.7 80.4703
195.432 129.256 0.26391 0 0 0.745507 8.59448 3.10457
26 28.9619 18.8124 76.6748
189.722 132.118 0.24085 0.00382902 0 0.748221 7.65418 1.88724
27 28.9619 17.9823 72.9374
189.722 132.118 0.24085 0.00382902 0 0.748221 7.65418 1.88724
28 28.9619 16.687 82.8142
189.722 132.118 0.24085 0.00382902 0 0.748221 7.65418 1.88724
29 28.9619 16.7879 87.5636
189.722 132.118 0.24085 0.00382902 0 0.748221 7.65418 1.88724
30 28.9619 16.5933 87.6576
189.722 132.118 0.24085 0.00382902 0 0.748221 7.65418 1.88724
31 28.9619 15.3804 98.4108
189.722 132.118 0.24085 0.00382902 0 0.748221 7.65418 1.88724
32 28.9619 15.0256 84.1747
189.722 132.118 0.24085 0.00382902 0 0.748221 7.65418 1.88724
33 28.9619 16.0476 96.9499
189.722 132.118 0.24085 0.00382902 0 0.748221 7.65418 1.88724
34 30.1242 17.0289 98.8034
189.431 132.56 0.246495 0.00317857 0.0019851 0.750366 7.63936 1.91542
35 30.1242 17.684 83.1378
189.431 132.56 0.246495 0.00317857 0.0019851 0.750366 7.63936 1.91542
36 30.1242 16.8715 92.143
189.431 132.56 0.246495 0.00317857 0.0019851 0.750366 7.63936 1.91542
37 30.1242 17.0487 92.2012
189.431 132.56 0.246495 0.00317857 0.0019851 0.750366 7.63936 1.91542
38 30.1242 16.734 99.7451
189.431 132.56 0.246495 0.00317857 0.0019851 0.750366 7.63936 1.91542
39 30.1242 17.1151 91.4684
189.431 132.56 0.246495 0.00317857 0.0019851 0.750366 7.63936 1.91542
40 31.9708 16.9637 92.019
187.855 155.447 0.257109 0 0 0.682577 6.39354 3.21413
41 31.9708 17.532 94.3303
187.855 155.447 0.257109 0 0 0.682577 6.39354 3.21413
42 31.9708 17.8287 82.047
187.855 155.447 0.257109 0 0 0.682577 6.39354 3.21413
43 31.9708 18.1297 95.6288
187.855 155.447 0.257109 0 0 0.682577 6.39354 3.21413
44 31.9708 18.7391 96.0848
187.855 155.447 0.257109 0 0 0.682577 6.39354 3.21413
45 31.9708 19.3076 89.3122
187.855 155.447 0.257109 0 0 0.682577 6.39354 3.21413
46 31.9708 19.1759 103.981
187.855 155.447 0.257109 0 0 0.682577 6.39354 3.21413
47 31.9708 19.1905 102.296
187.855 155.447 0.257109 0 0 0.682577 6.39354 3.21413
48 31.9708 18.8097 102.382
187.855 155.447 0.257109 0 0 0.682577 6.39354 3.21413
49 31.9708 18.4764 100.479
187.855 155.447 0.257109 0 0 0.682577 6.39354 3.21413
50 32.1071 18.2816 113.158
182.354 152.564 0.251412 0 0.0124695 0.709291 6.40597 2.9905
51 32.1071 17.789 116.713
182.354 152.564 0.251412 0 0.0124695 0.709291 6.40597 2.9905
52 32.1865 18.4935 108.387
187.85 155.425 0.256885 0.000464595 0 0.682541 6.39021 3.2077
53 32.2182 18.5478 102.706
182.286 152.628 0.251357 0 0.012748 0.710141 6.3987 2.98825
54 32.2182 18.1592 101.517
182.286 152.628 0.251357 0 0.012748 0.710141 6.3987 2.98825
55 32.2223 18.7483 100.144
187.639 155.489 0.257196 0 0.00173726 0.681685 6.39895 3.22929
56 32.2223 17.4602 119.385
187.639 155.489 0.257196 0 0.00173726 0.681685 6.39895 3.22929
57 32.2223 18.2646 115.892
187.639 155.489 0.257196 0 0.00173726 0.681685 6.39895 3.22929
58 32.2223 18.7706 89.3458
187.639 155.489 0.257196 0 0.00173726 0.681685 6.39895 3.22929
59 32.2223 19.6012 102.977
187.639 155.489 0.257196 0 0.00173726 0.681685 6.39895 3.22929
60 32.2223 18.2775 121.467
187.639 155.489 0.257196 0 0.00173726 0.681685 6.39895 3.22929
61 32.2223 17.6931 112.013
187.639 155.489 0.257196 0 0.00173726 0.681685 6.39895 3.22929
62 32.2573 18.2426 122.27
187.817 155.431 0.256704 0.000544479 0.000166582 0.682452 6.38717 3.20794
63 32.2573 17.5392 128.868
187.817 155.431 0.256704 0.000544479 0.000166582 0.682452 6.38717 3.20794
64 32.2573 16.5857 111.849
187.817 155.431 0.256704 0.000544479 0.000166582 0.682452 6.38717 3.20794
65 32.2573 16.5864 109.444
187.817 155.431 0.256704 0.000544479 0.000166582 0.682452 6.38717 3.20794
66 32.2573 17.7698 108.391
187.817 155.431 0.256704 0.000544479 0.000166582 0.682452 6.38717 3.20794
67 32.2573 18.7872 117.268
187.817 155.431 0.256704 0.000544479 0.000166582 0.682452 6.38717 3.20794
68 32.2573 18.781 105.781
187.817 155.431 0.256704 0.000544479 0.000166582 0.682452 6.38717 3.20794
69 32.2573 17.8938 108.145
187.817 155.431 0.256704 0.000544479 0.000166582 0.682452 6.38717 3.20794
70 32.2573 17.1643 102.463
187.817 155.431 0.256704 0.000544479 0.000166582 0.682452 6.38717 3.20794
71 32.2573 16.8955 108.341
187.817 155.431 0.256704 0.000544479 0.000166582 0.682452 6.38717 3.20794
72 32.2573 17.4642 110.45
187.817 155.431 0.256704 0.000544479 0.000166582 0.682452 6.38717 3.20794
73 32.2573 18.8816 108.856
187.817 155.431 0.256704 0.000544479 0.000166582 0.682452 6.38717 3.20794
74 32.2573 17.2537 124.905
187.817 155.431 0.256704 0.000544479 0.000166582 0.682452 6.38717 3.20794
75 32.2573 17.4406 123.895
187.817 155.431 0.256704 0.000544479 0.000166582 0.682452 6.38717 3.20794
76 32.2573 17.5696 121.901
187.817 155.431 0.256704 0.000544479 0.000166582 0.682452 6.38717 3.20794
77 32.2573 18.0245 124.601
187.817 155.431 0.256704 0.000544479 0.000166582 0.682452 6.38717 3.20794
78 32.2573 19.3661 109.379
187.817 155.431 0.256704 0.000544479 0.000166582 0.682452 6.38717 3.20794
79 32.2573 18.7446 105.873
187.817 155.431 0.256704 0.000544479 0.000166582 0.682452 6.38717 3.20794
80 32.2573 17.3434 117.485
187.817 155.431 0.256704 0.000544479 0.000166582 0.682452 6.38717 3.20794
81 32.2573 17.5277 109.115
187.817 155.431 0.256704 0.000544479 0.000166582 0.682452 6.38717 3.20794
82 32.2573 17.6221 102.522
187.817 155.431 0.256704 0.000544479 0.000166582 0.682452 6.38717 3.20794
83 32.2573 16.0763 130.103
187.817 155.431 0.256704 0.000544479 0.000166582 0.682452 6.38717 3.20794
84 32.3203 16.3019 127.897
182.293 152.619 0.251727 0.000153919 0.0125313 0.710313 6.39988 2.98854
85 32.3203 16.4733 132.382
182.293 152.619 0.251727 0.000153919 0.0125313 0.710313 6.39988 2.98854
86 32.3203 17.1661 132.082
182.293 152.619 0.251727 0.000153919 0.0125313 0.710313 6.39988 2.98854
87 32.3203 16.0471 131.49
182.293 152.619 0.251727 0.000153919 0.0125313 0.710313 6.39988 2.98854
88 32.3203 17.2388 124.27
182.293 152.619 0.251727 0.000153919 0.0125313 0.710313 6.39988 2.98854
89 32.3203 17.3688 115.883
182.293 152.619 0.251727 0.000153919 0.0125313 0.710313 6.39988 2.98854
90 32.3203 17.8639 109.159
182.293 152.619 0.251727 0.000153919 0.0125313 0.710313 6.39988 2.98854
91 32.3203 18.9855 118.991
182.293 152.619 0.251727 0.000153919 0.0125313 0.710313 6.39988 2.98854
92 32.42 17.3603 126.018
187.368 155.396 0.256399 0 0 0.68609 6.38107 3.18914
93 32.42 18.2311 123.542
187.368 155.396 0.256399 0 0 0.68609 6.38107 3.18914
94 32.42 17.3556 111.927
187.368 155.396 0.256399 0 0 0.68609 6.38107 3.18914
95 32.42 17.0879 128.835
187.368 155.396 0.256399 0 0 0.68609 6.38107 3.18914
96 32.42 16.5055 135.566
187.368 155.396 0.256399 0 0 0.68609 6.38107 3.18914
97 32.42 14.4807 128.812
187.368 155.396 0.256399 0 0 0.68609 6.38107 3.18914
98 32.42 14.5382 147.899
187.368 155.396 0.256399 0 0 0.68609 6.38107 3.18914
99 32.42 14.2918 138.353
187.368 155.396 0.256399 0 0 0.68609 6.38107 3.18914
100 32.42 16.1526 135.269
187.368 155.396 0.256399 0 0 0.68609 6.38107 3.18914
