0 11.5144 1.01054 7.78591
178.188 130.007 0.0438215 0.0570061 0.91236 0.22899 9.11622 7.47587
1 11.5144 1.87352 13.9904
178.188 130.007 0.0438215 0.0570061 0.91236 0.22899 9.11622 7.47587
2 17.4331 3.29199 29.2473
172.688 127.604 0.0397371 0.0886151 0.891237 0.305496 8.91622 7.41439
3 17.4331 4.47951 37.2563
172.688 127.604 0.0397371 0.0886151 0.891237 0.305496 8.91622 7.41439
4 17.4331 4.94769 42.0428
172.688 127.604 0.0397371 0.0886151 0.891237 0.305496 8.91622 7.41439
5 17.8053 6.45664 59.8843
172.201 132.966 0.00126507 0.209508 0.924894 0.324755 9.21745 6.64424
6 17.8053 6.67731 52.8297
172.201 132.966 0.00126507 0.209508 0.924894 0.324755 9.21745 6.64424
7 17.8053 8.09778 44.0234
172.201 132.966 0.00126507 0.209508 0.924894 0.324755 9.21745 6.64424
8 17.8053 8.0458 52.4634
172.201 132.966 0.00126507 0.209508 0.924894 0.324755 9.21745 6.64424
9 17.8053 8.45899 45.1199
172.201 132.966 0.00126507 0.209508 0.924894 0.324755 9.21745 6.64424
10 17.8053 9.20208 44.5964
172.201 132.966 0.00126507 0.209508 0.924894 0.324755 9.21745 6.64424
11 18.8481 10.4787 42.7118
117.842 166.567 0.00390368 0.0913139 0.87297 0.752456 7.78265 4.13947
12 18.8481 11.8355 38.8089
117.842 166.567 0.00390368 0.0913139 0.87297 0.752456 7.78265 4.13947
13 21.5174 10.498 42.1795
189.597 149.248 0.059051 0.259525 0.744319 0.0270181 8.04042 8.04075
14 21.5174 9.46644 51.3953
189.597 149.248 0.059051 0.259525 0.744319 0.0270181 8.04042 8.04075
15 24.5335 10.1276 74.1274
193.165 111.214 0.10631 0.00853105 0.442469 0.683848 9.5592 6.60588
16 24.5335 9.41437 79.7942
193.165 111.214 0.10631 0.00853105 0.442469 0.683848 9.5592 6.60588
17 24.5335 11.3278 99.6537
193.165 111.214 0.10631 0.00853105 0.442469 0.683848 9.5592 6.60588
18 25.9161 12.5715 108.636
162.555 108.012 0.0265461 0.247947 0.592856 0.213999 6.15683 8.55114
19 25.9161 11.7529 87.8088
162.555 108.012 0.0265461 0.247947 0.592856 0.213999 6.15683 8.55114
20 25.9161 11.2213 76.185
162.555 108.012 0.0265461 0.247947 0.592856 0.213999 6.15683 8.55114
21 26.1071 13.5799 97.4639
163.692 109.443 0.00746507 0.259736 0.631992 0.243101 5.5809 8.96307
22 26.1071 13.0073 85.1334
163.692 109.443 0.00746507 0.259736 0.631992 0.243101 5.5809 8.96307
23 26.1071 11.306 102.814
163.692 109.443 0.00746507 0.259736 0.631992 0.243101 5.5809 8.96307
24 26.1071 13.5512 100.185
163.692 109.443 0.00746507 0.259736 0.631992 0.243101 5.5809 8.96307
25 26.2149 12.4047 107.291
158.349 107.864 0.0065715 0.254071 0.553588 0.178942 5.78085 8.33231
26 26.2149 11.805 86.2546
158.349 107.864 0.0065715 0.254071 0.553588 0.178942 5.78085 8.33231
27 26.2149 14.4558 102.473
158.349 107.864 0.0065715 0.254071 0.553588 0.178942 5.78085 8.33231
28 26.2149 14.526 109.626
158.349 107.864 0.0065715 0.254071 0.553588 0.178942 5.78085 8.33231
29 26.2149 16.1352 100.17
158.349 107.864 0.0065715 0.254071 0.553588 0.178942 5.78085 8.33231
30 26.2149 13.1984 126.268
158.349 107.864 0.0065715 0.254071 0.553588 0.178942 5.78085 8.33231
31 26.2149 12.1871 101.047
158.349 107.864 0.0065715 0.254071 0.553588 0.178942 5.78085 8.33231
32 26.2149 15.1146 112.981
158.349 107.864 0.0065715 0.254071 0.553588 0.178942 5.78085 8.33231
33 26.2149 14.1524 101.918
158.349 107.864 0.0065715 0.254071 0.553588 0.178942 5.78085 8.33231
34 26.2149 14.8722 108.873
158.349 107.864 0.0065715 0.254071 0.553588 0.178942 5.78085 8.33231
35 26.2149 12.8664 97.9886
158.349 107.864 0.0065715 0.254071 0.553588 0.178942 5.78085 8.33231
36 26.2149 12.5902 76.228
158.349 107.864 0.0065715 0.254071 0.553588 0.178942 5.78085 8.33231
37 26.2149 18.3182 71.2344
158.349 107.864 0.0065715 0.254071 0.553588 0.178942 5.78085 8.33231
38 26.2149 18.6078 76.2754
158.349 107.864 0.0065715 0.254071 0.553588 0.178942 5.78085 8.33231
39 26.4168 15.4334 110.125
161.669 100 0.00947759 0.335595 0.429204 0 6.648 8.76967
40 26.4168 19.8595 89.6275
161.669 100 0.00947759 0.335595 0.429204 0 6.648 8.76967
41 26.4168 16.4756 88.6801
161.669 100 0.00947759 0.335595 0.429204 0 6.648 8.76967
42 26.9658 15.3774 101.147
162.122 100.764 0.00389879 0.311673 0.432818 0.0038648 6.81254 8.40474
43 26.9658 16.6796 93.6563
162.122 100.764 0.00389879 0.311673 0.432818 0.0038648 6.81254 8.40474
44 27.4684 17.0736 114.258
137.797 109.315 0.00205766 0.188271 0.443389 0.128339 6.44604 6.67193
45 27.4684 20.2175 73.8471
137.797 109.315 0.00205766 0.188271 0.443389 0.128339 6.44604 6.67193
46 27.4684 18.9745 71.9417
137.797 109.315 0.00205766 0.188271 0.443389 0.128339 6.44604 6.67193
47 27.4684 22.316 48.7495
137.797 109.315 0.00205766 0.188271 0.443389 0.128339 6.44604 6.67193
48 27.4684 21.7844 57.5443
137.797 109.315 0.00205766 0.188271 0.443389 0.128339 6.44604 6.67193
49 27.4684 22.0691 36.2273
137.797 109.315 0.00205766 0.188271 0.443389 0.128339 6.44604 6.67193
50 27.4684 21.2078 56.0042
137.797 109.315 0.00205766 0.188271 0.443389 0.128339 6.44604 6.67193
51 27.4684 18.737 76.7623
137.797 109.315 0.00205766 0.188271 0.443389 0.128339 6.44604 6.67193
52 27.4684 19.3802 88.0746
137.797 109.315 0.00205766 0.188271 0.443389 0.128339 6.44604 6.67193
53 27.4684 17.2892 107.559
137.797 109.315 0.00205766 0.188271 0.443389 0.128339 6.44604 6.67193
54 28.912 16.4895 109.188
133.483 112.196 0.000921973 0.186031 0.438662 0.0512618 6.38476 6.41697
55 28.912 16.7817 102.028
133.483 112.196 0.000921973 0.186031 0.438662 0.0512618 6.38476 6.41697
56 28.912 20.4334 91.0304
133.483 112.196 0.000921973 0.186031 0.438662 0.0512618 6.38476 6.41697
57 28.912 16.1803 96.9516
133.483 112.196 0.000921973 0.186031 0.438662 0.0512618 6.38476 6.41697
58 28.912 18.5794 100.857
133.483 112.196 0.000921973 0.186031 0.438662 0.0512618 6.38476 6.41697
59 28.912 15.1586 117.09
133.483 112.196 0.000921973 0.186031 0.438662 0.0512618 6.38476 6.41697
60 28.912 19.5643 72.3418
133.483 112.196 0.000921973 0.186031 0.438662 0.0512618 6.38476 6.41697
61 28.912 19.5259 81.6571
133.483 112.196 0.000921973 0.186031 0.438662 0.0512618 6.38476 6.41697
62 28.912 18.1003 109.477
133.483 112.196 0.000921973 0.186031 0.438662 0.0512618 6.38476 6.41697
63 28.912 18.9101 104.136
133.483 112.196 0.000921973 0.186031 0.438662 0.0512618 6.38476 6.41697
64 28.912 20.6445 84.0726
133.483 112.196 0.000921973 0.186031 0.438662 0.0512618 6.38476 6.41697
65 28.912 17.0047 116.493
133.483 112.196 0.000921973 0.186031 0.438662 0.0512618 6.38476 6.41697
66 28.912 13.9764 107.613
133.483 112.196 0.000921973 0.186031 0.438662 0.0512618 6.38476 6.41697
67 28.912 15.7787 116.809
133.483 112.196 0.000921973 0.186031 0.438662 0.0512618 6.38476 6.41697
68 28.912 13.8883 113.84
133.483 112.196 0.000921973 0.186031 0.438662 0.0512618 6.38476 6.41697
69 28.912 16.9255 104.287
133.483 112.196 0.000921973 0.186031 0.438662 0.0512618 6.38476 6.41697
70 28.912 16.5787 112.517
133.483 112.196 0.000921973 0.186031 0.438662 0.0512618 6.38476 6.41697
71 28.912 16.8786 121.789
133.483 112.196 0.000921973 0.186031 0.438662 0.0512618 6.38476 6.41697
72 28.912 16.9355 121.533
133.483 112.196 0.000921973 0.186031 0.438662 0.0512618 6.38476 6.41697
73 28.912 17.7657 116.323
133.483 112.196 0.000921973 0.186031 0.438662 0.0512618 6.38476 6.41697
74 28.912 16.1078 134.457
133.483 112.196 0.000921973 0.186031 0.438662 0.0512618 6.38476 6.41697
75 28.912 17.807 113.107
133.483 112.196 0.000921973 0.186031 0.438662 0.0512618 6.38476 6.41697
76 28.912 18.5912 99.0693
133.483 112.196 0.000921973 0.186031 0.438662 0.0512618 6.38476 6.41697
77 28.912 18.7111 107.46
133.483 112.196 0.000921973 0.186031 0.438662 0.0512618 6.38476 6.41697
78 28.912 20.3383 92.8821
133.483 112.196 0.000921973 0.186031 0.438662 0.0512618 6.38476 6.41697
79 29.1208 16.5277 136.607
131.268 110.059 0.000942663 0.192042 0.415701 0.0121133 6.07944 6.30149
80 29.1208 19.7779 97.1649
131.268 110.059 0.000942663 0.192042 0.415701 0.0121133 6.07944 6.30149
81 29.1208 15.2895 126.408
131.268 110.059 0.000942663 0.192042 0.415701 0.0121133 6.07944 6.30149
82 29.1208 15.1517 127.533
131.268 110.059 0.000942663 0.192042 0.415701 0.0121133 6.07944 6.30149
83 29.1208 16.6567 121.123
131.268 110.059 0.000942663 0.192042 0.415701 0.0121133 6.07944 6.30149
84 29.1208 17.1195 114.545
131.268 110.059 0.000942663 0.192042 0.415701 0.0121133 6.07944 6.30149
85 29.1208 21.5436 69.7431
131.268 110.059 0.000942663 0.192042 0.415701 0.0121133 6.07944 6.30149
86 29.1208 20.266 91.6781
131.268 110.059 0.000942663 0.192042 0.415701 0.0121133 6.07944 6.30149
87 29.1208 16.4983 101.388
131.268 110.059 0.000942663 0.192042 0.415701 0.0121133 6.07944 6.30149
88 29.1208 20.878 88.7282
131.268 110.059 0.000942663 0.192042 0.415701 0.0121133 6.07944 6.30149
89 29.1208 22.2325 65.8555
131.268 110.059 0.000942663 0.192042 0.415701 0.0121133 6.07944 6.30149
90 29.1208 21.0595 83.879
131.268 110.059 0.000942663 0.192042 0.415701 0.0121133 6.07944 6.30149
91 29.1208 21.9176 58.3102
131.268 110.059 0.000942663 0.192042 0.415701 0.0121133 6.07944 6.30149
92 29.1208 23.9312 26.6744
131.268 110.059 0.000942663 0.192042 0.415701 0.0121133 6.07944 6.30149
93 29.1208 19.3405 94.8488
131.268 110.059 0.000942663 0.192042 0.415701 0.0121133 6.07944 6.30149
94 29.1208 21.9791 71.6135
131.268 110.059 0.000942663 0.192042 0.415701 0.0121133 6.07944 6.30149
95 29.1208 21.5442 70.6402
131.268 110.059 0.000942663 0.192042 0.415701 0.0121133 6.07944 6.30149
96 29.1208 17.0473 99.775
131.268 110.059 0.000942663 0.192042 0.415701 0.0121133 6.07944 6.30149
97 29.1208 17.8717 89.0232
131.268 110.059 0.000942663 0.192042 0.415701 0.0121133 6.07944 6.30149
98 29.1208 17.2861 114.835
131.268 110.059 0.000942663 0.192042 0.415701 0.0121133 6.07944 6.30149
99 29.1208 19.3179 94.5284
131.268 110.059 0.000942663 0.192042 0.415701 0.0121133 6.07944 6.30149
100 29.1208 16.1412 123.637
131.268 110.059 0.000942663 0.192042 0.415701 0.0121133 6.07944 6.30149
