0 4.22995 0.822521 1.28617
124.884 191.434 0.121777 0.254465 0.798035 0.0491942 2.9549 2.96103
1 16.1421 1.63172 10.7199
156.458 178.096 0.306937 0.154445 0.0768984 0.0246227 2.67548 8.10333
2 16.1421 2.44917 13.9272
156.458 178.096 0.306937 0.154445 0.0768984 0.0246227 2.67548 8.10333
3 16.1421 3.00149 19.7877
156.458 178.096 0.306937 0.154445 0.0768984 0.0246227 2.67548 8.10333
4 16.1421 4.20652 24.3448
156.458 178.096 0.306937 0.154445 0.0768984 0.0246227 2.67548 8.10333
5 16.1421 5.16427 32.6209
156.458 178.096 0.306937 0.154445 0.0768984 0.0246227 2.67548 8.10333
6 16.6461 5.94931 39.4069
153.662 176.44 0.29592 0.178924 0.157334 0.0391919 3.6065 8.25351
7 18.7123 6.93712 44.2444
145.428 186.519 0.355817 0.253889 0.0627078 0 1.55026 9.27189
8 18.7123 7.20292 47.7204
145.428 186.519 0.355817 0.253889 0.0627078 0 1.55026 9.27189
9 18.7123 7.50725 43.7928
145.428 186.519 0.355817 0.253889 0.0627078 0 1.55026 9.27189
10 18.7123 7.83391 52.7627
145.428 186.519 0.355817 0.253889 0.0627078 0 1.55026 9.27189
11 18.7123 8.85169 52.4316
145.428 186.519 0.355817 0.253889 0.0627078 0 1.55026 9.27189
12 18.7123 8.87307 54.654
145.428 186.519 0.355817 0.253889 0.0627078 0 1.55026 9.27189
13 18.7123 9.0588 50.3053
145.428 186.519 0.355817 0.253889 0.0627078 0 1.55026 9.27189
14 19.0408 9.09231 57.5646
125.613 168.761 0.329575 0.340238 0 0.0260719 0 8.19943
15 19.0408 9.41891 63.7617
125.613 168.761 0.329575 0.340238 0 0.0260719 0 8.19943
16 19.0408 10.3172 64.0967
125.613 168.761 0.329575 0.340238 0 0.0260719 0 8.19943
17 19.0408 10.3708 63.6776
125.613 168.761 0.329575 0.340238 0 0.0260719 0 8.19943
18 19.9957 11.3741 60.0143
120.771 170.103 0.332537 0.377632 0.0139825 0 0.0986956 8.01081
19 19.9957 12.0419 62.0598
120.771 170.103 0.332537 0.377632 0.0139825 0 0.0986956 8.01081
20 20.6054 11.7555 61.0182
117.041 162.248 0.326942 0.329324 0.0113701 0 0 7.82471
21 20.6054 12.0542 62.1792
117.041 162.248 0.326942 0.329324 0.0113701 0 0 7.82471
22 20.6054 12.1062 62.8633
117.041 162.248 0.326942 0.329324 0.0113701 0 0 7.82471
23 20.6054 11.9357 67.548
117.041 162.248 0.326942 0.329324 0.0113701 0 0 7.82471
24 21.2785 12.0222 76.999
115.579 170.449 0.411041 0.235862 0 0 2.21489 7.75895
25 21.2785 10.6569 73.723
115.579 170.449 0.411041 0.235862 0 0 2.21489 7.75895
26 21.2785 9.44471 83.9188
115.579 170.449 0.411041 0.235862 0 0 2.21489 7.75895
27 21.4412 8.8627 80.0931
105.584 178.346 0.35888 0.375846 0 0 0 7.03605
28 21.4412 8.40624 67.9823
105.584 178.346 0.35888 0.375846 0 0 0 7.03605
29 21.4412 7.52381 77.7386
105.584 178.346 0.35888 0.375846 0 0 0 7.03605
30 21.9798 7.73589 78.2462
106.866 171.225 0.375376 0.35869 0 0.00114826 0 6.89738
31 21.9798 8.04505 67.1436
106.866 171.225 0.375376 0.35869 0 0.00114826 0 6.89738
32 21.9798 9.76816 81.6744
106.866 171.225 0.375376 0.35869 0 0.00114826 0 6.89738
33 21.9798 9.26397 81.9997
106.866 171.225 0.375376 0.35869 0 0.00114826 0 6.89738
34 21.9798 10.5978 73.4486
106.866 171.225 0.375376 0.35869 0 0.00114826 0 6.89738
35 24.6271 11.2316 91.4932
100 109.73 0.34906 0.216722 0.0247165 0.22956 0 5.19158
36 25.1651 12.8909 87.4197
100 110.307 0.354446 0.209045 0.0252966 0.227239 0.0496576 5.1628
37 25.1651 13.6262 83.0839
100 110.307 0.354446 0.209045 0.0252966 0.227239 0.0496576 5.1628
38 25.1651 13.8036 77.1617
100 110.307 0.354446 0.209045 0.0252966 0.227239 0.0496576 5.1628
39 25.1651 13.2317 82.8264
100 110.307 0.354446 0.209045 0.0252966 0.227239 0.0496576 5.1628
40 25.1651 12.7887 88.6398
100 110.307 0.354446 0.209045 0.0252966 0.227239 0.0496576 5.1628
41 25.1651 10.6478 89.7147
100 110.307 0.354446 0.209045 0.0252966 0.227239 0.0496576 5.1628
42 25.1651 12.0365 101.897
100 110.307 0.354446 0.209045 0.0252966 0.227239 0.0496576 5.1628
43 26.0912 9.70455 107.782
100 111.874 0.365412 0.205272 0.0256543 0.234727 0.00398786 5.28992
44 26.1223 11.0462 120.082
100 109.219 0.363499 0.215984 0.0185855 0.232409 0 5.01316
45 26.1223 11.8685 116.122
100 109.219 0.363499 0.215984 0.0185855 0.232409 0 5.01316
46 26.1223 12.8187 118.908
100 109.219 0.363499 0.215984 0.0185855 0.232409 0 5.01316
47 26.1223 13.2842 105.145
100 109.219 0.363499 0.215984 0.0185855 0.232409 0 5.01316
48 26.1223 11.8219 97.6236
100 109.219 0.363499 0.215984 0.0185855 0.232409 0 5.01316
49 26.1223 10.4972 103.731
100 109.219 0.363499 0.215984 0.0185855 0.232409 0 5.01316
50 26.1223 11.2364 94.2305
100 109.219 0.363499 0.215984 0.0185855 0.232409 0 5.01316
51 26.1264 11.5077 99.1029
100.017 109.296 0.363266 0.215638 0.0180934 0.232986 0 5.01153
52 26.1264 13.5667 109.905
100.017 109.296 0.363266 0.215638 0.0180934 0.232986 0 5.01153
53 26.1264 13.8075 98.3121
100.017 109.296 0.363266 0.215638 0.0180934 0.232986 0 5.01153
54 26.1264 15.3063 92.3382
100.017 109.296 0.363266 0.215638 0.0180934 0.232986 0 5.01153
55 26.1264 14.316 90.3933
100.017 109.296 0.363266 0.215638 0.0180934 0.232986 0 5.01153
56 26.1264 14.7498 94.1981
100.017 109.296 0.363266 0.215638 0.0180934 0.232986 0 5.01153
57 26.1264 13.3542 94.7183
100.017 109.296 0.363266 0.215638 0.0180934 0.232986 0 5.01153
58 26.1264 13.9424 108.451
100.017 109.296 0.363266 0.215638 0.0180934 0.232986 0 5.01153
59 26.1264 14.4066 96.7614
100.017 109.296 0.363266 0.215638 0.0180934 0.232986 0 5.01153
60 26.1264 15.4538 98.1084
100.017 109.296 0.363266 0.215638 0.0180934 0.232986 0 5.01153
61 26.1939 15.5338 103.221
100 109.935 0.358799 0.187709 0.0127383 0.229001 0 4.9654
62 26.1939 15.1736 94.4423
100 109.935 0.358799 0.187709 0.0127383 0.229001 0 4.9654
63 26.1939 13.682 97.0092
100 109.935 0.358799 0.187709 0.0127383 0.229001 0 4.9654
64 26.1939 13.3929 93.9887
100 109.935 0.358799 0.187709 0.0127383 0.229001 0 4.9654
65 26.1939 14.2224 84.5013
100 109.935 0.358799 0.187709 0.0127383 0.229001 0 4.9654
66 26.1939 15.7051 91.5171
100 109.935 0.358799 0.187709 0.0127383 0.229001 0 4.9654
67 26.1939 13.8146 87.8899
100 109.935 0.358799 0.187709 0.0127383 0.229001 0 4.9654
68 26.1939 12.5429 106.671
100 109.935 0.358799 0.187709 0.0127383 0.229001 0 4.9654
69 26.1939 13.884 98.3403
100 109.935 0.358799 0.187709 0.0127383 0.229001 0 4.9654
70 26.1939 12.6296 88.9042
100 109.935 0.358799 0.187709 0.0127383 0.229001 0 4.9654
71 26.1939 11.3648 80.7401
100 109.935 0.358799 0.187709 0.0127383 0.229001 0 4.9654
72 26.1939 10.4681 82.8315
100 109.935 0.358799 0.187709 0.0127383 0.229001 0 4.9654
73 26.1939 11.0512 105.452
100 109.935 0.358799 0.187709 0.0127383 0.229001 0 4.9654
74 26.1939 9.82218 105.263
100 109.935 0.358799 0.187709 0.0127383 0.229001 0 4.9654
75 26.1939 13.5212 102.607
100 109.935 0.358799 0.187709 0.0127383 0.229001 0 4.9654
76 26.2293 12.3066 115.582
104.269 105.277 0.366859 0.209175 0 0.152512 0.080445 4.69955
77 26.2293 10.2797 95.0784
104.269 105.277 0.366859 0.209175 0 0.152512 0.080445 4.69955
78 26.2293 11.0329 94.2292
104.269 105.277 0.366859 0.209175 0 0.152512 0.080445 4.69955
79 26.2293 12.8972 102.012
104.269 105.277 0.366859 0.209175 0 0.152512 0.080445 4.69955
80 26.2293 11.3103 99.9723
104.269 105.277 0.366859 0.209175 0 0.152512 0.080445 4.69955
81 26.2293 11.9785 100.047
104.269 105.277 0.366859 0.209175 0 0.152512 0.080445 4.69955
82 26.2293 12.9242 115.578
104.269 105.277 0.366859 0.209175 0 0.152512 0.080445 4.69955
83 26.2293 13.7044 124.508
104.269 105.277 0.366859 0.209175 0 0.152512 0.080445 4.69955
84 26.2293 13.3661 121.976
104.269 105.277 0.366859 0.209175 0 0.152512 0.080445 4.69955
85 26.2293 12.8965 98.5875
104.269 105.277 0.366859 0.209175 0 0.152512 0.080445 4.69955
86 26.2293 14.497 115.475
104.269 105.277 0.366859 0.209175 0 0.152512 0.080445 4.69955
87 26.2293 14.4977 112.277
104.269 105.277 0.366859 0.209175 0 0.152512 0.080445 4.69955
88 26.2293 15.3544 93.5445
104.269 105.277 0.366859 0.209175 0 0.152512 0.080445 4.69955
89 26.2293 16.6157 74.9287
104.269 105.277 0.366859 0.209175 0 0.152512 0.080445 4.69955
90 26.2293 15.4997 87.759
104.269 105.277 0.366859 0.209175 0 0.152512 0.080445 4.69955
91 26.2293 13.9716 97.2885
104.269 105.277 0.366859 0.209175 0 0.152512 0.080445 4.69955
92 26.2293 14.6658 97.038
104.269 105.277 0.366859 0.209175 0 0.152512 0.080445 4.69955
93 26.2293 14.391 108.778
104.269 105.277 0.366859 0.209175 0 0.152512 0.080445 4.69955
94 26.2293 14.7811 101.746
104.269 105.277 0.366859 0.209175 0 0.152512 0.080445 4.69955
95 26.2293 15.0738 110.617
104.269 105.277 0.366859 0.209175 0 0.152512 0.080445 4.69955
96 26.2293 15.2487 96.459
104.269 105.277 0.366859 0.209175 0 0.152512 0.080445 4.69955
97 26.2293 13.2837 106.545
104.269 105.277 0.366859 0.209175 0 0.152512 0.080445 4.69955
98 26.2293 13.3313 116.748
104.269 105.277 0.366859 0.209175 0 0.152512 0.080445 4.69955
99 26.2293 12.6026 107.145
104.269 105.277 0.366859 0.209175 0 0.152512 0.080445 4.69955
100 26.2293 12.1262 117.836
104.269 105.277 0.366859 0.209175 0 0.152512 0.080445 4.69955
