0 2.88037 0.600838 1.14988
142.279 150.303 0.12895 0.509555 0.0176102 0.739836 8.55889 4.80901
1 7.21469 1.03267 3.4688
107.683 144.642 0 0.390818 0.851263 0.0582895 0.0408181 5.33396
2 7.21469 1.38931 4.41785
107.683 144.642 0 0.390818 0.851263 0.0582895 0.0408181 5.33396
3 7.23082 1.89114 6.74068
123.939 157.135 0.00175135 0.365778 1 0.417208 4.73293 7.85742
4 8.76091 2.39643 8.16076
107.542 144.559 0.00381667 0.383041 0.858388 0.0555584 0 5.47337
5 8.76091 3.19661 8.70488
107.542 144.559 0.00381667 0.383041 0.858388 0.0555584 0 5.47337
6 11.5987 3.4874 10.2554
106.562 144.836 0.000107744 0.372681 0.858322 0.0395348 0 5.5813
7 11.5987 3.13954 9.82644
106.562 144.836 0.000107744 0.372681 0.858322 0.0395348 0 5.5813
8 11.5987 2.99544 9.3221
106.562 144.836 0.000107744 0.372681 0.858322 0.0395348 0 5.5813
9 11.5987 3.05362 8.61919
106.562 144.836 0.000107744 0.372681 0.858322 0.0395348 0 5.5813
10 11.5987 2.75743 9.47949
106.562 144.836 0.000107744 0.372681 0.858322 0.0395348 0 5.5813
11 11.5987 3.26362 10.7528
106.562 144.836 0.000107744 0.372681 0.858322 0.0395348 0 5.5813
12 11.6189 4.0593 14.9223
107.803 145.551 0.000316416 0.381032 0.856348 0.052696 0.0682301 5.67825
13 11.6189 3.78006 16.8708
107.803 145.551 0.000316416 0.381032 0.856348 0.052696 0.0682301 5.67825
14 11.6189 2.76308 13.5881
107.803 145.551 0.000316416 0.381032 0.856348 0.052696 0.0682301 5.67825
15 11.6189 3.05786 14.0574
107.803 145.551 0.000316416 0.381032 0.856348 0.052696 0.0682301 5.67825
16 11.6189 2.77556 16.5477
107.803 145.551 0.000316416 0.381032 0.856348 0.052696 0.0682301 5.67825
17 11.6189 3.64262 14.9589
107.803 145.551 0.000316416 0.381032 0.856348 0.052696 0.0682301 5.67825
18 11.6189 4.20692 13.0421
107.803 145.551 0.000316416 0.381032 0.856348 0.052696 0.0682301 5.67825
19 11.6189 3.843 11.7513
107.803 145.551 0.000316416 0.381032 0.856348 0.052696 0.0682301 5.67825
20 11.6189 3.62684 11.6059
107.803 145.551 0.000316416 0.381032 0.856348 0.052696 0.0682301 5.67825
21 11.6189 3.47845 11.5643
107.803 145.551 0.000316416 0.381032 0.856348 0.052696 0.0682301 5.67825
22 11.6189 2.98363 13.9293
107.803 145.551 0.000316416 0.381032 0.856348 0.052696 0.0682301 5.67825
23 11.6189 3.42126 17.4567
107.803 145.551 0.000316416 0.381032 0.856348 0.052696 0.0682301 5.67825
24 11.6189 4.2148 13.8593
107.803 145.551 0.000316416 0.381032 0.856348 0.052696 0.0682301 5.67825
25 11.6189 3.99521 14.4377
107.803 145.551 0.000316416 0.381032 0.856348 0.052696 0.0682301 5.67825
26 11.6189 4.4011 11.818
107.803 145.551 0.000316416 0.381032 0.856348 0.052696 0.0682301 5.67825
27 11.6189 3.03873 13.4258
107.803 145.551 0.000316416 0.381032 0.856348 0.052696 0.0682301 5.67825
28 11.6189 3.3243 11.4813
107.803 145.551 0.000316416 0.381032 0.856348 0.052696 0.0682301 5.67825
29 11.6189 2.90338 12.3612
107.803 145.551 0.000316416 0.381032 0.856348 0.052696 0.0682301 5.67825
30 11.6189 3.41462 13.5769
107.803 145.551 0.000316416 0.381032 0.856348 0.052696 0.0682301 5.67825
31 11.6189 3.12829 12.8725
107.803 145.551 0.000316416 0.381032 0.856348 0.052696 0.0682301 5.67825
32 11.6189 3.11886 12.6967
107.803 145.551 0.000316416 0.381032 0.856348 0.052696 0.0682301 5.67825
33 11.6189 3.54812 14.2092
107.803 145.551 0.000316416 0.381032 0.856348 0.052696 0.0682301 5.67825
34 11.6189 2.54422 12.1295
107.803 145.551 0.000316416 0.381032 0.856348 0.052696 0.0682301 5.67825
35 11.6189 3.33958 13.244
107.803 145.551 0.000316416 0.381032 0.856348 0.052696 0.0682301 5.67825
36 11.6189 3.91314 12.7934
107.803 145.551 0.000316416 0.381032 0.856348 0.052696 0.0682301 5.67825
37 11.6189 3.97932 13.2175
107.803 145.551 0.000316416 0.381032 0.856348 0.052696 0.0682301 5.67825
38 11.6394 3.77225 17.7691
109.468 133.046 2.32367e-05 0.361944 0.807797 0.00357686 0.244705 5.63358
39 11.6394 3.48947 16.8841
109.468 133.046 2.32367e-05 0.361944 0.807797 0.00357686 0.244705 5.63358
40 11.6394 3.55015 16.6728
109.468 133.046 2.32367e-05 0.361944 0.807797 0.00357686 0.244705 5.63358
41 11.6394 3.33827 16.5765
109.468 133.046 2.32367e-05 0.361944 0.807797 0.00357686 0.244705 5.63358
42 11.6394 3.27274 13.5025
109.468 133.046 2.32367e-05 0.361944 0.807797 0.00357686 0.244705 5.63358
43 11.6394 2.62497 17.5211
109.468 133.046 2.32367e-05 0.361944 0.807797 0.00357686 0.244705 5.63358
44 11.6394 3.05207 15.918
109.468 133.046 2.32367e-05 0.361944 0.807797 0.00357686 0.244705 5.63358
45 11.6394 2.61636 11.4391
109.468 133.046 2.32367e-05 0.361944 0.807797 0.00357686 0.244705 5.63358
46 11.6394 2.10724 12.5342
109.468 133.046 2.32367e-05 0.361944 0.807797 0.00357686 0.244705 5.63358
47 11.6394 3.40256 12.2283
109.468 133.046 2.32367e-05 0.361944 0.807797 0.00357686 0.244705 5.63358
48 11.6394 3.12217 11.8248
109.468 133.046 2.32367e-05 0.361944 0.807797 0.00357686 0.244705 5.63358
49 11.6394 3.27765 13.9786
109.468 133.046 2.32367e-05 0.361944 0.807797 0.00357686 0.244705 5.63358
50 11.6394 2.62511 12.534
109.468 133.046 2.32367e-05 0.361944 0.807797 0.00357686 0.244705 5.63358
51 11.6394 2.76483 13.0773
109.468 133.046 2.32367e-05 0.361944 0.807797 0.00357686 0.244705 5.63358
52 11.6394 2.69079 13.1074
109.468 133.046 2.32367e-05 0.361944 0.807797 0.00357686 0.244705 5.63358
53 11.6394 3.04554 13.0509
109.468 133.046 2.32367e-05 0.361944 0.807797 0.00357686 0.244705 5.63358
54 11.6394 3.33494 13.9247
109.468 133.046 2.32367e-05 0.361944 0.807797 0.00357686 0.244705 5.63358
55 11.6394 2.90329 12.1843
109.468 133.046 2.32367e-05 0.361944 0.807797 0.00357686 0.244705 5.63358
56 11.6483 2.76336 15.7618
109.47 133.043 2.55988e-05 0.361966 0.807776 0.00356596 0.24462 5.63376
57 11.6483 2.75986 12.6234
109.47 133.043 2.55988e-05 0.361966 0.807776 0.00356596 0.24462 5.63376
58 11.6483 2.6907 13.6043
109.47 133.043 2.55988e-05 0.361966 0.807776 0.00356596 0.24462 5.63376
59 11.6483 3.34207 15.5281
109.47 133.043 2.55988e-05 0.361966 0.807776 0.00356596 0.24462 5.63376
60 11.6483 2.91032 14.3731
109.47 133.043 2.55988e-05 0.361966 0.807776 0.00356596 0.24462 5.63376
61 11.6483 2.97527 13.1686
109.47 133.043 2.55988e-05 0.361966 0.807776 0.00356596 0.24462 5.63376
62 11.6483 3.05369 15.2762
109.47 133.043 2.55988e-05 0.361966 0.807776 0.00356596 0.24462 5.63376
63 11.6483 2.46867 13.1121
109.47 133.043 2.55988e-05 0.361966 0.807776 0.00356596 0.24462 5.63376
64 11.6483 2.75983 15.4419
109.47 133.043 2.55988e-05 0.361966 0.807776 0.00356596 0.24462 5.63376
65 11.6483 3.11831 15.9946
109.47 133.043 2.55988e-05 0.361966 0.807776 0.00356596 0.24462 5.63376
66 11.6483 3.26701 15.7264
109.47 133.043 2.55988e-05 0.361966 0.807776 0.00356596 0.24462 5.63376
67 11.6483 3.76287 14.4987
109.47 133.043 2.55988e-05 0.361966 0.807776 0.00356596 0.24462 5.63376
68 11.6483 3.76863 14.9481
109.47 133.043 2.55988e-05 0.361966 0.807776 0.00356596 0.24462 5.63376
69 11.6483 3.34559 13.1195
109.47 133.043 2.55988e-05 0.361966 0.807776 0.00356596 0.24462 5.63376
70 11.654 3.92167 17.5504
110.129 133.105 0.000761197 0.362391 0.815708 0 0.27641 5.63421
71 11.654 3.04696 12.6162
110.129 133.105 0.000761197 0.362391 0.815708 0 0.27641 5.63421
72 11.654 2.69215 14.0025
110.129 133.105 0.000761197 0.362391 0.815708 0 0.27641 5.63421
73 11.654 3.19694 14.2749
110.129 133.105 0.000761197 0.362391 0.815708 0 0.27641 5.63421
74 11.654 3.91086 14.6251
110.129 133.105 0.000761197 0.362391 0.815708 0 0.27641 5.63421
75 11.654 3.26656 12.3891
110.129 133.105 0.000761197 0.362391 0.815708 0 0.27641 5.63421
76 11.654 3.20058 12.9851
110.129 133.105 0.000761197 0.362391 0.815708 0 0.27641 5.63421
77 11.654 3.56814 16.5431
110.129 133.105 0.000761197 0.362391 0.815708 0 0.27641 5.63421
78 11.654 2.98649 13.2189
110.129 133.105 0.000761197 0.362391 0.815708 0 0.27641 5.63421
79 11.654 3.14146 13.1344
110.129 133.105 0.000761197 0.362391 0.815708 0 0.27641 5.63421
80 11.654 3.62685 11.911
110.129 133.105 0.000761197 0.362391 0.815708 0 0.27641 5.63421
81 11.654 3.32803 12.2615
110.129 133.105 0.000761197 0.362391 0.815708 0 0.27641 5.63421
82 11.654 3.62155 15.707
110.129 133.105 0.000761197 0.362391 0.815708 0 0.27641 5.63421
83 11.654 3.69549 14.4792
110.129 133.105 0.000761197 0.362391 0.815708 0 0.27641 5.63421
84 11.654 3.69234 14.0515
110.129 133.105 0.000761197 0.362391 0.815708 0 0.27641 5.63421
85 11.654 3.47963 14.6997
110.129 133.105 0.000761197 0.362391 0.815708 0 0.27641 5.63421
86 11.654 3.26058 13.7345
110.129 133.105 0.000761197 0.362391 0.815708 0 0.27641 5.63421
87 11.654 3.91838 18.7936
110.129 133.105 0.000761197 0.362391 0.815708 0 0.27641 5.63421
88 11.654 3.19642 14.5814
110.129 133.105 0.000761197 0.362391 0.815708 0 0.27641 5.63421
89 11.654 2.83879 14.9281
110.129 133.105 0.000761197 0.362391 0.815708 0 0.27641 5.63421
90 11.654 2.90487 14.186
110.129 133.105 0.000761197 0.362391 0.815708 0 0.27641 5.63421
91 11.654 2.68868 14.2427
110.129 133.105 0.000761197 0.362391 0.815708 0 0.27641 5.63421
92 11.654 2.46925 12.9101
110.129 133.105 0.000761197 0.362391 0.815708 0 0.27641 5.63421
93 11.654 2.61276 13.2128
110.129 133.105 0.000761197 0.362391 0.815708 0 0.27641 5.63421
94 11.654 2.40758 12.7235
110.129 133.105 0.000761197 0.362391 0.815708 0 0.27641 5.63421
95 11.654 2.83781 13.4345
110.129 133.105 0.000761197 0.362391 0.815708 0 0.27641 5.63421
96 11.654 3.26809 14.4249
110.129 133.105 0.000761197 0.362391 0.815708 0 0.27641 5.63421
97 11.654 3.78309 15.6161
110.129 133.105 0.000761197 0.362391 0.815708 0 0.27641 5.63421
98 11.654 2.97865 14.703
110.129 133.105 0.000761197 0.362391 0.815708 0 0.27641 5.63421
99 11.654 3.35136 18.1545
110.129 133.105 0.000761197 0.362391 0.815708 0 0.27641 5.63421
100 11.654 2.91576 15.5584
110.129 133.105 0.000761197 0.362391 0.815708 0 0.27641 5.63421
