0 24.2734 3.14445 56.7852
140.553 135.541 0.152824 0.502322 0.228353 0.161791 5.32729 9.1066
1 25.7228 6.15012 96.9612
133.606 140.126 0.101088 0.466703 0.248972 0.157667 5.24274 9.05401
2 25.8368 8.30159 125.434
137.387 138.843 0.116927 0.43412 0.276074 0.155878 5.26186 8.84544
3 25.8368 8.83428 145.069
137.387 138.843 0.116927 0.43412 0.276074 0.155878 5.26186 8.84544
4 26.2528 11.1408 149.601
142.923 132.691 0.149881 0.344895 0.404618 0 4.33833 9.18369
5 26.2727 11.2844 155.72
140.482 130.688 0.154311 0.335483 0.407041 0 4.50299 8.82524
6 26.3595 10.4591 132.242
141.864 131.744 0.140722 0.340388 0.431994 0.00475945 4.47803 9.01433
7 26.3595 13.5079 126.432
141.864 131.744 0.140722 0.340388 0.431994 0.00475945 4.47803 9.01433
8 26.8132 16.485 146.518
141.471 134.8 0.138322 0.317948 0.381963 0 5.04545 8.81844
9 26.8132 16.5083 144.703
141.471 134.8 0.138322 0.317948 0.381963 0 5.04545 8.81844
10 26.9649 15.4072 155.145
138.833 120.187 0.193219 0.34526 0.223209 0 5.75969 9.28612
11 28.2678 12.5596 143.307
138.584 114.987 0.130453 0.363159 0.162697 0 5.61024 10
12 28.2678 13.5699 150.205
138.584 114.987 0.130453 0.363159 0.162697 0 5.61024 10
13 28.2678 15.669 124.014
138.584 114.987 0.130453 0.363159 0.162697 0 5.61024 10
14 28.2678 16.8987 112.426
138.584 114.987 0.130453 0.363159 0.162697 0 5.61024 10
15 28.2678 14.0437 137.582
138.584 114.987 0.130453 0.363159 0.162697 0 5.61024 10
16 28.2678 13.0701 135.777
138.584 114.987 0.130453 0.363159 0.162697 0 5.61024 10
17 28.4092 18.4994 135.982
116.5 103.337 0.152975 0.340896 0 0.064659 4.69916 9.96004
18 28.4092 16.2279 153.176
116.5 103.337 0.152975 0.340896 0 0.064659 4.69916 9.96004
19 28.4092 17.3095 149.799
116.5 103.337 0.152975 0.340896 0 0.064659 4.69916 9.96004
20 28.4092 16.0057 153.279
116.5 103.337 0.152975 0.340896 0 0.064659 4.69916 9.96004
21 28.4092 18.4904 111.883
116.5 103.337 0.152975 0.340896 0 0.064659 4.69916 9.96004
22 28.4092 17.5454 141.738
116.5 103.337 0.152975 0.340896 0 0.064659 4.69916 9.96004
23 28.4092 22.9798 63.6154
116.5 103.337 0.152975 0.340896 0 0.064659 4.69916 9.96004
24 28.4092 21.7253 72.3094
116.5 103.337 0.152975 0.340896 0 0.064659 4.69916 9.96004
25 28.4092 20.9678 87.7543
116.5 103.337 0.152975 0.340896 0 0.064659 4.69916 9.96004
26 28.4092 14.5503 166.526
116.5 103.337 0.152975 0.340896 0 0.064659 4.69916 9.96004
27 28.4092 17.5378 143.851
116.5 103.337 0.152975 0.340896 0 0.064659 4.69916 9.96004
28 28.4092 19.5745 108.221
116.5 103.337 0.152975 0.340896 0 0.064659 4.69916 9.96004
29 28.4092 14.674 149.761
116.5 103.337 0.152975 0.340896 0 0.064659 4.69916 9.96004
30 28.4092 13.7765 152.887
116.5 103.337 0.152975 0.340896 0 0.064659 4.69916 9.96004
31 28.4092 16.043 145.062
116.5 103.337 0.152975 0.340896 0 0.064659 4.69916 9.96004
32 28.4092 16.7136 142.829
116.5 103.337 0.152975 0.340896 0 0.064659 4.69916 9.96004
33 28.4092 14.658 156.028
116.5 103.337 0.152975 0.340896 0 0.064659 4.69916 9.96004
34 28.4092 16.1458 150.42
116.5 103.337 0.152975 0.340896 0 0.064659 4.69916 9.96004
35 28.4092 15.1291 153.318
116.5 103.337 0.152975 0.340896 0 0.064659 4.69916 9.96004
36 28.4092 17.5856 144.813
116.5 103.337 0.152975 0.340896 0 0.064659 4.69916 9.96004
37 28.4092 16.1068 147.215
116.5 103.337 0.152975 0.340896 0 0.064659 4.69916 9.96004
38 28.4092 15.1372 155.192
116.5 103.337 0.152975 0.340896 0 0.064659 4.69916 9.96004
39 28.4092 14.4748 155.857
116.5 103.337 0.152975 0.340896 0 0.064659 4.69916 9.96004
40 28.9174 15.3107 153.367
139.904 115.218 0.131906 0.356656 0.164051 0.00251914 5.54674 9.9639
41 28.9174 18.5532 133.916
139.904 115.218 0.131906 0.356656 0.164051 0.00251914 5.54674 9.9639
42 28.9399 17.7934 133.252
139.666 115.302 0.126475 0.355503 0.160521 0.00226472 5.60603 9.93815
43 28.9399 16.287 126.493
139.666 115.302 0.126475 0.355503 0.160521 0.00226472 5.60603 9.93815
44 28.9399 15.9886 136.964
139.666 115.302 0.126475 0.355503 0.160521 0.00226472 5.60603 9.93815
45 28.9399 17.7099 118.835
139.666 115.302 0.126475 0.355503 0.160521 0.00226472 5.60603 9.93815
46 28.9399 17.3682 135.099
139.666 115.302 0.126475 0.355503 0.160521 0.00226472 5.60603 9.93815
47 28.9399 16.201 138.09
139.666 115.302 0.126475 0.355503 0.160521 0.00226472 5.60603 9.93815
48 28.9982 14.8872 147.021
138.932 115.645 0.129578 0.358442 0.163631 0 5.52629 9.87301
49 28.9982 18.3794 114.959
138.932 115.645 0.129578 0.358442 0.163631 0 5.52629 9.87301
50 28.9982 19.4903 124.53
138.932 115.645 0.129578 0.358442 0.163631 0 5.52629 9.87301
51 28.9982 18.3219 96.7778
138.932 115.645 0.129578 0.358442 0.163631 0 5.52629 9.87301
52 28.9982 22.7671 60.2458
138.932 115.645 0.129578 0.358442 0.163631 0 5.52629 9.87301
53 28.9982 20.0048 100.559
138.932 115.645 0.129578 0.358442 0.163631 0 5.52629 9.87301
54 28.9982 21.2938 107.575
138.932 115.645 0.129578 0.358442 0.163631 0 5.52629 9.87301
55 28.9982 20.7447 100.76
138.932 115.645 0.129578 0.358442 0.163631 0 5.52629 9.87301
56 28.9982 18.3323 125.788
138.932 115.645 0.129578 0.358442 0.163631 0 5.52629 9.87301
57 28.9982 19.634 115.02
138.932 115.645 0.129578 0.358442 0.163631 0 5.52629 9.87301
58 28.9982 18.7055 125.61
138.932 115.645 0.129578 0.358442 0.163631 0 5.52629 9.87301
59 28.9982 15.5347 163.218
138.932 115.645 0.129578 0.358442 0.163631 0 5.52629 9.87301
60 28.9982 13.5281 139.596
138.932 115.645 0.129578 0.358442 0.163631 0 5.52629 9.87301
61 28.9982 15.031 140.612
138.932 115.645 0.129578 0.358442 0.163631 0 5.52629 9.87301
62 28.9982 15.0452 127.994
138.932 115.645 0.129578 0.358442 0.163631 0 5.52629 9.87301
63 28.9982 18.9921 121.306
138.932 115.645 0.129578 0.358442 0.163631 0 5.52629 9.87301
64 28.9982 19.2058 112.509
138.932 115.645 0.129578 0.358442 0.163631 0 5.52629 9.87301
65 28.9982 21.1672 105.253
138.932 115.645 0.129578 0.358442 0.163631 0 5.52629 9.87301
66 28.9982 22.8293 46.5281
138.932 115.645 0.129578 0.358442 0.163631 0 5.52629 9.87301
67 28.9982 21.39 98.8474
138.932 115.645 0.129578 0.358442 0.163631 0 5.52629 9.87301
68 29.0717 20.0636 114.05
110.324 136.717 0.1762 0.105466 0.0480403 0.403142 5.72272 4.64617
69 29.0717 19.2166 132.426
110.324 136.717 0.1762 0.105466 0.0480403 0.403142 5.72272 4.64617
70 29.0717 19.6158 125.487
110.324 136.717 0.1762 0.105466 0.0480403 0.403142 5.72272 4.64617
71 29.0717 20.0288 118.503
110.324 136.717 0.1762 0.105466 0.0480403 0.403142 5.72272 4.64617
72 29.0717 17.0599 156.139
110.324 136.717 0.1762 0.105466 0.0480403 0.403142 5.72272 4.64617
73 29.0717 21.0013 100.183
110.324 136.717 0.1762 0.105466 0.0480403 0.403142 5.72272 4.64617
74 29.0717 19.6935 126.597
110.324 136.717 0.1762 0.105466 0.0480403 0.403142 5.72272 4.64617
75 29.0717 21.5007 105.643
110.324 136.717 0.1762 0.105466 0.0480403 0.403142 5.72272 4.64617
76 29.0717 20.5942 124.835
110.324 136.717 0.1762 0.105466 0.0480403 0.403142 5.72272 4.64617
77 29.0717 22.9297 62.8131
110.324 136.717 0.1762 0.105466 0.0480403 0.403142 5.72272 4.64617
78 29.0717 20.9477 111.645
110.324 136.717 0.1762 0.105466 0.0480403 0.403142 5.72272 4.64617
79 29.0717 21.6199 98.0725
110.324 136.717 0.1762 0.105466 0.0480403 0.403142 5.72272 4.64617
80 29.0717 19.7125 124.801
110.324 136.717 0.1762 0.105466 0.0480403 0.403142 5.72272 4.64617
81 29.0717 19.0915 131.389
110.324 136.717 0.1762 0.105466 0.0480403 0.403142 5.72272 4.64617
82 29.0717 15.966 161.661
110.324 136.717 0.1762 0.105466 0.0480403 0.403142 5.72272 4.64617
83 29.0717 17.8131 134.811
110.324 136.717 0.1762 0.105466 0.0480403 0.403142 5.72272 4.64617
84 29.0717 15.2257 152.475
110.324 136.717 0.1762 0.105466 0.0480403 0.403142 5.72272 4.64617
85 29.0717 19.2982 143.725
110.324 136.717 0.1762 0.105466 0.0480403 0.403142 5.72272 4.64617
86 29.0717 18.0288 150.968
110.324 136.717 0.1762 0.105466 0.0480403 0.403142 5.72272 4.64617
87 29.0717 16.6347 157.919
110.324 136.717 0.1762 0.105466 0.0480403 0.403142 5.72272 4.64617
88 29.0717 15.399 151.352
110.324 136.717 0.1762 0.105466 0.0480403 0.403142 5.72272 4.64617
89 29.0717 16.6158 153.095
110.324 136.717 0.1762 0.105466 0.0480403 0.403142 5.72272 4.64617
90 29.0717 18.7807 129.749
110.324 136.717 0.1762 0.105466 0.0480403 0.403142 5.72272 4.64617
91 29.0717 19.2268 116.854
110.324 136.717 0.1762 0.105466 0.0480403 0.403142 5.72272 4.64617
92 29.0717 18.7614 131.135
110.324 136.717 0.1762 0.105466 0.0480403 0.403142 5.72272 4.64617
93 29.0717 17.3825 147.539
110.324 136.717 0.1762 0.105466 0.0480403 0.403142 5.72272 4.64617
94 29.0717 20.6015 114.393
110.324 136.717 0.1762 0.105466 0.0480403 0.403142 5.72272 4.64617
95 29.0717 20.8816 89.3139
110.324 136.717 0.1762 0.105466 0.0480403 0.403142 5.72272 4.64617
96 29.0717 20.3072 122.095
110.324 136.717 0.1762 0.105466 0.0480403 0.403142 5.72272 4.64617
97 29.0717 20.3079 115.739
110.324 136.717 0.1762 0.105466 0.0480403 0.403142 5.72272 4.64617
98 29.0717 20.8108 108.741
110.324 136.717 0.1762 0.105466 0.0480403 0.403142 5.72272 4.64617
99 29.0717 20.9988 114.54
110.324 136.717 0.1762 0.105466 0.0480403 0.403142 5.72272 4.64617
100 29.0717 20.1905 123.577
110.324 136.717 0.1762 0.105466 0.0480403 0.403142 5.72272 4.64617
