1
-1 -1 -1 -0.840803 -0.205835 -0.594505 1 -0.925966 0.948917 1 0.840339 -0.816707 -0.440064 0.924724 0.783454
0.1 0.1 0.1 -13.4529 -3.29336 -9.51209 16 -14.8155 15.1827 16 13.4454 -13.0673 -7.04103 14.7956 12.5353
2.65787 11.5155 2.65441

2
0.420975 -1 -1 0.943265 -0.23327 -0.391632 -0.0269621 -0.667841 0.628505 0.662677 0.821756 -1 -0.0603228 1 0.562132
1.44993 0.1 0.1 15.0922 -3.73232 -6.26611 -0.431393 -10.6855 10.0561 10.6028 13.1481 -16 -0.965164 16 8.99411
1.32105 5.06381 1.31744

3
-0.215426 -1 -1 0.0520412 -0.646007 -0.323021 0.512683 -0.232356 0.573996 0.153721 0.711442 -0.98693 -0.949143 0.989129 0.940533
0.845345 0.1 0.1 0.832659 -10.3361 -5.16833 8.20293 -3.71769 9.18393 2.45953 11.3831 -15.7909 -15.1863 15.8261 15.0485
1.49407 11.5429 1.49007

4
-1 -1 -1 -0.0509439 0.0513793 0.537251 0.506562 -1 -0.46979 0.766033 0.442412 -0.97473 -0.995434 0.427341 0.300892
0.1 0.1 0.1 -0.815103 0.822068 8.59601 8.10499 -16 -7.51664 12.2565 7.07859 -15.5957 -15.9269 6.83746 4.81427
2.02299 9.3036 2.01898

5
-1 -1 0.239356 -0.142665 0.0874143 0.963278 0.734502 1 0.415197 -1 0.852059 -0.197608 0.302037 -0.973458 -0.278201
0.1 0.1 1.27739 -2.28263 1.39863 15.4124 11.752 16 6.64315 -16 13.6329 -3.16173 4.83258 -15.5753 -4.45122
1.30802 4.60468 1.30767

6
-1 -1 -1 -0.194938 -0.189814 -0.413454 0.929169 -1 0.984078 0.527964 0.947513 -0.673869 -0.967854 0.576152 0.394085
0.1 0.1 0.1 -3.119 -3.03702 -6.61526 14.8667 -16 15.7453 8.44742 15.1602 -10.7819 -15.4857 9.21843 6.30537
2.57548 8.83035 2.57548

7
-0.332346 -1 -1 0.519203 0.0243842 -0.476597 -0.914132 -1 0.895945 0.699969 0.362692 -0.79166 -0.81202 1 0.734917
0.734272 0.1 0.1 8.30725 0.390148 -7.62556 -14.6261 -16 14.3351 11.1995 5.80308 -12.6666 -12.9923 16 11.7587
1.86087 11.2709 1.34567

8
0.993689 -1 -1 -0.450553 -0.897796 0.0877757 -1 0.846253 -0.321082 0.195957 0.669132 -1 -0.931571 1 0.74907
1.994 0.1 0.1 -7.20885 -14.3647 1.40441 -16 13.5401 -5.13732 3.13532 10.7061 -16 -14.9051 16 11.9851
1.323 4.7893 1.31922

9
-0.999496 -1 -0.395781 -0.35269 -0.00316576 0.927894 0.771778 -1 0.522405 0.989026 0.746755 -1 -0.928551 0.203395 -0.773341
0.100479 0.1 0.674008 -5.64304 -0.0506521 14.8463 12.3484 -16 8.35848 15.8244 11.9481 -16 -14.8568 3.25431 -12.3735
1.6125 7.46115 1.61316

10
-1 -1 -0.385274 -0.117343 -0.262137 0.115276 0.870303 1 -0.892316 -0.972681 0.604312 0.234798 0.494729 -1 0.386492
0.1 0.1 0.68399 -1.87749 -4.19418 1.84442 13.9248 16 -14.277 -15.5629 9.66899 3.75676 7.91566 -16 6.18388
1.59774 11.2953 1.59718

11
-1 -1 -0.242512 0.768221 -0.0583671 0.495718 0.187267 0.525073 -1 -1 0.494301 0.629325 -0.557846 -1 -0.0292143
0.1 0.1 0.819614 12.2915 -0.933874 7.93149 2.99627 8.40116 -16 -16 7.90882 10.0692 -8.92553 -16 -0.467429
1.03828 6.2862 1.03882

12
-0.995927 -0.99215 -1 0.172265 -0.390452 -0.450154 0.233754 -0.816233 1 0.898961 0.946988 -1 -1 0.667734 0.835243
0.103869 0.107457 0.1 2.75624 -6.24723 -7.20247 3.74007 -13.0597 16 14.3834 15.1518 -16 -16 10.6838 13.3639
2.65985 7.51061 2.65625

13
-1 -1 -1 -0.189233 -0.0245565 0.914537 0.030415 -0.960863 -0.634638 1 0.314357 -0.978079 -0.733827 0.895452 0.050072
0.1 0.1 0.1 -3.02773 -0.392905 14.6326 0.48664 -15.3738 -10.1542 16 5.02971 -15.6493 -11.7412 14.3272 0.801153
2.37476 8.87121 2.37115

14
-1 0.670481 -0.989135 -0.34577 0.164467 -0.64031 1 -0.967863 0.929051 0.846244 0.555763 -0.994945 -0.843963 0.321336 0.76885
0.1 1.68696 0.110322 -5.53232 2.63147 -10.245 16 -15.4858 14.8648 13.5399 8.8922 -15.9191 -13.5034 5.14138 12.3016
2.90179 11.1399 1.24634

15
-1 -0.715112 -1 -0.37858 0.292363 -0.269069 1 0.767322 -1 -0.96333 -0.199483 0.607892 1 -0.993253 0.903104
0.1 0.370644 0.1 -6.05728 4.67781 -4.30511 16 12.2772 -16 -15.4133 -3.19172 9.72627 16 -15.892 14.4497
2.02512 9.18966 2.02452

16
-1 0.999315 -1 -0.397027 -0.321613 -0.179031 0.832204 0.937723 -1 -1 0.810222 0.683086 0.816215 -0.979492 0.755469
0.1 1.99935 0.1 -6.35242 -5.14581 -2.86449 13.3153 15.0036 -16 -16 12.9636 10.9294 13.0594 -15.6719 12.0875
1.37418 9.93947 1.37361

17
-1 -1 -1 -0.380447 -0.531317 0.634383 0.570482 -0.912252 -0.206779 0.987394 0.761718 -0.986458 -0.893298 1 0.0909133
0.1 0.1 0.1 -6.08715 -8.50107 10.1501 9.12771 -14.596 -3.30847 15.7983 12.1875 -15.7833 -14.2928 16 1.45461
2.61354 10.5213 2.60914

18
-1 -1 -1 0.200649 -0.684056 -0.772764 0.694227 0.994862 -0.988786 -0.998871 0.515049 -0.404043 -0.619422 0.161274 0.201832
0.1 0.1 0.1 3.21039 -10.9449 -12.3642 11.1076 15.9178 -15.8206 -15.9819 8.24079 -6.46468 -9.91076 2.58038 3.22931
1.87868 4.66921 1.87868

19
-1 -1 -1 -0.654616 0.622079 -0.544819 0.989589 -1 1 0.993202 0.18947 -0.947253 -1 -0.420968 0.674261
0.1 0.1 0.1 -10.4739 9.95326 -8.71711 15.8334 -16 16 15.8912 3.03153 -15.156 -16 -6.73549 10.7882
2.63987 14.8051 2.63615

20
-1 -1 -1 -0.634252 -0.81037 0.326868 -0.928271 0.281161 0.336318 -0.705441 0.663127 -0.963184 -0.935415 1 0.470404
0.1 0.1 0.1 -10.148 -12.9659 5.22988 -14.8523 4.49857 5.38109 -11.2871 10.61 -15.4109 -14.9666 16 7.52647
1.82978 5.05483 1.8258

21
-1 -1 -1 -0.901705 0.0721328 -0.85792 0.833619 -1 0.972651 0.909084 0.713071 -0.0130087 -0.937242 0.804627 0.766251
0.1 0.1 0.1 -14.4273 1.15412 -13.7267 13.3379 -16 15.5624 14.5453 11.4091 -0.208139 -14.9959 12.874 12.26
1.95573 13.5585 1.95188

22
-0.36388 -0.997447 0.908533 -0.251053 -0.791171 0.0536519 0.593117 0.919211 -0.955057 -0.473371 0.841905 0.418477 0.669308 -0.0446443 0.262307
0.704314 0.102425 1.91311 -4.01684 -12.6587 0.858431 9.48987 14.7074 -15.2809 -7.57394 13.4705 6.69563 10.7089 -0.714309 4.19692
0.361178 17.9131 0.361178

23
-1 -1 -1 -0.437653 0.232153 0.891384 1 0.984496 -1 -0.952253 0.0507439 -0.42072 0.983889 -0.975493 -0.0278329
0.1 0.1 0.1 -7.00245 3.71445 14.2622 16 15.7519 -16 -15.236 0.811902 -6.73153 15.7422 -15.6079 -0.445327
2.61365 7.97003 2.61005

24
-1 -1 -0.983736 -0.5376 0.244926 -0.834385 0.371175 -0.976171 0.165873 1 0.666203 -0.959002 -0.622805 0.832668 1
0.1 0.1 0.115451 -8.60161 3.91882 -13.3502 5.9388 -15.6187 2.65398 16 10.6592 -15.344 -9.96488 13.3227 16
2.01567 4.08557 1.56162

25
0.0757253 -1 -1 -1 -0.691736 -0.00454852 1 -0.496747 -1 0.483097 0.850244 -1 -0.441 0.925644 0.744978
1.12194 0.1 0.1 -16 -11.0678 -0.0727763 16 -7.94795 -16 7.72955 13.6039 -16 -7.05601 14.8103 11.9196
1.46138 4.51723 0.929075

26
-0.514232 -1 -0.971088 0.207376 -0.857602 -0.90151 0.721544 0.998756 -0.877808 -1 0.939178 0.614762 -0.580217 0.712845 0.503274
0.561479 0.1 0.127466 3.31801 -13.7216 -14.4242 11.5447 15.9801 -14.0449 -16 15.0269 9.83619 -9.28347 11.4055 8.05238
0.754113 4.84434 0.753748

27
-1 -1 -1 -0.596922 0.514166 0.11156 0.758131 -0.98451 1 0.962833 0.267435 -0.915615 -0.784601 -0.275938 -0.0920384
0.1 0.1 0.1 -9.55076 8.22666 1.78496 12.1301 -15.7522 16 15.4053 4.27896 -14.6498 -12.5536 -4.415 -1.47261
2.56497 11.6669 2.56098

28
0.677621 -1 -0.999316 0.248955 -0.615472 -0.242391 0.541892 -0.579634 0.694316 0.280269 0.793759 -1 -1 0.757014 0.926166
1.69374 0.1 0.10065 3.98327 -9.84755 -3.87826 8.67028 -9.27415 11.1091 4.48431 12.7001 -16 -16 12.1122 14.8187
1.89004 8.89896 1.19031

29
-1 -1 -1 -0.521068 0.7118 0.0277473 0.318806 -0.882818 -1 -1 -0.250439 0.608177 0.879116 -1 0.768867
0.1 0.1 0.1 -8.33709 11.3888 0.443957 5.1009 -14.1251 -16 -16 -4.00702 9.73084 14.0659 -16 12.3019
2.2188 8.72984 2.2148

30
-1 -1 -1 0.0183187 0.122281 -0.0340046 0.358564 -1 0.338935 0.115483 0.529504 -1 -0.913709 0.159852 0.292274
0.1 0.1 0.1 0.293099 1.95649 -0.544073 5.73703 -16 5.42295 1.84773 8.47206 -16 -14.6193 2.55763 4.67639
2.92503 14.7214 1.84139

31
0.585051 -1 -1 0.10252 -0.0420572 0.0322126 0.983113 -0.867758 -0.0633587 0.487323 0.649878 -1 -1 0.925126 0.665819
1.6058 0.1 0.1 1.64032 -0.672915 0.515402 15.7298 -13.8841 -1.01374 7.79717 10.398 -16 -16 14.802 10.6531
2.15148 4.78318 1.09441

32
-1 -1 0.400352 -0.509921 0.173392 -0.423977 0.840334 -1 0.792889 0.967247 0.66114 -0.411034 -0.739765 0.127242 0.305104
0.1 0.1 1.43033 -8.15874 2.77427 -6.78362 13.4453 -16 12.6862 15.4759 10.5782 -6.57654 -11.8362 2.03587 4.88167
1.4277 10.0105 1.39133

33
-1 -0.173006 -1 -0.0819775 0.540154 -0.18064 0.577306 -1 0.972614 0.410936 -0.841677 -1 -1 1 0.76443
0.1 0.885644 0.1 -1.31164 8.64246 -2.89025 9.23689 -16 15.5618 6.57497 -13.4668 -16 -16 16 12.2309
1.66078 11.6925 1.65678

34
-0.99823 -0.291318 -0.99943 -0.172769 0.0954145 0.262553 0.480717 0.918863 -0.925027 -0.563316 -0.895197 -0.503501 0.739257 -0.401157 0.84858
0.101682 0.773248 0.100541 -2.7643 1.52663 4.20086 7.69147 14.7018 -14.8004 -9.01306 -14.3232 -8.05601 11.8281 -6.41851 13.5773
1.72123 13.4862 1.15156

35
0.698405 -0.643309 0.655268 0.464095 0.270403 0.485592 -0.723588 0.290198 -0.44215 -0.335617 -0.537129 0.268528 0.656244 -0.711101 -0.87751
1.71349 0.438857 1.6725 7.42552 4.32645 7.76948 -11.5774 4.64317 -7.07439 -5.36987 -8.59406 4.29645 10.4999 -11.3776 -14.0402
0.0040016 9.45684 0.000259154

36
-1 -0.999548 -0.444699 -0.251944 0.034009 0.310436 0.583195 0.992101 -0.247203 -1 0.800826 0.950921 0.497192 -0.934224 0.854884
0.1 0.10043 0.627536 -4.0311 0.544144 4.96697 9.33112 15.8736 -3.95525 -16 12.8132 15.2147 7.95507 -14.9476 13.6781
1.38753 4.43329 1.38722

37
-1 -1 0.0950026 -0.372872 -0.24103 -0.0467482 0.87185 -1 0.799058 1 0.83104 -1 -0.986675 0.744418 0.177069
0.1 0.1 1.14025 -5.96595 -3.85648 -0.747972 13.9496 -16 12.7849 16 13.2966 -16 -15.7868 11.9107 2.83311
1.68475 8.62269 1.68515

38
-1 -1 -1 -0.145906 -0.307047 0.377011 0.49738 -1 -0.0221851 1 0.793127 -1 -1 0.924823 0.339062
0.1 0.1 0.1 -2.33449 -4.91276 6.03217 7.95808 -16 -0.354962 16 12.69 -16 -16 14.7972 5.425
2.8395 8.52236 2.83675

39
0.0594488 -1 -1 -0.77682 -0.83345 0.21479 0.874445 -0.0303506 -0.407926 0.901038 0.690913 -1 -0.904941 1 0.563433
1.10648 0.1 0.1 -12.4291 -13.3352 3.43664 13.9911 -0.48561 -6.52682 14.4166 11.0546 -16 -14.4791 16 9.01492
1.36977 5.1076 1.36576

40
-0.444496 0.0973468 -0.979326 -0.368173 0.283534 0.226221 0.885606 -0.243779 0.808449 0.792291 -0.562509 -0.99186 -0.859319 0.250947 0.719263
0.627729 1.14248 0.11964 -5.89076 4.53654 3.61953 14.1697 -3.90046 12.9352 12.6767 -9.00015 -15.8698 -13.7491 4.01516 11.5082
3.38916 5.62162 0.192039

41
-1 -1 -1 -0.240559 0.333202 -0.459465 0.505313 0.0220789 -0.909095 -0.971816 0.318905 0.888828 1 -1 1
0.1 0.1 0.1 -3.84895 5.33123 -7.35144 8.08501 0.353262 -14.5455 -15.5491 5.10249 14.2213 16 -16 16
2.7115 9.64453 2.70893

42
-0.950558 -1 -1 -0.865476 0.131054 -0.714284 1 -0.807891 0.875354 -0.0663078 0.807702 0.919953 -0.924057 -0.966762 0.463814
0.14697 0.1 0.1 -13.8476 2.09686 -11.4285 16 -12.9263 14.0057 -1.06092 12.9232 14.7192 -14.7849 -15.4682 7.42102
1.91054 4.71544 1.53463

43
-1 -1 -1 0.0862013 -0.194909 -0.308909 0.530695 -0.779138 0.795015 0.187865 0.304744 -1 -1 0.877224 0.882811
0.1 0.1 0.1 1.37922 -3.11855 -4.94254 8.49112 -12.4662 12.7202 3.00584 4.8759 -16 -16 14.0356 14.125
2.69657 12.1321 2.69423

44
-1 -1 -1 0.0745199 -0.208443 -0.782874 0.668412 -0.782586 1 -0.258411 -0.869417 0.106154 -1 0.190612 0.472397
0.1 0.1 0.1 1.19232 -3.33508 -12.526 10.6946 -12.5214 16 -4.13457 -13.9107 1.69846 -16 3.04979 7.55835
1.62809 13.6283 1.62423

45
-0.869553 -0.226172 -0.794196 0.0466042 -0.747129 0.62737 0.641594 1 -0.722575 -1 0.716521 1 0.012633 -0.21593 -0.776798
0.223925 0.835137 0.295514 0.745667 -11.9541 10.0379 10.2655 16 -11.5612 -16 11.4643 16 0.202127 -3.45488 -12.4288
0.403045 7.22411 0.402918

46
-1 -1 -1 0.0522308 0.0394512 -0.183825 0.169522 0.38532 -1 -0.982677 0.402557 0.953308 0.927921 -0.960506 0.547628
0.1 0.1 0.1 0.835693 0.631219 -2.9412 2.71235 6.16512 -16 -15.7228 6.4409 15.2529 14.8467 -15.3681 8.76204
2.64785 9.14067 2.64385

47
-0.425826 -1 -1 0.5518 0.116639 -0.894503 -0.76538 0.303032 0.944934 0.70508 0.478593 0.714 -1 -0.962846 0.734703
0.645466 0.1 0.1 8.82879 1.86622 -14.3121 -12.2461 4.84851 15.1189 11.2813 7.65749 11.424 -16 -15.4055 11.7552
1.97607 11.7937 1.37491

48
-0.998817 -1 -1 -0.28111 0.937109 0.0206627 0.831474 -0.992054 1 0.688534 -0.477174 -1 -1 -0.924302 -0.158608
0.101124 0.1 0.1 -4.49776 14.9937 0.330603 13.3036 -15.8729 16 11.0166 -7.63478 -16 -16 -14.7888 -2.53773
2.44005 14.4977 2.44005

49
-1 -1 0.539604 -0.923325 -0.268062 0.718174 0.757457 1 0.62741 -0.999534 0.688707 0.600242 0.990854 -0.606905 -0.537856
0.1 0.1 1.56262 -14.7732 -4.28899 11.4908 12.1193 16 10.0386 -15.9925 11.0193 9.60387 15.8537 -9.71048 -8.6057
1.32731 4.47608 1.32743

50
-1 -1 0.954822 0.197354 0.486204 0.799053 0.656082 -0.981574 -0.480591 0.97378 0.742605 0.152261 -1 -0.400673 0.408258
0.1 0.1 1.95708 3.15766 7.77927 12.7848 10.4973 -15.7052 -7.68946 15.5805 11.8817 2.43617 -16 -6.41077 6.53214
1.28569 4.60389 1.28581

51
-0.578296 -1 0.798107 0.17721 0.162408 0.705877 0.12323 -0.999497 0.490941 0.799822 0.905716 0.515069 -0.572522 -0.103375 0.860582
0.500619 0.1 1.8082 2.83537 2.59853 11.294 1.97167 -15.992 7.85505 12.7972 14.4915 8.24111 -9.16034 -1.654 13.7693
0.527168 4.34798 0.503464

52
-1 -1 -1 -0.494293 0.219159 0.138668 0.898186 -0.833604 0.821407 0.999513 0.293734 -1 -0.894835 0.029009 -0.279224
0.1 0.1 0.1 -7.90869 3.50654 2.21869 14.371 -13.3377 13.1425 15.9922 4.69974 -16 -14.3174 0.464144 -4.46759
2.46206 12.0254 2.46206

53
-0.245447 -1 -0.968373 0.660903 -0.668839 -0.732314 0.869061 -0.186343 1 0.643986 0.755951 -0.947381 0.110083 0.904231 0.23417
0.816826 0.1 0.130045 10.5744 -10.7014 -11.717 13.905 -2.98149 16 10.3038 12.0952 -15.1581 1.76132 14.4677 3.74672
2.21732 4.87291 0.977252

54
0.980657 -1 -1 0.832557 0.270444 -0.368102 -0.145758 -1 0.379553 1 0.435474 -0.948986 0.595761 0.991923 1
1.98162 0.1 0.1 13.3209 4.32711 -5.88964 -2.33213 -16 6.07285 16 6.96759 -15.1838 9.53217 15.8708 16
1.16565 4.73496 1.16165

55
-1 -1 -0.648026 -0.261326 -0.251023 0.993942 0.664155 1 -0.965498 -0.991219 0.415875 -0.461069 1 -0.757894 -0.882567
0.1 0.1 0.434375 -4.18122 -4.01637 15.9031 10.6265 16 -15.448 -15.8595 6.65399 -7.3771 16 -12.1263 -14.1211
1.7084 17.4583 1.70771

56
-1 -1 -1 -0.0428654 -0.695503 -0.0964518 0.210249 -1 0.926832 0.857976 1 -0.922205 -0.975523 0.929728 0.693475
0.1 0.1 0.1 -0.685847 -11.1281 -1.54323 3.36399 -16 14.8293 13.7276 16 -14.7553 -15.6084 14.8756 11.0956
2.78879 8.84042 2.78556

57
-1 -1 0.489607 -0.104008 -0.30778 0.629877 0.689541 -1 0.688509 1 0.90519 -0.602307 -0.997808 0.538085 -0.941346
0.1 0.1 1.51513 -1.66412 -4.92448 10.078 11.0326 -16 11.0161 16 14.483 -9.63691 -15.9649 8.60935 -15.0615
1.45366 6.519 1.45377

58
-1 0.879372 -0.999649 -0.705132 -0.971212 0.133238 0.396116 -0.229073 -1 0.957574 0.465972 0.43448 0.903187 0.753299 0.706133
0.1 1.8854 0.100333 -11.2821 -15.5394 2.13182 6.33785 -3.66517 -16 15.3212 7.45556 6.95167 14.451 12.0528 11.2981
1.20045 9.50582 1.19667

59
-1 -1 0.750611 -0.893071 -0.594193 1 0.764494 -1 0.646214 1 0.775715 0.828439 0.0250227 0.752769 0.680607
0.1 0.1 1.76308 -14.2891 -9.50709 16 12.2319 -16 10.3394 16 12.4114 13.255 0.400364 12.0443 10.8897
1.33014 4.2971 1.32988

60
-1 0.00544401 -1 -0.275959 -0.206096 -0.061483 0.572413 0.902115 -0.876371 -0.785718 0.563722 0.111027 0.445833 -0.902027 1
0.1 1.05517 0.1 -4.41534 -3.29753 -0.983727 9.1586 14.4338 -14.0219 -12.5715 9.01956 1.77643 7.13332 -14.4324 16
2.10145 8.53725 1.02663

61
-1 -1 -1 -0.257802 -0.478272 0.789495 0.111069 -0.997538 -0.893981 1 0.795253 -0.959569 -0.502879 0.90417 0.11567
0.1 0.1 0.1 -4.12482 -7.65235 12.6319 1.77711 -15.9606 -14.3037 16 12.724 -15.3531 -8.04607 14.4667 1.85072
2.57514 10.6395 2.57364

62
-1 -1 0.4066 -0.37116 0.522802 -0.432881 0.912461 0.987582 1 0.534448 0.371783 -0.277932 -1 0.70506 0.43726
0.1 0.1 1.43627 -5.93855 8.36484 -6.9261 14.5994 15.8013 16 8.55118 5.94853 -4.44692 -16 11.281 6.99616
0.666952 7.65711 0.529356

63
-1 -1 -1 -0.23727 0.383012 -0.574507 0.63179 0.164947 -0.913089 -0.917645 0.0209059 0.967661 0.896098 -0.89344 0.993386
0.1 0.1 0.1 -3.79631 6.12819 -9.19212 10.1086 2.63915 -14.6094 -14.6823 0.334494 15.4826 14.3376 -14.295 15.8942
2.46233 10.8349 2.45833

64
-0.994368 0.907344 -0.115762 0.287538 0.108967 -0.0123839 0.633222 -0.816004 -0.920046 0.772098 0.0145672 1 -0.97708 0.309004 0.911605
0.10535 1.91198 0.940026 4.60061 1.74347 -0.198142 10.1316 -13.0561 -14.7207 12.3536 0.233074 16 -15.6333 4.94407 14.5857
0.365595 4.38365 0.249568

65
-1 -1 -1 0.0945449 -0.572834 -0.636974 0.26795 -1 1 0.829295 0.998122 -0.967169 -1 1 0.951611
0.1 0.1 0.1 1.51272 -9.16534 -10.1916 4.28719 -16 16 13.2687 15.9699 -15.4747 -16 16 15.2258
3.03936 9.2539 3.03603

66
-0.266809 0.697196 -1 0.0262905 0.959802 -0.262693 0.190206 0.354284 -0.988199 -0.639249 -0.71136 0.395863 1 1 0.85653
0.796531 1.71234 0.1 0.420649 15.3568 -4.20308 3.0433 5.66855 -15.8112 -10.228 -11.3818 6.33381 16 16 13.7045
0.47539 8.38055 0.471464

67
-1 -1 -0.587591 0.464704 0.257269 -0.0395937 -0.150421 -0.944534 0.403896 0.965114 0.880627 -0.812883 -0.527645 0.808583 0.314257
0.1 0.1 0.491789 7.43527 4.1163 -0.633499 -2.40674 -15.1125 6.46234 15.4418 14.09 -13.0061 -8.44232 12.9373 5.02811
3.16042 4.49374 0.54417

68
-1 -1 -1 0.445235 0.0408262 -0.449525 -0.342986 0.453932 -0.861343 -0.959129 0.412219 0.912319 0.793817 -0.957138 1
0.1 0.1 0.1 7.12376 0.653219 -7.19241 -5.48777 7.2629 -13.7815 -15.3461 6.59551 14.5971 12.7011 -15.3142 16
2.25423 7.418 2.2515

69
-1 -1 -1 -0.878315 -0.563302 0.159819 0.536943 1 -1 0.358875 0.870968 0.555532 0.968567 -1 0.60598
0.1 0.1 0.1 -14.053 -9.01282 2.5571 8.59109 16 -16 5.74199 13.9355 8.88851 15.4971 -16 9.69567
1.91434 9.02394 1.91074

70
-1 -1 -1 -0.787166 -1 0.250131 0.626942 0.918587 -0.980888 0.823499 0.393033 0.665346 0.90712 -0.851193 0.34786
0.1 0.1 0.1 -12.5947 -16 4.00209 10.0311 14.6974 -15.6942 13.176 6.28852 10.6455 14.5139 -13.6191 5.56577
1.81185 11.4392 1.81104

71
-1 -1 0.182604 -0.233644 -0.575776 0.451893 0.738393 1 -0.993613 -1 0.74355 0.0819451 0.843899 -0.727484 0.0473372
0.1 0.1 1.22347 -3.7383 -9.21242 7.2303 11.8143 16 -15.8978 -16 11.8968 1.31112 13.5024 -11.6397 0.757395
1.52124 11.0576 1.52101

72
-1 0.382079 -1 -0.402411 0.720258 -0.1451 0.709105 0.186432 1 0.525657 -0.118412 -0.775067 -1 0.741282 0.770947
0.1 1.41297 0.1 -6.43858 11.5241 -2.32161 11.3457 2.98291 16 8.41051 -1.8946 -12.4011 -16 11.8605 12.3352
1.33772 10.7097 1.33371

73
-1 -1 -1 0.393387 -0.283181 0.385901 -0.285012 -0.931362 -0.12021 0.77936 0.859139 -0.966615 -0.985102 0.85818 0.292583
0.1 0.1 0.1 6.29419 -4.5309 6.17441 -4.56019 -14.9018 -1.92336 12.4698 13.7462 -15.4658 -15.7616 13.7309 4.68133
2.47158 8.55927 2.46999

74
-0.632592 0.65143 -0.299158 0.107388 -0.178638 -0.287868 0.356434 0.9095 -0.871177 -0.946178 1 0.74667 0.0973534 -0.85324 0.200914
0.449038 1.66886 0.7658 1.7182 -2.8582 -4.60589 5.70295 14.552 -13.9388 -15.1388 16 11.9467 1.55765 -13.6518 3.21463
4.15455 11.5387 0.203441

75
-1 -0.966534 -1 -0.499651 0.194066 -0.103339 0.910561 -0.935936 0.998864 1 0.28049 -0.891728 -1 -0.191273 0.645292
0.1 0.131792 0.1 -7.99442 3.10506 -1.65342 14.569 -14.975 15.9818 16 4.48785 -14.2676 -16 -3.06037 10.3247
4.11556 10.6959 1.95427

76
-1 0.764433 -1 0.115281 -0.545331 -0.882115 0.816727 -0.770439 1 0.854468 -0.0947787 0.38499 -1 0.439356 0.788559
0.1 1.77621 0.1 1.8445 -8.72529 -14.1138 13.0676 -12.327 16 13.6715 -1.51646 6.15984 -16 7.0297 12.6169
1.33017 9.57234 1.32617

77
-1 -1 -1 -0.400965 -0.414229 0.0394617 1 1 -1 -1 0.774144 0.326378 1 -0.870181 0.655224
0.1 0.1 0.1 -6.41544 -6.62766 0.631386 16 16 -16 -16 12.3863 5.22206 16 -13.9229 10.4836
2.83818 9.62367 2.83418

78
-1 -1 -1 0.0494472 -0.16903 0.524498 0.128394 -0.925448 -0.331239 0.347914 0.881446 -0.952742 -0.532459 0.875371 -0.0795215
0.1 0.1 0.1 0.791156 -2.70448 8.39197 2.0543 -14.8072 -5.29982 5.56662 14.1031 -15.2439 -8.51934 14.0059 -1.27234
1.78103 9.87605 1.77884

79
-1 0.745213 -1 -0.603799 0.0829138 0.284293 0.984791 1 -1 -0.894758 -1 -0.0307886 1 -0.202254 0.518428
0.1 1.75795 0.1 -9.66079 1.32662 4.54869 15.7567 16 -16 -14.3161 -16 -0.492618 16 -3.23606 8.29484
1.41311 9.17813 1.40951

80
-1 -1 -0.88527 0.354536 -0.497037 0.547734 0.372607 0.904965 -0.91628 -0.952142 0.966862 0.821121 -0.262727 -1 -0.76056
0.1 0.1 0.208994 5.67257 -7.9526 8.76374 5.96171 14.4794 -14.6605 -15.2343 15.4698 13.1379 -4.20363 -16 -12.169
2.00261 9.34523 2.00108

81
-1 -1 -1 0.277935 0.671864 -0.260423 -0.651689 -0.680998 -1 -0.936696 0.316314 1 1 -1 0.765523
0.1 0.1 0.1 4.44696 10.7498 -4.16678 -10.427 -10.896 -16 -14.9871 5.06102 16 16 -16 12.2484
2.52819 9.17447 2.52497

82
-1 -1 0.315761 0.133001 -0.801994 -0.230479 0.673743 -0.998816 0.902862 1 0.744017 0.962958 -1 0.905782 0.410079
0.1 0.1 1.34997 2.12801 -12.8319 -3.68766 10.7799 -15.9811 14.4458 16 11.9043 15.4073 -16 14.4925 6.56126
1.35732 4.62442 1.35732

83
-0.00653458 -1 -1 -0.387981 0.590314 -0.289273 0.244851 -0.67002 -0.904395 -0.543291 0.530702 0.9998 1 -1 0.554357
1.04379 0.1 0.1 -6.20769 9.44502 -4.62837 3.91762 -10.7203 -14.4703 -8.69266 8.49123 15.9968 16 -16 8.86971
1.48327 9.51921 1.47967

84
-0.983692 -0.322465 -0.389037 0.804639 -0.0798372 -0.3774 -0.579337 -0.29885 -0.0589652 -0.834451 0.899754 0.353817 0.567396 0.502694 -0.801856
0.115493 0.743658 0.680415 12.8742 -1.27739 -6.0384 -9.26939 -4.7816 -0.943444 -13.3512 14.3961 5.66108 9.07834 8.04311 -12.8297
0.00421548 3.13203 5.52796e-313

85
0.814924 -1 -1 0.60467 -0.251088 0.140836 0.0618225 -0.68095 0.159936 0.354863 0.922238 -1 0.946707 0.997009 0.505789
1.82418 0.1 0.1 9.67471 -4.01742 2.25337 0.98916 -10.8952 2.55898 5.67781 14.7558 -16 15.1473 15.9521 8.09262
1.27016 5.16637 1.26616

86
-1 0.632063 -1 0.0139978 -0.174574 -0.496514 0.553547 0.0564098 1 0.194829 0.704188 -0.386142 -1 0.539786 0.791994
0.1 1.65046 0.1 0.223965 -2.79318 -7.94423 8.85675 0.902558 16 3.11727 11.267 -6.17828 -16 8.63658 12.6719
1.30897 10.7867 1.30904

87
-0.998094 -0.962253 -1 -0.0942179 0.436909 0.0921027 0.618622 -0.893243 0.629692 0.480399 -0.0512722 -0.948211 -0.918223 -0.157948 0.15636
0.101811 0.13586 0.1 -1.50749 6.99055 1.47364 9.89796 -14.2919 10.0751 7.68638 -0.820356 -15.1714 -14.6916 -2.52717 2.50176
2.96804 11.857 1.87898

88
-1 -1 -1 -0.227965 -0.0488505 0.177733 0.962779 0.457112 -1 -0.973491 0.712662 0.890417 0.505304 -0.992044 0.0310963
0.1 0.1 0.1 -3.64744 -0.781607 2.84373 15.4045 7.31379 -16 -15.5759 11.4026 14.2467 8.08487 -15.8727 0.497541
2.41587 8.15064 2.41432

89
-1 -1 -0.998083 -0.28042 0.852439 -0.304904 0.916596 -0.969982 1 0.413662 -0.457728 -0.957654 -1 -0.988311 -0.0198013
0.1 0.1 0.101821 -4.48673 13.639 -4.87847 14.6655 -15.5197 16 6.61859 -7.32365 -15.3225 -16 -15.813 -0.31682
3.01241 18.1005 2.24604

90
-1 -0.752476 -1 -0.997782 -0.466757 -0.0680096 0.971933 0.263209 -0.99498 0.677403 0.329011 -0.803892 0.981757 -0.946874 1
0.1 0.335148 0.1 -15.9645 -7.46812 -1.08815 15.5509 4.21134 -15.9197 10.8384 5.26418 -12.8623 15.7081 -15.15 16
1.34271 13.1948 1.34305

91
-0.938201 -0.175117 -0.71143 0.283197 -0.0892032 -0.0231005 0.535186 -0.903434 -0.16958 0.274959 0.0309201 -0.119666 0.666601 -0.130679 -0.526963
0.158709 0.883639 0.374142 4.53116 -1.42725 -0.369608 8.56298 -14.4549 -2.71328 4.39935 0.494721 -1.91465 10.6656 -2.09086 -8.4314
0.0040016 3.23603 0.00984241

92
0.513475 -1 -1 0.305032 -0.236329 -0.237853 -0.516298 0.432102 -1 -0.79377 0.897852 0.973129 0.970674 -0.981454 0.903488
1.5378 0.1 0.1 4.88052 -3.78127 -3.80564 -8.26077 6.91363 -16 -12.7003 14.3656 15.5701 15.5308 -15.7033 14.4558
1.48928 7.11222 1.6405

93
-0.991843 0.885636 -0.969866 0.247421 -0.74196 -0.594305 0.678854 0.986723 -0.988109 -0.960767 1 0.743957 0.839434 0.593756 0.867092
0.10775 1.89135 0.128628 3.95874 -11.8714 -9.50889 10.8617 15.7876 -15.8097 -15.3723 16 11.9033 13.4309 9.50009 13.8735
2.01886 8.11643 0.977953

94
-1 0.348307 -1 -0.908151 -0.0906072 0.0754682 0.780421 0.364871 -1 0.154077 0.701506 0.766338 1 -0.901669 0.816939
0.1 1.38089 0.1 -14.5304 -1.44972 1.20749 12.4867 5.83794 -16 2.46524 11.2241 12.2614 16 -14.4267 13.071
1.3429 10.4729 1.34069

95
-1 -1 -1 0.305367 -0.578859 -0.905087 0.536674 0.961117 0.275143 -0.72453 0.887944 0.959354 -0.791553 -1 0.507032
0.1 0.1 0.1 4.88587 -9.26174 -14.4814 8.58679 15.3779 4.40229 -11.5925 14.2071 15.3497 -12.6648 -16 8.11251
2.53669 15.7438 2.53669

96
-0.912478 -1 -1 -0.366975 -0.72265 0.143332 -0.756022 -0.716904 -0.0196457 0.86516 0.834596 -0.951191 -0.22936 1 0.571613
0.183146 0.1 0.1 -5.8716 -11.5624 2.29331 -12.0964 -11.4705 -0.314331 13.8426 13.3535 -15.2191 -3.66976 16 9.14581
1.66905 30.0517 1.66541

97
-1 0.0612526 -1 -0.496353 0.555458 -0.373292 0.703659 0.109904 -1 -0.433272 0.226022 0.485647 0.999086 -0.908151 0.799445
0.1 1.10819 0.1 -7.94164 8.88734 -5.97268 11.2585 1.75846 -16 -6.93236 3.61635 7.77035 15.9854 -14.5304 12.7911
1.34347 9.00493 1.33987

98
-1 -1 -1 -0.315772 -0.621481 0.171487 0.370031 1 -0.690641 -0.924059 0.259318 -1 -1 0.987558 0.814868
0.1 0.1 0.1 -5.05236 -9.9437 2.74379 5.92049 16 -11.0503 -14.7849 4.1491 -16 -16 15.8009 13.0379
1.94644 4.7399 1.94397

99
-1 -0.562022 -0.347732 -0.595537 0.107041 0.0945405 0.930358 0.988748 0.669743 -1 0.215872 0.848892 0.603661 -0.83621 0.148333
0.1 0.516079 0.719654 -9.52858 1.71265 1.51265 14.8857 15.82 10.7159 -16 3.45394 13.5823 9.65857 -13.3794 2.37333
0.612884 4.08358 0.612884

100
-1 -1 0.784095 -0.495325 -0.00166398 -0.574773 0.42526 1 1 -0.9952 0.89246 0.825189 0.798211 -1 0.415612
0.1 0.1 1.79489 -7.92521 -0.0266236 -9.19637 6.80416 16 16 -15.9232 14.2794 13.203 12.7714 -16 6.6498
1.25127 4.23098 1.25119

