0 0.25 0.0509 0.00483764
143.3 149.373 0.319591 0.337058 0.0365548 0.771794 0.252079 7.55989
1 0.25 0.06864 0.00612513
143.3 149.373 0.319591 0.337058 0.0365548 0.771794 0.252079 7.55989
2 2.5474 0.132188 0.128354
171.802 196.948 0.878407 0 0.998986 0.817501 0 5.78647
3 2.54773 0.191083 0.243489
173.284 197.865 0.867676 0.000388149 0.963252 0.827214 0 5.6837
4 2.54773 0.30692 0.454383
173.284 197.865 0.867676 0.000388149 0.963252 0.827214 0 5.6837
5 2.60039 0.484662 0.841919
171.335 195.761 0.848193 0.0571535 0.972862 0.821519 0 5.5408
6 2.63253 0.652193 1.06684
177.874 197.28 0.747785 0.0821177 1 0.951778 0 7.38592
7 2.63356 0.877704 1.29145
178.05 178.948 0.760329 0.103365 1 0.603068 0 4.26988
8 5.10782 1.04439 1.70657
173.113 193.536 0.86351 0.00823976 0.994898 0.842024 0.0989878 5.85126
9 5.10782 1.00593 1.69884
173.113 193.536 0.86351 0.00823976 0.994898 0.842024 0.0989878 5.85126
10 5.10782 1.09767 1.94167
173.113 193.536 0.86351 0.00823976 0.994898 0.842024 0.0989878 5.85126
11 5.10782 1.33895 2.11484
173.113 193.536 0.86351 0.00823976 0.994898 0.842024 0.0989878 5.85126
12 5.10782 1.31189 2.17579
173.113 193.536 0.86351 0.00823976 0.994898 0.842024 0.0989878 5.85126
13 5.10782 1.39546 2.16188
173.113 193.536 0.86351 0.00823976 0.994898 0.842024 0.0989878 5.85126
14 5.10782 1.3239 2.17451
173.113 193.536 0.86351 0.00823976 0.994898 0.842024 0.0989878 5.85126
15 5.10782 1.21913 2.13523
173.113 193.536 0.86351 0.00823976 0.994898 0.842024 0.0989878 5.85126
16 5.12642 1.41407 2.75267
191.377 199.753 0.909097 0.013588 0.903518 0.563082 0 3.68078
17 5.12642 1.54898 2.58871
191.377 199.753 0.909097 0.013588 0.903518 0.563082 0 3.68078
18 5.12642 1.69385 2.78035
191.377 199.753 0.909097 0.013588 0.903518 0.563082 0 3.68078
19 5.12642 1.54593 3.30198
191.377 199.753 0.909097 0.013588 0.903518 0.563082 0 3.68078
20 5.14595 1.61267 2.97935
199.491 185.558 0.563893 0.00382283 0.837349 0.665712 0.561692 5.00986
21 5.14595 1.54693 2.73724
199.491 185.558 0.563893 0.00382283 0.837349 0.665712 0.561692 5.00986
22 5.14595 1.81995 2.76463
199.491 185.558 0.563893 0.00382283 0.837349 0.665712 0.561692 5.00986
23 5.14595 1.97476 2.95569
199.491 185.558 0.563893 0.00382283 0.837349 0.665712 0.561692 5.00986
24 5.14595 1.94863 2.71811
199.491 185.558 0.563893 0.00382283 0.837349 0.665712 0.561692 5.00986
25 5.14595 1.84877 2.60113
199.491 185.558 0.563893 0.00382283 0.837349 0.665712 0.561692 5.00986
26 5.14595 1.93862 3.39092
199.491 185.558 0.563893 0.00382283 0.837349 0.665712 0.561692 5.00986
27 5.14595 1.89825 2.88331
199.491 185.558 0.563893 0.00382283 0.837349 0.665712 0.561692 5.00986
28 5.14595 1.93873 3.02691
199.491 185.558 0.563893 0.00382283 0.837349 0.665712 0.561692 5.00986
29 5.14595 1.8503 2.84491
199.491 185.558 0.563893 0.00382283 0.837349 0.665712 0.561692 5.00986
30 5.14595 1.84702 2.87157
199.491 185.558 0.563893 0.00382283 0.837349 0.665712 0.561692 5.00986
31 5.14595 1.85883 3.61827
199.491 185.558 0.563893 0.00382283 0.837349 0.665712 0.561692 5.00986
32 5.14595 1.95529 3.94751
199.491 185.558 0.563893 0.00382283 0.837349 0.665712 0.561692 5.00986
33 5.14595 1.87497 3.06526
199.491 185.558 0.563893 0.00382283 0.837349 0.665712 0.561692 5.00986
34 5.14595 1.91139 3.27203
199.491 185.558 0.563893 0.00382283 0.837349 0.665712 0.561692 5.00986
35 5.14595 1.60527 2.71945
199.491 185.558 0.563893 0.00382283 0.837349 0.665712 0.561692 5.00986
36 5.14595 1.9331 3.58423
199.491 185.558 0.563893 0.00382283 0.837349 0.665712 0.561692 5.00986
37 5.14595 1.62113 2.97294
199.491 185.558 0.563893 0.00382283 0.837349 0.665712 0.561692 5.00986
38 5.14595 1.69976 2.91315
199.491 185.558 0.563893 0.00382283 0.837349 0.665712 0.561692 5.00986
39 5.14595 1.98918 3.16331
199.491 185.558 0.563893 0.00382283 0.837349 0.665712 0.561692 5.00986
40 5.14595 1.79908 2.56269
199.491 185.558 0.563893 0.00382283 0.837349 0.665712 0.561692 5.00986
41 5.14595 1.87488 3.18867
199.491 185.558 0.563893 0.00382283 0.837349 0.665712 0.561692 5.00986
42 5.14595 2.2525 2.932
199.491 185.558 0.563893 0.00382283 0.837349 0.665712 0.561692 5.00986
43 5.14595 2.40987 2.79934
199.491 185.558 0.563893 0.00382283 0.837349 0.665712 0.561692 5.00986
44 5.14595 2.28296 3.31964
199.491 185.558 0.563893 0.00382283 0.837349 0.665712 0.561692 5.00986
45 5.14595 2.3934 3.01895
199.491 185.558 0.563893 0.00382283 0.837349 0.665712 0.561692 5.00986
46 5.14595 2.15662 2.69865
199.491 185.558 0.563893 0.00382283 0.837349 0.665712 0.561692 5.00986
47 5.14595 2.24149 2.49772
199.491 185.558 0.563893 0.00382283 0.837349 0.665712 0.561692 5.00986
48 5.14595 2.31049 3.23559
199.491 185.558 0.563893 0.00382283 0.837349 0.665712 0.561692 5.00986
49 5.14595 1.91315 2.82048
199.491 185.558 0.563893 0.00382283 0.837349 0.665712 0.561692 5.00986
50 5.14595 1.81822 2.88148
199.491 185.558 0.563893 0.00382283 0.837349 0.665712 0.561692 5.00986
51 5.14595 1.74046 2.88152
199.491 185.558 0.563893 0.00382283 0.837349 0.665712 0.561692 5.00986
52 5.14595 1.9951 3.13447
199.491 185.558 0.563893 0.00382283 0.837349 0.665712 0.561692 5.00986
53 5.14595 2.30111 3.31261
199.491 185.558 0.563893 0.00382283 0.837349 0.665712 0.561692 5.00986
54 5.14595 2.31635 3.2633
199.491 185.558 0.563893 0.00382283 0.837349 0.665712 0.561692 5.00986
55 5.14604 2.1152 3.03789
199.737 185.585 0.599922 0.0110672 0.900033 0.672195 0.190604 5.63585
56 5.14604 2.21357 3.59111
199.737 185.585 0.599922 0.0110672 0.900033 0.672195 0.190604 5.63585
57 5.14604 2.10307 3.48492
199.737 185.585 0.599922 0.0110672 0.900033 0.672195 0.190604 5.63585
58 5.14604 2.15121 3.20147
199.737 185.585 0.599922 0.0110672 0.900033 0.672195 0.190604 5.63585
59 5.14604 1.9315 2.97687
199.737 185.585 0.599922 0.0110672 0.900033 0.672195 0.190604 5.63585
60 5.14604 2.27966 2.54617
199.737 185.585 0.599922 0.0110672 0.900033 0.672195 0.190604 5.63585
61 5.14604 2.17121 2.70799
199.737 185.585 0.599922 0.0110672 0.900033 0.672195 0.190604 5.63585
62 5.14604 2.21346 3.08302
199.737 185.585 0.599922 0.0110672 0.900033 0.672195 0.190604 5.63585
63 5.14604 2.23171 3.18443
199.737 185.585 0.599922 0.0110672 0.900033 0.672195 0.190604 5.63585
64 5.14604 2.30556 2.81346
199.737 185.585 0.599922 0.0110672 0.900033 0.672195 0.190604 5.63585
65 5.14604 2.517 2.6811
199.737 185.585 0.599922 0.0110672 0.900033 0.672195 0.190604 5.63585
66 5.14604 2.41695 2.8003
199.737 185.585 0.599922 0.0110672 0.900033 0.672195 0.190604 5.63585
67 5.14914 2.22949 2.84937
200 187.308 0.652019 0.00256795 0.896379 0.605278 0.689156 5.11462
68 5.14914 1.84413 3.04979
200 187.308 0.652019 0.00256795 0.896379 0.605278 0.689156 5.11462
69 5.14914 1.80122 3.03101
200 187.308 0.652019 0.00256795 0.896379 0.605278 0.689156 5.11462
70 5.14914 1.79508 3.07708
200 187.308 0.652019 0.00256795 0.896379 0.605278 0.689156 5.11462
71 5.14914 1.77738 3.36752
200 187.308 0.652019 0.00256795 0.896379 0.605278 0.689156 5.11462
72 5.14914 1.83697 3.33029
200 187.308 0.652019 0.00256795 0.896379 0.605278 0.689156 5.11462
73 5.14914 1.58906 3.4272
200 187.308 0.652019 0.00256795 0.896379 0.605278 0.689156 5.11462
74 5.14914 1.77507 3.11655
200 187.308 0.652019 0.00256795 0.896379 0.605278 0.689156 5.11462
75 5.14914 2.02383 3.53543
200 187.308 0.652019 0.00256795 0.896379 0.605278 0.689156 5.11462
76 5.14914 1.85213 2.98354
200 187.308 0.652019 0.00256795 0.896379 0.605278 0.689156 5.11462
77 5.14914 2.11595 2.84318
200 187.308 0.652019 0.00256795 0.896379 0.605278 0.689156 5.11462
78 5.14914 2.06171 2.58389
200 187.308 0.652019 0.00256795 0.896379 0.605278 0.689156 5.11462
79 5.14914 2.18535 3.13196
200 187.308 0.652019 0.00256795 0.896379 0.605278 0.689156 5.11462
80 5.14914 2.01187 3.23874
200 187.308 0.652019 0.00256795 0.896379 0.605278 0.689156 5.11462
81 5.14914 1.85208 3.03867
200 187.308 0.652019 0.00256795 0.896379 0.605278 0.689156 5.11462
82 5.14914 1.77559 3.10923
200 187.308 0.652019 0.00256795 0.896379 0.605278 0.689156 5.11462
83 5.14914 1.96444 3.14179
200 187.308 0.652019 0.00256795 0.896379 0.605278 0.689156 5.11462
84 5.14914 1.98353 2.94365
200 187.308 0.652019 0.00256795 0.896379 0.605278 0.689156 5.11462
85 5.14914 1.75385 2.91466
200 187.308 0.652019 0.00256795 0.896379 0.605278 0.689156 5.11462
86 5.14914 2.03546 2.60971
200 187.308 0.652019 0.00256795 0.896379 0.605278 0.689156 5.11462
87 5.14914 1.92627 3.75223
200 187.308 0.652019 0.00256795 0.896379 0.605278 0.689156 5.11462
88 5.14914 1.97881 2.73263
200 187.308 0.652019 0.00256795 0.896379 0.605278 0.689156 5.11462
89 5.14914 2.01892 2.98916
200 187.308 0.652019 0.00256795 0.896379 0.605278 0.689156 5.11462
90 5.14914 2.17921 3.04559
200 187.308 0.652019 0.00256795 0.896379 0.605278 0.689156 5.11462
91 5.14914 2.15436 2.705
200 187.308 0.652019 0.00256795 0.896379 0.605278 0.689156 5.11462
92 5.14914 2.15009 2.49848
200 187.308 0.652019 0.00256795 0.896379 0.605278 0.689156 5.11462
93 5.14914 2.13952 2.99341
200 187.308 0.652019 0.00256795 0.896379 0.605278 0.689156 5.11462
94 5.14914 2.14401 3.18488
200 187.308 0.652019 0.00256795 0.896379 0.605278 0.689156 5.11462
95 5.14914 2.03034 2.42404
200 187.308 0.652019 0.00256795 0.896379 0.605278 0.689156 5.11462
96 5.14914 2.04989 2.7092
200 187.308 0.652019 0.00256795 0.896379 0.605278 0.689156 5.11462
97 5.14914 2.26039 3.59709
200 187.308 0.652019 0.00256795 0.896379 0.605278 0.689156 5.11462
98 5.14914 2.03361 3.40717
200 187.308 0.652019 0.00256795 0.896379 0.605278 0.689156 5.11462
99 5.14914 2.26975 2.61844
200 187.308 0.652019 0.00256795 0.896379 0.605278 0.689156 5.11462
100 5.14914 2.03316 2.63929
200 187.308 0.652019 0.00256795 0.896379 0.605278 0.689156 5.11462
