0 0.25 0.134722 0.00778712
148.091 144.91 0.335019 0.184629 0.119454 0.670587 1.11134 6.98106
1 0.25 0.156528 0.00706081
148.091 144.91 0.335019 0.184629 0.119454 0.670587 1.11134 6.98106
2 0.25 0.16875 0.00617111
148.091 144.91 0.335019 0.184629 0.119454 0.670587 1.11134 6.98106
3 11.5266 0.730634 6.46352
100 120.93 0.296375 0 0.177601 0.896326 6.2999 6.95573
4 11.5266 0.743551 6.44763
100 120.93 0.296375 0 0.177601 0.896326 6.2999 6.95573
5 12.9282 1.38413 13.8089
110.386 106.811 0.390448 0 0.0651141 0.866168 6.19293 7.37485
6 12.9282 1.46406 13.7154
110.386 106.811 0.390448 0 0.0651141 0.866168 6.19293 7.37485
7 14.4148 2.10015 22.1181
100 106.429 0.202675 0 0.165769 0.951447 6.47668 6.77469
8 15.8104 3.58407 37.1807
100 100.959 0.240903 0 0.13685 0.907376 6.03239 6.51356
9 15.8104 2.81591 30.5357
100 100.959 0.240903 0 0.13685 0.907376 6.03239 6.51356
10 15.8104 3.17096 35.3192
100 100.959 0.240903 0 0.13685 0.907376 6.03239 6.51356
11 15.8411 3.18304 37.3709
106.474 108.452 0.173893 0 0.199937 0.915389 6.2807 6.98123
12 21.5604 4.39077 54.7432
100.415 105.561 0.206929 0.000216148 0.160626 0.954572 6.51589 6.74938
13 21.5604 4.38421 55.3667
100.415 105.561 0.206929 0.000216148 0.160626 0.954572 6.51589 6.74938
14 21.5604 4.69198 55.6605
100.415 105.561 0.206929 0.000216148 0.160626 0.954572 6.51589 6.74938
15 21.5604 4.70059 57.6691
100.415 105.561 0.206929 0.000216148 0.160626 0.954572 6.51589 6.74938
16 21.6062 5.05267 67.5391
135.043 100 0.208109 0.0234289 0.17856 0.856903 8.03997 9.09892
17 21.6062 3.89337 57.2948
135.043 100 0.208109 0.0234289 0.17856 0.856903 8.03997 9.09892
18 21.607 5.11111 71.1204
134.066 100 0.204776 0.0234453 0.179737 0.849432 7.92191 9.10213
19 21.607 3.84713 53.9856
134.066 100 0.204776 0.0234453 0.179737 0.849432 7.92191 9.10213
20 26.0744 7.5666 100.206
124.688 109.955 0.131543 0.0993427 0.113495 0.638064 7.55556 7.45327
21 26.0744 7.63109 102.601
124.688 109.955 0.131543 0.0993427 0.113495 0.638064 7.55556 7.45327
22 26.0744 9.62468 113.224
124.688 109.955 0.131543 0.0993427 0.113495 0.638064 7.55556 7.45327
23 26.0744 9.55973 122.516
124.688 109.955 0.131543 0.0993427 0.113495 0.638064 7.55556 7.45327
24 26.1996 9.13176 95.3721
122.971 109.777 0.131124 0.0935777 0.0407015 0.643231 7.67857 7.48621
25 26.1996 9.72989 124.757
122.971 109.777 0.131124 0.0935777 0.0407015 0.643231 7.67857 7.48621
26 26.2674 12.1353 151.906
111.509 109.806 0.126042 0.09648 0.0685707 0.631561 8.37368 7.6325
27 26.2674 11.731 153.689
111.509 109.806 0.126042 0.09648 0.0685707 0.631561 8.37368 7.6325
28 26.2674 13.5581 142.843
111.509 109.806 0.126042 0.09648 0.0685707 0.631561 8.37368 7.6325
29 26.3156 14.3368 138.979
109.503 107.767 0.118489 0.112999 0.0682516 0.61484 8.83733 8.03102
30 26.3491 14.4707 163.274
120.927 100.917 0.0895231 0.109759 0.00268677 0.602111 8.33984 5.48069
31 26.952 14.6419 160.646
129.951 110.637 0.111904 0.0314003 0.0363403 0.604668 7.95548 8.70355
32 27.0646 16.8402 144.973
124.834 111.544 0.116943 0.0333567 0.0374883 0.596765 8.24776 8.93039
33 27.0646 16.0284 119.335
124.834 111.544 0.116943 0.0333567 0.0374883 0.596765 8.24776 8.93039
34 27.0646 17.2957 113.678
124.834 111.544 0.116943 0.0333567 0.0374883 0.596765 8.24776 8.93039
35 27.3501 16.6456 120.916
130.045 110.632 0.0904522 0.0366338 0.0382443 0.604797 8.03018 8.48955
36 27.3501 19.0547 107.92
130.045 110.632 0.0904522 0.0366338 0.0382443 0.604797 8.03018 8.48955
37 27.3501 18.7032 100.158
130.045 110.632 0.0904522 0.0366338 0.0382443 0.604797 8.03018 8.48955
38 27.3501 17.4518 129.406
130.045 110.632 0.0904522 0.0366338 0.0382443 0.604797 8.03018 8.48955
39 27.3501 15.792 120.007
130.045 110.632 0.0904522 0.0366338 0.0382443 0.604797 8.03018 8.48955
40 27.5751 13.7049 136.118
130.651 108.999 0.0739725 0.0374699 0.0421161 0.593461 7.87898 8.42555
41 27.5751 17.1785 137.495
130.651 108.999 0.0739725 0.0374699 0.0421161 0.593461 7.87898 8.42555
42 27.5751 17.0505 135.938
130.651 108.999 0.0739725 0.0374699 0.0421161 0.593461 7.87898 8.42555
43 27.5751 14.9977 162.75
130.651 108.999 0.0739725 0.0374699 0.0421161 0.593461 7.87898 8.42555
44 27.5751 12.9938 135.716
130.651 108.999 0.0739725 0.0374699 0.0421161 0.593461 7.87898 8.42555
45 27.5751 16.246 119.773
130.651 108.999 0.0739725 0.0374699 0.0421161 0.593461 7.87898 8.42555
46 27.5751 15.7768 128.435
130.651 108.999 0.0739725 0.0374699 0.0421161 0.593461 7.87898 8.42555
47 27.5751 16.7616 109.443
130.651 108.999 0.0739725 0.0374699 0.0421161 0.593461 7.87898 8.42555
48 27.5751 18.0813 96.7395
130.651 108.999 0.0739725 0.0374699 0.0421161 0.593461 7.87898 8.42555
49 27.5751 15.6272 96.2757
130.651 108.999 0.0739725 0.0374699 0.0421161 0.593461 7.87898 8.42555
50 27.5751 18.151 113.363
130.651 108.999 0.0739725 0.0374699 0.0421161 0.593461 7.87898 8.42555
51 27.5751 20.4364 82.556
130.651 108.999 0.0739725 0.0374699 0.0421161 0.593461 7.87898 8.42555
52 27.8848 22.9692 34.8288
128.376 107.849 0.0866261 0.0356313 0.0393571 0.573492 8.21583 8.57467
53 27.8848 22.8755 16.7476
128.376 107.849 0.0866261 0.0356313 0.0393571 0.573492 8.21583 8.57467
54 27.8848 20.7293 72.9389
128.376 107.849 0.0866261 0.0356313 0.0393571 0.573492 8.21583 8.57467
55 27.8848 20.2597 80.4631
128.376 107.849 0.0866261 0.0356313 0.0393571 0.573492 8.21583 8.57467
56 27.8848 20.813 92.0797
128.376 107.849 0.0866261 0.0356313 0.0393571 0.573492 8.21583 8.57467
57 27.8848 21.6931 72.9127
128.376 107.849 0.0866261 0.0356313 0.0393571 0.573492 8.21583 8.57467
58 29.0266 20.2035 91.3821
122.165 105.336 0.0789681 0.0367411 0.0224097 0.562274 8.68322 8.50051
59 29.0266 20.6777 86.3435
122.165 105.336 0.0789681 0.0367411 0.0224097 0.562274 8.68322 8.50051
60 29.0266 21.4244 73.9421
122.165 105.336 0.0789681 0.0367411 0.0224097 0.562274 8.68322 8.50051
61 29.0266 23.4854 47.1142
122.165 105.336 0.0789681 0.0367411 0.0224097 0.562274 8.68322 8.50051
62 29.0266 21.8327 61.2177
122.165 105.336 0.0789681 0.0367411 0.0224097 0.562274 8.68322 8.50051
63 29.0266 23.0982 40.642
122.165 105.336 0.0789681 0.0367411 0.0224097 0.562274 8.68322 8.50051
64 29.0266 21.2626 79.9828
122.165 105.336 0.0789681 0.0367411 0.0224097 0.562274 8.68322 8.50051
65 29.0266 17.4947 144.069
122.165 105.336 0.0789681 0.0367411 0.0224097 0.562274 8.68322 8.50051
66 29.0266 22.2237 70.4678
122.165 105.336 0.0789681 0.0367411 0.0224097 0.562274 8.68322 8.50051
67 29.0266 19.2965 119.69
122.165 105.336 0.0789681 0.0367411 0.0224097 0.562274 8.68322 8.50051
68 29.0266 19.9156 87.2317
122.165 105.336 0.0789681 0.0367411 0.0224097 0.562274 8.68322 8.50051
69 29.0266 19.4714 84.1696
122.165 105.336 0.0789681 0.0367411 0.0224097 0.562274 8.68322 8.50051
70 29.0436 17.215 116.976
122.452 105.344 0.0793798 0.0366271 0.0306848 0.569843 8.7741 8.45809
71 29.0436 18.8658 110.851
122.452 105.344 0.0793798 0.0366271 0.0306848 0.569843 8.7741 8.45809
72 29.0436 19.609 90.7185
122.452 105.344 0.0793798 0.0366271 0.0306848 0.569843 8.7741 8.45809
73 29.0436 21.4515 83.7514
122.452 105.344 0.0793798 0.0366271 0.0306848 0.569843 8.7741 8.45809
74 29.1934 22.0958 71.6838
121.572 104.687 0.0777912 0.031224 0.018717 0.575256 8.71767 8.27636
75 29.2639 22.5554 68.0307
121.544 104.769 0.0778648 0.0316205 0.0178107 0.575477 8.72019 8.28016
76 29.2639 17.8896 101.172
121.544 104.769 0.0778648 0.0316205 0.0178107 0.575477 8.72019 8.28016
77 29.2639 20.1558 82.5499
121.544 104.769 0.0778648 0.0316205 0.0178107 0.575477 8.72019 8.28016
78 29.2639 19.9028 80.2697
121.544 104.769 0.0778648 0.0316205 0.0178107 0.575477 8.72019 8.28016
79 29.2639 21.6576 89.9241
121.544 104.769 0.0778648 0.0316205 0.0178107 0.575477 8.72019 8.28016
80 29.2639 19.6457 102.356
121.544 104.769 0.0778648 0.0316205 0.0178107 0.575477 8.72019 8.28016
81 29.2639 18.5698 119.727
121.544 104.769 0.0778648 0.0316205 0.0178107 0.575477 8.72019 8.28016
82 29.2639 19.6103 89.2034
121.544 104.769 0.0778648 0.0316205 0.0178107 0.575477 8.72019 8.28016
83 29.2639 21.8131 58.8941
121.544 104.769 0.0778648 0.0316205 0.0178107 0.575477 8.72019 8.28016
84 29.2639 18.3968 128.196
121.544 104.769 0.0778648 0.0316205 0.0178107 0.575477 8.72019 8.28016
85 29.2639 20.5259 80.4124
121.544 104.769 0.0778648 0.0316205 0.0178107 0.575477 8.72019 8.28016
86 29.2639 24.1538 36.8263
121.544 104.769 0.0778648 0.0316205 0.0178107 0.575477 8.72019 8.28016
87 29.2639 18.0389 138.407
121.544 104.769 0.0778648 0.0316205 0.0178107 0.575477 8.72019 8.28016
88 29.2639 16.4562 134.977
121.544 104.769 0.0778648 0.0316205 0.0178107 0.575477 8.72019 8.28016
89 29.2639 17.5961 113.693
121.544 104.769 0.0778648 0.0316205 0.0178107 0.575477 8.72019 8.28016
90 29.2639 19.9774 83.0478
121.544 104.769 0.0778648 0.0316205 0.0178107 0.575477 8.72019 8.28016
91 29.2639 20.3344 89.2672
121.544 104.769 0.0778648 0.0316205 0.0178107 0.575477 8.72019 8.28016
92 29.2647 20.7408 90.7168
121.531 105.593 0.0774752 0.0323514 0.0170095 0.579521 8.69372 8.23995
93 29.2647 20.6647 101.371
121.531 105.593 0.0774752 0.0323514 0.0170095 0.579521 8.69372 8.23995
94 29.2647 16.5948 152.595
121.531 105.593 0.0774752 0.0323514 0.0170095 0.579521 8.69372 8.23995
95 29.2647 15.2019 150.934
121.531 105.593 0.0774752 0.0323514 0.0170095 0.579521 8.69372 8.23995
96 29.2647 15.5844 156.07
121.531 105.593 0.0774752 0.0323514 0.0170095 0.579521 8.69372 8.23995
97 29.2647 14.8953 132.256
121.531 105.593 0.0774752 0.0323514 0.0170095 0.579521 8.69372 8.23995
98 29.2647 16.0256 160.793
121.531 105.593 0.0774752 0.0323514 0.0170095 0.579521 8.69372 8.23995
99 29.2647 18.504 117.253
121.531 105.593 0.0774752 0.0323514 0.0170095 0.579521 8.69372 8.23995
100 29.3665 19.4328 124.209
121.466 104.924 0.0786039 0.0324624 0.016574 0.57697 8.73225 8.284
