0 9.77068 2.1577 8.22375
174.658 101.228 0.36458 0.0784373 0.795493 0.532247 4.57543 9.19892
1 9.77516 2.98181 11.4572
173.772 100.312 0.363713 0.0795252 0.807303 0.533067 4.64761 9.16177
2 9.90687 3.55663 14.268
181.3 100 0.395217 0.105934 0.739161 0.556604 4.21386 9.28258
3 9.90687 3.74589 15.5636
181.3 100 0.395217 0.105934 0.739161 0.556604 4.21386 9.28258
4 10.3167 4.53764 17.2915
172.421 102.159 0.313026 0.117788 0.796361 0.521766 4.24208 9.01935
5 10.3167 5.32738 17.5156
172.421 102.159 0.313026 0.117788 0.796361 0.521766 4.24208 9.01935
6 12.4356 6.1146 18.3872
182.478 100 0.312135 0.0276143 0.761244 0.518291 4.70801 8.03158
7 12.4356 6.67438 17.2724
182.478 100 0.312135 0.0276143 0.761244 0.518291 4.70801 8.03158
8 12.4356 7.01099 13.9747
182.478 100 0.312135 0.0276143 0.761244 0.518291 4.70801 8.03158
9 13.12 7.80497 15.4457
188.252 100 0.296499 0 0.726583 0.510677 4.21882 7.61952
10 30.0426 8.78535 42.5972
192.206 109.541 0.0251594 0.202162 0.761581 0.576443 2.7157 6.61275
11 30.0426 10.0986 62.4247
192.206 109.541 0.0251594 0.202162 0.761581 0.576443 2.7157 6.61275
12 30.0426 11.8737 78.6422
192.206 109.541 0.0251594 0.202162 0.761581 0.576443 2.7157 6.61275
13 31.1215 13.785 91.637
192.039 110.48 0.0226672 0.20581 0.765597 0.569183 2.72045 6.73165
14 31.1215 14.5945 76.202
192.039 110.48 0.0226672 0.20581 0.765597 0.569183 2.72045 6.73165
15 31.1215 16.355 94.2354
192.039 110.48 0.0226672 0.20581 0.765597 0.569183 2.72045 6.73165
16 31.1215 16.8913 82.2432
192.039 110.48 0.0226672 0.20581 0.765597 0.569183 2.72045 6.73165
17 31.1215 16.2113 78.1568
192.039 110.48 0.0226672 0.20581 0.765597 0.569183 2.72045 6.73165
18 33.6439 15.4318 100.246
195.136 127.389 0.0115422 0.248588 0.796734 0.546516 3.0995 7.51348
19 33.6439 16.2503 88.7724
195.136 127.389 0.0115422 0.248588 0.796734 0.546516 3.0995 7.51348
20 33.6439 17.4804 105.924
195.136 127.389 0.0115422 0.248588 0.796734 0.546516 3.0995 7.51348
21 33.6439 17.7052 110.285
195.136 127.389 0.0115422 0.248588 0.796734 0.546516 3.0995 7.51348
22 33.6439 16.995 88.1315
195.136 127.389 0.0115422 0.248588 0.796734 0.546516 3.0995 7.51348
23 34.584 19.8697 101.444
200 103.58 0.0177804 0.230754 0.738171 0.520072 3.13444 5.57939
24 34.584 17.905 91.9227
200 103.58 0.0177804 0.230754 0.738171 0.520072 3.13444 5.57939
25 34.584 16.4438 89.7697
200 103.58 0.0177804 0.230754 0.738171 0.520072 3.13444 5.57939
26 34.584 17.0654 125.267
200 103.58 0.0177804 0.230754 0.738171 0.520072 3.13444 5.57939
27 34.584 17.9077 133.042
200 103.58 0.0177804 0.230754 0.738171 0.520072 3.13444 5.57939
28 34.584 17.1913 115.567
200 103.58 0.0177804 0.230754 0.738171 0.520072 3.13444 5.57939
29 34.584 18.7738 140.927
200 103.58 0.0177804 0.230754 0.738171 0.520072 3.13444 5.57939
30 34.584 17.476 158.119
200 103.58 0.0177804 0.230754 0.738171 0.520072 3.13444 5.57939
31 34.584 20.2588 148.51
200 103.58 0.0177804 0.230754 0.738171 0.520072 3.13444 5.57939
32 34.584 20.7254 136.376
200 103.58 0.0177804 0.230754 0.738171 0.520072 3.13444 5.57939
33 35.3728 21.2718 154.544
200 101.417 0.0167069 0.177176 0.687052 0.571657 2.48537 5.30139
34 35.5738 20.7652 135.988
200 100.521 0.0292887 0.198233 0.544309 0.530883 3.8455 5.74392
35 35.5738 21.6207 118.802
200 100.521 0.0292887 0.198233 0.544309 0.530883 3.8455 5.74392
36 36.1241 20.6019 123.327
200 123.12 0.0869804 0.176 0.371959 0.1381 6.01684 5.48767
37 36.1243 20.6458 113.074
200 123.123 0.0869655 0.176 0.371926 0.138043 6.01703 5.48796
38 36.2219 22.2621 127.801
198.897 120.887 0.0870471 0.168242 0.350011 0.129257 6.21876 4.97324
39 37.2233 24.7971 133.773
192.105 121.292 0.0943773 0.171251 0.331693 0.122339 5.99969 5.2232
40 37.4216 24.2535 113.17
192.196 126.248 0.158574 0.183811 0.357139 0.0563564 6.32329 5.45488
41 37.7512 25.4833 101.066
200 122.603 0.200272 0.180541 0.385547 0.110227 5.83128 6.20998
42 38.5915 26.2351 131.947
200 127.893 0.212978 0.183799 0.321672 0.0942973 6.25956 7.16589
43 38.5915 27.4297 119.248
200 127.893 0.212978 0.183799 0.321672 0.0942973 6.25956 7.16589
44 39.6042 27.8578 101.665
194.632 121.281 0.0732885 0.335641 0.389592 0 4.99375 4.2856
45 40.5164 29.9124 92.2895
196.101 120.842 0.0727007 0.313435 0.390769 0.0062804 5.10984 4.33515
46 40.5378 29.7962 103.759
195.955 121.125 0.0726115 0.312902 0.390419 0.00324283 5.08022 4.36437
47 40.5378 28.0248 116.341
195.955 121.125 0.0726115 0.312902 0.390419 0.00324283 5.08022 4.36437
48 40.5378 29.5445 99.5937
195.955 121.125 0.0726115 0.312902 0.390419 0.00324283 5.08022 4.36437
49 40.5378 29.3808 96.5865
195.955 121.125 0.0726115 0.312902 0.390419 0.00324283 5.08022 4.36437
50 40.5378 30.9651 86.0367
195.955 121.125 0.0726115 0.312902 0.390419 0.00324283 5.08022 4.36437
51 40.5378 31.5644 65.7157
195.955 121.125 0.0726115 0.312902 0.390419 0.00324283 5.08022 4.36437
52 40.5378 32.363 51.2273
195.955 121.125 0.0726115 0.312902 0.390419 0.00324283 5.08022 4.36437
53 40.9924 31.0935 87.3017
194.362 110.885 0.0362594 0.40511 0.367738 0.0172006 4.60702 5.29584
54 40.9924 28.8777 137.275
194.362 110.885 0.0362594 0.40511 0.367738 0.0172006 4.60702 5.29584
55 40.9924 27.1248 120.337
194.362 110.885 0.0362594 0.40511 0.367738 0.0172006 4.60702 5.29584
56 40.9924 24.0381 137.065
194.362 110.885 0.0362594 0.40511 0.367738 0.0172006 4.60702 5.29584
57 41.251 28.0767 145.293
189.72 109.222 0.0309506 0.443569 0.314006 0.0529222 4.93737 5.09136
58 41.251 28.4942 122.826
189.72 109.222 0.0309506 0.443569 0.314006 0.0529222 4.93737 5.09136
59 42.2362 28.2171 136.858
200 125.237 0.0276592 0.391345 0.296941 0.00817433 4.88303 4.431
60 42.2362 30.7282 116.931
200 125.237 0.0276592 0.391345 0.296941 0.00817433 4.88303 4.431
61 46.4119 32.6415 135.035
193.614 123.589 0.0374291 0.444611 0.21402 0.0042639 5.20872 4.55272
62 46.4119 29.0727 157.805
193.614 123.589 0.0374291 0.444611 0.21402 0.0042639 5.20872 4.55272
63 46.4119 30.9341 121.176
193.614 123.589 0.0374291 0.444611 0.21402 0.0042639 5.20872 4.55272
64 46.4119 28.9931 116.333
193.614 123.589 0.0374291 0.444611 0.21402 0.0042639 5.20872 4.55272
65 46.4119 27.7934 139.726
193.614 123.589 0.0374291 0.444611 0.21402 0.0042639 5.20872 4.55272
66 46.4119 33.1238 110.814
193.614 123.589 0.0374291 0.444611 0.21402 0.0042639 5.20872 4.55272
67 47.7958 28.6029 191.341
195.654 121.523 0.0486995 0.443456 0.239373 0 5.33467 4.56199
68 47.7958 29.9415 134.102
195.654 121.523 0.0486995 0.443456 0.239373 0 5.33467 4.56199
69 47.7958 31.7353 102.783
195.654 121.523 0.0486995 0.443456 0.239373 0 5.33467 4.56199
70 47.7958 32.5716 121.808
195.654 121.523 0.0486995 0.443456 0.239373 0 5.33467 4.56199
71 47.7958 29.3137 163.116
195.654 121.523 0.0486995 0.443456 0.239373 0 5.33467 4.56199
72 47.7958 31.7559 147.689
195.654 121.523 0.0486995 0.443456 0.239373 0 5.33467 4.56199
73 47.7958 33.3918 109.197
195.654 121.523 0.0486995 0.443456 0.239373 0 5.33467 4.56199
74 47.7958 30.7877 102.017
195.654 121.523 0.0486995 0.443456 0.239373 0 5.33467 4.56199
75 47.7958 30.2948 132.163
195.654 121.523 0.0486995 0.443456 0.239373 0 5.33467 4.56199
76 47.7958 33.0979 96.6432
195.654 121.523 0.0486995 0.443456 0.239373 0 5.33467 4.56199
77 47.7958 31.602 140.456
195.654 121.523 0.0486995 0.443456 0.239373 0 5.33467 4.56199
78 47.7958 30.3144 112.975
195.654 121.523 0.0486995 0.443456 0.239373 0 5.33467 4.56199
79 47.7958 31.4581 148.976
195.654 121.523 0.0486995 0.443456 0.239373 0 5.33467 4.56199
80 47.7958 32.6505 130.637
195.654 121.523 0.0486995 0.443456 0.239373 0 5.33467 4.56199
81 47.7958 33.9456 155.856
195.654 121.523 0.0486995 0.443456 0.239373 0 5.33467 4.56199
82 47.7958 31.184 174.078
195.654 121.523 0.0486995 0.443456 0.239373 0 5.33467 4.56199
83 47.7958 31.3809 175.833
195.654 121.523 0.0486995 0.443456 0.239373 0 5.33467 4.56199
84 47.7958 33.5503 172.375
195.654 121.523 0.0486995 0.443456 0.239373 0 5.33467 4.56199
85 47.7958 34.5026 131.67
195.654 121.523 0.0486995 0.443456 0.239373 0 5.33467 4.56199
86 47.7958 33.0946 138.07
195.654 121.523 0.0486995 0.443456 0.239373 0 5.33467 4.56199
87 48.7018 36.4028 109.296
195.173 119.73 0.0327602 0.430587 0.24816 0.00659065 5.19164 4.61753
88 48.7018 35.7428 89.646
195.173 119.73 0.0327602 0.430587 0.24816 0.00659065 5.19164 4.61753
89 48.7018 32.1775 163.203
195.173 119.73 0.0327602 0.430587 0.24816 0.00659065 5.19164 4.61753
90 48.7018 31.4482 167.44
195.173 119.73 0.0327602 0.430587 0.24816 0.00659065 5.19164 4.61753
91 48.7018 32.8534 140.344
195.173 119.73 0.0327602 0.430587 0.24816 0.00659065 5.19164 4.61753
92 48.7018 32.4763 164.281
195.173 119.73 0.0327602 0.430587 0.24816 0.00659065 5.19164 4.61753
93 48.7018 31.8611 139.039
195.173 119.73 0.0327602 0.430587 0.24816 0.00659065 5.19164 4.61753
94 48.7018 30.0524 118.334
195.173 119.73 0.0327602 0.430587 0.24816 0.00659065 5.19164 4.61753
95 48.7018 27.5591 210.256
195.173 119.73 0.0327602 0.430587 0.24816 0.00659065 5.19164 4.61753
96 48.7018 27.991 240.71
195.173 119.73 0.0327602 0.430587 0.24816 0.00659065 5.19164 4.61753
97 48.7018 31.1329 184.939
195.173 119.73 0.0327602 0.430587 0.24816 0.00659065 5.19164 4.61753
98 48.7018 28.3562 252.198
195.173 119.73 0.0327602 0.430587 0.24816 0.00659065 5.19164 4.61753
99 48.7018 28.6591 283.174
195.173 119.73 0.0327602 0.430587 0.24816 0.00659065 5.19164 4.61753
100 48.7018 26.9245 251.682
195.173 119.73 0.0327602 0.430587 0.24816 0.00659065 5.19164 4.61753
