0 23.7256 3.48337 44.7882
172.93 110.494 0.0936673 0.458281 0.209411 0.451728 9.82799 4.45086
1 28.4032 5.80127 79.3886
171.428 116.374 0.0950618 0.433523 0.212184 0.444763 10 4.40359
2 28.4037 7.7965 103.103
171.423 116.371 0.0951316 0.43358 0.212263 0.444768 10 4.40315
3 28.4037 9.11462 95.3216
171.423 116.371 0.0951316 0.43358 0.212263 0.444768 10 4.40315
4 32.3999 11.0363 135.267
179.145 110.144 0.133234 0.335277 0.242643 0.444715 10 3.85276
5 33.5748 13.3887 156.015
179.207 109.536 0.126575 0.341513 0.233955 0.437359 9.98871 3.97578
6 33.5748 14.8225 164.525
179.207 109.536 0.126575 0.341513 0.233955 0.437359 9.98871 3.97578
7 33.5748 15.9908 192.462
179.207 109.536 0.126575 0.341513 0.233955 0.437359 9.98871 3.97578
8 37.1224 15.1147 202.291
184.546 114.016 0.151391 0.346264 0.148419 0.380221 10 3.4955
9 37.1224 14.3912 202.301
184.546 114.016 0.151391 0.346264 0.148419 0.380221 10 3.4955
10 37.1224 17.6261 224.75
184.546 114.016 0.151391 0.346264 0.148419 0.380221 10 3.4955
11 40.8258 21.5832 225.273
184.432 120.837 0.206647 0.338203 0.0677323 0.405543 10 3.94054
12 40.8258 21.0221 212.955
184.432 120.837 0.206647 0.338203 0.0677323 0.405543 10 3.94054
13 40.8258 23.3374 203.406
184.432 120.837 0.206647 0.338203 0.0677323 0.405543 10 3.94054
14 40.8258 26.2019 200.682
184.432 120.837 0.206647 0.338203 0.0677323 0.405543 10 3.94054
15 40.8258 24.34 223.394
184.432 120.837 0.206647 0.338203 0.0677323 0.405543 10 3.94054
16 40.8258 25.7787 197.978
184.432 120.837 0.206647 0.338203 0.0677323 0.405543 10 3.94054
17 44.9863 28.5898 232.327
187.82 105.016 0.346769 0.382112 0.105391 0.0344423 7.36783 5.5947
18 47.366 29.9653 227.578
155.027 132.184 0.212839 0.224443 0.191828 0.0904038 9.02591 5.81503
19 54.3622 31.4434 221.663
188.557 114.436 0.31813 0.289413 0.0377855 0.00539616 6.97318 5.64143
20 54.3622 33.8447 244.217
188.557 114.436 0.31813 0.289413 0.0377855 0.00539616 6.97318 5.64143
21 54.3622 36.7904 208.951
188.557 114.436 0.31813 0.289413 0.0377855 0.00539616 6.97318 5.64143
22 54.3622 36.4888 201.519
188.557 114.436 0.31813 0.289413 0.0377855 0.00539616 6.97318 5.64143
23 54.6839 35.2934 274.513
188.846 115.44 0.310672 0.288308 0.0162238 0 7.11598 5.36608
24 55.9286 36.8776 305.977
189.736 115.426 0.360055 0.291629 0.0154308 0.0360719 7.16485 5.84871
25 56.7306 37.0108 369.01
179.682 133.315 0.329189 0.325254 0.0342439 0.0163696 7.95787 5.0333
26 56.7306 38.8076 276.289
179.682 133.315 0.329189 0.325254 0.0342439 0.0163696 7.95787 5.0333
27 56.7306 35.6983 330.318
179.682 133.315 0.329189 0.325254 0.0342439 0.0163696 7.95787 5.0333
28 56.7306 38.5459 310.941
179.682 133.315 0.329189 0.325254 0.0342439 0.0163696 7.95787 5.0333
29 56.7306 38.2187 323.697
179.682 133.315 0.329189 0.325254 0.0342439 0.0163696 7.95787 5.0333
30 56.8009 38.0388 278.903
183.824 127.962 0.348478 0.29841 0.0369333 0 8.28206 4.53122
31 56.8009 35.9209 240.158
183.824 127.962 0.348478 0.29841 0.0369333 0 8.28206 4.53122
32 56.8009 33.8702 345.725
183.824 127.962 0.348478 0.29841 0.0369333 0 8.28206 4.53122
33 56.8009 37.3654 264.286
183.824 127.962 0.348478 0.29841 0.0369333 0 8.28206 4.53122
34 56.8009 41.2644 281.191
183.824 127.962 0.348478 0.29841 0.0369333 0 8.28206 4.53122
35 56.8009 40.8318 202.874
183.824 127.962 0.348478 0.29841 0.0369333 0 8.28206 4.53122
36 56.8009 39.941 226.15
183.824 127.962 0.348478 0.29841 0.0369333 0 8.28206 4.53122
37 56.8009 43.3424 165.024
183.824 127.962 0.348478 0.29841 0.0369333 0 8.28206 4.53122
38 57.4145 36.2121 254.073
170.481 123.106 0.39234 0.333136 0 0 8.27783 5.31508
39 57.4145 36.5992 339.13
170.481 123.106 0.39234 0.333136 0 0 8.27783 5.31508
40 58.9946 39.8614 293.597
172.077 134.984 0.338924 0.32324 0 0 7.20928 3.85963
41 58.9946 40.715 267.837
172.077 134.984 0.338924 0.32324 0 0 7.20928 3.85963
42 59.1344 39.8987 332.158
175.246 136.342 0.332786 0.303352 0 0 7.27351 3.67791
43 59.1344 41.5948 328.22
175.246 136.342 0.332786 0.303352 0 0 7.27351 3.67791
44 59.1344 40.7804 352.628
175.246 136.342 0.332786 0.303352 0 0 7.27351 3.67791
45 59.1344 40.88 381.604
175.246 136.342 0.332786 0.303352 0 0 7.27351 3.67791
46 59.1344 43.8034 278.603
175.246 136.342 0.332786 0.303352 0 0 7.27351 3.67791
47 59.1344 41.387 253.405
175.246 136.342 0.332786 0.303352 0 0 7.27351 3.67791
48 59.1344 38.5134 280.338
175.246 136.342 0.332786 0.303352 0 0 7.27351 3.67791
49 59.3979 38.9918 287.432
170.368 136.752 0.338049 0.304818 0 0.00638754 7.39739 3.89736
50 59.3979 34.6252 258.859
170.368 136.752 0.338049 0.304818 0 0.00638754 7.39739 3.89736
51 59.3979 37.8288 295.598
170.368 136.752 0.338049 0.304818 0 0.00638754 7.39739 3.89736
52 59.3979 39.1297 251.642
170.368 136.752 0.338049 0.304818 0 0.00638754 7.39739 3.89736
53 59.3979 35.6594 259.221
170.368 136.752 0.338049 0.304818 0 0.00638754 7.39739 3.89736
54 59.3979 36.4177 333.864
170.368 136.752 0.338049 0.304818 0 0.00638754 7.39739 3.89736
55 59.3979 35.3893 408.141
170.368 136.752 0.338049 0.304818 0 0.00638754 7.39739 3.89736
56 59.3979 37.3138 406.134
170.368 136.752 0.338049 0.304818 0 0.00638754 7.39739 3.89736
57 59.3979 37.6047 338.92
170.368 136.752 0.338049 0.304818 0 0.00638754 7.39739 3.89736
58 59.3979 38.9838 388.633
170.368 136.752 0.338049 0.304818 0 0.00638754 7.39739 3.89736
59 59.3979 41.8739 396.331
170.368 136.752 0.338049 0.304818 0 0.00638754 7.39739 3.89736
60 59.3979 38.8155 403.695
170.368 136.752 0.338049 0.304818 0 0.00638754 7.39739 3.89736
61 60.0808 37.2584 400.408
168.746 150.571 0.363473 0.329333 0 0 5.83821 4.52078
62 60.0808 36.1553 428.165
168.746 150.571 0.363473 0.329333 0 0 5.83821 4.52078
63 60.0808 35.0436 364.6
168.746 150.571 0.363473 0.329333 0 0 5.83821 4.52078
64 60.0808 35.0564 352.168
168.746 150.571 0.363473 0.329333 0 0 5.83821 4.52078
65 60.0808 36.0729 370.297
168.746 150.571 0.363473 0.329333 0 0 5.83821 4.52078
66 61.0899 35.9748 429.645
167.467 150.142 0.357896 0.323239 0 0 5.85001 4.67284
67 61.0899 37.1476 368.605
167.467 150.142 0.357896 0.323239 0 0 5.85001 4.67284
68 61.0899 40.1502 292.343
167.467 150.142 0.357896 0.323239 0 0 5.85001 4.67284
69 61.0899 37.0857 243.539
167.467 150.142 0.357896 0.323239 0 0 5.85001 4.67284
70 61.8956 39.3229 398.559
166.958 149.072 0.370001 0.309989 0 0.018678 5.95409 4.65007
71 61.8956 38.4393 355.572
166.958 149.072 0.370001 0.309989 0 0.018678 5.95409 4.65007
72 61.8956 37.562 341.511
166.958 149.072 0.370001 0.309989 0 0.018678 5.95409 4.65007
73 61.8956 35.8106 313.994
166.958 149.072 0.370001 0.309989 0 0.018678 5.95409 4.65007
74 61.8956 33.478 398.141
166.958 149.072 0.370001 0.309989 0 0.018678 5.95409 4.65007
75 61.8956 36.4104 421.309
166.958 149.072 0.370001 0.309989 0 0.018678 5.95409 4.65007
76 61.8956 37.6383 462.919
166.958 149.072 0.370001 0.309989 0 0.018678 5.95409 4.65007
77 61.8956 37.5388 399.037
166.958 149.072 0.370001 0.309989 0 0.018678 5.95409 4.65007
78 61.8956 37.7339 394.963
166.958 149.072 0.370001 0.309989 0 0.018678 5.95409 4.65007
79 61.8956 39.309 385.876
166.958 149.072 0.370001 0.309989 0 0.018678 5.95409 4.65007
80 61.8956 36.1927 348.942
166.958 149.072 0.370001 0.309989 0 0.018678 5.95409 4.65007
81 61.8956 37.1326 416.474
166.958 149.072 0.370001 0.309989 0 0.018678 5.95409 4.65007
82 61.8956 40.1176 422.773
166.958 149.072 0.370001 0.309989 0 0.018678 5.95409 4.65007
83 61.8956 40.9427 317.525
166.958 149.072 0.370001 0.309989 0 0.018678 5.95409 4.65007
84 61.8956 38.5057 459.373
166.958 149.072 0.370001 0.309989 0 0.018678 5.95409 4.65007
85 61.8956 41.6021 413.955
166.958 149.072 0.370001 0.309989 0 0.018678 5.95409 4.65007
86 61.8956 40.5412 447.875
166.958 149.072 0.370001 0.309989 0 0.018678 5.95409 4.65007
87 61.8956 41.8196 366.168
166.958 149.072 0.370001 0.309989 0 0.018678 5.95409 4.65007
88 61.8956 39.5629 417.051
166.958 149.072 0.370001 0.309989 0 0.018678 5.95409 4.65007
89 61.8956 38.9432 336.97
166.958 149.072 0.370001 0.309989 0 0.018678 5.95409 4.65007
90 61.8956 38.6925 392.376
166.958 149.072 0.370001 0.309989 0 0.018678 5.95409 4.65007
91 61.8956 37.2587 306.971
166.958 149.072 0.370001 0.309989 0 0.018678 5.95409 4.65007
92 61.8956 34.7378 375.624
166.958 149.072 0.370001 0.309989 0 0.018678 5.95409 4.65007
93 61.8956 38.166 412.918
166.958 149.072 0.370001 0.309989 0 0.018678 5.95409 4.65007
94 61.8956 38.6198 350.885
166.958 149.072 0.370001 0.309989 0 0.018678 5.95409 4.65007
95 61.8956 41.8267 250.24
166.958 149.072 0.370001 0.309989 0 0.018678 5.95409 4.65007
96 61.8956 41.2907 214.334
166.958 149.072 0.370001 0.309989 0 0.018678 5.95409 4.65007
97 61.8956 41.5486 337.893
166.958 149.072 0.370001 0.309989 0 0.018678 5.95409 4.65007
98 61.8956 44.0469 229.473
166.958 149.072 0.370001 0.309989 0 0.018678 5.95409 4.65007
99 61.8956 44.7632 232.288
166.958 149.072 0.370001 0.309989 0 0.018678 5.95409 4.65007
100 61.8956 45.6445 146.498
166.958 149.072 0.370001 0.309989 0 0.018678 5.95409 4.65007
