0 16.5075 3.21163 21.177
142.201 127.106 0.314116 0.342765 0.351731 0.144401 7.18198 2.28835
1 17.0401 4.45575 31.5755
143.654 128.342 0.284335 0.304302 0.339637 0.147774 5.96578 2.12975
2 18.0775 6.13296 43.2201
142.238 119.863 0.237476 0.312327 0.292923 0.203091 6.54213 1.62005
3 18.0775 6.78321 40.5221
142.238 119.863 0.237476 0.312327 0.292923 0.203091 6.54213 1.62005
4 18.0869 7.79799 50.5074
140.694 120.914 0.244886 0.303276 0.257417 0.213725 6.49169 1.5883
5 18.0869 8.83892 50.5908
140.694 120.914 0.244886 0.303276 0.257417 0.213725 6.49169 1.5883
6 18.58 10.1239 49.9425
142.487 128.258 0.248431 0.30497 0.393074 0.0714653 5.17552 1.29406
7 18.7364 10.328 52.8109
122.287 124.607 0.246982 0.228547 0.402099 0.106982 4.86715 5.11163
8 19.8138 11.1548 54.6389
153.981 134.438 0.281681 0.245738 0.323917 0.0328663 6.61728 1.20743
9 20.1504 12.2474 54.301
153.996 133.657 0.268759 0.25822 0.331409 0.0359138 6.82629 1.12709
10 20.1504 13.2939 55.4348
153.996 133.657 0.268759 0.25822 0.331409 0.0359138 6.82629 1.12709
11 21.6041 14.305 49.415
159.428 131.942 0.253787 0.206359 0.266862 0.0129835 6.87102 1.50563
12 21.6041 13.85 45.4206
159.428 131.942 0.253787 0.206359 0.266862 0.0129835 6.87102 1.50563
13 21.6253 14.9771 48.409
130.105 102.111 0.26522 0.258356 0.0987825 0.166482 4.92854 4.52062
14 21.6253 14.8457 40.6575
130.105 102.111 0.26522 0.258356 0.0987825 0.166482 4.92854 4.52062
15 21.6253 15.8261 38.6526
130.105 102.111 0.26522 0.258356 0.0987825 0.166482 4.92854 4.52062
16 21.6253 13.8172 54.4975
130.105 102.111 0.26522 0.258356 0.0987825 0.166482 4.92854 4.52062
17 21.6253 15.1983 45.3332
130.105 102.111 0.26522 0.258356 0.0987825 0.166482 4.92854 4.52062
18 21.6253 14.9676 38.4928
130.105 102.111 0.26522 0.258356 0.0987825 0.166482 4.92854 4.52062
19 21.6253 14.9347 41.1327
130.105 102.111 0.26522 0.258356 0.0987825 0.166482 4.92854 4.52062
20 21.6253 15.9391 30.5976
130.105 102.111 0.26522 0.258356 0.0987825 0.166482 4.92854 4.52062
21 21.6253 16.0179 31.3935
130.105 102.111 0.26522 0.258356 0.0987825 0.166482 4.92854 4.52062
22 21.6253 14.9222 42.038
130.105 102.111 0.26522 0.258356 0.0987825 0.166482 4.92854 4.52062
23 21.6253 15.5285 39.9101
130.105 102.111 0.26522 0.258356 0.0987825 0.166482 4.92854 4.52062
24 22.0839 15.6563 41.2854
169.626 100.018 0.306433 0.174158 0.417117 0.00112179 7.58388 4.1176
25 22.0839 16.0613 42.7244
169.626 100.018 0.306433 0.174158 0.417117 0.00112179 7.58388 4.1176
26 22.0839 15.8679 39.8031
169.626 100.018 0.306433 0.174158 0.417117 0.00112179 7.58388 4.1176
27 22.0839 16.2348 40.8817
169.626 100.018 0.306433 0.174158 0.417117 0.00112179 7.58388 4.1176
28 22.0866 16.7489 38.3421
169.163 100.596 0.300934 0.17462 0.417646 0.00780554 7.66371 3.98088
29 22.6407 16.6237 30.2069
164.577 100 0.304407 0.205529 0.213678 0 8.04342 3.5277
30 22.6407 16.4717 34.4703
164.577 100 0.304407 0.205529 0.213678 0 8.04342 3.5277
31 22.645 15.156 50.085
164.614 100.135 0.309301 0.206627 0.214473 0 8.06347 3.55772
32 22.645 15.176 64.3252
164.614 100.135 0.309301 0.206627 0.214473 0 8.06347 3.55772
33 22.645 16.2031 44.5322
164.614 100.135 0.309301 0.206627 0.214473 0 8.06347 3.55772
34 22.6983 15.102 50.6977
168.8 100.498 0.283565 0.246971 0.164729 0.00391615 8.54108 4.11075
35 22.6983 15.8667 57.3299
168.8 100.498 0.283565 0.246971 0.164729 0.00391615 8.54108 4.11075
36 22.6983 15.6552 51.5096
168.8 100.498 0.283565 0.246971 0.164729 0.00391615 8.54108 4.11075
37 22.7055 16.5342 53.8481
158.108 100 0.271451 0.221162 0.169665 0.0499166 8.30852 3.40128
38 22.7205 17.1009 45.4539
155.94 100 0.267119 0.227714 0.171815 0.0638419 8.31447 3.22337
39 22.7205 17.9898 40.4256
155.94 100 0.267119 0.227714 0.171815 0.0638419 8.31447 3.22337
40 22.7205 17.208 40.9281
155.94 100 0.267119 0.227714 0.171815 0.0638419 8.31447 3.22337
41 22.7205 17.4696 33.6601
155.94 100 0.267119 0.227714 0.171815 0.0638419 8.31447 3.22337
42 22.7205 16.4556 32.3462
155.94 100 0.267119 0.227714 0.171815 0.0638419 8.31447 3.22337
43 22.7205 16.9217 35.9454
155.94 100 0.267119 0.227714 0.171815 0.0638419 8.31447 3.22337
44 22.7205 16.4903 40.3859
155.94 100 0.267119 0.227714 0.171815 0.0638419 8.31447 3.22337
45 22.7205 18.7061 26.097
155.94 100 0.267119 0.227714 0.171815 0.0638419 8.31447 3.22337
46 22.7205 17.8438 25.5547
155.94 100 0.267119 0.227714 0.171815 0.0638419 8.31447 3.22337
47 22.7224 19.3478 12.3635
155.725 100 0.267619 0.228464 0.173028 0.0620781 8.32121 3.2302
48 22.7224 17.9801 33.6901
155.725 100 0.267619 0.228464 0.173028 0.0620781 8.32121 3.2302
49 22.7224 15.9036 71.6087
155.725 100 0.267619 0.228464 0.173028 0.0620781 8.32121 3.2302
50 22.7327 15.979 56.3374
152.343 105.637 0.281501 0.239138 0.115874 0 8.40643 3.67391
51 22.7374 17.5769 41.0183
155.487 100.362 0.272987 0.231248 0.170407 0.058399 8.3644 3.19177
52 22.7374 16.4826 56.778
155.487 100.362 0.272987 0.231248 0.170407 0.058399 8.3644 3.19177
53 22.7396 17.074 43.7524
153.408 103.061 0.250395 0.253908 0.0911751 0 7.88064 3.94509
54 22.8693 17.6332 34.4375
139.925 100 0.229461 0.311072 0.158835 0 9.10966 3.25402
55 22.8693 18.8749 19.0147
139.925 100 0.229461 0.311072 0.158835 0 9.10966 3.25402
56 22.8693 17.331 35.4417
139.925 100 0.229461 0.311072 0.158835 0 9.10966 3.25402
57 22.8693 16.0419 57.6499
139.925 100 0.229461 0.311072 0.158835 0 9.10966 3.25402
58 22.8693 15.7786 57.0388
139.925 100 0.229461 0.311072 0.158835 0 9.10966 3.25402
59 22.9285 17.2391 48.712
137.272 100 0.252235 0.304443 0.163801 0 9.2764 3.68831
60 22.9285 16.8495 45.6779
137.272 100 0.252235 0.304443 0.163801 0 9.2764 3.68831
61 22.9285 17.4794 30.0095
137.272 100 0.252235 0.304443 0.163801 0 9.2764 3.68831
62 22.9285 17.6267 34.7321
137.272 100 0.252235 0.304443 0.163801 0 9.2764 3.68831
63 22.9285 18.0444 35.0041
137.272 100 0.252235 0.304443 0.163801 0 9.2764 3.68831
64 22.9285 17.3484 45.5326
137.272 100 0.252235 0.304443 0.163801 0 9.2764 3.68831
65 22.9285 16.818 45.6389
137.272 100 0.252235 0.304443 0.163801 0 9.2764 3.68831
66 22.9285 17.2849 50.6135
137.272 100 0.252235 0.304443 0.163801 0 9.2764 3.68831
67 22.9285 17.7314 43.9941
137.272 100 0.252235 0.304443 0.163801 0 9.2764 3.68831
68 22.9285 16.4861 55.8898
137.272 100 0.252235 0.304443 0.163801 0 9.2764 3.68831
69 22.941 15.88 66.1038
136.975 100 0.251602 0.306417 0.164019 0 9.30194 3.65411
70 22.941 15.8015 66.1481
136.975 100 0.251602 0.306417 0.164019 0 9.30194 3.65411
71 22.941 15.7334 62.8065
136.975 100 0.251602 0.306417 0.164019 0 9.30194 3.65411
72 23.0008 15.7826 63.782
137.999 100 0.250035 0.348677 0.0430835 0 10 5.70357
73 23.0008 15.7078 56.6768
137.999 100 0.250035 0.348677 0.0430835 0 10 5.70357
74 23.0008 17.2355 56.5115
137.999 100 0.250035 0.348677 0.0430835 0 10 5.70357
75 23.0008 18.0013 41.0466
137.999 100 0.250035 0.348677 0.0430835 0 10 5.70357
76 23.0008 18.2068 35.6107
137.999 100 0.250035 0.348677 0.0430835 0 10 5.70357
77 23.0008 19.066 24.2191
137.999 100 0.250035 0.348677 0.0430835 0 10 5.70357
78 23.0086 19.6599 14.1938
137.975 100 0.250038 0.349182 0.0433761 0.000614473 9.99389 5.71102
79 23.0452 19.6654 14.0545
138.166 100 0.256463 0.331266 0.0575285 0 9.94245 5.59549
80 23.0452 18.5154 27.712
138.166 100 0.256463 0.331266 0.0575285 0 9.94245 5.59549
81 23.0452 17.9748 33.2915
138.166 100 0.256463 0.331266 0.0575285 0 9.94245 5.59549
82 23.0452 18.9229 22.8618
138.166 100 0.256463 0.331266 0.0575285 0 9.94245 5.59549
83 23.8016 17.5865 33.7022
106.234 100 0.304351 0.29885 0.323215 0 8.85443 3.92533
84 23.8016 16.502 41.8636
106.234 100 0.304351 0.29885 0.323215 0 8.85443 3.92533
85 23.8016 16.8815 41.702
106.234 100 0.304351 0.29885 0.323215 0 8.85443 3.92533
86 23.8016 17.4355 36.0345
106.234 100 0.304351 0.29885 0.323215 0 8.85443 3.92533
87 23.8016 17.8263 41.0348
106.234 100 0.304351 0.29885 0.323215 0 8.85443 3.92533
88 23.8016 17.2513 56.0795
106.234 100 0.304351 0.29885 0.323215 0 8.85443 3.92533
89 24.162 18.5531 45.0517
106 100.712 0.317391 0.244894 0.286213 0 9.03315 4.51172
90 24.1977 18.9153 37.3465
100 100.575 0.286998 0.233638 0.314523 0 9.43584 4.07025
91 24.2128 19.2494 50.7515
100.342 100.06 0.290113 0.233286 0.332689 0.0175189 9.53869 3.93883
92 25.1564 18.8388 54.3557
102.077 100 0.292127 0.2027 0.332696 0.00509355 9.15394 4.32759
93 25.1564 19.7201 40.6462
102.077 100 0.292127 0.2027 0.332696 0.00509355 9.15394 4.32759
94 25.1564 20.2305 32.8115
102.077 100 0.292127 0.2027 0.332696 0.00509355 9.15394 4.32759
95 25.169 18.3613 54.1357
100 100 0.301569 0.213715 0.299962 0.0446876 9.12987 3.41695
96 25.169 17.9031 57.3676
100 100 0.301569 0.213715 0.299962 0.0446876 9.12987 3.41695
97 25.169 18.3385 46.4216
100 100 0.301569 0.213715 0.299962 0.0446876 9.12987 3.41695
98 25.169 17.6379 58.5379
100 100 0.301569 0.213715 0.299962 0.0446876 9.12987 3.41695
99 25.169 18.134 59.4116
100 100 0.301569 0.213715 0.299962 0.0446876 9.12987 3.41695
100 25.169 18.7539 50.5866
100 100 0.301569 0.213715 0.299962 0.0446876 9.12987 3.41695
