0 10.8937 1.35555 5.45496
185.346 113.107 0.216536 0.0298642 0.452743 0.240418 3.29489 6.72533
1 10.9778 2.1789 9.0337
185.213 109.615 0.209066 0.0376708 0.475158 0.276151 3.6411 7.01972
2 10.9922 2.78045 14.8388
183.974 111.687 0.221325 0.049302 0.45669 0.277957 3.66063 6.84811
3 10.9922 3.65356 17.3631
183.974 111.687 0.221325 0.049302 0.45669 0.277957 3.66063 6.84811
4 11.3867 4.64529 20.5769
178.321 112.073 0.167807 0 0.453972 0.263511 2.54797 6.87779
5 11.3867 4.9145 19.7431
178.321 112.073 0.167807 0 0.453972 0.263511 2.54797 6.87779
6 15.9072 6.66444 22.7966
165.484 100.38 0.386524 0 0.414114 0.246594 2.21368 8.17791
7 15.9072 7.45001 24.6917
165.484 100.38 0.386524 0 0.414114 0.246594 2.21368 8.17791
8 15.9072 7.76914 26.6859
165.484 100.38 0.386524 0 0.414114 0.246594 2.21368 8.17791
9 15.9072 8.06574 25.3185
165.484 100.38 0.386524 0 0.414114 0.246594 2.21368 8.17791
10 15.9072 8.98736 20.4743
165.484 100.38 0.386524 0 0.414114 0.246594 2.21368 8.17791
11 15.9732 9.65674 26.3244
167.476 100.562 0.406582 0 0.405417 0.232057 2.63194 8.23141
12 16.9218 10.7377 23.9651
139.073 109.133 0.44776 0.0519199 0.444524 0.160096 3.70291 10
13 16.9218 11.174 22.3959
139.073 109.133 0.44776 0.0519199 0.444524 0.160096 3.70291 10
14 17.4197 11.3256 17.934
180.471 101.963 0.47576 0 0.217854 0.217984 0.334544 8.22896
15 17.4197 11.3732 20.1571
180.471 101.963 0.47576 0 0.217854 0.217984 0.334544 8.22896
16 17.4197 10.9828 18.0859
180.471 101.963 0.47576 0 0.217854 0.217984 0.334544 8.22896
17 17.9567 11.2741 20.5234
180.942 102.229 0.496198 0.00138608 0.20896 0.238994 0.259436 7.71634
18 17.9567 11.9087 22.7182
180.942 102.229 0.496198 0.00138608 0.20896 0.238994 0.259436 7.71634
19 18.5473 11.5995 28.1066
172.95 100 0.502824 0.02672 0.0748513 0.232825 0 8.05285
20 18.5473 11.5072 30.3033
172.95 100 0.502824 0.02672 0.0748513 0.232825 0 8.05285
21 18.5473 12.0313 30.6347
172.95 100 0.502824 0.02672 0.0748513 0.232825 0 8.05285
22 18.5473 11.4675 29.9182
172.95 100 0.502824 0.02672 0.0748513 0.232825 0 8.05285
23 18.5473 11.8549 28.0288
172.95 100 0.502824 0.02672 0.0748513 0.232825 0 8.05285
24 18.5473 12.2428 29.9876
172.95 100 0.502824 0.02672 0.0748513 0.232825 0 8.05285
25 18.6996 13.1033 32.1801
163.352 108.001 0.553941 0.0674516 0.293457 0.153852 6.14289 8.42192
26 18.6996 13.0094 31.031
163.352 108.001 0.553941 0.0674516 0.293457 0.153852 6.14289 8.42192
27 19.1888 12.9222 32.127
163.701 108.308 0.554326 0.0685619 0.284777 0.149851 6.17416 8.4283
28 19.1999 12.1506 28.9228
163.683 108.313 0.554425 0.0688597 0.284262 0.149587 6.17201 8.42751
29 21.5497 12.7728 28.0128
164.426 108.552 0.541251 0.0905733 0.289707 0.121392 6.13986 8.33818
30 21.5497 12.6266 28.18
164.426 108.552 0.541251 0.0905733 0.289707 0.121392 6.13986 8.33818
31 21.5497 13.5344 36.5273
164.426 108.552 0.541251 0.0905733 0.289707 0.121392 6.13986 8.33818
32 22.0187 14.7191 32.8446
156.862 100 0.526679 0.0856931 0.246692 0.0736868 4.34054 8.85963
33 22.5952 13.0559 46.5016
156.101 101.59 0.534958 0.109586 0.194588 0.067484 4.3508 8.7544
34 22.6055 13.4814 44.8891
157.388 102.375 0.537811 0.106165 0.193514 0.0859987 4.25269 8.84234
35 22.6055 13.9779 38.6263
157.388 102.375 0.537811 0.106165 0.193514 0.0859987 4.25269 8.84234
36 22.6055 14.886 44.0808
157.388 102.375 0.537811 0.106165 0.193514 0.0859987 4.25269 8.84234
37 22.6055 15.1719 46.113
157.388 102.375 0.537811 0.106165 0.193514 0.0859987 4.25269 8.84234
38 22.6055 12.7504 47.7372
157.388 102.375 0.537811 0.106165 0.193514 0.0859987 4.25269 8.84234
39 22.6055 13.9668 46.4845
157.388 102.375 0.537811 0.106165 0.193514 0.0859987 4.25269 8.84234
40 22.6055 14.7965 40.6482
157.388 102.375 0.537811 0.106165 0.193514 0.0859987 4.25269 8.84234
41 22.6609 13.9169 47.4343
155.092 101.834 0.543652 0.11474 0.137268 0.102526 4.03623 8.77639
42 22.6609 13.0195 55.8956
155.092 101.834 0.543652 0.11474 0.137268 0.102526 4.03623 8.77639
43 22.6609 12.5532 54.6872
155.092 101.834 0.543652 0.11474 0.137268 0.102526 4.03623 8.77639
44 22.6609 12.9772 48.7989
155.092 101.834 0.543652 0.11474 0.137268 0.102526 4.03623 8.77639
45 22.6609 12.4313 51.6679
155.092 101.834 0.543652 0.11474 0.137268 0.102526 4.03623 8.77639
46 22.9809 12.8252 51.8231
157.941 101.953 0.570126 0.122514 0.196367 0.0351164 4.40227 9.31008
47 22.9809 12.9734 49.1759
157.941 101.953 0.570126 0.122514 0.196367 0.0351164 4.40227 9.31008
48 22.9964 12.9252 50.3572
157.725 101.645 0.56807 0.124241 0.190294 0.0354253 4.38316 9.2898
49 22.9964 11.7897 52.4547
157.725 101.645 0.56807 0.124241 0.190294 0.0354253 4.38316 9.2898
50 22.9964 13.7883 50.0917
157.725 101.645 0.56807 0.124241 0.190294 0.0354253 4.38316 9.2898
51 22.9964 14.8219 49.2366
157.725 101.645 0.56807 0.124241 0.190294 0.0354253 4.38316 9.2898
52 23.457 15.0644 43.311
158.364 101.53 0.588596 0.121094 0.156625 0.0139674 4.71567 9.35342
53 23.457 16.405 40.9614
158.364 101.53 0.588596 0.121094 0.156625 0.0139674 4.71567 9.35342
54 23.5196 14.3134 56.8877
158.257 100 0.614749 0.13066 0.207444 0 5.00781 9.03138
55 23.5196 15.6998 46.4255
158.257 100 0.614749 0.13066 0.207444 0 5.00781 9.03138
56 23.5196 15.5565 41.6888
158.257 100 0.614749 0.13066 0.207444 0 5.00781 9.03138
57 23.5196 15.8561 42.3621
158.257 100 0.614749 0.13066 0.207444 0 5.00781 9.03138
58 23.5196 16.0667 39.4033
158.257 100 0.614749 0.13066 0.207444 0 5.00781 9.03138
59 23.5196 16.0406 50.7435
158.257 100 0.614749 0.13066 0.207444 0 5.00781 9.03138
60 23.5196 15.2001 45.6793
158.257 100 0.614749 0.13066 0.207444 0 5.00781 9.03138
61 24.0127 13.9472 57.6064
155.123 101.056 0.630721 0.175524 0.0862072 0 5.42835 9.0296
62 24.4897 14.5402 57.7864
134.502 100 0.62376 0.15058 0.135267 0.0230092 5.20609 8.8475
63 24.4897 14.3911 52.2538
134.502 100 0.62376 0.15058 0.135267 0.0230092 5.20609 8.8475
64 24.4897 13.7546 55.0669
134.502 100 0.62376 0.15058 0.135267 0.0230092 5.20609 8.8475
65 24.615 15.0864 56.3412
132.767 102.635 0.648481 0.215872 0 0 6.01348 8.50099
66 24.615 14.6244 56.384
132.767 102.635 0.648481 0.215872 0 0 6.01348 8.50099
67 24.615 16.0483 53.4909
132.767 102.635 0.648481 0.215872 0 0 6.01348 8.50099
68 24.9818 15.0431 49.8843
128.424 100 0.645474 0.137194 0 0.0381017 5.97896 8.78241
69 25.0998 15.8647 58.8634
130.946 100.475 0.677949 0.119492 0 0 6.11301 9.13519
70 25.0998 17.9269 55.9969
130.946 100.475 0.677949 0.119492 0 0 6.11301 9.13519
71 25.5502 16.5822 58.8035
131.771 100 0.63697 0.182931 0.0343356 0.0179367 5.88429 8.46672
72 25.5502 15.3376 56.22
131.771 100 0.63697 0.182931 0.0343356 0.0179367 5.88429 8.46672
73 25.5502 14.9275 57.0755
131.771 100 0.63697 0.182931 0.0343356 0.0179367 5.88429 8.46672
74 25.5502 14.8157 79.2995
131.771 100 0.63697 0.182931 0.0343356 0.0179367 5.88429 8.46672
75 25.5502 14.1464 72.6527
131.771 100 0.63697 0.182931 0.0343356 0.0179367 5.88429 8.46672
76 25.5502 15.9364 72.6929
131.771 100 0.63697 0.182931 0.0343356 0.0179367 5.88429 8.46672
77 25.5502 14.478 77.8638
131.771 100 0.63697 0.182931 0.0343356 0.0179367 5.88429 8.46672
78 25.5502 15.3899 80.7446
131.771 100 0.63697 0.182931 0.0343356 0.0179367 5.88429 8.46672
79 25.5502 16.3597 79.8775
131.771 100 0.63697 0.182931 0.0343356 0.0179367 5.88429 8.46672
80 25.5502 14.3832 81.3824
131.771 100 0.63697 0.182931 0.0343356 0.0179367 5.88429 8.46672
81 25.5502 15.7062 90.5787
131.771 100 0.63697 0.182931 0.0343356 0.0179367 5.88429 8.46672
82 25.5502 13.688 76.3837
131.771 100 0.63697 0.182931 0.0343356 0.0179367 5.88429 8.46672
83 25.5502 12.3239 72.0201
131.771 100 0.63697 0.182931 0.0343356 0.0179367 5.88429 8.46672
84 25.5502 11.9666 84.1035
131.771 100 0.63697 0.182931 0.0343356 0.0179367 5.88429 8.46672
85 25.5502 13.9979 81.1382
131.771 100 0.63697 0.182931 0.0343356 0.0179367 5.88429 8.46672
86 25.5502 14.8193 76.779
131.771 100 0.63697 0.182931 0.0343356 0.0179367 5.88429 8.46672
87 25.5502 13.5413 79.218
131.771 100 0.63697 0.182931 0.0343356 0.0179367 5.88429 8.46672
88 25.5502 14.3238 83.7675
131.771 100 0.63697 0.182931 0.0343356 0.0179367 5.88429 8.46672
89 25.5502 15.5234 70.8944
131.771 100 0.63697 0.182931 0.0343356 0.0179367 5.88429 8.46672
90 25.5502 14.4872 69.5539
131.771 100 0.63697 0.182931 0.0343356 0.0179367 5.88429 8.46672
91 25.5502 16.2558 58.2583
131.771 100 0.63697 0.182931 0.0343356 0.0179367 5.88429 8.46672
92 25.5805 15.4882 74.2552
129.316 110.958 0.653542 0.141202 0 0.0354257 7.67239 9.25193
93 25.5805 14.7385 82.4484
129.316 110.958 0.653542 0.141202 0 0.0354257 7.67239 9.25193
94 25.5805 12.9869 68.456
129.316 110.958 0.653542 0.141202 0 0.0354257 7.67239 9.25193
95 25.5805 14.1583 86.0338
129.316 110.958 0.653542 0.141202 0 0.0354257 7.67239 9.25193
96 25.5805 13.8297 90.0568
129.316 110.958 0.653542 0.141202 0 0.0354257 7.67239 9.25193
97 25.5805 15.0762 92.582
129.316 110.958 0.653542 0.141202 0 0.0354257 7.67239 9.25193
98 25.5805 14.3972 88.6557
129.316 110.958 0.653542 0.141202 0 0.0354257 7.67239 9.25193
99 25.5805 13.8451 89.3117
129.316 110.958 0.653542 0.141202 0 0.0354257 7.67239 9.25193
100 25.5805 15.153 74.3153
129.316 110.958 0.653542 0.141202 0 0.0354257 7.67239 9.25193
