0 1.92281 0.116881 0.18087
149.649 119.357 194.206 0.501065 0.342115 0.163394 0.240887 0.400946 0.244835 2.48326 2.92461 0.506434
1 1.92847 0.210712 0.344248
148.388 116.057 191.227 0.536081 0.320853 0.155141 0.197974 0.402853 0.199128 2.46736 3.41047 0.437553
2 1.92918 0.401008 0.612852
151.228 124.65 200 0.536096 0.309294 0.177628 0.204959 0.477245 0.27451 2.44986 2.36945 0.505162
3 1.92918 0.496965 0.716391
151.228 124.65 200 0.536096 0.309294 0.177628 0.204959 0.477245 0.27451 2.44986 2.36945 0.505162
4 1.92967 0.641302 0.698131
148.987 113.885 190.599 0.515406 0.300948 0.159432 0.155968 0.45153 0.197994 2.19529 3.31838 0.756407
5 1.92967 0.712942 0.705655
148.987 113.885 190.599 0.515406 0.300948 0.159432 0.155968 0.45153 0.197994 2.19529 3.31838 0.756407
6 1.93351 0.737132 0.753333
151.042 127.634 198.642 0.584379 0.317375 0.22023 0.182686 0.483179 0.249471 2.24779 2.07924 0.927255
7 1.93351 0.949806 0.825929
151.042 127.634 198.642 0.584379 0.317375 0.22023 0.182686 0.483179 0.249471 2.24779 2.07924 0.927255
8 1.93351 0.836122 0.786348
151.042 127.634 198.642 0.584379 0.317375 0.22023 0.182686 0.483179 0.249471 2.24779 2.07924 0.927255
9 1.93351 0.929925 0.807198
151.042 127.634 198.642 0.584379 0.317375 0.22023 0.182686 0.483179 0.249471 2.24779 2.07924 0.927255
10 1.93351 1.07459 0.818864
151.042 127.634 198.642 0.584379 0.317375 0.22023 0.182686 0.483179 0.249471 2.24779 2.07924 0.927255
11 1.93351 0.954418 0.82077
151.042 127.634 198.642 0.584379 0.317375 0.22023 0.182686 0.483179 0.249471 2.24779 2.07924 0.927255
12 1.93351 0.929258 0.810493
151.042 127.634 198.642 0.584379 0.317375 0.22023 0.182686 0.483179 0.249471 2.24779 2.07924 0.927255
13 1.93351 0.95578 0.703223
151.042 127.634 198.642 0.584379 0.317375 0.22023 0.182686 0.483179 0.249471 2.24779 2.07924 0.927255
14 1.93351 0.933691 0.707807
151.042 127.634 198.642 0.584379 0.317375 0.22023 0.182686 0.483179 0.249471 2.24779 2.07924 0.927255
15 1.9354 0.981119 0.760346
153.904 129.664 197.753 0.58522 0.27725 0.199098 0.138798 0.498714 0.280278 2.23054 2.32947 1.01733
16 1.9354 0.887397 0.748782
153.904 129.664 197.753 0.58522 0.27725 0.199098 0.138798 0.498714 0.280278 2.23054 2.32947 1.01733
17 1.9354 0.62726 0.640569
153.904 129.664 197.753 0.58522 0.27725 0.199098 0.138798 0.498714 0.280278 2.23054 2.32947 1.01733
18 1.9354 0.652601 0.615922
153.904 129.664 197.753 0.58522 0.27725 0.199098 0.138798 0.498714 0.280278 2.23054 2.32947 1.01733
19 1.9354 0.629988 0.729044
153.904 129.664 197.753 0.58522 0.27725 0.199098 0.138798 0.498714 0.280278 2.23054 2.32947 1.01733
20 1.9354 0.605937 0.700135
153.904 129.664 197.753 0.58522 0.27725 0.199098 0.138798 0.498714 0.280278 2.23054 2.32947 1.01733
21 1.9354 0.698858 0.670364
153.904 129.664 197.753 0.58522 0.27725 0.199098 0.138798 0.498714 0.280278 2.23054 2.32947 1.01733
22 1.9354 0.887487 0.748645
153.904 129.664 197.753 0.58522 0.27725 0.199098 0.138798 0.498714 0.280278 2.23054 2.32947 1.01733
23 1.9354 0.744198 0.7472
153.904 129.664 197.753 0.58522 0.27725 0.199098 0.138798 0.498714 0.280278 2.23054 2.32947 1.01733
24 1.9354 0.697416 0.768504
153.904 129.664 197.753 0.58522 0.27725 0.199098 0.138798 0.498714 0.280278 2.23054 2.32947 1.01733
25 1.9354 0.581524 0.645435
153.904 129.664 197.753 0.58522 0.27725 0.199098 0.138798 0.498714 0.280278 2.23054 2.32947 1.01733
26 1.9354 0.723716 0.582118
153.904 129.664 197.753 0.58522 0.27725 0.199098 0.138798 0.498714 0.280278 2.23054 2.32947 1.01733
27 1.9354 0.675401 0.625253
153.904 129.664 197.753 0.58522 0.27725 0.199098 0.138798 0.498714 0.280278 2.23054 2.32947 1.01733
28 1.9354 0.699222 0.766971
153.904 129.664 197.753 0.58522 0.27725 0.199098 0.138798 0.498714 0.280278 2.23054 2.32947 1.01733
29 1.9354 0.889438 0.678196
153.904 129.664 197.753 0.58522 0.27725 0.199098 0.138798 0.498714 0.280278 2.23054 2.32947 1.01733
30 1.9354 0.866349 0.798472
153.904 129.664 197.753 0.58522 0.27725 0.199098 0.138798 0.498714 0.280278 2.23054 2.32947 1.01733
31 1.9354 0.820164 0.73608
153.904 129.664 197.753 0.58522 0.27725 0.199098 0.138798 0.498714 0.280278 2.23054 2.32947 1.01733
32 1.9354 0.867978 0.612225
153.904 129.664 197.753 0.58522 0.27725 0.199098 0.138798 0.498714 0.280278 2.23054 2.32947 1.01733
33 1.9354 0.74798 0.745623
153.904 129.664 197.753 0.58522 0.27725 0.199098 0.138798 0.498714 0.280278 2.23054 2.32947 1.01733
34 1.93665 0.798643 0.624835
151.613 128.136 199.745 0.591041 0.270083 0.192487 0.150621 0.501152 0.275412 2.32662 2.60411 1.02017
35 1.93665 1.00804 0.763847
151.613 128.136 199.745 0.591041 0.270083 0.192487 0.150621 0.501152 0.275412 2.32662 2.60411 1.02017
36 1.93665 1.0074 0.697345
151.613 128.136 199.745 0.591041 0.270083 0.192487 0.150621 0.501152 0.275412 2.32662 2.60411 1.02017
37 1.93665 1.00727 0.767682
151.613 128.136 199.745 0.591041 0.270083 0.192487 0.150621 0.501152 0.275412 2.32662 2.60411 1.02017
38 1.93665 1.08011 0.740869
151.613 128.136 199.745 0.591041 0.270083 0.192487 0.150621 0.501152 0.275412 2.32662 2.60411 1.02017
39 1.93665 0.892296 0.739097
151.613 128.136 199.745 0.591041 0.270083 0.192487 0.150621 0.501152 0.275412 2.32662 2.60411 1.02017
40 1.93665 1.00723 0.714028
151.613 128.136 199.745 0.591041 0.270083 0.192487 0.150621 0.501152 0.275412 2.32662 2.60411 1.02017
41 1.93665 0.655401 0.618146
151.613 128.136 199.745 0.591041 0.270083 0.192487 0.150621 0.501152 0.275412 2.32662 2.60411 1.02017
42 1.93665 0.867403 0.701991
151.613 128.136 199.745 0.591041 0.270083 0.192487 0.150621 0.501152 0.275412 2.32662 2.60411 1.02017
43 1.93665 0.867192 0.426966
151.613 128.136 199.745 0.591041 0.270083 0.192487 0.150621 0.501152 0.275412 2.32662 2.60411 1.02017
44 1.93665 0.938968 0.54357
151.613 128.136 199.745 0.591041 0.270083 0.192487 0.150621 0.501152 0.275412 2.32662 2.60411 1.02017
45 1.93665 0.865549 0.613492
151.613 128.136 199.745 0.591041 0.270083 0.192487 0.150621 0.501152 0.275412 2.32662 2.60411 1.02017
46 1.93665 0.958518 0.769791
151.613 128.136 199.745 0.591041 0.270083 0.192487 0.150621 0.501152 0.275412 2.32662 2.60411 1.02017
47 1.93665 1.05267 0.857173
151.613 128.136 199.745 0.591041 0.270083 0.192487 0.150621 0.501152 0.275412 2.32662 2.60411 1.02017
48 1.93667 1.00583 0.769285
151.672 128.007 199.488 0.592558 0.269615 0.193653 0.149586 0.49903 0.277968 2.32973 2.60873 1.01715
49 1.93892 0.8893 0.748659
151.042 123.723 198.034 0.584923 0.273332 0.181288 0.101768 0.478026 0.28702 2.31807 2.84504 1.06299
50 1.93892 0.915509 0.529918
151.042 123.723 198.034 0.584923 0.273332 0.181288 0.101768 0.478026 0.28702 2.31807 2.84504 1.06299
