0 8.53431 0.479215 3.59794
137.38 128.279 0.318535 0.223282 0.0518554 0.657621 5.04446 7.88569
1 8.53431 0.628212 3.85599
137.38 128.279 0.318535 0.223282 0.0518554 0.657621 5.04446 7.88569
2 8.53431 0.993889 4.23845
137.38 128.279 0.318535 0.223282 0.0518554 0.657621 5.04446 7.88569
3 18.4876 2.27039 21.772
129.797 118.759 0.354435 0.186952 0.00995408 0.636164 4.72921 6.42466
4 18.4876 3.05348 23.7407
129.797 118.759 0.354435 0.186952 0.00995408 0.636164 4.72921 6.42466
5 22.8156 4.55806 44.6198
100 112.655 0.334042 0.302517 0 0.491438 3.13323 6.66007
6 22.83 4.56395 59.2419
100 109.356 0.354674 0.282283 0 0.458043 3.5593 6.91214
7 22.83 5.54941 64.4667
100 109.356 0.354674 0.282283 0 0.458043 3.5593 6.91214
8 22.83 4.66276 70.6018
100 109.356 0.354674 0.282283 0 0.458043 3.5593 6.91214
9 22.83 3.27005 48.0209
100 109.356 0.354674 0.282283 0 0.458043 3.5593 6.91214
10 23.0246 4.91814 64.9416
103.973 114.692 0.289457 0.326138 0.0212139 0.413106 3.81618 7.53147
11 23.0246 6.24054 81.917
103.973 114.692 0.289457 0.326138 0.0212139 0.413106 3.81618 7.53147
12 23.0246 6.73735 89.743
103.973 114.692 0.289457 0.326138 0.0212139 0.413106 3.81618 7.53147
13 23.0376 7.41983 102.004
107.696 112.258 0.281447 0.301618 0.0232339 0.454948 4.07618 7.81919
14 23.0376 9.16916 98.2529
107.696 112.258 0.281447 0.301618 0.0232339 0.454948 4.07618 7.81919
15 25.6368 10.7948 91.9714
107.127 104.397 0.357966 0.438899 0 0.373415 5.72249 10
16 25.6368 10.1525 83.7692
107.127 104.397 0.357966 0.438899 0 0.373415 5.72249 10
17 25.6368 9.27062 73.3432
107.127 104.397 0.357966 0.438899 0 0.373415 5.72249 10
18 25.6368 5.93144 69.7479
107.127 104.397 0.357966 0.438899 0 0.373415 5.72249 10
19 25.6368 7.06989 76.3131
107.127 104.397 0.357966 0.438899 0 0.373415 5.72249 10
20 25.6368 6.5431 70.7282
107.127 104.397 0.357966 0.438899 0 0.373415 5.72249 10
21 25.6368 7.09367 90.7441
107.127 104.397 0.357966 0.438899 0 0.373415 5.72249 10
22 25.6368 7.22455 82.3258
107.127 104.397 0.357966 0.438899 0 0.373415 5.72249 10
23 25.6368 7.25041 91.9351
107.127 104.397 0.357966 0.438899 0 0.373415 5.72249 10
24 25.6368 10.0922 99.2061
107.127 104.397 0.357966 0.438899 0 0.373415 5.72249 10
25 25.6368 9.8249 92.144
107.127 104.397 0.357966 0.438899 0 0.373415 5.72249 10
26 25.6368 7.31071 75.7981
107.127 104.397 0.357966 0.438899 0 0.373415 5.72249 10
27 25.7593 8.73034 99.9579
112.955 106.369 0.346844 0.370283 0 0.35867 5.65894 10
28 25.7593 8.72312 97.6502
112.955 106.369 0.346844 0.370283 0 0.35867 5.65894 10
29 25.7593 7.72418 108.487
112.955 106.369 0.346844 0.370283 0 0.35867 5.65894 10
30 25.7593 9.11233 118.815
112.955 106.369 0.346844 0.370283 0 0.35867 5.65894 10
31 25.7593 7.97156 107.186
112.955 106.369 0.346844 0.370283 0 0.35867 5.65894 10
32 25.7593 5.06837 73.8778
112.955 106.369 0.346844 0.370283 0 0.35867 5.65894 10
33 25.7593 7.89649 103.143
112.955 106.369 0.346844 0.370283 0 0.35867 5.65894 10
34 25.7593 8.22886 101.861
112.955 106.369 0.346844 0.370283 0 0.35867 5.65894 10
35 25.7593 5.32216 86.8086
112.955 106.369 0.346844 0.370283 0 0.35867 5.65894 10
36 25.7593 4.55456 73.0072
112.955 106.369 0.346844 0.370283 0 0.35867 5.65894 10
37 25.7593 6.88319 92.1518
112.955 106.369 0.346844 0.370283 0 0.35867 5.65894 10
38 25.7593 8.32864 93.2974
112.955 106.369 0.346844 0.370283 0 0.35867 5.65894 10
39 25.7593 6.38192 81.4069
112.955 106.369 0.346844 0.370283 0 0.35867 5.65894 10
40 25.7593 7.12002 101.931
112.955 106.369 0.346844 0.370283 0 0.35867 5.65894 10
41 25.7593 5.79046 74.8493
112.955 106.369 0.346844 0.370283 0 0.35867 5.65894 10
42 25.7593 9.84005 114.94
112.955 106.369 0.346844 0.370283 0 0.35867 5.65894 10
43 25.7593 10.191 120.332
112.955 106.369 0.346844 0.370283 0 0.35867 5.65894 10
44 25.7593 10.8929 102.326
112.955 106.369 0.346844 0.370283 0 0.35867 5.65894 10
45 26.3441 10.6724 105.896
117.873 100 0.298646 0.356495 0.0257851 0.139995 5.7363 10
46 26.3441 9.87105 114.476
117.873 100 0.298646 0.356495 0.0257851 0.139995 5.7363 10
47 26.3441 12.0453 126.964
117.873 100 0.298646 0.356495 0.0257851 0.139995 5.7363 10
48 26.3441 9.65383 99.3229
117.873 100 0.298646 0.356495 0.0257851 0.139995 5.7363 10
49 26.3441 11.5384 115.5
117.873 100 0.298646 0.356495 0.0257851 0.139995 5.7363 10
50 26.3505 9.63155 111.848
118.003 100.11 0.299822 0.356583 0.0274349 0.140022 5.74906 10
51 26.4901 8.28941 103.156
118.483 100.215 0.308223 0.353491 0.0318524 0.132263 5.65971 10
52 26.4901 9.54828 124.824
118.483 100.215 0.308223 0.353491 0.0318524 0.132263 5.65971 10
53 26.7823 14.6944 128.538
107.662 100 0.237914 0.35641 0.107146 0.0464973 5.4635 9.03388
54 26.7823 15.2027 138.199
107.662 100 0.237914 0.35641 0.107146 0.0464973 5.4635 9.03388
55 27.6585 13.6554 115.591
107.163 100.965 0.239377 0.36127 0.113698 0.0357082 4.82182 9.1206
56 27.6585 13.0199 103.864
107.163 100.965 0.239377 0.36127 0.113698 0.0357082 4.82182 9.1206
57 27.7571 14.2382 110.525
107.136 101.049 0.235937 0.358772 0.107351 0.0392598 4.83362 9.04789
58 27.7571 12.5298 121.121
107.136 101.049 0.235937 0.358772 0.107351 0.0392598 4.83362 9.04789
59 27.7571 12.9869 122.867
107.136 101.049 0.235937 0.358772 0.107351 0.0392598 4.83362 9.04789
60 27.7571 12.3008 130.597
107.136 101.049 0.235937 0.358772 0.107351 0.0392598 4.83362 9.04789
61 27.7571 11.1914 115.631
107.136 101.049 0.235937 0.358772 0.107351 0.0392598 4.83362 9.04789
62 27.7571 11.7577 131.72
107.136 101.049 0.235937 0.358772 0.107351 0.0392598 4.83362 9.04789
63 27.7571 13.82 127.131
107.136 101.049 0.235937 0.358772 0.107351 0.0392598 4.83362 9.04789
64 27.7571 12.4438 138.82
107.136 101.049 0.235937 0.358772 0.107351 0.0392598 4.83362 9.04789
65 27.7571 11.0887 134.314
107.136 101.049 0.235937 0.358772 0.107351 0.0392598 4.83362 9.04789
66 27.7571 12.9897 155.737
107.136 101.049 0.235937 0.358772 0.107351 0.0392598 4.83362 9.04789
67 27.7571 13.4434 123.388
107.136 101.049 0.235937 0.358772 0.107351 0.0392598 4.83362 9.04789
68 27.7571 11.6081 113.22
107.136 101.049 0.235937 0.358772 0.107351 0.0392598 4.83362 9.04789
69 27.7571 12.9506 128.29
107.136 101.049 0.235937 0.358772 0.107351 0.0392598 4.83362 9.04789
70 27.7992 13.4483 139.386
107.044 101.058 0.235766 0.358145 0.106477 0.0390236 4.83321 9.04711
71 27.7992 14.4258 123.771
107.044 101.058 0.235766 0.358145 0.106477 0.0390236 4.83321 9.04711
72 27.8286 12.5962 130.107
106.977 101.068 0.235308 0.357804 0.105658 0.0392618 4.82007 9.05043
73 27.8286 11.2924 115.445
106.977 101.068 0.235308 0.357804 0.105658 0.0392618 4.82007 9.05043
74 27.9469 11.1159 137.354
110.434 100 0.241914 0.314264 0.0791333 0.084107 4.69616 9.01509
75 27.9469 12.7236 140.609
110.434 100 0.241914 0.314264 0.0791333 0.084107 4.69616 9.01509
76 27.9469 12.1469 132.123
110.434 100 0.241914 0.314264 0.0791333 0.084107 4.69616 9.01509
77 27.9469 11.11 131.655
110.434 100 0.241914 0.314264 0.0791333 0.084107 4.69616 9.01509
78 28.3471 12.125 123.168
110.79 100.115 0.239215 0.318716 0.0861824 0.0775764 4.75245 9.03556
79 28.3471 13.8538 111.07
110.79 100.115 0.239215 0.318716 0.0861824 0.0775764 4.75245 9.03556
80 28.3471 14.585 121.99
110.79 100.115 0.239215 0.318716 0.0861824 0.0775764 4.75245 9.03556
81 28.3471 11.1065 112.622
110.79 100.115 0.239215 0.318716 0.0861824 0.0775764 4.75245 9.03556
82 28.3471 10.7168 97.6226
110.79 100.115 0.239215 0.318716 0.0861824 0.0775764 4.75245 9.03556
83 28.3471 9.27764 108.643
110.79 100.115 0.239215 0.318716 0.0861824 0.0775764 4.75245 9.03556
84 28.3471 11.2707 125.03
110.79 100.115 0.239215 0.318716 0.0861824 0.0775764 4.75245 9.03556
85 28.3471 13.2844 109.939
110.79 100.115 0.239215 0.318716 0.0861824 0.0775764 4.75245 9.03556
86 28.3471 11.9705 103.822
110.79 100.115 0.239215 0.318716 0.0861824 0.0775764 4.75245 9.03556
87 28.3471 10.3333 131.974
110.79 100.115 0.239215 0.318716 0.0861824 0.0775764 4.75245 9.03556
88 28.3471 13.3997 129.24
110.79 100.115 0.239215 0.318716 0.0861824 0.0775764 4.75245 9.03556
89 28.3471 11.8981 124.618
110.79 100.115 0.239215 0.318716 0.0861824 0.0775764 4.75245 9.03556
90 28.3471 13.3301 126.952
110.79 100.115 0.239215 0.318716 0.0861824 0.0775764 4.75245 9.03556
91 28.3471 13.3549 109.256
110.79 100.115 0.239215 0.318716 0.0861824 0.0775764 4.75245 9.03556
92 28.3471 13.7591 106.28
110.79 100.115 0.239215 0.318716 0.0861824 0.0775764 4.75245 9.03556
93 28.3471 12.527 99.1561
110.79 100.115 0.239215 0.318716 0.0861824 0.0775764 4.75245 9.03556
94 28.3471 11.0505 97.9373
110.79 100.115 0.239215 0.318716 0.0861824 0.0775764 4.75245 9.03556
95 28.3471 13.1694 89.8616
110.79 100.115 0.239215 0.318716 0.0861824 0.0775764 4.75245 9.03556
96 28.3471 13.315 101.081
110.79 100.115 0.239215 0.318716 0.0861824 0.0775764 4.75245 9.03556
97 28.6492 12.7525 114.639
111.054 100.082 0.229479 0.318006 0.0772018 0.0708411 4.73058 8.91152
98 28.6492 10.6712 111.92
111.054 100.082 0.229479 0.318006 0.0772018 0.0708411 4.73058 8.91152
99 28.6492 10.6705 114.723
111.054 100.082 0.229479 0.318006 0.0772018 0.0708411 4.73058 8.91152
100 28.6492 11.4669 114.231
111.054 100.082 0.229479 0.318006 0.0772018 0.0708411 4.73058 8.91152
