0 13.1339 3.45348 15.8583
104.518 118.683 0.294677 0.336216 0.948187 0.0844805 3.83565 2.33511
1 13.682 4.55936 23.9716
102.104 124.928 0.262759 0.335438 0.875903 0.0800483 4.48158 2.25758
2 13.682 6.01376 29.1562
102.104 124.928 0.262759 0.335438 0.875903 0.0800483 4.48158 2.25758
3 14.7203 6.80454 30.0649
155.564 150.502 0.419068 0.35147 0.58133 0 8.67645 2.01036
4 15.5891 7.29626 31.594
102.317 128.547 0.296001 0.264312 0.782867 0.0408802 5.60725 1.18143
5 16.1671 8.52225 37.7477
157.823 156.9 0.450125 0.353451 0.608533 0 9.28591 2.01719
6 16.1671 8.96529 39.2417
157.823 156.9 0.450125 0.353451 0.608533 0 9.28591 2.01719
7 16.5547 9.39167 34.9934
155.888 138.827 0.474321 0.25219 0.585902 0 7.65738 2.06178
8 16.5547 10.0865 34.1334
155.888 138.827 0.474321 0.25219 0.585902 0 7.65738 2.06178
9 16.5547 10.1262 36.1902
155.888 138.827 0.474321 0.25219 0.585902 0 7.65738 2.06178
10 17.0471 10.9976 35.5221
159.807 137.952 0.460883 0.249099 0.585296 0.0233711 7.86686 2.22831
11 17.0471 11.379 32.2807
159.807 137.952 0.460883 0.249099 0.585296 0.0233711 7.86686 2.22831
12 17.5428 11.9569 29.9359
100.686 143.013 0.475786 0.182517 0.870255 0.142513 6.81916 0.189229
13 17.5428 11.9069 29.6858
100.686 143.013 0.475786 0.182517 0.870255 0.142513 6.81916 0.189229
14 17.5428 11.9412 27.1222
100.686 143.013 0.475786 0.182517 0.870255 0.142513 6.81916 0.189229
15 18.0135 12.2522 26.1571
104.728 139.999 0.471402 0.168867 0.889387 0.139477 6.72371 0
16 18.0135 12.917 24.3489
104.728 139.999 0.471402 0.168867 0.889387 0.139477 6.72371 0
17 18.0135 13.4201 19.8961
104.728 139.999 0.471402 0.168867 0.889387 0.139477 6.72371 0
18 18.0174 12.8114 23.3558
104.789 140.075 0.47587 0.171609 0.890375 0.13958 6.69844 0
19 18.0174 12.0623 27.5478
104.789 140.075 0.47587 0.171609 0.890375 0.13958 6.69844 0
20 18.0174 11.4184 29.4389
104.789 140.075 0.47587 0.171609 0.890375 0.13958 6.69844 0
21 18.0265 11.9078 30.0466
100 145.638 0.453332 0.201487 0.824432 0.0501256 6.74891 0.141917
22 18.0265 12.1322 30.83
100 145.638 0.453332 0.201487 0.824432 0.0501256 6.74891 0.141917
23 18.0265 12.2228 28.544
100 145.638 0.453332 0.201487 0.824432 0.0501256 6.74891 0.141917
24 18.0265 12.6051 26.5509
100 145.638 0.453332 0.201487 0.824432 0.0501256 6.74891 0.141917
25 18.09 12.2351 25.9686
100 143.855 0.47415 0.203323 0.788572 0.0587914 6.3644 0.0729891
26 18.09 12.3287 22.4308
100 143.855 0.47415 0.203323 0.788572 0.0587914 6.3644 0.0729891
27 18.09 11.5769 24.945
100 143.855 0.47415 0.203323 0.788572 0.0587914 6.3644 0.0729891
28 18.1444 11.8484 32.9004
100 144.782 0.483671 0.210261 0.857434 0.0406884 6.55058 0
29 18.1444 12.9423 29.1987
100 144.782 0.483671 0.210261 0.857434 0.0406884 6.55058 0
30 18.1444 13.5133 24.36
100 144.782 0.483671 0.210261 0.857434 0.0406884 6.55058 0
31 18.1444 13.9027 17.4309
100 144.782 0.483671 0.210261 0.857434 0.0406884 6.55058 0
32 18.532 12.3452 28.9888
100 134.025 0.462759 0.112572 0.825063 0 6.71263 1.16655
33 18.532 12.7532 33.7584
100 134.025 0.462759 0.112572 0.825063 0 6.71263 1.16655
34 18.532 14.1416 29.0773
100 134.025 0.462759 0.112572 0.825063 0 6.71263 1.16655
35 18.6788 13.6705 25.6344
100 131.029 0.491613 0.145868 0.906836 0 7.34563 0.284755
36 18.7062 13.8157 26.4302
100.371 130.67 0.499933 0.129464 0.902208 0 7.45896 0.10004
37 19.0799 13.3929 27.1223
100.462 130.604 0.484805 0.14998 0.884568 0.00135222 7.15386 0.407911
38 19.0799 12.2396 34.7307
100.462 130.604 0.484805 0.14998 0.884568 0.00135222 7.15386 0.407911
39 19.0799 11.7179 35.7112
100.462 130.604 0.484805 0.14998 0.884568 0.00135222 7.15386 0.407911
40 19.0799 12.5037 34.8176
100.462 130.604 0.484805 0.14998 0.884568 0.00135222 7.15386 0.407911
41 19.1974 12.7387 35.6827
109.764 132.221 0.529313 0.133487 0.851993 0 7.72177 0
42 19.1974 12.3023 38.5883
109.764 132.221 0.529313 0.133487 0.851993 0 7.72177 0
43 19.4396 12.1849 36.0023
102.035 105.801 0.613598 0.197642 1 0 9.75338 0
44 19.4396 12.8288 35.2606
102.035 105.801 0.613598 0.197642 1 0 9.75338 0
45 19.4396 12.9652 38.2635
102.035 105.801 0.613598 0.197642 1 0 9.75338 0
46 19.4396 13.3225 35.4065
102.035 105.801 0.613598 0.197642 1 0 9.75338 0
47 19.4396 13.9556 31.4651
102.035 105.801 0.613598 0.197642 1 0 9.75338 0
48 19.4396 13.0198 32.1649
102.035 105.801 0.613598 0.197642 1 0 9.75338 0
49 19.4658 13.4237 29.3811
105.159 104.838 0.602157 0.208262 1 0 9.55694 0.00733636
50 19.559 14.0709 32.2741
102.897 103.79 0.572519 0.274537 1 0 10 0
51 19.6237 14.215 28.7217
104.579 100.151 0.516456 0.211546 1 0.0293775 9.84477 0.488476
52 19.6237 13.7863 29.6326
104.579 100.151 0.516456 0.211546 1 0.0293775 9.84477 0.488476
53 19.9589 14.3 34.0032
106.891 103.474 0.583485 0.166565 1 0 10 1.17817
54 20.1043 12.9931 42.9944
100 100 0.538269 0.258611 0.823647 0 9.43402 0.0833828
55 20.1043 13.0933 44.5772
100 100 0.538269 0.258611 0.823647 0 9.43402 0.0833828
56 20.108 14.9821 31.8659
100.45 100.559 0.539235 0.259089 0.83581 0 9.21536 0.0732397
57 20.108 12.8542 46.9498
100.45 100.559 0.539235 0.259089 0.83581 0 9.21536 0.0732397
58 20.1367 12.2408 51.2408
100.832 100 0.533154 0.263411 0.83014 0.0022251 9.35551 0.231136
59 20.1367 14.0179 47.4353
100.832 100 0.533154 0.263411 0.83014 0.0022251 9.35551 0.231136
60 20.1367 14.8049 41.1209
100.832 100 0.533154 0.263411 0.83014 0.0022251 9.35551 0.231136
61 20.1406 14.8106 34.8684
100 100 0.501405 0.217924 1 0 10 0
62 20.1406 13.5313 45.1933
100 100 0.501405 0.217924 1 0 10 0
63 20.1406 13.182 46.344
100 100 0.501405 0.217924 1 0 10 0
64 20.1406 14.2219 38.3969
100 100 0.501405 0.217924 1 0 10 0
65 20.1406 13.4241 39.7117
100 100 0.501405 0.217924 1 0 10 0
66 20.1406 14.5951 43.2652
100 100 0.501405 0.217924 1 0 10 0
67 20.1406 14.3369 37.8741
100 100 0.501405 0.217924 1 0 10 0
68 20.1406 14.8143 32.8979
100 100 0.501405 0.217924 1 0 10 0
69 20.1503 16.1991 27.6787
100 100.007 0.493308 0.219364 1 0 10 0
70 20.1503 16.6724 22.4147
100 100.007 0.493308 0.219364 1 0 10 0
71 20.1503 15.433 32.4782
100 100.007 0.493308 0.219364 1 0 10 0
72 20.1503 15.1266 38.0731
100 100.007 0.493308 0.219364 1 0 10 0
73 20.1503 15.5198 35.6706
100 100.007 0.493308 0.219364 1 0 10 0
74 20.1503 14.5293 41.7337
100 100.007 0.493308 0.219364 1 0 10 0
75 20.1503 15.4164 37.8365
100 100.007 0.493308 0.219364 1 0 10 0
76 20.1503 14.2698 40.8947
100 100.007 0.493308 0.219364 1 0 10 0
77 20.1503 14.1533 38.172
100 100.007 0.493308 0.219364 1 0 10 0
78 20.1503 13.673 50.9672
100 100.007 0.493308 0.219364 1 0 10 0
79 20.1503 14.5753 45.4347
100 100.007 0.493308 0.219364 1 0 10 0
80 20.1503 13.7658 50.3612
100 100.007 0.493308 0.219364 1 0 10 0
81 20.1503 14.2884 43.2727
100 100.007 0.493308 0.219364 1 0 10 0
82 20.1503 14.3363 44.6341
100 100.007 0.493308 0.219364 1 0 10 0
83 20.1503 13.3709 47.4895
100 100.007 0.493308 0.219364 1 0 10 0
84 20.1503 13.657 42.9289
100 100.007 0.493308 0.219364 1 0 10 0
85 20.1503 13.1889 48.3542
100 100.007 0.493308 0.219364 1 0 10 0
86 20.1503 13.1532 49.0933
100 100.007 0.493308 0.219364 1 0 10 0
87 20.1503 14.0034 37.3612
100 100.007 0.493308 0.219364 1 0 10 0
88 20.1503 15.0068 42.6925
100 100.007 0.493308 0.219364 1 0 10 0
89 20.1503 15.4831 33.9578
100 100.007 0.493308 0.219364 1 0 10 0
90 20.1503 15.5147 34.1255
100 100.007 0.493308 0.219364 1 0 10 0
91 20.1503 14.1106 44.6979
100 100.007 0.493308 0.219364 1 0 10 0
92 20.1503 14.9989 41.325
100 100.007 0.493308 0.219364 1 0 10 0
93 20.1503 15.6306 36.2981
100 100.007 0.493308 0.219364 1 0 10 0
94 20.1503 16.1014 31.3438
100 100.007 0.493308 0.219364 1 0 10 0
95 20.1503 16.1253 30.6323
100 100.007 0.493308 0.219364 1 0 10 0
96 20.1503 15.7522 31.2556
100 100.007 0.493308 0.219364 1 0 10 0
97 20.1503 16.15 30.394
100 100.007 0.493308 0.219364 1 0 10 0
98 20.1503 15.8115 24.0259
100 100.007 0.493308 0.219364 1 0 10 0
99 20.1503 16.1928 22.6689
100 100.007 0.493308 0.219364 1 0 10 0
100 20.1503 15.6586 29.7465
100 100.007 0.493308 0.219364 1 0 10 0
