0 17.3539 3.41505 22.6971
164.927 174.182 0.343462 0.123969 0.0463427 0.675078 4.17155 9.16154
1 25.6769 6.653 64.7937
139.253 108.796 0.130631 0.437471 0.280977 0.468158 4.27399 10
2 25.9279 7.8244 72.194
168.936 170.541 0.0982452 0.217016 0.0505545 0.621532 4.18341 9.63263
3 26.4604 11.2578 104.823
163.64 168.057 0.2034 0.201877 0.0934515 0.637746 3.67391 10
4 26.4604 13.2949 125.363
163.64 168.057 0.2034 0.201877 0.0934515 0.637746 3.67391 10
5 26.4604 15.1436 109.148
163.64 168.057 0.2034 0.201877 0.0934515 0.637746 3.67391 10
6 26.4604 15.5016 91.9345
163.64 168.057 0.2034 0.201877 0.0934515 0.637746 3.67391 10
7 26.4604 17.0137 92.4591
163.64 168.057 0.2034 0.201877 0.0934515 0.637746 3.67391 10
8 27.0312 17.5947 92.8223
153.342 175.452 0.191118 0.260215 0.0674648 0.533002 4.61489 9.28936
9 27.0312 16.2386 78.4189
153.342 175.452 0.191118 0.260215 0.0674648 0.533002 4.61489 9.28936
10 27.0312 16.4284 92.9703
153.342 175.452 0.191118 0.260215 0.0674648 0.533002 4.61489 9.28936
11 27.0312 16.5788 85.2055
153.342 175.452 0.191118 0.260215 0.0674648 0.533002 4.61489 9.28936
12 27.0312 17.3868 87.9394
153.342 175.452 0.191118 0.260215 0.0674648 0.533002 4.61489 9.28936
13 27.0312 19.5885 61.1572
153.342 175.452 0.191118 0.260215 0.0674648 0.533002 4.61489 9.28936
14 27.0312 19.3952 68.2967
153.342 175.452 0.191118 0.260215 0.0674648 0.533002 4.61489 9.28936
15 27.0312 21.1213 53.7754
153.342 175.452 0.191118 0.260215 0.0674648 0.533002 4.61489 9.28936
16 27.0383 21.7615 41.6901
151.065 177.126 0.189762 0.267699 0.0717778 0.548512 4.64926 9.6435
17 27.0383 21.0022 63.6305
151.065 177.126 0.189762 0.267699 0.0717778 0.548512 4.64926 9.6435
18 27.1104 21.9896 53.6915
150.869 177.2 0.191483 0.266624 0.0728788 0.551483 4.64342 9.63562
19 27.1104 21.2307 80.7712
150.869 177.2 0.191483 0.266624 0.0728788 0.551483 4.64342 9.63562
20 27.1104 20.9766 62.8992
150.869 177.2 0.191483 0.266624 0.0728788 0.551483 4.64342 9.63562
21 27.1104 20.2158 67.9363
150.869 177.2 0.191483 0.266624 0.0728788 0.551483 4.64342 9.63562
22 27.1104 20.21 76.3187
150.869 177.2 0.191483 0.266624 0.0728788 0.551483 4.64342 9.63562
23 27.1104 21.5976 59.6398
150.869 177.2 0.191483 0.266624 0.0728788 0.551483 4.64342 9.63562
24 27.1104 20.9147 77.8095
150.869 177.2 0.191483 0.266624 0.0728788 0.551483 4.64342 9.63562
25 27.1104 20.9543 80.0475
150.869 177.2 0.191483 0.266624 0.0728788 0.551483 4.64342 9.63562
26 27.1121 20.7119 85.0823
131.48 169.478 0.162508 0.11112 0.000337844 0.352032 3.3156 8.63708
27 27.1121 20.8172 68.3855
131.48 169.478 0.162508 0.11112 0.000337844 0.352032 3.3156 8.63708
28 27.1121 21.2364 65.2694
131.48 169.478 0.162508 0.11112 0.000337844 0.352032 3.3156 8.63708
29 27.1441 23.4514 44.3051
127.905 176.446 0.132242 0.066601 0.00627541 0.277878 3.42932 9.97361
30 27.5615 21.6459 62.6641
131.132 169.366 0.13299 0.0942257 0.0230163 0.359481 3.21488 8.86962
31 27.5615 21.527 68.2019
131.132 169.366 0.13299 0.0942257 0.0230163 0.359481 3.21488 8.86962
32 27.5615 23.4951 56.0229
131.132 169.366 0.13299 0.0942257 0.0230163 0.359481 3.21488 8.86962
33 29.3836 22.4814 67.1166
130.496 169.837 0.114994 0.089094 0.0242684 0.359641 3.47889 8.81238
34 29.3836 21.5851 76.761
130.496 169.837 0.114994 0.089094 0.0242684 0.359641 3.47889 8.81238
35 29.3836 21.7505 82.0228
130.496 169.837 0.114994 0.089094 0.0242684 0.359641 3.47889 8.81238
36 29.3836 24.1557 45.5437
130.496 169.837 0.114994 0.089094 0.0242684 0.359641 3.47889 8.81238
37 29.3836 23.084 64.1114
130.496 169.837 0.114994 0.089094 0.0242684 0.359641 3.47889 8.81238
38 29.3836 21.9204 75.2426
130.496 169.837 0.114994 0.089094 0.0242684 0.359641 3.47889 8.81238
39 29.3836 22.197 75.9312
130.496 169.837 0.114994 0.089094 0.0242684 0.359641 3.47889 8.81238
40 29.3836 23.1349 60.0519
130.496 169.837 0.114994 0.089094 0.0242684 0.359641 3.47889 8.81238
41 29.3836 24.3763 37.5454
130.496 169.837 0.114994 0.089094 0.0242684 0.359641 3.47889 8.81238
42 29.3836 22.4405 65.6748
130.496 169.837 0.114994 0.089094 0.0242684 0.359641 3.47889 8.81238
43 29.3836 20.5652 94.643
130.496 169.837 0.114994 0.089094 0.0242684 0.359641 3.47889 8.81238
44 29.3836 22.7517 61.2488
130.496 169.837 0.114994 0.089094 0.0242684 0.359641 3.47889 8.81238
45 29.3836 23.6855 38.6771
130.496 169.837 0.114994 0.089094 0.0242684 0.359641 3.47889 8.81238
46 29.3836 22.7474 68.4866
130.496 169.837 0.114994 0.089094 0.0242684 0.359641 3.47889 8.81238
47 29.3836 23.2995 62.741
130.496 169.837 0.114994 0.089094 0.0242684 0.359641 3.47889 8.81238
48 29.3836 22.6794 71.4954
130.496 169.837 0.114994 0.089094 0.0242684 0.359641 3.47889 8.81238
49 29.3836 23.663 58.5624
130.496 169.837 0.114994 0.089094 0.0242684 0.359641 3.47889 8.81238
50 29.3836 21.3536 86.4611
130.496 169.837 0.114994 0.089094 0.0242684 0.359641 3.47889 8.81238
51 29.3836 21.1037 90.2474
130.496 169.837 0.114994 0.089094 0.0242684 0.359641 3.47889 8.81238
52 29.3836 21.3766 78.9044
130.496 169.837 0.114994 0.089094 0.0242684 0.359641 3.47889 8.81238
53 29.3836 22.3866 69.24
130.496 169.837 0.114994 0.089094 0.0242684 0.359641 3.47889 8.81238
54 29.3836 23.1972 68.0364
130.496 169.837 0.114994 0.089094 0.0242684 0.359641 3.47889 8.81238
55 29.3836 23.1574 65.3765
130.496 169.837 0.114994 0.089094 0.0242684 0.359641 3.47889 8.81238
56 30.0459 23.6855 49.7969
130.05 170.603 0.113817 0.0769459 0.0248825 0.361473 3.45589 8.81814
57 30.2942 24.0312 60.9403
136.403 147.529 0.00379157 0.25093 0.429024 0.126317 1.65151 4.18159
58 30.2942 25.6176 13.3084
136.403 147.529 0.00379157 0.25093 0.429024 0.126317 1.65151 4.18159
59 30.2942 23.9079 63.7751
136.403 147.529 0.00379157 0.25093 0.429024 0.126317 1.65151 4.18159
60 31.204 25.2433 29.63
136.357 147.708 0.0046098 0.253975 0.423845 0.125741 1.63622 4.1807
61 31.204 23.2704 77.3255
136.357 147.708 0.0046098 0.253975 0.423845 0.125741 1.63622 4.1807
62 31.204 21.6243 83.7528
136.357 147.708 0.0046098 0.253975 0.423845 0.125741 1.63622 4.1807
63 31.204 22.6006 73.3187
136.357 147.708 0.0046098 0.253975 0.423845 0.125741 1.63622 4.1807
64 31.204 22.6837 56.5413
136.357 147.708 0.0046098 0.253975 0.423845 0.125741 1.63622 4.1807
65 31.204 22.2398 85.2065
136.357 147.708 0.0046098 0.253975 0.423845 0.125741 1.63622 4.1807
66 31.204 21.3901 82.6476
136.357 147.708 0.0046098 0.253975 0.423845 0.125741 1.63622 4.1807
67 31.204 20.5496 94.4385
136.357 147.708 0.0046098 0.253975 0.423845 0.125741 1.63622 4.1807
68 31.204 22.0469 89.3109
136.357 147.708 0.0046098 0.253975 0.423845 0.125741 1.63622 4.1807
69 31.204 20.5658 86.3005
136.357 147.708 0.0046098 0.253975 0.423845 0.125741 1.63622 4.1807
70 31.204 21.316 78.8516
136.357 147.708 0.0046098 0.253975 0.423845 0.125741 1.63622 4.1807
71 31.204 20.3318 89.2225
136.357 147.708 0.0046098 0.253975 0.423845 0.125741 1.63622 4.1807
72 31.204 20.4747 83.6354
136.357 147.708 0.0046098 0.253975 0.423845 0.125741 1.63622 4.1807
73 31.204 21.4174 72.4846
136.357 147.708 0.0046098 0.253975 0.423845 0.125741 1.63622 4.1807
74 31.204 20.7852 76.3102
136.357 147.708 0.0046098 0.253975 0.423845 0.125741 1.63622 4.1807
75 31.204 19.9348 82.7289
136.357 147.708 0.0046098 0.253975 0.423845 0.125741 1.63622 4.1807
76 31.204 21.3214 83.7571
136.357 147.708 0.0046098 0.253975 0.423845 0.125741 1.63622 4.1807
77 32.9742 23.429 72.1722
133.996 159.105 0.00821097 0.326182 0.168454 0.0666643 0.895136 8.22715
78 32.9742 21.1785 90.9988
133.996 159.105 0.00821097 0.326182 0.168454 0.0666643 0.895136 8.22715
79 32.9742 21.6884 88.8855
133.996 159.105 0.00821097 0.326182 0.168454 0.0666643 0.895136 8.22715
80 32.9742 24.2455 50.4288
133.996 159.105 0.00821097 0.326182 0.168454 0.0666643 0.895136 8.22715
81 32.9742 19.2579 130.529
133.996 159.105 0.00821097 0.326182 0.168454 0.0666643 0.895136 8.22715
82 32.9742 22.6767 87.8942
133.996 159.105 0.00821097 0.326182 0.168454 0.0666643 0.895136 8.22715
83 32.9742 23.1257 79.4193
133.996 159.105 0.00821097 0.326182 0.168454 0.0666643 0.895136 8.22715
84 32.9742 18.7232 124.518
133.996 159.105 0.00821097 0.326182 0.168454 0.0666643 0.895136 8.22715
85 32.9742 21.8589 95.3262
133.996 159.105 0.00821097 0.326182 0.168454 0.0666643 0.895136 8.22715
86 32.9742 21.3503 102.371
133.996 159.105 0.00821097 0.326182 0.168454 0.0666643 0.895136 8.22715
87 32.9742 19.4491 128.053
133.996 159.105 0.00821097 0.326182 0.168454 0.0666643 0.895136 8.22715
88 32.9742 18.0569 156.61
133.996 159.105 0.00821097 0.326182 0.168454 0.0666643 0.895136 8.22715
89 32.9742 21.8042 115.203
133.996 159.105 0.00821097 0.326182 0.168454 0.0666643 0.895136 8.22715
90 32.9742 20.2662 124.996
133.996 159.105 0.00821097 0.326182 0.168454 0.0666643 0.895136 8.22715
91 32.9742 22.6022 95.5638
133.996 159.105 0.00821097 0.326182 0.168454 0.0666643 0.895136 8.22715
92 32.9742 22.0675 96.8952
133.996 159.105 0.00821097 0.326182 0.168454 0.0666643 0.895136 8.22715
93 32.9742 25.2928 38.9574
133.996 159.105 0.00821097 0.326182 0.168454 0.0666643 0.895136 8.22715
94 32.9742 23.2335 75.6232
133.996 159.105 0.00821097 0.326182 0.168454 0.0666643 0.895136 8.22715
95 32.9742 24.8401 53.0758
133.996 159.105 0.00821097 0.326182 0.168454 0.0666643 0.895136 8.22715
96 32.9742 21.4497 107.003
133.996 159.105 0.00821097 0.326182 0.168454 0.0666643 0.895136 8.22715
97 32.9742 21.8965 90.6304
133.996 159.105 0.00821097 0.326182 0.168454 0.0666643 0.895136 8.22715
98 32.9742 21.7587 96.6752
133.996 159.105 0.00821097 0.326182 0.168454 0.0666643 0.895136 8.22715
99 32.9742 21.479 106.626
133.996 159.105 0.00821097 0.326182 0.168454 0.0666643 0.895136 8.22715
100 32.9742 20.1982 116.81
133.996 159.105 0.00821097 0.326182 0.168454 0.0666643 0.895136 8.22715
