0 26.5014 4.51685 73.3797
145.932 124.205 0.105155 0.151899 0.660098 0.252553 5.07637 4.96762
1 26.5014 6.36252 108.843
145.932 124.205 0.105155 0.151899 0.660098 0.252553 5.07637 4.96762
2 26.5014 9.59652 138.625
145.932 124.205 0.105155 0.151899 0.660098 0.252553 5.07637 4.96762
3 26.5014 12.0827 137.009
145.932 124.205 0.105155 0.151899 0.660098 0.252553 5.07637 4.96762
4 27.5038 14.9344 152.996
142.998 124.831 0.124647 0.165159 0.659097 0.269667 5.02259 5.16433
5 27.5038 14.5599 134.779
142.998 124.831 0.124647 0.165159 0.659097 0.269667 5.02259 5.16433
6 27.5038 15.682 125.37
142.998 124.831 0.124647 0.165159 0.659097 0.269667 5.02259 5.16433
7 27.5038 18.234 101.36
142.998 124.831 0.124647 0.165159 0.659097 0.269667 5.02259 5.16433
8 27.5038 17.5056 88.4721
142.998 124.831 0.124647 0.165159 0.659097 0.269667 5.02259 5.16433
9 27.5038 19.8901 70.9755
142.998 124.831 0.124647 0.165159 0.659097 0.269667 5.02259 5.16433
10 27.6041 21.9447 54.761
144.681 129.781 0.153123 0.159621 0.652436 0.286427 5.02344 4.85176
11 27.6041 23.1435 40.618
144.681 129.781 0.153123 0.159621 0.652436 0.286427 5.02344 4.85176
12 27.6041 23.8383 40.236
144.681 129.781 0.153123 0.159621 0.652436 0.286427 5.02344 4.85176
13 28.3977 23.1963 55.6806
139.011 128.912 0.143511 0.159778 0.693136 0.329825 4.87795 4.52789
14 28.3977 24.0117 49.3541
139.011 128.912 0.143511 0.159778 0.693136 0.329825 4.87795 4.52789
15 28.3977 22.6075 65.0357
139.011 128.912 0.143511 0.159778 0.693136 0.329825 4.87795 4.52789
16 28.3977 22.3418 64.1332
139.011 128.912 0.143511 0.159778 0.693136 0.329825 4.87795 4.52789
17 28.4744 22.7384 61.9805
139.019 128.75 0.144028 0.161333 0.691111 0.33197 4.88242 4.48661
18 28.4744 21.9227 75.6175
139.019 128.75 0.144028 0.161333 0.691111 0.33197 4.88242 4.48661
19 28.4744 22.7141 51.9887
139.019 128.75 0.144028 0.161333 0.691111 0.33197 4.88242 4.48661
20 28.4744 21.1729 91.142
139.019 128.75 0.144028 0.161333 0.691111 0.33197 4.88242 4.48661
21 28.4744 21.1861 88.5904
139.019 128.75 0.144028 0.161333 0.691111 0.33197 4.88242 4.48661
22 28.4744 21.9176 73.2143
139.019 128.75 0.144028 0.161333 0.691111 0.33197 4.88242 4.48661
23 28.4744 21.8317 62.1229
139.019 128.75 0.144028 0.161333 0.691111 0.33197 4.88242 4.48661
24 28.4744 21.0934 80.3833
139.019 128.75 0.144028 0.161333 0.691111 0.33197 4.88242 4.48661
25 28.4744 23.1772 58.4942
139.019 128.75 0.144028 0.161333 0.691111 0.33197 4.88242 4.48661
26 28.4744 21.7762 65.888
139.019 128.75 0.144028 0.161333 0.691111 0.33197 4.88242 4.48661
27 28.4744 22.3209 71.3284
139.019 128.75 0.144028 0.161333 0.691111 0.33197 4.88242 4.48661
28 28.4744 23.6086 49.7818
139.019 128.75 0.144028 0.161333 0.691111 0.33197 4.88242 4.48661
29 28.4744 24.3756 13.118
139.019 128.75 0.144028 0.161333 0.691111 0.33197 4.88242 4.48661
30 28.4744 22.9662 50.6118
139.019 128.75 0.144028 0.161333 0.691111 0.33197 4.88242 4.48661
31 28.4744 23.2136 51.0081
139.019 128.75 0.144028 0.161333 0.691111 0.33197 4.88242 4.48661
32 28.4744 23.2811 41.6458
139.019 128.75 0.144028 0.161333 0.691111 0.33197 4.88242 4.48661
33 28.4744 21.6084 49.5315
139.019 128.75 0.144028 0.161333 0.691111 0.33197 4.88242 4.48661
34 28.4744 20.5779 63.9415
139.019 128.75 0.144028 0.161333 0.691111 0.33197 4.88242 4.48661
35 28.4744 21.9037 47.4795
139.019 128.75 0.144028 0.161333 0.691111 0.33197 4.88242 4.48661
36 28.4744 20.0894 66.4216
139.019 128.75 0.144028 0.161333 0.691111 0.33197 4.88242 4.48661
37 28.4744 21.6703 62.5914
139.019 128.75 0.144028 0.161333 0.691111 0.33197 4.88242 4.48661
38 28.4744 23.4198 52.5811
139.019 128.75 0.144028 0.161333 0.691111 0.33197 4.88242 4.48661
39 28.8041 24.9502 23.3486
100 108.888 0.215684 0.0318669 0.646539 0.0497307 7.18252 0.189657
40 29.6106 25.9557 7.129
157.525 120.738 0.00993876 0.295232 0.493094 0.0631187 2.88476 4.173
41 29.6106 22.1889 47.1487
157.525 120.738 0.00993876 0.295232 0.493094 0.0631187 2.88476 4.173
42 29.6479 22.5304 65.4904
156.172 125.493 0.0253943 0.3215 0.287594 0.0466137 3.00769 5.16492
43 29.6479 20.894 59.7067
156.172 125.493 0.0253943 0.3215 0.287594 0.0466137 3.00769 5.16492
44 29.6479 23.7886 39.066
156.172 125.493 0.0253943 0.3215 0.287594 0.0466137 3.00769 5.16492
45 29.6479 23.9506 41.867
156.172 125.493 0.0253943 0.3215 0.287594 0.0466137 3.00769 5.16492
46 30.0656 23.2334 54.1034
156.251 124.821 0.0267425 0.320752 0.289605 0.0480836 3.02658 5.08821
47 30.0656 23.1835 46.6625
156.251 124.821 0.0267425 0.320752 0.289605 0.0480836 3.02658 5.08821
48 30.0656 22.245 59.6678
156.251 124.821 0.0267425 0.320752 0.289605 0.0480836 3.02658 5.08821
49 30.0656 19.5718 95.6056
156.251 124.821 0.0267425 0.320752 0.289605 0.0480836 3.02658 5.08821
50 30.0656 18.8989 80.2132
156.251 124.821 0.0267425 0.320752 0.289605 0.0480836 3.02658 5.08821
51 30.0656 21.0486 85.3434
156.251 124.821 0.0267425 0.320752 0.289605 0.0480836 3.02658 5.08821
52 30.0656 21.9948 80.3166
156.251 124.821 0.0267425 0.320752 0.289605 0.0480836 3.02658 5.08821
53 31.0314 23.5607 76.2758
159.759 126.633 0.0325606 0.346576 0.289851 0 2.77877 4.89941
54 31.9409 22.5712 83.8833
165.491 137.815 0.0329214 0.31922 0.344905 0.0675286 3.33284 4.97195
55 31.9409 20.6711 73.8656
165.491 137.815 0.0329214 0.31922 0.344905 0.0675286 3.33284 4.97195
56 31.9409 19.7701 86.4573
165.491 137.815 0.0329214 0.31922 0.344905 0.0675286 3.33284 4.97195
57 31.9409 23.245 50.8404
165.491 137.815 0.0329214 0.31922 0.344905 0.0675286 3.33284 4.97195
58 31.9409 20.9637 79.8506
165.491 137.815 0.0329214 0.31922 0.344905 0.0675286 3.33284 4.97195
59 31.9409 24.1374 40.8197
165.491 137.815 0.0329214 0.31922 0.344905 0.0675286 3.33284 4.97195
60 31.9409 19.939 86.7598
165.491 137.815 0.0329214 0.31922 0.344905 0.0675286 3.33284 4.97195
61 31.9409 21.5453 70.836
165.491 137.815 0.0329214 0.31922 0.344905 0.0675286 3.33284 4.97195
62 31.9409 20.6506 91.9677
165.491 137.815 0.0329214 0.31922 0.344905 0.0675286 3.33284 4.97195
63 31.9409 23.3994 51.9546
165.491 137.815 0.0329214 0.31922 0.344905 0.0675286 3.33284 4.97195
64 31.9409 23.0052 67.5715
165.491 137.815 0.0329214 0.31922 0.344905 0.0675286 3.33284 4.97195
65 31.9409 21.2168 90.541
165.491 137.815 0.0329214 0.31922 0.344905 0.0675286 3.33284 4.97195
66 31.9409 20.0453 91.337
165.491 137.815 0.0329214 0.31922 0.344905 0.0675286 3.33284 4.97195
67 31.9409 22.2987 68.1166
165.491 137.815 0.0329214 0.31922 0.344905 0.0675286 3.33284 4.97195
68 31.9409 20.0812 92.2899
165.491 137.815 0.0329214 0.31922 0.344905 0.0675286 3.33284 4.97195
69 31.9409 20.5553 92.4519
165.491 137.815 0.0329214 0.31922 0.344905 0.0675286 3.33284 4.97195
70 31.9409 19.5331 114.692
165.491 137.815 0.0329214 0.31922 0.344905 0.0675286 3.33284 4.97195
71 33.0618 20.1053 109.921
160.346 125.779 0.0261478 0.338391 0.290646 0 2.82829 4.58693
72 33.0618 23.8108 74.0837
160.346 125.779 0.0261478 0.338391 0.290646 0 2.82829 4.58693
73 33.0618 23.3679 85.8101
160.346 125.779 0.0261478 0.338391 0.290646 0 2.82829 4.58693
74 33.0618 23.8985 74.2658
160.346 125.779 0.0261478 0.338391 0.290646 0 2.82829 4.58693
75 33.0618 23.8971 67.2326
160.346 125.779 0.0261478 0.338391 0.290646 0 2.82829 4.58693
76 33.0618 22.0681 89.6136
160.346 125.779 0.0261478 0.338391 0.290646 0 2.82829 4.58693
77 33.0618 21.0913 103.369
160.346 125.779 0.0261478 0.338391 0.290646 0 2.82829 4.58693
78 33.0618 22.852 79.4753
160.346 125.779 0.0261478 0.338391 0.290646 0 2.82829 4.58693
79 33.0618 21.9055 90.0773
160.346 125.779 0.0261478 0.338391 0.290646 0 2.82829 4.58693
80 33.0618 20.1264 96.0834
160.346 125.779 0.0261478 0.338391 0.290646 0 2.82829 4.58693
81 33.0618 21.2548 80.6584
160.346 125.779 0.0261478 0.338391 0.290646 0 2.82829 4.58693
82 33.0618 23.3087 65.805
160.346 125.779 0.0261478 0.338391 0.290646 0 2.82829 4.58693
83 33.0618 24.4033 51.3256
160.346 125.779 0.0261478 0.338391 0.290646 0 2.82829 4.58693
84 33.0618 24.9139 38.1104
160.346 125.779 0.0261478 0.338391 0.290646 0 2.82829 4.58693
85 33.0618 24.9715 42.7114
160.346 125.779 0.0261478 0.338391 0.290646 0 2.82829 4.58693
86 33.0618 23.4443 58.4971
160.346 125.779 0.0261478 0.338391 0.290646 0 2.82829 4.58693
87 33.0618 23.8396 66.3778
160.346 125.779 0.0261478 0.338391 0.290646 0 2.82829 4.58693
88 33.1855 22.9111 72.6764
162.727 127.612 0.028727 0.301985 0.267137 0.0521794 2.77726 4.28512
89 33.1855 25.292 36.5518
162.727 127.612 0.028727 0.301985 0.267137 0.0521794 2.77726 4.28512
90 33.1855 24.3034 48.795
162.727 127.612 0.028727 0.301985 0.267137 0.0521794 2.77726 4.28512
91 33.1855 25.637 25.5909
162.727 127.612 0.028727 0.301985 0.267137 0.0521794 2.77726 4.28512
92 33.1855 26.2069 31.2277
162.727 127.612 0.028727 0.301985 0.267137 0.0521794 2.77726 4.28512
93 33.2433 24.8837 60.5646
162.505 127.41 0.0292703 0.302815 0.26284 0.0516553 2.79376 4.25863
94 33.2433 21.8748 86.5679
162.505 127.41 0.0292703 0.302815 0.26284 0.0516553 2.79376 4.25863
95 33.2433 23.8138 71.8146
162.505 127.41 0.0292703 0.302815 0.26284 0.0516553 2.79376 4.25863
96 33.2433 24.8969 62.5299
162.505 127.41 0.0292703 0.302815 0.26284 0.0516553 2.79376 4.25863
97 33.2433 23.5986 77.5205
162.505 127.41 0.0292703 0.302815 0.26284 0.0516553 2.79376 4.25863
98 33.2433 24.6744 50.3185
162.505 127.41 0.0292703 0.302815 0.26284 0.0516553 2.79376 4.25863
99 33.2433 25.2 36.3297
162.505 127.41 0.0292703 0.302815 0.26284 0.0516553 2.79376 4.25863
100 33.2433 22.2206 84.0109
162.505 127.41 0.0292703 0.302815 0.26284 0.0516553 2.79376 4.25863
