0 25.5902 1.22419 24.3971
170.403 111.067 0.100435 0.423056 0.0167666 0.296074 9.20477 8.28861
1 25.5902 1.7435 31.5139
170.403 111.067 0.100435 0.423056 0.0167666 0.296074 9.20477 8.28861
2 25.5926 3.70336 61.184
172.071 107.997 0.117717 0.440294 0.0309739 0.272923 9.27057 8.51746
3 25.6541 6.20834 103.234
149.307 136.104 0.37032 0.15408 0.453564 0.0274818 7.92044 5.05956
4 25.6607 9.00628 134.457
168.044 128.16 0.211852 0.491756 0.0139561 0.180546 9.11223 6.98063
5 25.8068 10.3925 145.35
150.058 128.693 0.354004 0.090844 0.581796 0.194866 7.63162 5.05866
6 25.8342 11.8787 141.5
174.474 112.461 0.121805 0.348564 0.0348105 0.298569 8.97927 6.72281
7 25.8342 14.0582 134.955
174.474 112.461 0.121805 0.348564 0.0348105 0.298569 8.97927 6.72281
8 26.3788 15.3875 132.1
181.017 117.739 0.235911 0.252731 0 0.299401 9.17474 6.10831
9 26.6627 14.0183 125.249
182.901 115.961 0.215722 0.230251 0.00661335 0.335034 8.89878 6.25108
10 26.6627 13.9471 132.801
182.901 115.961 0.215722 0.230251 0.00661335 0.335034 8.89878 6.25108
11 26.8175 16.7616 123.582
178.96 111.553 0.108831 0.184309 0.194142 0.1597 8.81644 5.362
12 27.5223 17.3847 114.471
175.665 111.414 0.123099 0.218868 0.202887 0.129993 8.99945 5.94778
13 28.299 18.4936 109.707
174.799 123.162 0.137196 0.208787 0.169197 0.209272 8.00354 5.63044
14 28.299 19.7838 102.841
174.799 123.162 0.137196 0.208787 0.169197 0.209272 8.00354 5.63044
15 28.299 20.5021 95.7516
174.799 123.162 0.137196 0.208787 0.169197 0.209272 8.00354 5.63044
16 28.3187 21.1174 86.2174
180.325 113.115 0.187951 0.211199 0.134917 0.227075 9.90018 3.96078
17 32.0705 21.9745 79.6859
167.858 100 0.220106 0.251641 0.0446899 0.183796 8.17299 5.2483
18 32.0705 22.1078 75.2336
167.858 100 0.220106 0.251641 0.0446899 0.183796 8.17299 5.2483
19 32.0705 21.3536 86.5759
167.858 100 0.220106 0.251641 0.0446899 0.183796 8.17299 5.2483
20 32.0705 21.0913 88.3143
167.858 100 0.220106 0.251641 0.0446899 0.183796 8.17299 5.2483
21 32.0705 20.2643 106.214
167.858 100 0.220106 0.251641 0.0446899 0.183796 8.17299 5.2483
22 32.0705 21.0926 84.0469
167.858 100 0.220106 0.251641 0.0446899 0.183796 8.17299 5.2483
23 32.0705 21.4961 73.9718
167.858 100 0.220106 0.251641 0.0446899 0.183796 8.17299 5.2483
24 32.0705 21.766 80.3497
167.858 100 0.220106 0.251641 0.0446899 0.183796 8.17299 5.2483
25 32.6664 21.5496 92.3708
168.875 101.024 0.227871 0.27479 0 0.134875 8.11347 5.42597
26 32.6664 21.4929 85.1605
168.875 101.024 0.227871 0.27479 0 0.134875 8.11347 5.42597
27 32.6664 21.2624 94.6057
168.875 101.024 0.227871 0.27479 0 0.134875 8.11347 5.42597
28 32.6664 21.1394 84.1336
168.875 101.024 0.227871 0.27479 0 0.134875 8.11347 5.42597
29 32.6664 20.6199 93.3646
168.875 101.024 0.227871 0.27479 0 0.134875 8.11347 5.42597
30 32.6664 21.6822 87.3705
168.875 101.024 0.227871 0.27479 0 0.134875 8.11347 5.42597
31 32.6664 19.7085 130.05
168.875 101.024 0.227871 0.27479 0 0.134875 8.11347 5.42597
32 32.6664 20.5597 107.178
168.875 101.024 0.227871 0.27479 0 0.134875 8.11347 5.42597
33 32.9939 20.4551 96.4458
167.597 100.29 0.222077 0.25361 0.0492261 0.183883 8.12826 5.25946
34 32.9939 21.5747 92.3978
167.597 100.29 0.222077 0.25361 0.0492261 0.183883 8.12826 5.25946
35 32.9939 21.6488 82.437
167.597 100.29 0.222077 0.25361 0.0492261 0.183883 8.12826 5.25946
36 32.9939 20.2041 97.6422
167.597 100.29 0.222077 0.25361 0.0492261 0.183883 8.12826 5.25946
37 32.9939 20.6822 93.3521
167.597 100.29 0.222077 0.25361 0.0492261 0.183883 8.12826 5.25946
38 32.9939 20.0689 117.762
167.597 100.29 0.222077 0.25361 0.0492261 0.183883 8.12826 5.25946
39 32.9939 20.681 107.112
167.597 100.29 0.222077 0.25361 0.0492261 0.183883 8.12826 5.25946
40 32.9939 22.2862 86.4315
167.597 100.29 0.222077 0.25361 0.0492261 0.183883 8.12826 5.25946
41 32.9939 21.7792 91.8658
167.597 100.29 0.222077 0.25361 0.0492261 0.183883 8.12826 5.25946
42 32.9939 22.5505 77.682
167.597 100.29 0.222077 0.25361 0.0492261 0.183883 8.12826 5.25946
43 32.9939 21.8192 93.0164
167.597 100.29 0.222077 0.25361 0.0492261 0.183883 8.12826 5.25946
44 32.9939 22.2682 84.3763
167.597 100.29 0.222077 0.25361 0.0492261 0.183883 8.12826 5.25946
45 32.9939 22.3339 77.0499
167.597 100.29 0.222077 0.25361 0.0492261 0.183883 8.12826 5.25946
46 32.9939 22.7089 72.998
167.597 100.29 0.222077 0.25361 0.0492261 0.183883 8.12826 5.25946
47 32.9939 22.2887 89.4147
167.597 100.29 0.222077 0.25361 0.0492261 0.183883 8.12826 5.25946
48 32.9939 22.8177 74.8873
167.597 100.29 0.222077 0.25361 0.0492261 0.183883 8.12826 5.25946
49 33.2586 22.5521 81.0151
167.091 100 0.222798 0.261587 0.059741 0.162434 7.95286 5.50516
50 33.2586 21.6553 99.2998
167.091 100 0.222798 0.261587 0.059741 0.162434 7.95286 5.50516
51 33.2586 22.0535 89.9331
167.091 100 0.222798 0.261587 0.059741 0.162434 7.95286 5.50516
52 33.3311 21.3291 106.312
170.579 100.967 0.237995 0.279221 0 0.131855 7.73483 5.17878
53 33.4621 21.6007 99.9185
167.138 100 0.222626 0.263467 0.0609065 0.162085 7.94641 5.50788
54 33.4621 22.6689 83.0752
167.138 100 0.222626 0.263467 0.0609065 0.162085 7.94641 5.50788
55 33.4621 22.2729 87.6824
167.138 100 0.222626 0.263467 0.0609065 0.162085 7.94641 5.50788
56 33.4621 21.8868 100.138
167.138 100 0.222626 0.263467 0.0609065 0.162085 7.94641 5.50788
57 33.4621 22.795 72.2464
167.138 100 0.222626 0.263467 0.0609065 0.162085 7.94641 5.50788
58 33.4621 23.0049 69.2017
167.138 100 0.222626 0.263467 0.0609065 0.162085 7.94641 5.50788
59 33.4621 22.2422 88.1051
167.138 100 0.222626 0.263467 0.0609065 0.162085 7.94641 5.50788
60 33.4621 22.4389 80.4852
167.138 100 0.222626 0.263467 0.0609065 0.162085 7.94641 5.50788
61 33.4621 20.3669 107.111
167.138 100 0.222626 0.263467 0.0609065 0.162085 7.94641 5.50788
62 33.4621 21.2501 95.4726
167.138 100 0.222626 0.263467 0.0609065 0.162085 7.94641 5.50788
63 33.4621 20.3517 101.997
167.138 100 0.222626 0.263467 0.0609065 0.162085 7.94641 5.50788
64 33.4621 20.7678 98.9215
167.138 100 0.222626 0.263467 0.0609065 0.162085 7.94641 5.50788
65 33.4621 20.3328 102.797
167.138 100 0.222626 0.263467 0.0609065 0.162085 7.94641 5.50788
66 33.4621 22.3996 76.1832
167.138 100 0.222626 0.263467 0.0609065 0.162085 7.94641 5.50788
67 33.4621 22.982 75.361
167.138 100 0.222626 0.263467 0.0609065 0.162085 7.94641 5.50788
68 33.4621 23.2679 76.8668
167.138 100 0.222626 0.263467 0.0609065 0.162085 7.94641 5.50788
69 33.8576 20.7047 117.243
166.912 100 0.223462 0.261546 0.0592336 0.16473 7.96136 5.51942
70 33.8576 21.7418 106.294
166.912 100 0.223462 0.261546 0.0592336 0.16473 7.96136 5.51942
71 33.8576 20.8809 115.577
166.912 100 0.223462 0.261546 0.0592336 0.16473 7.96136 5.51942
72 33.8576 21.5679 114.449
166.912 100 0.223462 0.261546 0.0592336 0.16473 7.96136 5.51942
73 33.8576 20.5898 119.644
166.912 100 0.223462 0.261546 0.0592336 0.16473 7.96136 5.51942
74 33.8576 20.1465 111.194
166.912 100 0.223462 0.261546 0.0592336 0.16473 7.96136 5.51942
75 33.8576 20.9203 98.907
166.912 100 0.223462 0.261546 0.0592336 0.16473 7.96136 5.51942
76 33.8576 21.3937 104.236
166.912 100 0.223462 0.261546 0.0592336 0.16473 7.96136 5.51942
77 33.8576 21.6087 102.273
166.912 100 0.223462 0.261546 0.0592336 0.16473 7.96136 5.51942
78 34.0466 21.9008 95.0329
166.315 103.644 0.229938 0.25226 0.0253196 0.166581 8.02893 5.60498
79 34.0466 22.8979 82.2216
166.315 103.644 0.229938 0.25226 0.0253196 0.166581 8.02893 5.60498
80 34.0466 22.4525 86.9774
166.315 103.644 0.229938 0.25226 0.0253196 0.166581 8.02893 5.60498
81 34.0466 22.8995 94.6445
166.315 103.644 0.229938 0.25226 0.0253196 0.166581 8.02893 5.60498
82 34.0466 22.4126 90.6432
166.315 103.644 0.229938 0.25226 0.0253196 0.166581 8.02893 5.60498
83 34.0466 22.4412 79.4523
166.315 103.644 0.229938 0.25226 0.0253196 0.166581 8.02893 5.60498
84 34.339 20.8728 99.8275
166.327 103.62 0.229619 0.252302 0.0250678 0.16653 8.02648 5.60153
85 34.339 19.5943 109.617
166.327 103.62 0.229619 0.252302 0.0250678 0.16653 8.02648 5.60153
86 34.339 18.8939 122.015
166.327 103.62 0.229619 0.252302 0.0250678 0.16653 8.02648 5.60153
87 34.3916 20.8933 118.415
166.348 103.64 0.229774 0.251229 0.0244821 0.168492 8.03112 5.59948
88 34.3916 21.976 101.884
166.348 103.64 0.229774 0.251229 0.0244821 0.168492 8.03112 5.59948
89 34.3916 21.5042 100.943
166.348 103.64 0.229774 0.251229 0.0244821 0.168492 8.03112 5.59948
90 34.3916 22.9392 86.4545
166.348 103.64 0.229774 0.251229 0.0244821 0.168492 8.03112 5.59948
91 34.3916 21.16 104.655
166.348 103.64 0.229774 0.251229 0.0244821 0.168492 8.03112 5.59948
92 34.3916 22.1995 104.158
166.348 103.64 0.229774 0.251229 0.0244821 0.168492 8.03112 5.59948
93 34.3916 22.3808 96.8157
166.348 103.64 0.229774 0.251229 0.0244821 0.168492 8.03112 5.59948
94 34.3916 22.4188 89.9496
166.348 103.64 0.229774 0.251229 0.0244821 0.168492 8.03112 5.59948
95 34.3916 20.7473 104.974
166.348 103.64 0.229774 0.251229 0.0244821 0.168492 8.03112 5.59948
96 34.3916 21.2519 95.272
166.348 103.64 0.229774 0.251229 0.0244821 0.168492 8.03112 5.59948
97 34.3916 21.2995 88.025
166.348 103.64 0.229774 0.251229 0.0244821 0.168492 8.03112 5.59948
98 34.3916 21.7544 82.2683
166.348 103.64 0.229774 0.251229 0.0244821 0.168492 8.03112 5.59948
99 34.3916 21.344 117.187
166.348 103.64 0.229774 0.251229 0.0244821 0.168492 8.03112 5.59948
100 34.3916 22.6487 83.7688
166.348 103.64 0.229774 0.251229 0.0244821 0.168492 8.03112 5.59948
