0 24.2617 1.17263 16.3642
178.409 120.425 190.811 0.0219149 0.547324 0.456624 0.101396 0.322962 0.438246 6.08 0.0239565 1.9935
1 24.2617 2.0146 27.9679
178.409 120.425 190.811 0.0219149 0.547324 0.456624 0.101396 0.322962 0.438246 6.08 0.0239565 1.9935
2 24.7722 3.62927 55.0702
179.86 120.937 189.866 0.0340002 0.55913 0.408543 0.0991928 0.278534 0.429339 6.14452 0 1.87113
3 24.7722 5.17531 78.951
179.86 120.937 189.866 0.0340002 0.55913 0.408543 0.0991928 0.278534 0.429339 6.14452 0 1.87113
4 24.7722 7.05477 98.4627
179.86 120.937 189.866 0.0340002 0.55913 0.408543 0.0991928 0.278534 0.429339 6.14452 0 1.87113
5 24.7722 8.36977 110.96
179.86 120.937 189.866 0.0340002 0.55913 0.408543 0.0991928 0.278534 0.429339 6.14452 0 1.87113
6 25.6775 8.71452 109.731
193.134 107.321 200 0.0465594 0.455906 0.379613 0 0.274966 0.386775 6.15531 0.95859 3.0455
7 25.7833 8.10778 100.524
174.651 118.838 197.497 0.102785 0.47532 0.310945 0 0.237036 0.409776 6.0485 0.657138 0.901616
8 25.7833 10.9722 121.43
174.651 118.838 197.497 0.102785 0.47532 0.310945 0 0.237036 0.409776 6.0485 0.657138 0.901616
9 25.7833 12.5249 114.33
174.651 118.838 197.497 0.102785 0.47532 0.310945 0 0.237036 0.409776 6.0485 0.657138 0.901616
10 25.8807 12.8813 123.584
170.304 122.341 190.533 0.118091 0.308112 0.242517 0 0.270701 0.29967 6.19341 1.61692 1.04299
11 25.8874 13.9852 120.743
183.379 113.378 190.128 0.100559 0.5416 0.330243 0.0662097 0.113315 0.235984 7.72164 0 2.70628
12 25.8874 14.4921 127.861
183.379 113.378 190.128 0.100559 0.5416 0.330243 0.0662097 0.113315 0.235984 7.72164 0 2.70628
13 25.8898 15.6195 121.01
183.381 112.137 192.116 0.0973749 0.563759 0.328711 0.0785633 0.104464 0.236956 7.76832 0 2.5551
14 25.9955 16.2919 123.885
173.156 109.932 192.072 0.137783 0.248861 0.152701 0.0337738 0.230814 0.277406 7.01921 1.58692 0.357381
15 26.0261 16.6766 122.02
169.563 120.706 188.395 0.148067 0.285885 0.229884 0.0476104 0.287484 0.294854 6.41306 1.95851 1.51542
16 26.3387 16.8978 113.221
172.65 122.442 189.698 0.190504 0.247665 0.154257 0.00598893 0.306875 0.33135 6.61475 2.11966 2.30354
17 27.2647 18.8986 96.8391
171.192 122.344 196.545 0.161819 0.269182 0.164445 0.00746172 0.204623 0.289641 6.3441 1.91355 2.91494
18 27.2951 17.6935 97.3426
172.307 124.617 196.732 0.154699 0.267607 0.175858 0.00550695 0.218701 0.28454 6.34262 1.92805 2.922
19 27.2951 18.2965 106.601
172.307 124.617 196.732 0.154699 0.267607 0.175858 0.00550695 0.218701 0.28454 6.34262 1.92805 2.922
20 27.2951 17.844 102.65
172.307 124.617 196.732 0.154699 0.267607 0.175858 0.00550695 0.218701 0.28454 6.34262 1.92805 2.922
21 28.2752 19.1977 93.5712
170.73 122.805 196.181 0.156526 0.26749 0.160591 0.00755058 0.202211 0.287825 6.3346 1.93383 2.90066
22 28.2752 18.3446 101.377
170.73 122.805 196.181 0.156526 0.26749 0.160591 0.00755058 0.202211 0.287825 6.3346 1.93383 2.90066
23 28.2752 19.9919 86.4004
170.73 122.805 196.181 0.156526 0.26749 0.160591 0.00755058 0.202211 0.287825 6.3346 1.93383 2.90066
24 28.2752 20.0468 84.3874
170.73 122.805 196.181 0.156526 0.26749 0.160591 0.00755058 0.202211 0.287825 6.3346 1.93383 2.90066
25 28.2752 20.1827 71.9067
170.73 122.805 196.181 0.156526 0.26749 0.160591 0.00755058 0.202211 0.287825 6.3346 1.93383 2.90066
26 28.2752 19.4748 68.8244
170.73 122.805 196.181 0.156526 0.26749 0.160591 0.00755058 0.202211 0.287825 6.3346 1.93383 2.90066
27 28.2752 19.752 70.2848
170.73 122.805 196.181 0.156526 0.26749 0.160591 0.00755058 0.202211 0.287825 6.3346 1.93383 2.90066
28 28.2752 19.4005 77.7958
170.73 122.805 196.181 0.156526 0.26749 0.160591 0.00755058 0.202211 0.287825 6.3346 1.93383 2.90066
29 28.2752 19.7376 91.0729
170.73 122.805 196.181 0.156526 0.26749 0.160591 0.00755058 0.202211 0.287825 6.3346 1.93383 2.90066
30 28.2752 19.9644 86.671
170.73 122.805 196.181 0.156526 0.26749 0.160591 0.00755058 0.202211 0.287825 6.3346 1.93383 2.90066
31 28.2752 20.8192 73.3086
170.73 122.805 196.181 0.156526 0.26749 0.160591 0.00755058 0.202211 0.287825 6.3346 1.93383 2.90066
32 28.2752 20.0846 84.6822
170.73 122.805 196.181 0.156526 0.26749 0.160591 0.00755058 0.202211 0.287825 6.3346 1.93383 2.90066
33 28.2752 20.6166 76.4835
170.73 122.805 196.181 0.156526 0.26749 0.160591 0.00755058 0.202211 0.287825 6.3346 1.93383 2.90066
34 28.2752 20.3895 76.0235
170.73 122.805 196.181 0.156526 0.26749 0.160591 0.00755058 0.202211 0.287825 6.3346 1.93383 2.90066
35 28.2752 19.7827 85.4302
170.73 122.805 196.181 0.156526 0.26749 0.160591 0.00755058 0.202211 0.287825 6.3346 1.93383 2.90066
36 28.2752 21.128 65.6853
170.73 122.805 196.181 0.156526 0.26749 0.160591 0.00755058 0.202211 0.287825 6.3346 1.93383 2.90066
37 28.2752 20.4872 74.2269
170.73 122.805 196.181 0.156526 0.26749 0.160591 0.00755058 0.202211 0.287825 6.3346 1.93383 2.90066
38 28.2752 20.9753 67.6332
170.73 122.805 196.181 0.156526 0.26749 0.160591 0.00755058 0.202211 0.287825 6.3346 1.93383 2.90066
39 28.2752 20.859 66.8671
170.73 122.805 196.181 0.156526 0.26749 0.160591 0.00755058 0.202211 0.287825 6.3346 1.93383 2.90066
40 28.2752 19.9905 73.6801
170.73 122.805 196.181 0.156526 0.26749 0.160591 0.00755058 0.202211 0.287825 6.3346 1.93383 2.90066
41 28.2752 19.9544 75.259
170.73 122.805 196.181 0.156526 0.26749 0.160591 0.00755058 0.202211 0.287825 6.3346 1.93383 2.90066
42 28.2752 20.7878 64.4794
170.73 122.805 196.181 0.156526 0.26749 0.160591 0.00755058 0.202211 0.287825 6.3346 1.93383 2.90066
43 28.2752 20.47 70.8041
170.73 122.805 196.181 0.156526 0.26749 0.160591 0.00755058 0.202211 0.287825 6.3346 1.93383 2.90066
44 28.2752 20.4655 62.073
170.73 122.805 196.181 0.156526 0.26749 0.160591 0.00755058 0.202211 0.287825 6.3346 1.93383 2.90066
45 28.2752 21.0507 56.4022
170.73 122.805 196.181 0.156526 0.26749 0.160591 0.00755058 0.202211 0.287825 6.3346 1.93383 2.90066
46 28.2752 21.6523 48.2302
170.73 122.805 196.181 0.156526 0.26749 0.160591 0.00755058 0.202211 0.287825 6.3346 1.93383 2.90066
47 28.2752 21.9941 47.1166
170.73 122.805 196.181 0.156526 0.26749 0.160591 0.00755058 0.202211 0.287825 6.3346 1.93383 2.90066
48 28.2752 21.7648 50.155
170.73 122.805 196.181 0.156526 0.26749 0.160591 0.00755058 0.202211 0.287825 6.3346 1.93383 2.90066
49 28.2752 22.0837 49.4123
170.73 122.805 196.181 0.156526 0.26749 0.160591 0.00755058 0.202211 0.287825 6.3346 1.93383 2.90066
50 28.2752 20.7878 61.5345
170.73 122.805 196.181 0.156526 0.26749 0.160591 0.00755058 0.202211 0.287825 6.3346 1.93383 2.90066
51 28.2752 20.2466 68.1712
170.73 122.805 196.181 0.156526 0.26749 0.160591 0.00755058 0.202211 0.287825 6.3346 1.93383 2.90066
52 28.2752 19.5525 80.6873
170.73 122.805 196.181 0.156526 0.26749 0.160591 0.00755058 0.202211 0.287825 6.3346 1.93383 2.90066
53 28.2752 19.5567 82.9436
170.73 122.805 196.181 0.156526 0.26749 0.160591 0.00755058 0.202211 0.287825 6.3346 1.93383 2.90066
54 28.2752 21.131 66.2949
170.73 122.805 196.181 0.156526 0.26749 0.160591 0.00755058 0.202211 0.287825 6.3346 1.93383 2.90066
55 28.9294 21.6002 67.8015
170.527 122.966 195.79 0.155764 0.270449 0.158385 0.00591602 0.203074 0.289803 6.3328 1.91209 2.89535
56 28.9294 21.9648 52.1693
170.527 122.966 195.79 0.155764 0.270449 0.158385 0.00591602 0.203074 0.289803 6.3328 1.91209 2.89535
57 28.9294 20.7953 70.291
170.527 122.966 195.79 0.155764 0.270449 0.158385 0.00591602 0.203074 0.289803 6.3328 1.91209 2.89535
58 29.7128 21.4807 56.5248
170.461 122.718 195.875 0.157063 0.270125 0.157469 0.00613132 0.206389 0.288012 6.32643 1.90516 2.86969
59 29.7128 21.6531 53.9861
170.461 122.718 195.875 0.157063 0.270125 0.157469 0.00613132 0.206389 0.288012 6.32643 1.90516 2.86969
60 29.7128 21.2396 55.7657
170.461 122.718 195.875 0.157063 0.270125 0.157469 0.00613132 0.206389 0.288012 6.32643 1.90516 2.86969
61 29.7128 21.8016 43.8241
170.461 122.718 195.875 0.157063 0.270125 0.157469 0.00613132 0.206389 0.288012 6.32643 1.90516 2.86969
62 29.7128 22.199 33.3151
170.461 122.718 195.875 0.157063 0.270125 0.157469 0.00613132 0.206389 0.288012 6.32643 1.90516 2.86969
63 29.7128 21.9971 46.9706
170.461 122.718 195.875 0.157063 0.270125 0.157469 0.00613132 0.206389 0.288012 6.32643 1.90516 2.86969
64 29.7128 22.6879 39.657
170.461 122.718 195.875 0.157063 0.270125 0.157469 0.00613132 0.206389 0.288012 6.32643 1.90516 2.86969
65 29.7128 22.892 38.2731
170.461 122.718 195.875 0.157063 0.270125 0.157469 0.00613132 0.206389 0.288012 6.32643 1.90516 2.86969
66 29.7128 21.2344 51.4501
170.461 122.718 195.875 0.157063 0.270125 0.157469 0.00613132 0.206389 0.288012 6.32643 1.90516 2.86969
67 29.7128 20.6077 59.4929
170.461 122.718 195.875 0.157063 0.270125 0.157469 0.00613132 0.206389 0.288012 6.32643 1.90516 2.86969
68 29.7128 20.5911 58.9571
170.461 122.718 195.875 0.157063 0.270125 0.157469 0.00613132 0.206389 0.288012 6.32643 1.90516 2.86969
69 29.7128 21.2949 51.271
170.461 122.718 195.875 0.157063 0.270125 0.157469 0.00613132 0.206389 0.288012 6.32643 1.90516 2.86969
70 29.7128 19.8753 57.8578
170.461 122.718 195.875 0.157063 0.270125 0.157469 0.00613132 0.206389 0.288012 6.32643 1.90516 2.86969
71 29.7128 20.6139 53.7693
170.461 122.718 195.875 0.157063 0.270125 0.157469 0.00613132 0.206389 0.288012 6.32643 1.90516 2.86969
72 29.7128 20.2912 64.5782
170.461 122.718 195.875 0.157063 0.270125 0.157469 0.00613132 0.206389 0.288012 6.32643 1.90516 2.86969
73 29.7128 20.9758 58.6693
170.461 122.718 195.875 0.157063 0.270125 0.157469 0.00613132 0.206389 0.288012 6.32643 1.90516 2.86969
74 29.7128 21.3239 56.1927
170.461 122.718 195.875 0.157063 0.270125 0.157469 0.00613132 0.206389 0.288012 6.32643 1.90516 2.86969
75 29.7128 21.389 57.1225
170.461 122.718 195.875 0.157063 0.270125 0.157469 0.00613132 0.206389 0.288012 6.32643 1.90516 2.86969
76 29.7128 22.2064 56.1192
170.461 122.718 195.875 0.157063 0.270125 0.157469 0.00613132 0.206389 0.288012 6.32643 1.90516 2.86969
77 29.7128 21.3849 50.7854
170.461 122.718 195.875 0.157063 0.270125 0.157469 0.00613132 0.206389 0.288012 6.32643 1.90516 2.86969
78 29.7128 21.0634 63.205
170.461 122.718 195.875 0.157063 0.270125 0.157469 0.00613132 0.206389 0.288012 6.32643 1.90516 2.86969
79 29.7128 19.9849 81.3705
170.461 122.718 195.875 0.157063 0.270125 0.157469 0.00613132 0.206389 0.288012 6.32643 1.90516 2.86969
80 29.7128 21.5101 64.5385
170.461 122.718 195.875 0.157063 0.270125 0.157469 0.00613132 0.206389 0.288012 6.32643 1.90516 2.86969
81 29.7128 22.3991 53.9948
170.461 122.718 195.875 0.157063 0.270125 0.157469 0.00613132 0.206389 0.288012 6.32643 1.90516 2.86969
82 29.7128 22.18 59.5349
170.461 122.718 195.875 0.157063 0.270125 0.157469 0.00613132 0.206389 0.288012 6.32643 1.90516 2.86969
83 29.7128 22.0355 55.925
170.461 122.718 195.875 0.157063 0.270125 0.157469 0.00613132 0.206389 0.288012 6.32643 1.90516 2.86969
84 29.7128 23.6335 31.285
170.461 122.718 195.875 0.157063 0.270125 0.157469 0.00613132 0.206389 0.288012 6.32643 1.90516 2.86969
85 29.7128 22.5715 48.9576
170.461 122.718 195.875 0.157063 0.270125 0.157469 0.00613132 0.206389 0.288012 6.32643 1.90516 2.86969
86 29.7128 22.2045 51.0879
170.461 122.718 195.875 0.157063 0.270125 0.157469 0.00613132 0.206389 0.288012 6.32643 1.90516 2.86969
87 29.7128 22.1174 47.9005
170.461 122.718 195.875 0.157063 0.270125 0.157469 0.00613132 0.206389 0.288012 6.32643 1.90516 2.86969
88 29.7128 20.9627 53.4352
170.461 122.718 195.875 0.157063 0.270125 0.157469 0.00613132 0.206389 0.288012 6.32643 1.90516 2.86969
89 29.7128 21.8923 53.5663
170.461 122.718 195.875 0.157063 0.270125 0.157469 0.00613132 0.206389 0.288012 6.32643 1.90516 2.86969
90 29.7128 21.3828 54.3892
170.461 122.718 195.875 0.157063 0.270125 0.157469 0.00613132 0.206389 0.288012 6.32643 1.90516 2.86969
91 29.7128 21.2221 55.3573
170.461 122.718 195.875 0.157063 0.270125 0.157469 0.00613132 0.206389 0.288012 6.32643 1.90516 2.86969
92 29.7128 21.5538 60.9242
170.461 122.718 195.875 0.157063 0.270125 0.157469 0.00613132 0.206389 0.288012 6.32643 1.90516 2.86969
93 29.7128 21.7427 60.2858
170.461 122.718 195.875 0.157063 0.270125 0.157469 0.00613132 0.206389 0.288012 6.32643 1.90516 2.86969
94 29.7128 21.5936 57.9889
170.461 122.718 195.875 0.157063 0.270125 0.157469 0.00613132 0.206389 0.288012 6.32643 1.90516 2.86969
95 29.7128 21.0432 63.1513
170.461 122.718 195.875 0.157063 0.270125 0.157469 0.00613132 0.206389 0.288012 6.32643 1.90516 2.86969
96 29.7128 21.0097 60.0924
170.461 122.718 195.875 0.157063 0.270125 0.157469 0.00613132 0.206389 0.288012 6.32643 1.90516 2.86969
97 29.7128 21.014 59.9519
170.461 122.718 195.875 0.157063 0.270125 0.157469 0.00613132 0.206389 0.288012 6.32643 1.90516 2.86969
98 29.7128 20.7648 69.4187
170.461 122.718 195.875 0.157063 0.270125 0.157469 0.00613132 0.206389 0.288012 6.32643 1.90516 2.86969
99 29.7128 20.5108 83.202
170.461 122.718 195.875 0.157063 0.270125 0.157469 0.00613132 0.206389 0.288012 6.32643 1.90516 2.86969
100 29.7128 21.7643 62.7783
170.461 122.718 195.875 0.157063 0.270125 0.157469 0.00613132 0.206389 0.288012 6.32643 1.90516 2.86969
