0 10.4152 2.21738 5.2425
174.688 178.637 0.385607 0.157384 0.154047 0.155821 6.1254 6.77657
1 10.4186 2.9875 7.64101
174.652 178.588 0.385087 0.157917 0.153622 0.156746 6.13906 6.77002
2 11.8994 3.58667 10.4592
167.043 169.653 0.454626 0.144293 0.0248625 0.203763 6.03197 6.79292
3 11.8994 4.51638 14.7209
167.043 169.653 0.454626 0.144293 0.0248625 0.203763 6.03197 6.79292
4 16.209 5.66006 20.3463
150.362 163.013 0.368287 0.306226 0 0.0851306 6.08588 6.25072
5 16.209 6.84855 23.4672
150.362 163.013 0.368287 0.306226 0 0.0851306 6.08588 6.25072
6 16.209 7.17474 26.6855
150.362 163.013 0.368287 0.306226 0 0.0851306 6.08588 6.25072
7 16.768 8.60769 35.7875
140.347 162.006 0.341354 0.298525 0 0.060868 5.57881 5.46319
8 16.768 9.4277 36.3159
140.347 162.006 0.341354 0.298525 0 0.060868 5.57881 5.46319
9 16.768 9.87268 35.5954
140.347 162.006 0.341354 0.298525 0 0.060868 5.57881 5.46319
10 16.7848 9.74427 32.8751
142.508 162.352 0.344007 0.313316 0 0.0617776 5.68687 5.50506
11 17.6852 9.67983 31.0809
141.212 159.629 0.39088 0.397009 0 0.11249 5.34472 5.63131
12 18.2816 9.57707 34.0537
140.281 163.79 0.363272 0.332184 0.0058845 0.0737755 5.54453 6.34494
13 18.2932 9.65776 34.3503
139.52 164.39 0.360196 0.34589 0.0141135 0.0837481 5.47369 6.33874
14 18.2932 10.5293 32.6581
139.52 164.39 0.360196 0.34589 0.0141135 0.0837481 5.47369 6.33874
15 18.2932 10.6473 36.4176
139.52 164.39 0.360196 0.34589 0.0141135 0.0837481 5.47369 6.33874
16 18.2932 11.4361 38.5035
139.52 164.39 0.360196 0.34589 0.0141135 0.0837481 5.47369 6.33874
17 18.2932 10.5817 34.2738
139.52 164.39 0.360196 0.34589 0.0141135 0.0837481 5.47369 6.33874
18 18.7015 11.4186 38.3748
139.077 165.724 0.379327 0.34481 0.0310516 0.0911006 5.69749 6.11442
19 18.7015 11.4939 34.8091
139.077 165.724 0.379327 0.34481 0.0310516 0.0911006 5.69749 6.11442
20 18.7015 11.6369 30.9098
139.077 165.724 0.379327 0.34481 0.0310516 0.0911006 5.69749 6.11442
21 18.7015 12.4186 28.6445
139.077 165.724 0.379327 0.34481 0.0310516 0.0911006 5.69749 6.11442
22 18.7015 11.9547 31.197
139.077 165.724 0.379327 0.34481 0.0310516 0.0911006 5.69749 6.11442
23 18.7015 10.8563 35.0554
139.077 165.724 0.379327 0.34481 0.0310516 0.0911006 5.69749 6.11442
24 18.7015 10.2378 34.8268
139.077 165.724 0.379327 0.34481 0.0310516 0.0911006 5.69749 6.11442
25 19.584 11.096 46.6604
109.433 129.724 0.44159 0.328589 0.050082 0.00682866 7.82367 6.18409
26 19.584 11.8426 37.4232
109.433 129.724 0.44159 0.328589 0.050082 0.00682866 7.82367 6.18409
27 19.584 11.5293 35.0534
109.433 129.724 0.44159 0.328589 0.050082 0.00682866 7.82367 6.18409
28 19.584 12.2287 35.8056
109.433 129.724 0.44159 0.328589 0.050082 0.00682866 7.82367 6.18409
29 23.0417 12.1025 40.146
103.977 117.275 0.344647 0.430882 0.00804568 0 8.48655 6.21964
30 23.0449 12.5729 38.1135
103.909 117.355 0.34619 0.430717 0.00924644 0 8.49224 6.232
31 23.0449 12.7395 42.1857
103.909 117.355 0.34619 0.430717 0.00924644 0 8.49224 6.232
32 23.0999 14.521 44.181
108.034 118.816 0.353 0.416256 0 0 8.646 6.86261
33 23.183 14.8146 47.1
103.088 114.972 0.302812 0.403259 0 0 8.85783 5.76491
34 23.183 15.407 47.3316
103.088 114.972 0.302812 0.403259 0 0 8.85783 5.76491
35 23.183 15.4457 46.0862
103.088 114.972 0.302812 0.403259 0 0 8.85783 5.76491
36 23.183 15.0401 60.6804
103.088 114.972 0.302812 0.403259 0 0 8.85783 5.76491
37 23.5221 16.4326 53.6379
101.967 115.571 0.362143 0.439923 0 0 8.88768 7.12643
38 23.5221 15.5107 47.4491
101.967 115.571 0.362143 0.439923 0 0 8.88768 7.12643
39 23.5515 15.2631 52.4032
100 115.364 0.35959 0.432975 0.00240393 0 8.71576 7.0585
40 23.5515 14.6251 55.8841
100 115.364 0.35959 0.432975 0.00240393 0 8.71576 7.0585
41 23.5515 15.0458 57.6698
100 115.364 0.35959 0.432975 0.00240393 0 8.71576 7.0585
42 23.5515 15.7197 50.6159
100 115.364 0.35959 0.432975 0.00240393 0 8.71576 7.0585
43 23.5515 13.9789 59.2068
100 115.364 0.35959 0.432975 0.00240393 0 8.71576 7.0585
44 23.5515 13.8563 67.436
100 115.364 0.35959 0.432975 0.00240393 0 8.71576 7.0585
45 23.5515 14.9183 60.327
100 115.364 0.35959 0.432975 0.00240393 0 8.71576 7.0585
46 23.5515 14.2651 49.4489
100 115.364 0.35959 0.432975 0.00240393 0 8.71576 7.0585
47 23.5515 14.0723 60.6711
100 115.364 0.35959 0.432975 0.00240393 0 8.71576 7.0585
48 23.5515 14.0818 58.3971
100 115.364 0.35959 0.432975 0.00240393 0 8.71576 7.0585
49 23.5515 15.6272 59.504
100 115.364 0.35959 0.432975 0.00240393 0 8.71576 7.0585
50 23.5515 14.6857 57.6761
100 115.364 0.35959 0.432975 0.00240393 0 8.71576 7.0585
51 23.5515 14.3194 62.9964
100 115.364 0.35959 0.432975 0.00240393 0 8.71576 7.0585
52 23.5515 15.1459 68.5091
100 115.364 0.35959 0.432975 0.00240393 0 8.71576 7.0585
53 23.5515 14.3816 65.8228
100 115.364 0.35959 0.432975 0.00240393 0 8.71576 7.0585
54 23.5515 14.9925 60.8623
100 115.364 0.35959 0.432975 0.00240393 0 8.71576 7.0585
55 23.5515 15.7807 53.5644
100 115.364 0.35959 0.432975 0.00240393 0 8.71576 7.0585
56 23.5515 15.3896 58.8129
100 115.364 0.35959 0.432975 0.00240393 0 8.71576 7.0585
57 23.5515 15.472 52.7761
100 115.364 0.35959 0.432975 0.00240393 0 8.71576 7.0585
58 23.5515 14.3745 71.6793
100 115.364 0.35959 0.432975 0.00240393 0 8.71576 7.0585
59 23.5515 14.6707 64.517
100 115.364 0.35959 0.432975 0.00240393 0 8.71576 7.0585
60 23.5515 15.0517 55.2146
100 115.364 0.35959 0.432975 0.00240393 0 8.71576 7.0585
61 23.5515 15.0776 52.7097
100 115.364 0.35959 0.432975 0.00240393 0 8.71576 7.0585
62 23.5515 16.8509 41.494
100 115.364 0.35959 0.432975 0.00240393 0 8.71576 7.0585
63 23.5519 15.5465 54.8147
100.042 115.212 0.358212 0.433347 0.00215106 0 8.71108 7.06926
64 23.5519 16.1152 51.1357
100.042 115.212 0.358212 0.433347 0.00215106 0 8.71108 7.06926
65 23.5519 16.4692 54.8019
100.042 115.212 0.358212 0.433347 0.00215106 0 8.71108 7.06926
66 23.5519 15.6016 58.7938
100.042 115.212 0.358212 0.433347 0.00215106 0 8.71108 7.06926
67 23.5519 16.7971 57.1345
100.042 115.212 0.358212 0.433347 0.00215106 0 8.71108 7.06926
68 23.5519 15.3697 54.6542
100.042 115.212 0.358212 0.433347 0.00215106 0 8.71108 7.06926
69 23.5519 16.1028 53.1552
100.042 115.212 0.358212 0.433347 0.00215106 0 8.71108 7.06926
70 23.5519 17.0049 43.4886
100.042 115.212 0.358212 0.433347 0.00215106 0 8.71108 7.06926
71 23.5519 14.1621 60.919
100.042 115.212 0.358212 0.433347 0.00215106 0 8.71108 7.06926
72 23.5519 14.5128 72.8104
100.042 115.212 0.358212 0.433347 0.00215106 0 8.71108 7.06926
73 23.5519 13.6569 73.8388
100.042 115.212 0.358212 0.433347 0.00215106 0 8.71108 7.06926
74 23.5519 13.8547 76.7533
100.042 115.212 0.358212 0.433347 0.00215106 0 8.71108 7.06926
75 23.5519 13.5733 73.8699
100.042 115.212 0.358212 0.433347 0.00215106 0 8.71108 7.06926
76 23.5519 14.4256 66.1083
100.042 115.212 0.358212 0.433347 0.00215106 0 8.71108 7.06926
77 23.5519 14.839 62.9383
100.042 115.212 0.358212 0.433347 0.00215106 0 8.71108 7.06926
78 23.5519 13.4177 61.2693
100.042 115.212 0.358212 0.433347 0.00215106 0 8.71108 7.06926
79 23.5519 14.1589 56.2168
100.042 115.212 0.358212 0.433347 0.00215106 0 8.71108 7.06926
80 23.5519 13.9685 59.5282
100.042 115.212 0.358212 0.433347 0.00215106 0 8.71108 7.06926
81 23.5519 14.036 68.5866
100.042 115.212 0.358212 0.433347 0.00215106 0 8.71108 7.06926
82 23.5519 14.7557 63.4857
100.042 115.212 0.358212 0.433347 0.00215106 0 8.71108 7.06926
83 23.5608 15.0183 58.7491
100 115.349 0.360633 0.4311 0.0022989 0 8.71649 7.05457
84 23.5608 14.1254 80.1641
100 115.349 0.360633 0.4311 0.0022989 0 8.71649 7.05457
85 23.5608 15.8674 75.3396
100 115.349 0.360633 0.4311 0.0022989 0 8.71649 7.05457
86 23.5608 16.4635 64.1965
100 115.349 0.360633 0.4311 0.0022989 0 8.71649 7.05457
87 23.5608 14.2444 80.5401
100 115.349 0.360633 0.4311 0.0022989 0 8.71649 7.05457
88 23.5608 14.8078 69.9212
100 115.349 0.360633 0.4311 0.0022989 0 8.71649 7.05457
89 23.5608 14.2992 71.4639
100 115.349 0.360633 0.4311 0.0022989 0 8.71649 7.05457
90 23.5608 15.5351 63.0335
100 115.349 0.360633 0.4311 0.0022989 0 8.71649 7.05457
91 23.5608 15.9885 54.1148
100 115.349 0.360633 0.4311 0.0022989 0 8.71649 7.05457
92 23.5608 16.3531 52.2164
100 115.349 0.360633 0.4311 0.0022989 0 8.71649 7.05457
93 23.5608 16.6562 50.9804
100 115.349 0.360633 0.4311 0.0022989 0 8.71649 7.05457
94 23.5608 14.99 60.5384
100 115.349 0.360633 0.4311 0.0022989 0 8.71649 7.05457
95 23.5608 15.1086 70.372
100 115.349 0.360633 0.4311 0.0022989 0 8.71649 7.05457
96 23.5608 15.5416 65.7696
100 115.349 0.360633 0.4311 0.0022989 0 8.71649 7.05457
97 23.5608 15.9344 60.8805
100 115.349 0.360633 0.4311 0.0022989 0 8.71649 7.05457
98 23.5608 15.4321 55.2545
100 115.349 0.360633 0.4311 0.0022989 0 8.71649 7.05457
99 23.57 13.9845 66.5326
100.321 116.255 0.354831 0.428913 0 0 8.55218 7.16071
100 23.57 14.4845 65.6766
100.321 116.255 0.354831 0.428913 0 0 8.55218 7.16071
