0 29.4354 5.48163 86.5996
163.292 123.364 0.0403021 0.108288 0.737151 0.406655 6.6167 5.59721
1 31.8709 8.70755 128.282
115.067 165.681 0.0886394 0.695442 0.200542 0.0431836 7.8196 2.10101
2 31.8709 11.5554 166.445
115.067 165.681 0.0886394 0.695442 0.200542 0.0431836 7.8196 2.10101
3 32.3697 13.6243 166.355
124.741 161.126 0.109861 0.631199 0.0600105 0.00745773 6.75343 2.70044
4 32.8072 14.7722 166.027
115.465 166.958 0.0781422 0.693126 0.204184 0.0239265 7.8627 1.9926
5 33.2504 16.7361 180.907
116.491 166.201 0.060669 0.692003 0.214564 0.0267156 7.91856 2.02835
6 33.3358 18.2089 169.257
127.147 169.012 0.0862194 0.56838 0.122226 0.0826211 6.43093 2.65036
7 33.6349 19.295 148.355
113.479 164.909 0.0399975 0.699488 0.22638 0.0623074 7.57986 1.92231
8 34.6368 19.842 163.147
112.973 170.147 0.0360026 0.601621 0 0.0544183 4.93909 1.9798
9 34.6368 22.1807 153.733
112.973 170.147 0.0360026 0.601621 0 0.0544183 4.93909 1.9798
10 37.0088 24.1734 168.744
129.542 154.18 0.128308 0.507381 0.0739847 0.149087 6.28768 3.40575
11 37.0088 19.332 228.006
129.542 154.18 0.128308 0.507381 0.0739847 0.149087 6.28768 3.40575
12 37.2503 20.7416 222.407
134.411 148.492 0.0279348 0.537815 0.105095 0.144769 6.38021 3.20451
13 39.6225 23.494 200.542
127.391 129.842 0.0476782 0.515948 0.254122 0 5.88251 3.18704
14 40.4857 22.4992 214.997
130.303 129.216 0.0662877 0.504046 0.203383 0 5.69211 2.05831
15 44.849 20.2568 263.726
136.98 142.403 0.110015 0.414072 0.119822 0 4.56937 3.31854
16 44.849 21.841 199.337
136.98 142.403 0.110015 0.414072 0.119822 0 4.56937 3.31854
17 44.849 24.3466 193.024
136.98 142.403 0.110015 0.414072 0.119822 0 4.56937 3.31854
18 44.849 24.9362 212.113
136.98 142.403 0.110015 0.414072 0.119822 0 4.56937 3.31854
19 44.849 24.1706 235.16
136.98 142.403 0.110015 0.414072 0.119822 0 4.56937 3.31854
20 44.849 25.8588 226.966
136.98 142.403 0.110015 0.414072 0.119822 0 4.56937 3.31854
21 44.849 24.3585 265.622
136.98 142.403 0.110015 0.414072 0.119822 0 4.56937 3.31854
22 44.849 28.4154 235.686
136.98 142.403 0.110015 0.414072 0.119822 0 4.56937 3.31854
23 44.849 28.252 223.684
136.98 142.403 0.110015 0.414072 0.119822 0 4.56937 3.31854
24 44.849 26.8266 227.842
136.98 142.403 0.110015 0.414072 0.119822 0 4.56937 3.31854
25 44.849 28.1233 225.944
136.98 142.403 0.110015 0.414072 0.119822 0 4.56937 3.31854
26 44.849 28.8829 184.503
136.98 142.403 0.110015 0.414072 0.119822 0 4.56937 3.31854
27 44.849 29.5755 188.772
136.98 142.403 0.110015 0.414072 0.119822 0 4.56937 3.31854
28 44.849 33.1432 130.067
136.98 142.403 0.110015 0.414072 0.119822 0 4.56937 3.31854
29 44.849 29.3751 187.292
136.98 142.403 0.110015 0.414072 0.119822 0 4.56937 3.31854
30 44.849 27.2902 209.249
136.98 142.403 0.110015 0.414072 0.119822 0 4.56937 3.31854
31 44.849 29.4207 192.663
136.98 142.403 0.110015 0.414072 0.119822 0 4.56937 3.31854
32 44.849 29.301 169.512
136.98 142.403 0.110015 0.414072 0.119822 0 4.56937 3.31854
33 44.849 28.8227 193.013
136.98 142.403 0.110015 0.414072 0.119822 0 4.56937 3.31854
34 44.849 30.5927 193.311
136.98 142.403 0.110015 0.414072 0.119822 0 4.56937 3.31854
35 44.849 28.8344 225.147
136.98 142.403 0.110015 0.414072 0.119822 0 4.56937 3.31854
36 44.849 30.4835 186.381
136.98 142.403 0.110015 0.414072 0.119822 0 4.56937 3.31854
37 44.849 30.3379 177.345
136.98 142.403 0.110015 0.414072 0.119822 0 4.56937 3.31854
38 44.849 28.9838 205.412
136.98 142.403 0.110015 0.414072 0.119822 0 4.56937 3.31854
39 44.849 28.5267 204.897
136.98 142.403 0.110015 0.414072 0.119822 0 4.56937 3.31854
40 44.849 34.2551 117.701
136.98 142.403 0.110015 0.414072 0.119822 0 4.56937 3.31854
41 44.849 33.8686 92.2177
136.98 142.403 0.110015 0.414072 0.119822 0 4.56937 3.31854
42 44.849 34.2066 75.5484
136.98 142.403 0.110015 0.414072 0.119822 0 4.56937 3.31854
43 44.849 35.0885 46.169
136.98 142.403 0.110015 0.414072 0.119822 0 4.56937 3.31854
44 44.849 31.8017 127.722
136.98 142.403 0.110015 0.414072 0.119822 0 4.56937 3.31854
45 44.849 34.1018 85.3793
136.98 142.403 0.110015 0.414072 0.119822 0 4.56937 3.31854
46 44.849 35.911 63.0877
136.98 142.403 0.110015 0.414072 0.119822 0 4.56937 3.31854
47 44.849 32.061 124.165
136.98 142.403 0.110015 0.414072 0.119822 0 4.56937 3.31854
48 44.849 32.5307 103.371
136.98 142.403 0.110015 0.414072 0.119822 0 4.56937 3.31854
49 44.849 28.8448 187.302
136.98 142.403 0.110015 0.414072 0.119822 0 4.56937 3.31854
50 44.849 32.0197 124.086
136.98 142.403 0.110015 0.414072 0.119822 0 4.56937 3.31854
51 45.5823 29.3733 198.555
131.475 139.65 0.0993254 0.424653 0.223197 0 4.83692 3.27601
52 45.5823 27.8906 221.878
131.475 139.65 0.0993254 0.424653 0.223197 0 4.83692 3.27601
53 45.5823 28.5166 152.198
131.475 139.65 0.0993254 0.424653 0.223197 0 4.83692 3.27601
54 45.5823 32.0777 101.191
131.475 139.65 0.0993254 0.424653 0.223197 0 4.83692 3.27601
55 45.5823 31.2092 163.585
131.475 139.65 0.0993254 0.424653 0.223197 0 4.83692 3.27601
56 47.2398 29.8476 154.9
131.997 135.183 0.032484 0.451891 0.283832 0.00808252 5.60402 3.90309
57 47.2398 33.9965 83.6211
131.997 135.183 0.032484 0.451891 0.283832 0.00808252 5.60402 3.90309
58 47.2398 33.6598 96.7259
131.997 135.183 0.032484 0.451891 0.283832 0.00808252 5.60402 3.90309
59 47.2398 35.3636 89.8045
131.997 135.183 0.032484 0.451891 0.283832 0.00808252 5.60402 3.90309
60 47.2398 29.2877 142.632
131.997 135.183 0.032484 0.451891 0.283832 0.00808252 5.60402 3.90309
61 47.2398 29.4553 164.372
131.997 135.183 0.032484 0.451891 0.283832 0.00808252 5.60402 3.90309
62 47.2398 27.3097 217.856
131.997 135.183 0.032484 0.451891 0.283832 0.00808252 5.60402 3.90309
63 47.2398 30.353 208.407
131.997 135.183 0.032484 0.451891 0.283832 0.00808252 5.60402 3.90309
64 47.2398 33.4546 133.037
131.997 135.183 0.032484 0.451891 0.283832 0.00808252 5.60402 3.90309
65 47.2398 34.2491 55.5658
131.997 135.183 0.032484 0.451891 0.283832 0.00808252 5.60402 3.90309
66 47.2398 33.1346 98.3647
131.997 135.183 0.032484 0.451891 0.283832 0.00808252 5.60402 3.90309
67 47.2398 29.356 153.257
131.997 135.183 0.032484 0.451891 0.283832 0.00808252 5.60402 3.90309
68 47.2398 31.8973 152.47
131.997 135.183 0.032484 0.451891 0.283832 0.00808252 5.60402 3.90309
69 47.2398 29.1173 176.812
131.997 135.183 0.032484 0.451891 0.283832 0.00808252 5.60402 3.90309
70 47.2398 30.2266 168.513
131.997 135.183 0.032484 0.451891 0.283832 0.00808252 5.60402 3.90309
71 47.2398 28.6674 154.682
131.997 135.183 0.032484 0.451891 0.283832 0.00808252 5.60402 3.90309
72 47.2398 28.6479 185.307
131.997 135.183 0.032484 0.451891 0.283832 0.00808252 5.60402 3.90309
73 47.2398 28.409 217.068
131.997 135.183 0.032484 0.451891 0.283832 0.00808252 5.60402 3.90309
74 47.2414 29.7451 173.668
131.922 135.159 0.0332165 0.451495 0.283417 0.00795482 5.61694 3.91414
75 47.2414 29.0377 242.186
131.922 135.159 0.0332165 0.451495 0.283417 0.00795482 5.61694 3.91414
76 47.7595 29.8973 252.408
131.893 135.152 0.030454 0.461544 0.282465 0.0137054 5.54516 3.88109
77 47.7595 29.918 241.812
131.893 135.152 0.030454 0.461544 0.282465 0.0137054 5.54516 3.88109
78 47.7595 25.8501 302.658
131.893 135.152 0.030454 0.461544 0.282465 0.0137054 5.54516 3.88109
79 48.6536 29.3683 293.09
130.84 134.289 0.039402 0.459266 0.268603 0.00442013 5.69992 3.80759
80 48.6536 27.707 286.83
130.84 134.289 0.039402 0.459266 0.268603 0.00442013 5.69992 3.80759
81 48.6536 26.7365 290.576
130.84 134.289 0.039402 0.459266 0.268603 0.00442013 5.69992 3.80759
82 48.6536 26.0754 258.587
130.84 134.289 0.039402 0.459266 0.268603 0.00442013 5.69992 3.80759
83 48.6861 27.9027 300.197
129.977 134.41 0.0404967 0.459923 0.267352 0.000468321 5.6744 3.85247
84 48.6861 31.9888 254.54
129.977 134.41 0.0404967 0.459923 0.267352 0.000468321 5.6744 3.85247
85 48.6861 30.6382 260.507
129.977 134.41 0.0404967 0.459923 0.267352 0.000468321 5.6744 3.85247
86 48.6861 31.1094 211.522
129.977 134.41 0.0404967 0.459923 0.267352 0.000468321 5.6744 3.85247
87 49.0649 29.6979 249.192
130.789 134.371 0.0410107 0.460223 0.269236 0.000839558 5.71087 3.82149
88 49.0649 30.2642 208.426
130.789 134.371 0.0410107 0.460223 0.269236 0.000839558 5.71087 3.82149
89 49.0649 29.9575 167.018
130.789 134.371 0.0410107 0.460223 0.269236 0.000839558 5.71087 3.82149
90 49.0649 31.6239 139.841
130.789 134.371 0.0410107 0.460223 0.269236 0.000839558 5.71087 3.82149
91 49.0649 28.5416 154.627
130.789 134.371 0.0410107 0.460223 0.269236 0.000839558 5.71087 3.82149
92 49.0649 32.3394 185.368
130.789 134.371 0.0410107 0.460223 0.269236 0.000839558 5.71087 3.82149
93 49.0649 26.4496 271.798
130.789 134.371 0.0410107 0.460223 0.269236 0.000839558 5.71087 3.82149
94 49.0649 31.0119 261.763
130.789 134.371 0.0410107 0.460223 0.269236 0.000839558 5.71087 3.82149
95 49.0649 29.5363 169
130.789 134.371 0.0410107 0.460223 0.269236 0.000839558 5.71087 3.82149
96 49.0649 32.1626 172.015
130.789 134.371 0.0410107 0.460223 0.269236 0.000839558 5.71087 3.82149
97 49.0649 32.6434 179.449
130.789 134.371 0.0410107 0.460223 0.269236 0.000839558 5.71087 3.82149
98 49.0722 31.9227 204.158
131.478 134.3 0.0472626 0.458833 0.264998 0.00338809 5.72351 3.83832
99 49.0722 29.4754 213.915
131.478 134.3 0.0472626 0.458833 0.264998 0.00338809 5.72351 3.83832
100 49.0722 29.9496 156.6
131.478 134.3 0.0472626 0.458833 0.264998 0.00338809 5.72351 3.83832
