0 26.9899 1.64107 33.1707
178.074 116.326 0.0627966 0.216861 0.239848 0.100317 3.90062 7.97792
1 26.9899 2.81655 51.9215
178.074 116.326 0.0627966 0.216861 0.239848 0.100317 3.90062 7.97792
2 26.9899 4.84486 79.3066
178.074 116.326 0.0627966 0.216861 0.239848 0.100317 3.90062 7.97792
3 27.1265 5.87178 99.1762
184.136 118.985 0.0812702 0.242377 0.27015 0.0797313 3.7098 8.16985
4 27.3808 7.28662 110.431
174.198 114.691 0.0386711 0.281981 0.0867858 0.186308 2.45343 9.0725
5 27.3865 9.90902 135.192
174.694 107.806 0.0656362 0.271587 0.0913845 0.158246 2.65605 9.20343
6 30.1204 12.7969 155.824
174.201 107.532 0.0457449 0.271869 0.0912377 0.181394 2.78349 9.07031
7 30.1204 13.1793 150.794
174.201 107.532 0.0457449 0.271869 0.0912377 0.181394 2.78349 9.07031
8 30.1204 13.5304 148.552
174.201 107.532 0.0457449 0.271869 0.0912377 0.181394 2.78349 9.07031
9 30.1204 13.546 167.915
174.201 107.532 0.0457449 0.271869 0.0912377 0.181394 2.78349 9.07031
10 30.1204 12.9118 156.353
174.201 107.532 0.0457449 0.271869 0.0912377 0.181394 2.78349 9.07031
11 30.1204 14.147 152.515
174.201 107.532 0.0457449 0.271869 0.0912377 0.181394 2.78349 9.07031
12 30.1204 16.1849 144.899
174.201 107.532 0.0457449 0.271869 0.0912377 0.181394 2.78349 9.07031
13 30.501 16.052 142.002
174.183 107.531 0.0463728 0.268622 0.0891522 0.183196 2.77494 9.04225
14 30.501 17.5177 145.765
174.183 107.531 0.0463728 0.268622 0.0891522 0.183196 2.77494 9.04225
15 30.501 16.1239 150.557
174.183 107.531 0.0463728 0.268622 0.0891522 0.183196 2.77494 9.04225
16 30.501 15.6894 153.795
174.183 107.531 0.0463728 0.268622 0.0891522 0.183196 2.77494 9.04225
17 30.501 16.6394 153.986
174.183 107.531 0.0463728 0.268622 0.0891522 0.183196 2.77494 9.04225
18 30.501 15.3951 143.243
174.183 107.531 0.0463728 0.268622 0.0891522 0.183196 2.77494 9.04225
19 30.501 16.548 146.264
174.183 107.531 0.0463728 0.268622 0.0891522 0.183196 2.77494 9.04225
20 30.501 16.9966 129.703
174.183 107.531 0.0463728 0.268622 0.0891522 0.183196 2.77494 9.04225
21 30.501 16.092 132.444
174.183 107.531 0.0463728 0.268622 0.0891522 0.183196 2.77494 9.04225
22 30.501 16.6752 134.964
174.183 107.531 0.0463728 0.268622 0.0891522 0.183196 2.77494 9.04225
23 30.501 14.2731 137.45
174.183 107.531 0.0463728 0.268622 0.0891522 0.183196 2.77494 9.04225
24 30.501 18.1522 121.383
174.183 107.531 0.0463728 0.268622 0.0891522 0.183196 2.77494 9.04225
25 30.501 16.3658 128.803
174.183 107.531 0.0463728 0.268622 0.0891522 0.183196 2.77494 9.04225
26 30.501 15.2328 139.698
174.183 107.531 0.0463728 0.268622 0.0891522 0.183196 2.77494 9.04225
27 30.506 18.6064 120.429
172.751 121.046 0.060064 0.241578 0 0.188161 2.7841 10
28 30.6994 18.3844 119.183
145.852 100 0.102163 0.327886 0.0235505 0 3.60774 9.66968
29 30.6994 17.1567 131.383
145.852 100 0.102163 0.327886 0.0235505 0 3.60774 9.66968
30 30.6994 18.8385 109.826
145.852 100 0.102163 0.327886 0.0235505 0 3.60774 9.66968
31 30.6994 19.1529 111.762
145.852 100 0.102163 0.327886 0.0235505 0 3.60774 9.66968
32 30.6994 17.4347 120.655
145.852 100 0.102163 0.327886 0.0235505 0 3.60774 9.66968
33 30.7526 18.7905 126.194
146.299 102.481 0.0929222 0.330497 0.0239402 0.00334456 3.55436 10
34 30.7526 17.8713 128.374
146.299 102.481 0.0929222 0.330497 0.0239402 0.00334456 3.55436 10
35 32.5399 19.4344 130.721
145.901 102.611 0.0934864 0.344216 0.0292646 0 3.52945 10
36 35.0435 18.7148 136.716
144.371 103.29 0.115126 0.338575 0.0197864 0.0298035 3.66565 9.7409
37 35.0435 17.4798 149.675
144.371 103.29 0.115126 0.338575 0.0197864 0.0298035 3.66565 9.7409
38 35.0435 19.9925 123.921
144.371 103.29 0.115126 0.338575 0.0197864 0.0298035 3.66565 9.7409
39 35.0435 18.1273 144.701
144.371 103.29 0.115126 0.338575 0.0197864 0.0298035 3.66565 9.7409
40 35.0435 20.3874 117.541
144.371 103.29 0.115126 0.338575 0.0197864 0.0298035 3.66565 9.7409
41 35.0435 20.4849 125.35
144.371 103.29 0.115126 0.338575 0.0197864 0.0298035 3.66565 9.7409
42 35.0435 19.4152 141.542
144.371 103.29 0.115126 0.338575 0.0197864 0.0298035 3.66565 9.7409
43 35.0435 20.8701 129.919
144.371 103.29 0.115126 0.338575 0.0197864 0.0298035 3.66565 9.7409
44 35.0435 20.9801 128.775
144.371 103.29 0.115126 0.338575 0.0197864 0.0298035 3.66565 9.7409
45 35.0435 19.4659 136.754
144.371 103.29 0.115126 0.338575 0.0197864 0.0298035 3.66565 9.7409
46 35.0435 21.5439 116.834
144.371 103.29 0.115126 0.338575 0.0197864 0.0298035 3.66565 9.7409
47 35.0435 21.8795 123.866
144.371 103.29 0.115126 0.338575 0.0197864 0.0298035 3.66565 9.7409
48 35.0435 21.7893 113.267
144.371 103.29 0.115126 0.338575 0.0197864 0.0298035 3.66565 9.7409
49 35.0435 22.3273 108.806
144.371 103.29 0.115126 0.338575 0.0197864 0.0298035 3.66565 9.7409
50 35.0435 20.6546 137.779
144.371 103.29 0.115126 0.338575 0.0197864 0.0298035 3.66565 9.7409
51 35.0435 21.2197 127.615
144.371 103.29 0.115126 0.338575 0.0197864 0.0298035 3.66565 9.7409
52 35.0435 21.6231 126.987
144.371 103.29 0.115126 0.338575 0.0197864 0.0298035 3.66565 9.7409
53 35.0435 21.8697 114.877
144.371 103.29 0.115126 0.338575 0.0197864 0.0298035 3.66565 9.7409
54 35.0435 20.9965 124.636
144.371 103.29 0.115126 0.338575 0.0197864 0.0298035 3.66565 9.7409
55 35.0435 20.5939 125.61
144.371 103.29 0.115126 0.338575 0.0197864 0.0298035 3.66565 9.7409
56 35.896 19.9192 141.801
144.225 103.449 0.115071 0.33778 0.0163605 0.0286293 3.6539 9.76849
57 35.896 19.2296 145.216
144.225 103.449 0.115071 0.33778 0.0163605 0.0286293 3.6539 9.76849
58 35.896 17.3026 168.909
144.225 103.449 0.115071 0.33778 0.0163605 0.0286293 3.6539 9.76849
59 35.896 18.6228 144.065
144.225 103.449 0.115071 0.33778 0.0163605 0.0286293 3.6539 9.76849
60 35.896 18.5445 153.316
144.225 103.449 0.115071 0.33778 0.0163605 0.0286293 3.6539 9.76849
61 35.896 18.4183 161.47
144.225 103.449 0.115071 0.33778 0.0163605 0.0286293 3.6539 9.76849
62 35.896 17.8578 173.708
144.225 103.449 0.115071 0.33778 0.0163605 0.0286293 3.6539 9.76849
63 35.896 19.6907 149.098
144.225 103.449 0.115071 0.33778 0.0163605 0.0286293 3.6539 9.76849
64 35.896 19.8992 149.244
144.225 103.449 0.115071 0.33778 0.0163605 0.0286293 3.6539 9.76849
65 35.896 18.7884 151.008
144.225 103.449 0.115071 0.33778 0.0163605 0.0286293 3.6539 9.76849
66 35.896 19.4533 151.821
144.225 103.449 0.115071 0.33778 0.0163605 0.0286293 3.6539 9.76849
67 35.896 21.2293 127.942
144.225 103.449 0.115071 0.33778 0.0163605 0.0286293 3.6539 9.76849
68 35.896 22.3038 103.006
144.225 103.449 0.115071 0.33778 0.0163605 0.0286293 3.6539 9.76849
69 35.896 20.3184 125.036
144.225 103.449 0.115071 0.33778 0.0163605 0.0286293 3.6539 9.76849
70 35.896 20.0516 150.809
144.225 103.449 0.115071 0.33778 0.0163605 0.0286293 3.6539 9.76849
71 35.896 20.7067 146.314
144.225 103.449 0.115071 0.33778 0.0163605 0.0286293 3.6539 9.76849
72 35.896 21.609 135.811
144.225 103.449 0.115071 0.33778 0.0163605 0.0286293 3.6539 9.76849
73 35.896 21.1521 117.236
144.225 103.449 0.115071 0.33778 0.0163605 0.0286293 3.6539 9.76849
74 35.896 20.7976 134.217
144.225 103.449 0.115071 0.33778 0.0163605 0.0286293 3.6539 9.76849
75 35.896 21.8736 112.183
144.225 103.449 0.115071 0.33778 0.0163605 0.0286293 3.6539 9.76849
76 35.896 22.0279 108.421
144.225 103.449 0.115071 0.33778 0.0163605 0.0286293 3.6539 9.76849
77 35.896 22.9467 101.61
144.225 103.449 0.115071 0.33778 0.0163605 0.0286293 3.6539 9.76849
78 35.896 20.9655 124.21
144.225 103.449 0.115071 0.33778 0.0163605 0.0286293 3.6539 9.76849
79 35.896 21.9925 116.103
144.225 103.449 0.115071 0.33778 0.0163605 0.0286293 3.6539 9.76849
80 35.896 20.988 118.879
144.225 103.449 0.115071 0.33778 0.0163605 0.0286293 3.6539 9.76849
81 35.896 21.9772 111.478
144.225 103.449 0.115071 0.33778 0.0163605 0.0286293 3.6539 9.76849
82 35.896 20.8034 124.177
144.225 103.449 0.115071 0.33778 0.0163605 0.0286293 3.6539 9.76849
83 35.896 19.9204 136.279
144.225 103.449 0.115071 0.33778 0.0163605 0.0286293 3.6539 9.76849
84 35.896 20.9768 134.693
144.225 103.449 0.115071 0.33778 0.0163605 0.0286293 3.6539 9.76849
85 36.6093 22.2205 127.309
144.98 102.44 0.116396 0.346021 0 0.00836529 3.54728 9.65276
86 36.6093 20.0813 141.642
144.98 102.44 0.116396 0.346021 0 0.00836529 3.54728 9.65276
87 36.6093 21.1655 123.055
144.98 102.44 0.116396 0.346021 0 0.00836529 3.54728 9.65276
88 36.6093 19.2567 149.711
144.98 102.44 0.116396 0.346021 0 0.00836529 3.54728 9.65276
89 36.923 19.6264 144.669
144.067 103.961 0.109506 0.32723 0.0276488 0.0496699 3.59898 9.26879
90 36.923 18.175 145.928
144.067 103.961 0.109506 0.32723 0.0276488 0.0496699 3.59898 9.26879
91 36.923 21.0192 124.031
144.067 103.961 0.109506 0.32723 0.0276488 0.0496699 3.59898 9.26879
92 36.923 21.055 111.45
144.067 103.961 0.109506 0.32723 0.0276488 0.0496699 3.59898 9.26879
93 36.923 22.3631 114.378
144.067 103.961 0.109506 0.32723 0.0276488 0.0496699 3.59898 9.26879
94 36.923 21.7236 112.565
144.067 103.961 0.109506 0.32723 0.0276488 0.0496699 3.59898 9.26879
95 36.923 18.9969 133.111
144.067 103.961 0.109506 0.32723 0.0276488 0.0496699 3.59898 9.26879
96 36.923 18.3187 154.547
144.067 103.961 0.109506 0.32723 0.0276488 0.0496699 3.59898 9.26879
97 36.923 19.5105 135.331
144.067 103.961 0.109506 0.32723 0.0276488 0.0496699 3.59898 9.26879
98 36.923 18.7526 141.062
144.067 103.961 0.109506 0.32723 0.0276488 0.0496699 3.59898 9.26879
99 36.923 21.0599 141.943
144.067 103.961 0.109506 0.32723 0.0276488 0.0496699 3.59898 9.26879
100 36.923 21.6481 133.021
144.067 103.961 0.109506 0.32723 0.0276488 0.0496699 3.59898 9.26879
