0 10.4832 1.7547 8.66117
103.883 163.199 0.356398 0.0402863 0.521327 0.410386 7.53194 6.03996
1 10.4832 2.7746 11.6871
103.883 163.199 0.356398 0.0402863 0.521327 0.410386 7.53194 6.03996
2 12.1158 3.54424 17.1946
112.598 165.442 0.289847 0.086596 0.559586 0.381916 7.73211 6.15651
3 12.1158 3.8706 20.2326
112.598 165.442 0.289847 0.086596 0.559586 0.381916 7.73211 6.15651
4 12.1158 5.05379 22.5457
112.598 165.442 0.289847 0.086596 0.559586 0.381916 7.73211 6.15651
5 14.0051 5.95778 27.9279
107.111 163.088 0.470922 0 0.593363 0.314216 8.99774 6.16875
6 14.0669 6.63468 25.232
100 172.99 0.430474 0.0599594 0.39919 0.307338 7.73037 6.75166
7 15.1444 7.29087 28.8354
102.441 169.141 0.42833 0.0855084 0.329744 0.344863 8.12558 5.8575
8 15.5861 7.75914 28.1465
105.596 183.525 0.418194 0 0.332402 0.342558 8.23876 6.5652
9 16.6182 9.54336 29.2776
103.774 182.365 0.423457 0.0170185 0.306524 0.309209 9.07454 7.59496
10 19.6009 10.2117 31.6347
110.093 186.519 0.435979 0.010229 0.277033 0.224918 9.14484 7.10985
11 19.6009 10.6259 33.0258
110.093 186.519 0.435979 0.010229 0.277033 0.224918 9.14484 7.10985
12 19.6009 11.5723 37.0899
110.093 186.519 0.435979 0.010229 0.277033 0.224918 9.14484 7.10985
13 19.6009 11.1547 31.5965
110.093 186.519 0.435979 0.010229 0.277033 0.224918 9.14484 7.10985
14 19.6009 12.0693 34.3174
110.093 186.519 0.435979 0.010229 0.277033 0.224918 9.14484 7.10985
15 19.6009 10.4775 43.5107
110.093 186.519 0.435979 0.010229 0.277033 0.224918 9.14484 7.10985
16 19.6009 9.45765 41.892
110.093 186.519 0.435979 0.010229 0.277033 0.224918 9.14484 7.10985
17 20.1313 10.9243 44.6278
102.842 185.346 0.462471 0.0174711 0.240662 0.213989 9.08224 7.39206
18 20.1313 12.1116 41.661
102.842 185.346 0.462471 0.0174711 0.240662 0.213989 9.08224 7.39206
19 20.1313 11.8193 50.8398
102.842 185.346 0.462471 0.0174711 0.240662 0.213989 9.08224 7.39206
20 21.6237 12.3934 53.5976
123.312 172.828 0.438819 0.15854 0.150848 0.0254186 6.17344 7.46813
21 21.6237 13.4468 55.8483
123.312 172.828 0.438819 0.15854 0.150848 0.0254186 6.17344 7.46813
22 21.6237 13.0106 54.099
123.312 172.828 0.438819 0.15854 0.150848 0.0254186 6.17344 7.46813
23 21.6237 14.0193 40.7938
123.312 172.828 0.438819 0.15854 0.150848 0.0254186 6.17344 7.46813
24 21.6439 14.5205 39.3242
120.381 177.061 0.436818 0.145923 0.107215 0.102295 7.00999 6.87123
25 21.6439 14.5341 44.8988
120.381 177.061 0.436818 0.145923 0.107215 0.102295 7.00999 6.87123
26 22.5722 14.6016 48.3559
103.673 190.187 0.461533 0.170539 0.105741 0 10 9.90505
27 22.5722 15.255 44.646
103.673 190.187 0.461533 0.170539 0.105741 0 10 9.90505
28 23.0921 14.5649 48.7677
103.59 190.009 0.467409 0.169202 0.0986561 0 10 9.81711
29 23.0921 13.7547 58.2276
103.59 190.009 0.467409 0.169202 0.0986561 0 10 9.81711
30 23.1194 13.7402 67.3815
110.398 188.989 0.467132 0.140356 0.093203 0.0156192 10 9.98311
31 23.1339 13.9527 67.9761
102.619 189.619 0.465474 0.155521 0.106795 0.0223103 10 9.82395
32 23.1339 12.9674 73.2869
102.619 189.619 0.465474 0.155521 0.106795 0.0223103 10 9.82395
33 23.1339 13.5872 66.4152
102.619 189.619 0.465474 0.155521 0.106795 0.0223103 10 9.82395
34 23.1339 14.4531 70.2723
102.619 189.619 0.465474 0.155521 0.106795 0.0223103 10 9.82395
35 23.1339 13.187 71.5451
102.619 189.619 0.465474 0.155521 0.106795 0.0223103 10 9.82395
36 23.1339 13.1692 66.2997
102.619 189.619 0.465474 0.155521 0.106795 0.0223103 10 9.82395
37 23.1379 13.406 73.155
115.705 177.967 0.501913 0.129274 0 0 10 9.10119
38 23.1379 12.9613 62.4087
115.705 177.967 0.501913 0.129274 0 0 10 9.10119
39 23.1379 15.2792 55.6734
115.705 177.967 0.501913 0.129274 0 0 10 9.10119
40 23.1975 15.1463 59.8604
121.283 181.104 0.513206 0.136614 0 0 10 8.28126
41 23.1975 14.0405 60.9904
121.283 181.104 0.513206 0.136614 0 0 10 8.28126
42 23.1975 14.9727 54.021
121.283 181.104 0.513206 0.136614 0 0 10 8.28126
43 23.1975 16.2718 48.3043
121.283 181.104 0.513206 0.136614 0 0 10 8.28126
44 25.1742 14.7305 59.2325
125.604 159.388 0.515914 0.0984189 0 0.0432582 9.93407 9.54964
45 25.1742 15.3114 60.0299
125.604 159.388 0.515914 0.0984189 0 0.0432582 9.93407 9.54964
46 25.1742 15.0548 49.9469
125.604 159.388 0.515914 0.0984189 0 0.0432582 9.93407 9.54964
47 25.1742 15.8979 49.1797
125.604 159.388 0.515914 0.0984189 0 0.0432582 9.93407 9.54964
48 25.1742 15.1894 48.39
125.604 159.388 0.515914 0.0984189 0 0.0432582 9.93407 9.54964
49 25.1742 15.6286 50.7101
125.604 159.388 0.515914 0.0984189 0 0.0432582 9.93407 9.54964
50 25.1742 14.4895 48.5011
125.604 159.388 0.515914 0.0984189 0 0.0432582 9.93407 9.54964
51 25.1742 14.0649 59.5473
125.604 159.388 0.515914 0.0984189 0 0.0432582 9.93407 9.54964
52 25.615 15.2904 53.3292
126.241 158.849 0.501842 0.0810688 0 0.0511342 9.89249 9.50849
53 25.615 14.9745 50.8571
126.241 158.849 0.501842 0.0810688 0 0.0511342 9.89249 9.50849
54 25.615 14.6212 59.0965
126.241 158.849 0.501842 0.0810688 0 0.0511342 9.89249 9.50849
55 25.615 14.4994 74.1549
126.241 158.849 0.501842 0.0810688 0 0.0511342 9.89249 9.50849
56 25.6763 15.613 76.1347
122.262 155.138 0.502167 0.0498675 0.0258307 0.118425 9.98901 9.3468
57 25.6763 14.8993 62.0114
122.262 155.138 0.502167 0.0498675 0.0258307 0.118425 9.98901 9.3468
58 25.6763 14.8221 53.2014
122.262 155.138 0.502167 0.0498675 0.0258307 0.118425 9.98901 9.3468
59 25.6763 15.7648 59.213
122.262 155.138 0.502167 0.0498675 0.0258307 0.118425 9.98901 9.3468
60 25.6763 16.3904 59.971
122.262 155.138 0.502167 0.0498675 0.0258307 0.118425 9.98901 9.3468
61 25.677 15.374 76.5119
122.19 155.4 0.505851 0.0496076 0.024485 0.116017 10 9.27332
62 25.677 15.3246 58.1806
122.19 155.4 0.505851 0.0496076 0.024485 0.116017 10 9.27332
63 25.677 13.754 62.8091
122.19 155.4 0.505851 0.0496076 0.024485 0.116017 10 9.27332
64 25.677 14.2355 63.4235
122.19 155.4 0.505851 0.0496076 0.024485 0.116017 10 9.27332
65 25.677 12.7976 62.1556
122.19 155.4 0.505851 0.0496076 0.024485 0.116017 10 9.27332
66 25.677 12.5758 67.3193
122.19 155.4 0.505851 0.0496076 0.024485 0.116017 10 9.27332
67 25.677 15.4511 60.7872
122.19 155.4 0.505851 0.0496076 0.024485 0.116017 10 9.27332
68 25.677 16.3532 68.8806
122.19 155.4 0.505851 0.0496076 0.024485 0.116017 10 9.27332
69 25.677 16.0413 51.0504
122.19 155.4 0.505851 0.0496076 0.024485 0.116017 10 9.27332
70 25.6822 15.7426 71.4751
121.65 155.688 0.506787 0.0463381 0.0190844 0.116901 9.90499 9.31137
71 25.6822 16.5289 53.3705
121.65 155.688 0.506787 0.0463381 0.0190844 0.116901 9.90499 9.31137
72 25.6822 16.8434 43.4031
121.65 155.688 0.506787 0.0463381 0.0190844 0.116901 9.90499 9.31137
73 25.6917 15.2736 56.4703
111.835 142.938 0.517453 0 0 0.211946 9.90027 10
74 25.6917 14.1549 63.0369
111.835 142.938 0.517453 0 0 0.211946 9.90027 10
75 25.6917 14.3339 66.4583
111.835 142.938 0.517453 0 0 0.211946 9.90027 10
76 25.6917 13.8041 56.4492
111.835 142.938 0.517453 0 0 0.211946 9.90027 10
77 25.7045 14.8029 70.4118
111.882 142.772 0.517805 0.000286123 0 0.21185 9.89688 10
78 25.7045 14.2115 74.2341
111.882 142.772 0.517805 0.000286123 0 0.21185 9.89688 10
79 25.7045 14.8425 71.2155
111.882 142.772 0.517805 0.000286123 0 0.21185 9.89688 10
80 25.7045 15.1458 65.8191
111.882 142.772 0.517805 0.000286123 0 0.21185 9.89688 10
81 25.7091 16.8674 59.5464
107.476 142.695 0.470223 0.0198427 0.0165004 0.228947 9.68124 9.51715
82 25.711 18.0135 63.4087
107.951 142.918 0.471623 0.0215458 0.0199791 0.233212 9.69167 9.47034
83 25.711 17.9923 53.0753
107.951 142.918 0.471623 0.0215458 0.0199791 0.233212 9.69167 9.47034
84 25.7136 17.1943 49.7364
108.725 142.696 0.469413 0.0149869 0.0087517 0.241913 9.64163 9.34308
85 25.7335 18.1003 52.3648
106.803 146.725 0.469336 0.116695 0.101765 0.100378 9.9816 8.9176
86 25.7335 17.4846 55.215
106.803 146.725 0.469336 0.116695 0.101765 0.100378 9.9816 8.9176
87 25.7335 15.6137 61.0545
106.803 146.725 0.469336 0.116695 0.101765 0.100378 9.9816 8.9176
88 25.7518 15.6453 62.9435
105.955 146.197 0.466329 0.108113 0.108182 0.0916863 9.81789 8.96255
89 25.7518 16.0342 67.1363
105.955 146.197 0.466329 0.108113 0.108182 0.0916863 9.81789 8.96255
90 25.7518 15.3576 71.2457
105.955 146.197 0.466329 0.108113 0.108182 0.0916863 9.81789 8.96255
91 25.7518 14.5067 67.5655
105.955 146.197 0.466329 0.108113 0.108182 0.0916863 9.81789 8.96255
92 25.7518 13.8743 77.5879
105.955 146.197 0.466329 0.108113 0.108182 0.0916863 9.81789 8.96255
93 25.7659 14.0214 83.8371
107.255 148.471 0.465958 0.11486 0.0847028 0.0915294 10 8.93672
94 25.7659 11.7389 80.2282
107.255 148.471 0.465958 0.11486 0.0847028 0.0915294 10 8.93672
95 25.7659 11.5901 80.5765
107.255 148.471 0.465958 0.11486 0.0847028 0.0915294 10 8.93672
96 25.7659 12.9212 82.5517
107.255 148.471 0.465958 0.11486 0.0847028 0.0915294 10 8.93672
97 25.7659 13.5358 65.8745
107.255 148.471 0.465958 0.11486 0.0847028 0.0915294 10 8.93672
98 25.7659 14.2288 66.9883
107.255 148.471 0.465958 0.11486 0.0847028 0.0915294 10 8.93672
99 25.7659 14.3964 72.4633
107.255 148.471 0.465958 0.11486 0.0847028 0.0915294 10 8.93672
100 25.7659 14.7842 66.0558
107.255 148.471 0.465958 0.11486 0.0847028 0.0915294 10 8.93672
