0 22.8232 3.77279 49.7219
129.84 173.066 0.143366 0.559292 0.0628522 0.357578 2.12782 8.78667
1 22.8232 5.11403 65.6936
129.84 173.066 0.143366 0.559292 0.0628522 0.357578 2.12782 8.78667
2 22.8232 6.5337 67.528
129.84 173.066 0.143366 0.559292 0.0628522 0.357578 2.12782 8.78667
3 25.5829 9.32292 103.628
127.158 166.851 0.144051 0.581631 0.0109983 0.236106 2.21123 7.89616
4 26.2028 9.34329 93.0074
100 151.259 0.202731 0.364887 0 0.122506 1.42764 6.59841
5 26.2065 11.2903 113.167
100 151.008 0.20207 0.363707 0 0.121197 1.42288 6.59597
6 26.2065 15.4383 128.951
100 151.008 0.20207 0.363707 0 0.121197 1.42288 6.59597
7 26.2065 15.3257 131.426
100 151.008 0.20207 0.363707 0 0.121197 1.42288 6.59597
8 26.3444 12.16 131.982
100.127 146.344 0.196183 0.353693 0 0.0876933 1.39111 6.64602
9 26.3563 13.2488 135.144
100 146.382 0.197781 0.358275 0 0.0904486 1.4224 6.59574
10 26.4764 17.685 112.391
100.033 144.938 0.159153 0.345141 0 0.0483334 1.31584 6.69533
11 26.8416 16.9747 106.555
100 162.527 0.205287 0.381644 0.0283174 0.03994 2.47132 7.13183
12 26.9414 16.7933 126.193
100.134 161.927 0.201107 0.377365 0.0214115 0.0423814 2.52671 7.09828
13 26.9414 15.07 138.787
100.134 161.927 0.201107 0.377365 0.0214115 0.0423814 2.52671 7.09828
14 26.9414 15.9949 112.582
100.134 161.927 0.201107 0.377365 0.0214115 0.0423814 2.52671 7.09828
15 27.1779 15.8163 118.256
100.35 162.117 0.198703 0.376316 0.0266729 0.0359694 2.65555 7.19909
16 27.1779 15.2896 121.179
100.35 162.117 0.198703 0.376316 0.0266729 0.0359694 2.65555 7.19909
17 29.1721 16.2109 106.614
102.15 157.808 0.238215 0.363921 0.0274303 0 3.01284 6.98286
18 29.1721 15.2146 102.78
102.15 157.808 0.238215 0.363921 0.0274303 0 3.01284 6.98286
19 29.1721 16.3744 127.665
102.15 157.808 0.238215 0.363921 0.0274303 0 3.01284 6.98286
20 29.1721 17.7127 116.734
102.15 157.808 0.238215 0.363921 0.0274303 0 3.01284 6.98286
21 29.1721 18.478 109.503
102.15 157.808 0.238215 0.363921 0.0274303 0 3.01284 6.98286
22 29.2596 15.5343 144.662
102.71 156.629 0.21891 0.3558 0.0247883 0.0114865 2.97623 6.95339
23 29.2933 13.8619 170.791
102.701 156.639 0.218788 0.3559 0.0245326 0.0116933 2.97444 6.95569
24 29.2933 14.9819 158.136
102.701 156.639 0.218788 0.3559 0.0245326 0.0116933 2.97444 6.95569
25 29.6158 17.1942 139.951
103.405 157.723 0.212401 0.35886 0.0290434 0.0031428 2.88099 6.91717
26 29.6158 14.2106 158.311
103.405 157.723 0.212401 0.35886 0.0290434 0.0031428 2.88099 6.91717
27 30.2804 15.6872 142.455
102.192 156.824 0.229492 0.35314 0.021585 0.00393805 3.01051 6.92483
28 30.2804 14.4005 156.826
102.192 156.824 0.229492 0.35314 0.021585 0.00393805 3.01051 6.92483
29 30.2872 16.9611 133.622
102.214 156.897 0.229981 0.353535 0.020605 0.00373238 2.99499 6.92621
30 30.2872 18.1134 121.393
102.214 156.897 0.229981 0.353535 0.020605 0.00373238 2.99499 6.92621
31 30.2872 19.6731 96.6231
102.214 156.897 0.229981 0.353535 0.020605 0.00373238 2.99499 6.92621
32 30.2872 19.7361 106.468
102.214 156.897 0.229981 0.353535 0.020605 0.00373238 2.99499 6.92621
33 30.2872 21.6415 87.2219
102.214 156.897 0.229981 0.353535 0.020605 0.00373238 2.99499 6.92621
34 30.2872 21.0358 92.9189
102.214 156.897 0.229981 0.353535 0.020605 0.00373238 2.99499 6.92621
35 30.2872 19.6176 123.089
102.214 156.897 0.229981 0.353535 0.020605 0.00373238 2.99499 6.92621
36 30.2872 17.8304 132.449
102.214 156.897 0.229981 0.353535 0.020605 0.00373238 2.99499 6.92621
37 30.2872 18.6155 126.631
102.214 156.897 0.229981 0.353535 0.020605 0.00373238 2.99499 6.92621
38 30.2872 18.6973 143.15
102.214 156.897 0.229981 0.353535 0.020605 0.00373238 2.99499 6.92621
39 30.2872 21.17 92.3904
102.214 156.897 0.229981 0.353535 0.020605 0.00373238 2.99499 6.92621
40 30.2872 22.1231 92.0714
102.214 156.897 0.229981 0.353535 0.020605 0.00373238 2.99499 6.92621
41 30.2872 20.1466 102.781
102.214 156.897 0.229981 0.353535 0.020605 0.00373238 2.99499 6.92621
42 30.2872 19.5621 101.607
102.214 156.897 0.229981 0.353535 0.020605 0.00373238 2.99499 6.92621
43 30.2872 19.1164 100.163
102.214 156.897 0.229981 0.353535 0.020605 0.00373238 2.99499 6.92621
44 30.2872 18.5472 93.5352
102.214 156.897 0.229981 0.353535 0.020605 0.00373238 2.99499 6.92621
45 30.2872 18.7676 97.177
102.214 156.897 0.229981 0.353535 0.020605 0.00373238 2.99499 6.92621
46 30.2872 19.9703 87.5726
102.214 156.897 0.229981 0.353535 0.020605 0.00373238 2.99499 6.92621
47 30.2872 17.1525 138.267
102.214 156.897 0.229981 0.353535 0.020605 0.00373238 2.99499 6.92621
48 30.2872 18.1735 129.084
102.214 156.897 0.229981 0.353535 0.020605 0.00373238 2.99499 6.92621
49 30.2872 17.6299 131.548
102.214 156.897 0.229981 0.353535 0.020605 0.00373238 2.99499 6.92621
50 30.2872 18.6914 139.379
102.214 156.897 0.229981 0.353535 0.020605 0.00373238 2.99499 6.92621
51 30.2872 19.278 117.933
102.214 156.897 0.229981 0.353535 0.020605 0.00373238 2.99499 6.92621
52 30.2872 19.0431 126.338
102.214 156.897 0.229981 0.353535 0.020605 0.00373238 2.99499 6.92621
53 30.2872 17.0937 130.228
102.214 156.897 0.229981 0.353535 0.020605 0.00373238 2.99499 6.92621
54 30.2872 19.5397 101.019
102.214 156.897 0.229981 0.353535 0.020605 0.00373238 2.99499 6.92621
55 30.2872 20.3681 98.7772
102.214 156.897 0.229981 0.353535 0.020605 0.00373238 2.99499 6.92621
56 30.2872 18.4983 126.338
102.214 156.897 0.229981 0.353535 0.020605 0.00373238 2.99499 6.92621
57 30.2872 19.5885 105.957
102.214 156.897 0.229981 0.353535 0.020605 0.00373238 2.99499 6.92621
58 30.2872 17.5076 145.717
102.214 156.897 0.229981 0.353535 0.020605 0.00373238 2.99499 6.92621
59 30.2872 17.816 145.539
102.214 156.897 0.229981 0.353535 0.020605 0.00373238 2.99499 6.92621
60 30.2872 18.8454 133.993
102.214 156.897 0.229981 0.353535 0.020605 0.00373238 2.99499 6.92621
61 30.2872 18.2448 112.99
102.214 156.897 0.229981 0.353535 0.020605 0.00373238 2.99499 6.92621
62 30.2872 16.5386 155.001
102.214 156.897 0.229981 0.353535 0.020605 0.00373238 2.99499 6.92621
63 30.2872 18.226 146.324
102.214 156.897 0.229981 0.353535 0.020605 0.00373238 2.99499 6.92621
64 30.2872 19.3488 133.296
102.214 156.897 0.229981 0.353535 0.020605 0.00373238 2.99499 6.92621
65 30.2872 20.3848 115.311
102.214 156.897 0.229981 0.353535 0.020605 0.00373238 2.99499 6.92621
66 30.2872 21.6723 97.8007
102.214 156.897 0.229981 0.353535 0.020605 0.00373238 2.99499 6.92621
67 30.2872 20.3956 96.166
102.214 156.897 0.229981 0.353535 0.020605 0.00373238 2.99499 6.92621
68 30.4183 20.9522 104.077
102.191 156.82 0.229468 0.353152 0.0216181 0.00395287 3.01053 6.92539
69 30.4183 21.9111 59.0095
102.191 156.82 0.229468 0.353152 0.0216181 0.00395287 3.01053 6.92539
70 30.4183 23.1301 55.5946
102.191 156.82 0.229468 0.353152 0.0216181 0.00395287 3.01053 6.92539
71 30.4183 21.1517 108.271
102.191 156.82 0.229468 0.353152 0.0216181 0.00395287 3.01053 6.92539
72 30.4183 19.9757 121.353
102.191 156.82 0.229468 0.353152 0.0216181 0.00395287 3.01053 6.92539
73 30.4183 17.6041 147.9
102.191 156.82 0.229468 0.353152 0.0216181 0.00395287 3.01053 6.92539
74 30.4183 19.673 112.414
102.191 156.82 0.229468 0.353152 0.0216181 0.00395287 3.01053 6.92539
75 30.4183 18.6256 118.858
102.191 156.82 0.229468 0.353152 0.0216181 0.00395287 3.01053 6.92539
76 30.4183 20.41 105.182
102.191 156.82 0.229468 0.353152 0.0216181 0.00395287 3.01053 6.92539
77 30.4183 20.09 114.844
102.191 156.82 0.229468 0.353152 0.0216181 0.00395287 3.01053 6.92539
78 30.4183 21.5916 102.24
102.191 156.82 0.229468 0.353152 0.0216181 0.00395287 3.01053 6.92539
79 30.4183 21.3704 101.332
102.191 156.82 0.229468 0.353152 0.0216181 0.00395287 3.01053 6.92539
80 30.4183 19.9322 110.925
102.191 156.82 0.229468 0.353152 0.0216181 0.00395287 3.01053 6.92539
81 30.4183 20.6336 89.0189
102.191 156.82 0.229468 0.353152 0.0216181 0.00395287 3.01053 6.92539
82 30.4183 19.8226 117.079
102.191 156.82 0.229468 0.353152 0.0216181 0.00395287 3.01053 6.92539
83 30.4183 21.5172 100.844
102.191 156.82 0.229468 0.353152 0.0216181 0.00395287 3.01053 6.92539
84 30.4183 21.8205 93.3728
102.191 156.82 0.229468 0.353152 0.0216181 0.00395287 3.01053 6.92539
85 30.4183 19.6534 120.287
102.191 156.82 0.229468 0.353152 0.0216181 0.00395287 3.01053 6.92539
86 30.4183 19.0655 127.116
102.191 156.82 0.229468 0.353152 0.0216181 0.00395287 3.01053 6.92539
87 30.4183 19.0538 124.26
102.191 156.82 0.229468 0.353152 0.0216181 0.00395287 3.01053 6.92539
88 30.4183 19.8768 120.405
102.191 156.82 0.229468 0.353152 0.0216181 0.00395287 3.01053 6.92539
89 30.4183 19.9012 107.101
102.191 156.82 0.229468 0.353152 0.0216181 0.00395287 3.01053 6.92539
90 30.4183 18.9415 105.263
102.191 156.82 0.229468 0.353152 0.0216181 0.00395287 3.01053 6.92539
91 30.4183 16.6856 140.459
102.191 156.82 0.229468 0.353152 0.0216181 0.00395287 3.01053 6.92539
92 30.4183 16.9594 158.222
102.191 156.82 0.229468 0.353152 0.0216181 0.00395287 3.01053 6.92539
93 30.4183 18.4164 139.946
102.191 156.82 0.229468 0.353152 0.0216181 0.00395287 3.01053 6.92539
94 30.4183 17.8824 148.752
102.191 156.82 0.229468 0.353152 0.0216181 0.00395287 3.01053 6.92539
95 30.4183 19.0042 126.451
102.191 156.82 0.229468 0.353152 0.0216181 0.00395287 3.01053 6.92539
96 30.4183 22.0204 86.6694
102.191 156.82 0.229468 0.353152 0.0216181 0.00395287 3.01053 6.92539
97 30.4183 21.4518 104.131
102.191 156.82 0.229468 0.353152 0.0216181 0.00395287 3.01053 6.92539
98 30.4183 21.42 106.039
102.191 156.82 0.229468 0.353152 0.0216181 0.00395287 3.01053 6.92539
99 30.4183 20.6463 99.8844
102.191 156.82 0.229468 0.353152 0.0216181 0.00395287 3.01053 6.92539
100 30.4183 20.9446 102.395
102.191 156.82 0.229468 0.353152 0.0216181 0.00395287 3.01053 6.92539
