0 17.2121 2.31464 27.6681
176.327 156.461 0.175308 0.240067 0.764882 0.691895 4.89493 3.84827
1 17.2121 3.73007 44.4353
176.327 156.461 0.175308 0.240067 0.764882 0.691895 4.89493 3.84827
2 17.2121 4.73312 48.4495
176.327 156.461 0.175308 0.240067 0.764882 0.691895 4.89493 3.84827
3 17.3385 5.88064 54.8451
178.196 167.351 0.218351 0.228015 0.795134 0.688746 4.75094 4.40315
4 17.3385 5.83582 55.3206
178.196 167.351 0.218351 0.228015 0.795134 0.688746 4.75094 4.40315
5 17.3385 4.69083 40.5071
178.196 167.351 0.218351 0.228015 0.795134 0.688746 4.75094 4.40315
6 17.3829 6.60975 53.3437
184.348 167.776 0.238486 0.198219 0.744709 0.678278 4.76229 3.45714
7 17.3829 7.00947 48.4319
184.348 167.776 0.238486 0.198219 0.744709 0.678278 4.76229 3.45714
8 17.3829 6.67703 46.0245
184.348 167.776 0.238486 0.198219 0.744709 0.678278 4.76229 3.45714
9 17.5632 8.43008 50.3914
190.598 177.223 0.293382 0.271962 0.852507 0.557025 5.26394 4.14066
10 17.5632 9.37927 51.789
190.598 177.223 0.293382 0.271962 0.852507 0.557025 5.26394 4.14066
11 18.2934 9.41606 52.7338
134.916 182.568 0.312446 0.0530518 0.930719 0.452147 5.40121 1.39684
12 18.2934 10.5754 50.9624
134.916 182.568 0.312446 0.0530518 0.930719 0.452147 5.40121 1.39684
13 18.4265 10.7737 55.0021
139.553 184.734 0.286187 0.049744 0.915875 0.429743 5.57481 1.20212
14 18.4265 11.7414 52.7595
139.553 184.734 0.286187 0.049744 0.915875 0.429743 5.57481 1.20212
15 18.4265 11.3926 55.058
139.553 184.734 0.286187 0.049744 0.915875 0.429743 5.57481 1.20212
16 21.4424 11.5674 58.2534
131.305 179.391 0.298227 0 0.916241 0.358175 5.4473 1.64397
17 22.8532 11.8005 54.0666
142.676 183.303 0.27041 0 1 0.367154 6.68921 0.799006
18 22.8532 12.4941 47.5175
142.676 183.303 0.27041 0 1 0.367154 6.68921 0.799006
19 22.9545 13.6305 53.3627
142.85 183.239 0.270793 0.000879466 0.998603 0.36789 6.67506 0.797596
20 22.9545 13.7454 58.0084
142.85 183.239 0.270793 0.000879466 0.998603 0.36789 6.67506 0.797596
21 22.9545 14.1281 58.4058
142.85 183.239 0.270793 0.000879466 0.998603 0.36789 6.67506 0.797596
22 22.9545 13.15 60.9785
142.85 183.239 0.270793 0.000879466 0.998603 0.36789 6.67506 0.797596
23 22.9545 12.5136 69.7871
142.85 183.239 0.270793 0.000879466 0.998603 0.36789 6.67506 0.797596
24 22.9545 11.8212 69.5064
142.85 183.239 0.270793 0.000879466 0.998603 0.36789 6.67506 0.797596
25 22.9545 12.7801 59.3095
142.85 183.239 0.270793 0.000879466 0.998603 0.36789 6.67506 0.797596
26 22.9545 12.9844 52.6602
142.85 183.239 0.270793 0.000879466 0.998603 0.36789 6.67506 0.797596
27 22.9545 12.6824 46.9541
142.85 183.239 0.270793 0.000879466 0.998603 0.36789 6.67506 0.797596
28 22.9545 12.0738 56.0744
142.85 183.239 0.270793 0.000879466 0.998603 0.36789 6.67506 0.797596
29 22.9545 12.5472 56.0975
142.85 183.239 0.270793 0.000879466 0.998603 0.36789 6.67506 0.797596
30 22.9545 13.6723 58.7136
142.85 183.239 0.270793 0.000879466 0.998603 0.36789 6.67506 0.797596
31 22.9545 10.4553 67.8291
142.85 183.239 0.270793 0.000879466 0.998603 0.36789 6.67506 0.797596
32 22.9545 10.6896 74.9226
142.85 183.239 0.270793 0.000879466 0.998603 0.36789 6.67506 0.797596
33 22.9545 9.9806 67.4102
142.85 183.239 0.270793 0.000879466 0.998603 0.36789 6.67506 0.797596
34 22.9545 11.792 75.2097
142.85 183.239 0.270793 0.000879466 0.998603 0.36789 6.67506 0.797596
35 22.9545 13.2949 66.2569
142.85 183.239 0.270793 0.000879466 0.998603 0.36789 6.67506 0.797596
36 22.9545 12.0903 67.0027
142.85 183.239 0.270793 0.000879466 0.998603 0.36789 6.67506 0.797596
37 22.9545 11.1336 59.1541
142.85 183.239 0.270793 0.000879466 0.998603 0.36789 6.67506 0.797596
38 22.9545 13.3445 59.9497
142.85 183.239 0.270793 0.000879466 0.998603 0.36789 6.67506 0.797596
39 22.9545 15.0531 59.1607
142.85 183.239 0.270793 0.000879466 0.998603 0.36789 6.67506 0.797596
40 22.9545 14.5984 55.7131
142.85 183.239 0.270793 0.000879466 0.998603 0.36789 6.67506 0.797596
41 22.9545 13.3333 57.1597
142.85 183.239 0.270793 0.000879466 0.998603 0.36789 6.67506 0.797596
42 22.9545 13.7131 49.7598
142.85 183.239 0.270793 0.000879466 0.998603 0.36789 6.67506 0.797596
43 22.9545 11.4957 43.5184
142.85 183.239 0.270793 0.000879466 0.998603 0.36789 6.67506 0.797596
44 22.9545 12.1692 48.7449
142.85 183.239 0.270793 0.000879466 0.998603 0.36789 6.67506 0.797596
45 22.9545 14.4218 47.3421
142.85 183.239 0.270793 0.000879466 0.998603 0.36789 6.67506 0.797596
46 22.9545 15.3395 46.1357
142.85 183.239 0.270793 0.000879466 0.998603 0.36789 6.67506 0.797596
47 22.9545 14.8963 37.4425
142.85 183.239 0.270793 0.000879466 0.998603 0.36789 6.67506 0.797596
48 22.9545 14.4502 35.8334
142.85 183.239 0.270793 0.000879466 0.998603 0.36789 6.67506 0.797596
49 22.9545 15.5987 36.4671
142.85 183.239 0.270793 0.000879466 0.998603 0.36789 6.67506 0.797596
50 22.9545 16.6627 25.7355
142.85 183.239 0.270793 0.000879466 0.998603 0.36789 6.67506 0.797596
51 22.9545 15.7039 32.2132
142.85 183.239 0.270793 0.000879466 0.998603 0.36789 6.67506 0.797596
52 22.9545 15.1812 32.5022
142.85 183.239 0.270793 0.000879466 0.998603 0.36789 6.67506 0.797596
53 22.9545 16.0948 33.4919
142.85 183.239 0.270793 0.000879466 0.998603 0.36789 6.67506 0.797596
54 22.9545 13.7819 56.1877
142.85 183.239 0.270793 0.000879466 0.998603 0.36789 6.67506 0.797596
55 22.9545 14.2061 54.9175
142.85 183.239 0.270793 0.000879466 0.998603 0.36789 6.67506 0.797596
56 22.9545 15.3454 41.7436
142.85 183.239 0.270793 0.000879466 0.998603 0.36789 6.67506 0.797596
57 22.9545 14.3991 55.3957
142.85 183.239 0.270793 0.000879466 0.998603 0.36789 6.67506 0.797596
58 22.9545 14.5122 48.1523
142.85 183.239 0.270793 0.000879466 0.998603 0.36789 6.67506 0.797596
59 22.9545 14.8472 31.4511
142.85 183.239 0.270793 0.000879466 0.998603 0.36789 6.67506 0.797596
60 22.9545 14.9302 39.7245
142.85 183.239 0.270793 0.000879466 0.998603 0.36789 6.67506 0.797596
61 22.9545 14.2759 43.6467
142.85 183.239 0.270793 0.000879466 0.998603 0.36789 6.67506 0.797596
62 22.9545 13.7778 52.1161
142.85 183.239 0.270793 0.000879466 0.998603 0.36789 6.67506 0.797596
63 22.9545 13.2409 55.4317
142.85 183.239 0.270793 0.000879466 0.998603 0.36789 6.67506 0.797596
64 22.9545 12.9414 61.5076
142.85 183.239 0.270793 0.000879466 0.998603 0.36789 6.67506 0.797596
65 22.9545 14.2274 49.9765
142.85 183.239 0.270793 0.000879466 0.998603 0.36789 6.67506 0.797596
66 22.9545 12.1918 64.6578
142.85 183.239 0.270793 0.000879466 0.998603 0.36789 6.67506 0.797596
67 22.9545 13.1181 61.534
142.85 183.239 0.270793 0.000879466 0.998603 0.36789 6.67506 0.797596
68 22.9545 13.6899 61.0885
142.85 183.239 0.270793 0.000879466 0.998603 0.36789 6.67506 0.797596
69 22.9545 12.687 61.2906
142.85 183.239 0.270793 0.000879466 0.998603 0.36789 6.67506 0.797596
70 22.9545 12.3233 73.6235
142.85 183.239 0.270793 0.000879466 0.998603 0.36789 6.67506 0.797596
71 22.9545 12.6766 52.0754
142.85 183.239 0.270793 0.000879466 0.998603 0.36789 6.67506 0.797596
72 22.9545 13.0167 44.9841
142.85 183.239 0.270793 0.000879466 0.998603 0.36789 6.67506 0.797596
73 22.9545 13.7856 43.6513
142.85 183.239 0.270793 0.000879466 0.998603 0.36789 6.67506 0.797596
74 22.9545 13.9201 47.2335
142.85 183.239 0.270793 0.000879466 0.998603 0.36789 6.67506 0.797596
75 22.9545 12.2962 63.433
142.85 183.239 0.270793 0.000879466 0.998603 0.36789 6.67506 0.797596
76 22.9545 12.0605 65.5333
142.85 183.239 0.270793 0.000879466 0.998603 0.36789 6.67506 0.797596
77 22.9545 12.9035 62.5056
142.85 183.239 0.270793 0.000879466 0.998603 0.36789 6.67506 0.797596
78 22.9545 13.8417 45.5988
142.85 183.239 0.270793 0.000879466 0.998603 0.36789 6.67506 0.797596
79 22.9545 12.2503 46.9837
142.85 183.239 0.270793 0.000879466 0.998603 0.36789 6.67506 0.797596
80 22.9545 14.6431 36.3782
142.85 183.239 0.270793 0.000879466 0.998603 0.36789 6.67506 0.797596
81 22.9545 13.7149 50.2544
142.85 183.239 0.270793 0.000879466 0.998603 0.36789 6.67506 0.797596
82 22.9545 14.8281 45.9481
142.85 183.239 0.270793 0.000879466 0.998603 0.36789 6.67506 0.797596
83 22.9545 15.128 39.4348
142.85 183.239 0.270793 0.000879466 0.998603 0.36789 6.67506 0.797596
84 22.9545 13.3644 56.6272
142.85 183.239 0.270793 0.000879466 0.998603 0.36789 6.67506 0.797596
85 22.9545 13.8092 64.2363
142.85 183.239 0.270793 0.000879466 0.998603 0.36789 6.67506 0.797596
86 22.9545 14.4879 44.6763
142.85 183.239 0.270793 0.000879466 0.998603 0.36789 6.67506 0.797596
87 23.0198 13.2867 59.3714
138 189.388 0.265379 0.000644925 0.951501 0.360678 5.86049 0.836556
88 23.0198 13.29 60.5676
138 189.388 0.265379 0.000644925 0.951501 0.360678 5.86049 0.836556
89 23.0198 12.3342 61.4268
138 189.388 0.265379 0.000644925 0.951501 0.360678 5.86049 0.836556
90 23.0198 13.9746 37.3749
138 189.388 0.265379 0.000644925 0.951501 0.360678 5.86049 0.836556
91 23.0198 15.2228 35.5721
138 189.388 0.265379 0.000644925 0.951501 0.360678 5.86049 0.836556
92 23.0198 15.1788 38.9515
138 189.388 0.265379 0.000644925 0.951501 0.360678 5.86049 0.836556
93 23.0198 14.5082 50.1223
138 189.388 0.265379 0.000644925 0.951501 0.360678 5.86049 0.836556
94 23.0198 16.7465 27.4548
138 189.388 0.265379 0.000644925 0.951501 0.360678 5.86049 0.836556
95 23.0198 15.0826 35.532
138 189.388 0.265379 0.000644925 0.951501 0.360678 5.86049 0.836556
96 23.0198 15.1792 33.2284
138 189.388 0.265379 0.000644925 0.951501 0.360678 5.86049 0.836556
97 23.0198 15.4981 34.5593
138 189.388 0.265379 0.000644925 0.951501 0.360678 5.86049 0.836556
98 23.0198 14.6671 34.7849
138 189.388 0.265379 0.000644925 0.951501 0.360678 5.86049 0.836556
99 23.0198 14.5286 29.5189
138 189.388 0.265379 0.000644925 0.951501 0.360678 5.86049 0.836556
100 23.0198 12.1291 47.7252
138 189.388 0.265379 0.000644925 0.951501 0.360678 5.86049 0.836556
