0 25.9354 4.70491 74.1479
192.735 155.27 0.141311 0.410014 0.101087 0.225647 2.1861 2.4431
1 25.9518 8.74322 128.831
103.064 140.231 0.247578 0 0.381166 0.822259 5.51947 1.80094
2 26.124 11.2544 140.282
183.452 155.29 0.318793 0.427502 0.00647139 0.199101 3.15136 2.00353
3 26.3455 11.1781 128.896
164.035 182.979 0.294684 0.317458 0.00603347 0.164865 4.256 2.26161
4 26.3455 10.8938 127.632
164.035 182.979 0.294684 0.317458 0.00603347 0.164865 4.256 2.26161
5 26.3455 12.8638 135.889
164.035 182.979 0.294684 0.317458 0.00603347 0.164865 4.256 2.26161
6 26.5248 13.3 117.868
159.005 175.071 0.302733 0.343413 0 0.0581857 4.69352 4.02894
7 26.5479 14.2688 134.213
158.327 174.57 0.299305 0.342438 0.00294045 0.0652783 4.70975 4.12809
8 26.6944 15.1213 143.516
157.778 176.621 0.268104 0.331674 0 0.104488 4.28684 4.16899
9 26.6944 14.9187 139.999
157.778 176.621 0.268104 0.331674 0 0.104488 4.28684 4.16899
10 27.0502 14.5199 155.479
156.101 184.065 0.25238 0.325756 0.0228979 0.0370088 5.37584 3.70439
11 27.1959 17.9053 128.578
156.199 183.663 0.253452 0.321351 0.0227886 0.0361482 5.40177 3.74635
12 27.2369 19.451 121.852
158.822 182.27 0.245148 0.30865 0.00569958 0.0395205 5.26886 3.77492
13 28.7961 20.3541 115.79
157.388 181.082 0.257242 0.246829 0.0128151 0.0877767 5.80682 3.7873
14 28.8309 20.9563 113.687
157.54 180.804 0.256245 0.249102 0.0120595 0.0878415 5.80594 3.78714
15 28.8309 20.9667 118.485
157.54 180.804 0.256245 0.249102 0.0120595 0.0878415 5.80594 3.78714
16 28.8778 20.4153 130.929
157.191 180.9 0.256064 0.249687 0.0110549 0.0877572 5.81254 3.78285
17 28.8778 19.1145 125.493
157.191 180.9 0.256064 0.249687 0.0110549 0.0877572 5.81254 3.78285
18 29.4521 22.5492 73.9111
160.2 185.733 0.243426 0.202847 0 0.0869098 5.3032 3.29819
19 29.4521 22.4547 78.7684
160.2 185.733 0.243426 0.202847 0 0.0869098 5.3032 3.29819
20 29.4521 21.9263 93.4505
160.2 185.733 0.243426 0.202847 0 0.0869098 5.3032 3.29819
21 29.4521 22.1174 87.6173
160.2 185.733 0.243426 0.202847 0 0.0869098 5.3032 3.29819
22 29.4521 22.0556 92.7646
160.2 185.733 0.243426 0.202847 0 0.0869098 5.3032 3.29819
23 29.4521 22.3967 94.5699
160.2 185.733 0.243426 0.202847 0 0.0869098 5.3032 3.29819
24 29.4521 20.0582 120.341
160.2 185.733 0.243426 0.202847 0 0.0869098 5.3032 3.29819
25 29.4521 20.3203 122.119
160.2 185.733 0.243426 0.202847 0 0.0869098 5.3032 3.29819
26 29.4521 18.8008 137.07
160.2 185.733 0.243426 0.202847 0 0.0869098 5.3032 3.29819
27 29.4521 23.0214 73.9267
160.2 185.733 0.243426 0.202847 0 0.0869098 5.3032 3.29819
28 29.4521 22.9268 89.1164
160.2 185.733 0.243426 0.202847 0 0.0869098 5.3032 3.29819
29 29.4521 22.8773 96.589
160.2 185.733 0.243426 0.202847 0 0.0869098 5.3032 3.29819
30 29.4521 22.8515 96.2191
160.2 185.733 0.243426 0.202847 0 0.0869098 5.3032 3.29819
31 29.4521 23.0745 76.2306
160.2 185.733 0.243426 0.202847 0 0.0869098 5.3032 3.29819
32 29.4521 23.2242 61.0551
160.2 185.733 0.243426 0.202847 0 0.0869098 5.3032 3.29819
33 29.4521 22.5236 66.4596
160.2 185.733 0.243426 0.202847 0 0.0869098 5.3032 3.29819
34 29.4521 24.2818 32.8784
160.2 185.733 0.243426 0.202847 0 0.0869098 5.3032 3.29819
35 29.4521 22.6132 54.7507
160.2 185.733 0.243426 0.202847 0 0.0869098 5.3032 3.29819
36 29.4521 22.5385 48.2486
160.2 185.733 0.243426 0.202847 0 0.0869098 5.3032 3.29819
37 29.4521 24.9835 17.0667
160.2 185.733 0.243426 0.202847 0 0.0869098 5.3032 3.29819
38 29.4521 24.4272 45.1595
160.2 185.733 0.243426 0.202847 0 0.0869098 5.3032 3.29819
39 29.4521 22.2304 74.4357
160.2 185.733 0.243426 0.202847 0 0.0869098 5.3032 3.29819
40 29.4521 24.1647 45.7355
160.2 185.733 0.243426 0.202847 0 0.0869098 5.3032 3.29819
41 29.6041 24.9568 20.0922
159.583 183.649 0.239273 0.213065 0 0.0835375 5.22223 3.32017
42 29.6041 25.4507 12.1575
159.583 183.649 0.239273 0.213065 0 0.0835375 5.22223 3.32017
43 29.6041 23.7788 53.3205
159.583 183.649 0.239273 0.213065 0 0.0835375 5.22223 3.32017
44 29.6041 23.7996 53.1876
159.583 183.649 0.239273 0.213065 0 0.0835375 5.22223 3.32017
45 29.6041 21.6358 84.7592
159.583 183.649 0.239273 0.213065 0 0.0835375 5.22223 3.32017
46 29.6041 21.6354 88.8571
159.583 183.649 0.239273 0.213065 0 0.0835375 5.22223 3.32017
47 29.6041 20.9094 105.483
159.583 183.649 0.239273 0.213065 0 0.0835375 5.22223 3.32017
48 29.6041 21.477 94.8965
159.583 183.649 0.239273 0.213065 0 0.0835375 5.22223 3.32017
49 29.6041 23.2006 71.1267
159.583 183.649 0.239273 0.213065 0 0.0835375 5.22223 3.32017
50 29.6041 23.0365 69.8495
159.583 183.649 0.239273 0.213065 0 0.0835375 5.22223 3.32017
51 29.6041 22.8506 65.7849
159.583 183.649 0.239273 0.213065 0 0.0835375 5.22223 3.32017
52 29.6041 22.444 79.2711
159.583 183.649 0.239273 0.213065 0 0.0835375 5.22223 3.32017
53 29.6041 22.8179 73.0511
159.583 183.649 0.239273 0.213065 0 0.0835375 5.22223 3.32017
54 29.6041 21.9569 96.9578
159.583 183.649 0.239273 0.213065 0 0.0835375 5.22223 3.32017
55 29.6041 22.7465 68.1056
159.583 183.649 0.239273 0.213065 0 0.0835375 5.22223 3.32017
56 29.6041 23.0308 65.5171
159.583 183.649 0.239273 0.213065 0 0.0835375 5.22223 3.32017
57 29.6041 21.3608 101.085
159.583 183.649 0.239273 0.213065 0 0.0835375 5.22223 3.32017
58 29.6041 22.7124 64.5174
159.583 183.649 0.239273 0.213065 0 0.0835375 5.22223 3.32017
59 29.6041 23.8004 54.7975
159.583 183.649 0.239273 0.213065 0 0.0835375 5.22223 3.32017
60 29.6041 24.5453 52.7729
159.583 183.649 0.239273 0.213065 0 0.0835375 5.22223 3.32017
61 29.6041 23.2361 82.3796
159.583 183.649 0.239273 0.213065 0 0.0835375 5.22223 3.32017
62 29.6041 22.7754 84.2442
159.583 183.649 0.239273 0.213065 0 0.0835375 5.22223 3.32017
63 29.6041 21.572 95.0136
159.583 183.649 0.239273 0.213065 0 0.0835375 5.22223 3.32017
64 29.6041 21.6969 90.2872
159.583 183.649 0.239273 0.213065 0 0.0835375 5.22223 3.32017
65 29.6041 21.6076 82.6235
159.583 183.649 0.239273 0.213065 0 0.0835375 5.22223 3.32017
66 29.6041 21.9421 83.7854
159.583 183.649 0.239273 0.213065 0 0.0835375 5.22223 3.32017
67 29.6041 22.5072 78.05
159.583 183.649 0.239273 0.213065 0 0.0835375 5.22223 3.32017
68 29.6041 22.4974 76.9774
159.583 183.649 0.239273 0.213065 0 0.0835375 5.22223 3.32017
69 29.6041 21.8212 84.0689
159.583 183.649 0.239273 0.213065 0 0.0835375 5.22223 3.32017
70 29.6041 22.6012 64.0144
159.583 183.649 0.239273 0.213065 0 0.0835375 5.22223 3.32017
71 29.6041 23.9133 39.2035
159.583 183.649 0.239273 0.213065 0 0.0835375 5.22223 3.32017
72 29.6041 23.8709 34.8457
159.583 183.649 0.239273 0.213065 0 0.0835375 5.22223 3.32017
73 29.6041 22.7519 70.1674
159.583 183.649 0.239273 0.213065 0 0.0835375 5.22223 3.32017
74 29.6041 23.7896 44.451
159.583 183.649 0.239273 0.213065 0 0.0835375 5.22223 3.32017
75 29.6041 23.4254 53.0183
159.583 183.649 0.239273 0.213065 0 0.0835375 5.22223 3.32017
76 29.6041 24.8074 26.5437
159.583 183.649 0.239273 0.213065 0 0.0835375 5.22223 3.32017
77 29.6041 22.3585 70.5779
159.583 183.649 0.239273 0.213065 0 0.0835375 5.22223 3.32017
78 29.6041 22.6977 73.7119
159.583 183.649 0.239273 0.213065 0 0.0835375 5.22223 3.32017
79 29.6041 21.4217 121.707
159.583 183.649 0.239273 0.213065 0 0.0835375 5.22223 3.32017
80 29.6041 22.6497 84.1325
159.583 183.649 0.239273 0.213065 0 0.0835375 5.22223 3.32017
81 29.6041 23.0701 75.7284
159.583 183.649 0.239273 0.213065 0 0.0835375 5.22223 3.32017
82 29.6041 23.9453 64.3119
159.583 183.649 0.239273 0.213065 0 0.0835375 5.22223 3.32017
83 29.6041 22.981 69.5057
159.583 183.649 0.239273 0.213065 0 0.0835375 5.22223 3.32017
84 29.6041 24.5134 25.2487
159.583 183.649 0.239273 0.213065 0 0.0835375 5.22223 3.32017
85 29.6041 25.3103 8.49017
159.583 183.649 0.239273 0.213065 0 0.0835375 5.22223 3.32017
86 29.6041 23.374 59.1265
159.583 183.649 0.239273 0.213065 0 0.0835375 5.22223 3.32017
87 29.6041 23.2727 64.3004
159.583 183.649 0.239273 0.213065 0 0.0835375 5.22223 3.32017
88 29.6041 23.0705 67.1635
159.583 183.649 0.239273 0.213065 0 0.0835375 5.22223 3.32017
89 29.6041 23.2388 67.4027
159.583 183.649 0.239273 0.213065 0 0.0835375 5.22223 3.32017
90 29.6041 22.6617 75.057
159.583 183.649 0.239273 0.213065 0 0.0835375 5.22223 3.32017
91 29.6041 23.1966 68.56
159.583 183.649 0.239273 0.213065 0 0.0835375 5.22223 3.32017
92 29.6041 23.6128 71.6871
159.583 183.649 0.239273 0.213065 0 0.0835375 5.22223 3.32017
93 29.6041 24.2224 51.7831
159.583 183.649 0.239273 0.213065 0 0.0835375 5.22223 3.32017
94 29.6041 22.6594 87.513
159.583 183.649 0.239273 0.213065 0 0.0835375 5.22223 3.32017
95 29.6041 24.2502 60.4582
159.583 183.649 0.239273 0.213065 0 0.0835375 5.22223 3.32017
96 29.6041 23.4979 65.6213
159.583 183.649 0.239273 0.213065 0 0.0835375 5.22223 3.32017
97 29.6041 23.9241 48.1298
159.583 183.649 0.239273 0.213065 0 0.0835375 5.22223 3.32017
98 29.6041 23.8489 65.1757
159.583 183.649 0.239273 0.213065 0 0.0835375 5.22223 3.32017
99 29.6041 26.0966 4.02301
159.583 183.649 0.239273 0.213065 0 0.0835375 5.22223 3.32017
100 29.6041 25.2575 19.2478
159.583 183.649 0.239273 0.213065 0 0.0835375 5.22223 3.32017
