0 26.8918 3.65206 49.5442
107.724 195.379 0.276507 0.0274309 0.208371 0.281515 3.78632 3.21805
1 26.8918 5.36887 81.5403
107.724 195.379 0.276507 0.0274309 0.208371 0.281515 3.78632 3.21805
2 26.8918 5.88359 99.2088
107.724 195.379 0.276507 0.0274309 0.208371 0.281515 3.78632 3.21805
3 26.8918 7.61873 130.439
107.724 195.379 0.276507 0.0274309 0.208371 0.281515 3.78632 3.21805
4 27.8644 10.0344 143.516
106.172 187.805 0.24993 0.0644172 0.18982 0.371624 3.77788 2.23423
5 27.8644 11.387 149.437
106.172 187.805 0.24993 0.0644172 0.18982 0.371624 3.77788 2.23423
6 27.8644 12.2011 133.339
106.172 187.805 0.24993 0.0644172 0.18982 0.371624 3.77788 2.23423
7 27.8644 13.8614 154.773
106.172 187.805 0.24993 0.0644172 0.18982 0.371624 3.77788 2.23423
8 27.8644 14.9784 136.177
106.172 187.805 0.24993 0.0644172 0.18982 0.371624 3.77788 2.23423
9 27.8644 15.1143 139.051
106.172 187.805 0.24993 0.0644172 0.18982 0.371624 3.77788 2.23423
10 28.2879 15.1325 124.664
116.609 197.682 0.251684 0.117988 0.302559 0.257333 4.67753 4.65771
11 28.2879 18.1712 116.657
116.609 197.682 0.251684 0.117988 0.302559 0.257333 4.67753 4.65771
12 28.6937 17.143 119.259
100 199.262 0.28407 0.076406 0.0895947 0.344989 2.85792 2.37377
13 28.6937 15.8141 135.754
100 199.262 0.28407 0.076406 0.0895947 0.344989 2.85792 2.37377
14 28.6937 12.808 126.774
100 199.262 0.28407 0.076406 0.0895947 0.344989 2.85792 2.37377
15 28.6937 13.1986 113.685
100 199.262 0.28407 0.076406 0.0895947 0.344989 2.85792 2.37377
16 28.6937 11.8072 130.1
100 199.262 0.28407 0.076406 0.0895947 0.344989 2.85792 2.37377
17 28.6937 11.5321 132.268
100 199.262 0.28407 0.076406 0.0895947 0.344989 2.85792 2.37377
18 28.6937 12.084 136.281
100 199.262 0.28407 0.076406 0.0895947 0.344989 2.85792 2.37377
19 28.6979 14.6889 139.168
107.703 196.601 0.269571 0.0689528 0.0064452 0.38392 2.46042 2.20457
20 28.6979 16.1043 145.956
107.703 196.601 0.269571 0.0689528 0.0064452 0.38392 2.46042 2.20457
21 28.6979 16.9055 132.58
107.703 196.601 0.269571 0.0689528 0.0064452 0.38392 2.46042 2.20457
22 28.6979 18.4848 124.674
107.703 196.601 0.269571 0.0689528 0.0064452 0.38392 2.46042 2.20457
23 28.6979 20.5711 115.256
107.703 196.601 0.269571 0.0689528 0.0064452 0.38392 2.46042 2.20457
24 29.3687 15.5241 144.107
107.54 195.993 0.267186 0.0625045 0.0022632 0.383765 2.45171 2.17076
25 29.3687 16.8186 129.49
107.54 195.993 0.267186 0.0625045 0.0022632 0.383765 2.45171 2.17076
26 29.3687 15.9111 107.897
107.54 195.993 0.267186 0.0625045 0.0022632 0.383765 2.45171 2.17076
27 29.3687 16.0038 100.707
107.54 195.993 0.267186 0.0625045 0.0022632 0.383765 2.45171 2.17076
28 29.3687 17.9062 86.9366
107.54 195.993 0.267186 0.0625045 0.0022632 0.383765 2.45171 2.17076
29 29.3687 16.7623 109.634
107.54 195.993 0.267186 0.0625045 0.0022632 0.383765 2.45171 2.17076
30 29.4149 16.8947 138.996
107.295 196.185 0.266937 0.0631872 0.00418168 0.381262 2.44207 2.21853
31 29.4149 18.3704 129.762
107.295 196.185 0.266937 0.0631872 0.00418168 0.381262 2.44207 2.21853
32 29.4149 17.1024 134.496
107.295 196.185 0.266937 0.0631872 0.00418168 0.381262 2.44207 2.21853
33 29.4149 14.1882 114.4
107.295 196.185 0.266937 0.0631872 0.00418168 0.381262 2.44207 2.21853
34 29.4149 15.2231 108.853
107.295 196.185 0.266937 0.0631872 0.00418168 0.381262 2.44207 2.21853
35 29.4149 17.911 100.291
107.295 196.185 0.266937 0.0631872 0.00418168 0.381262 2.44207 2.21853
36 29.4149 15.9713 129.49
107.295 196.185 0.266937 0.0631872 0.00418168 0.381262 2.44207 2.21853
37 29.4149 15.2518 132.37
107.295 196.185 0.266937 0.0631872 0.00418168 0.381262 2.44207 2.21853
38 29.4149 16.9932 134.107
107.295 196.185 0.266937 0.0631872 0.00418168 0.381262 2.44207 2.21853
39 29.4149 14.6877 124.854
107.295 196.185 0.266937 0.0631872 0.00418168 0.381262 2.44207 2.21853
40 29.4149 15.0842 114.467
107.295 196.185 0.266937 0.0631872 0.00418168 0.381262 2.44207 2.21853
41 29.4149 16.3294 113.618
107.295 196.185 0.266937 0.0631872 0.00418168 0.381262 2.44207 2.21853
42 29.4149 14.3606 151.871
107.295 196.185 0.266937 0.0631872 0.00418168 0.381262 2.44207 2.21853
43 29.4149 16.5776 163.369
107.295 196.185 0.266937 0.0631872 0.00418168 0.381262 2.44207 2.21853
44 29.4149 16.1565 132.34
107.295 196.185 0.266937 0.0631872 0.00418168 0.381262 2.44207 2.21853
45 29.4149 13.398 114.559
107.295 196.185 0.266937 0.0631872 0.00418168 0.381262 2.44207 2.21853
46 29.4149 13.562 124.894
107.295 196.185 0.266937 0.0631872 0.00418168 0.381262 2.44207 2.21853
47 29.7184 15.3779 134.615
107.395 196.03 0.264578 0.0631024 0.00619952 0.377652 2.45136 2.21068
48 29.7184 16.9398 119.854
107.395 196.03 0.264578 0.0631024 0.00619952 0.377652 2.45136 2.21068
49 29.7184 17.1511 124.493
107.395 196.03 0.264578 0.0631024 0.00619952 0.377652 2.45136 2.21068
50 29.7247 19.1416 121.286
107.057 196.673 0.266714 0.0530642 0 0.382728 2.51354 2.26138
51 29.7247 14.9598 111.498
107.057 196.673 0.266714 0.0530642 0 0.382728 2.51354 2.26138
52 29.7247 12.6704 124.181
107.057 196.673 0.266714 0.0530642 0 0.382728 2.51354 2.26138
53 29.7247 16.0873 134.919
107.057 196.673 0.266714 0.0530642 0 0.382728 2.51354 2.26138
54 29.7247 13.3944 137.263
107.057 196.673 0.266714 0.0530642 0 0.382728 2.51354 2.26138
55 29.7247 13.7885 150.659
107.057 196.673 0.266714 0.0530642 0 0.382728 2.51354 2.26138
56 29.7247 15.3993 143.593
107.057 196.673 0.266714 0.0530642 0 0.382728 2.51354 2.26138
57 29.7247 16.966 138.114
107.057 196.673 0.266714 0.0530642 0 0.382728 2.51354 2.26138
58 29.7247 14.9414 147.992
107.057 196.673 0.266714 0.0530642 0 0.382728 2.51354 2.26138
59 29.7247 15.7151 132.762
107.057 196.673 0.266714 0.0530642 0 0.382728 2.51354 2.26138
60 29.7247 16.503 125.852
107.057 196.673 0.266714 0.0530642 0 0.382728 2.51354 2.26138
61 29.7247 17.3952 123.191
107.057 196.673 0.266714 0.0530642 0 0.382728 2.51354 2.26138
62 29.7247 15.5154 138.864
107.057 196.673 0.266714 0.0530642 0 0.382728 2.51354 2.26138
63 29.7247 17.6941 136.1
107.057 196.673 0.266714 0.0530642 0 0.382728 2.51354 2.26138
64 29.7247 18.1179 129.351
107.057 196.673 0.266714 0.0530642 0 0.382728 2.51354 2.26138
65 29.7247 17.3041 131.68
107.057 196.673 0.266714 0.0530642 0 0.382728 2.51354 2.26138
66 29.7247 15.2045 121.907
107.057 196.673 0.266714 0.0530642 0 0.382728 2.51354 2.26138
67 29.7247 16.0599 135.146
107.057 196.673 0.266714 0.0530642 0 0.382728 2.51354 2.26138
68 29.7247 17.3796 133.226
107.057 196.673 0.266714 0.0530642 0 0.382728 2.51354 2.26138
69 29.7247 17.427 128.22
107.057 196.673 0.266714 0.0530642 0 0.382728 2.51354 2.26138
70 29.7247 15.2028 124.116
107.057 196.673 0.266714 0.0530642 0 0.382728 2.51354 2.26138
71 29.8919 16.1891 144.185
107.184 193.466 0.250739 0.0698596 0 0.403003 2.21572 2.07129
72 29.8919 12.0443 144.978
107.184 193.466 0.250739 0.0698596 0 0.403003 2.21572 2.07129
73 29.8919 16.0943 152.241
107.184 193.466 0.250739 0.0698596 0 0.403003 2.21572 2.07129
74 29.8919 16.3382 126.24
107.184 193.466 0.250739 0.0698596 0 0.403003 2.21572 2.07129
75 29.8919 15.1814 146.32
107.184 193.466 0.250739 0.0698596 0 0.403003 2.21572 2.07129
76 29.8919 17.1272 142.791
107.184 193.466 0.250739 0.0698596 0 0.403003 2.21572 2.07129
77 29.8919 17.9067 129.983
107.184 193.466 0.250739 0.0698596 0 0.403003 2.21572 2.07129
78 29.8919 17.4693 119.693
107.184 193.466 0.250739 0.0698596 0 0.403003 2.21572 2.07129
79 29.8919 16.083 155.235
107.184 193.466 0.250739 0.0698596 0 0.403003 2.21572 2.07129
80 29.8919 17.0043 140.891
107.184 193.466 0.250739 0.0698596 0 0.403003 2.21572 2.07129
81 29.8919 16.2537 143.747
107.184 193.466 0.250739 0.0698596 0 0.403003 2.21572 2.07129
82 29.8919 15.9617 123.778
107.184 193.466 0.250739 0.0698596 0 0.403003 2.21572 2.07129
83 29.8919 17.3883 98.4318
107.184 193.466 0.250739 0.0698596 0 0.403003 2.21572 2.07129
84 29.8919 16.6682 124.989
107.184 193.466 0.250739 0.0698596 0 0.403003 2.21572 2.07129
85 29.8919 17.383 110.381
107.184 193.466 0.250739 0.0698596 0 0.403003 2.21572 2.07129
86 29.8919 14.7469 137.888
107.184 193.466 0.250739 0.0698596 0 0.403003 2.21572 2.07129
87 29.8919 14.7075 131.03
107.184 193.466 0.250739 0.0698596 0 0.403003 2.21572 2.07129
88 29.8919 14.7982 131.72
107.184 193.466 0.250739 0.0698596 0 0.403003 2.21572 2.07129
89 29.8919 16.0761 153.05
107.184 193.466 0.250739 0.0698596 0 0.403003 2.21572 2.07129
90 29.8919 15.7535 146.052
107.184 193.466 0.250739 0.0698596 0 0.403003 2.21572 2.07129
91 29.8919 14.4501 148.097
107.184 193.466 0.250739 0.0698596 0 0.403003 2.21572 2.07129
92 29.8919 17.3471 136.613
107.184 193.466 0.250739 0.0698596 0 0.403003 2.21572 2.07129
93 29.8919 18.1222 91.3069
107.184 193.466 0.250739 0.0698596 0 0.403003 2.21572 2.07129
94 29.8919 17.6723 125.632
107.184 193.466 0.250739 0.0698596 0 0.403003 2.21572 2.07129
95 29.8919 16.2992 151.412
107.184 193.466 0.250739 0.0698596 0 0.403003 2.21572 2.07129
96 29.8919 17.924 125.125
107.184 193.466 0.250739 0.0698596 0 0.403003 2.21572 2.07129
97 29.8919 19.9937 96.3951
107.184 193.466 0.250739 0.0698596 0 0.403003 2.21572 2.07129
98 29.911 18.6105 112.67
105.665 189.761 0.262628 0.0570567 0 0.414373 2.43501 2.15761
99 29.911 17.6727 122.133
105.665 189.761 0.262628 0.0570567 0 0.414373 2.43501 2.15761
100 29.911 17.9435 129.493
105.665 189.761 0.262628 0.0570567 0 0.414373 2.43501 2.15761
