0 2.89561 0.684107 0.943062
146.247 106.176 0.126337 0.307421 0.934836 0.480339 9.20394 2.96188
1 5.78352 1.11879 2.5367
146.572 108.881 0.104776 0.34517 1 0.444937 9.81103 3.11783
2 7.18778 1.76415 4.43683
147.564 105.156 0.0790611 0.318387 0.917094 0.479356 8.87204 3.32607
3 7.18778 2.25975 5.72862
147.564 105.156 0.0790611 0.318387 0.917094 0.479356 8.87204 3.32607
4 8.61907 3.13439 8.55099
147.457 104.164 0.0722782 0.32021 0.916605 0.466456 8.96789 3.30492
5 8.61907 2.93579 9.15883
147.457 104.164 0.0722782 0.32021 0.916605 0.466456 8.96789 3.30492
6 10.0697 3.00563 13.2646
183.58 165.423 0.152506 0.410247 0 0.00394331 4.93444 7.65786
7 10.1545 4.07105 14.7987
133.814 100.237 0.00031969 0.446674 0.669204 0.500563 7.47496 4.31186
8 10.1545 4.57788 15.6005
133.814 100.237 0.00031969 0.446674 0.669204 0.500563 7.47496 4.31186
9 11.546 4.72525 17.451
137.476 105.074 0.0135854 0.37008 0.956352 0.507689 8.75141 3.674
10 11.546 4.22805 12.8753
137.476 105.074 0.0135854 0.37008 0.956352 0.507689 8.75141 3.674
11 11.546 3.87139 12.6741
137.476 105.074 0.0135854 0.37008 0.956352 0.507689 8.75141 3.674
12 11.546 4.37122 12.0468
137.476 105.074 0.0135854 0.37008 0.956352 0.507689 8.75141 3.674
13 11.546 4.30627 11.6709
137.476 105.074 0.0135854 0.37008 0.956352 0.507689 8.75141 3.674
14 11.546 4.30411 12.7616
137.476 105.074 0.0135854 0.37008 0.956352 0.507689 8.75141 3.674
15 11.546 4.85859 14.4731
137.476 105.074 0.0135854 0.37008 0.956352 0.507689 8.75141 3.674
16 11.546 4.57062 16.5939
137.476 105.074 0.0135854 0.37008 0.956352 0.507689 8.75141 3.674
17 11.546 5.37433 14.3194
137.476 105.074 0.0135854 0.37008 0.956352 0.507689 8.75141 3.674
18 11.546 4.49275 13.0253
137.476 105.074 0.0135854 0.37008 0.956352 0.507689 8.75141 3.674
19 11.546 4.78196 13.0583
137.476 105.074 0.0135854 0.37008 0.956352 0.507689 8.75141 3.674
20 11.546 4.27669 14.9111
137.476 105.074 0.0135854 0.37008 0.956352 0.507689 8.75141 3.674
21 11.546 4.05506 14.6714
137.476 105.074 0.0135854 0.37008 0.956352 0.507689 8.75141 3.674
22 11.546 3.91292 14.0563
137.476 105.074 0.0135854 0.37008 0.956352 0.507689 8.75141 3.674
23 11.546 3.8391 15.9617
137.476 105.074 0.0135854 0.37008 0.956352 0.507689 8.75141 3.674
24 11.546 4.62709 14.8583
137.476 105.074 0.0135854 0.37008 0.956352 0.507689 8.75141 3.674
25 11.546 3.63522 13.2765
137.476 105.074 0.0135854 0.37008 0.956352 0.507689 8.75141 3.674
26 11.546 4.01261 12.2537
137.476 105.074 0.0135854 0.37008 0.956352 0.507689 8.75141 3.674
27 11.546 4.6425 14.2137
137.476 105.074 0.0135854 0.37008 0.956352 0.507689 8.75141 3.674
28 11.546 4.2206 15.2026
137.476 105.074 0.0135854 0.37008 0.956352 0.507689 8.75141 3.674
29 11.5467 4.43131 18.9513
137.212 105.199 0.0127307 0.366084 0.962524 0.501493 8.77312 3.68852
30 11.5467 4.12962 14.5776
137.212 105.199 0.0127307 0.366084 0.962524 0.501493 8.77312 3.68852
31 11.6372 3.93053 16.3502
141.913 100.102 0.00875655 0.412666 0.565014 0.646578 6.36975 5.02509
32 11.6372 4.50628 11.6025
141.913 100.102 0.00875655 0.412666 0.565014 0.646578 6.36975 5.02509
33 11.6372 4.57971 13.9744
141.913 100.102 0.00875655 0.412666 0.565014 0.646578 6.36975 5.02509
34 11.6372 4.39224 13.9525
141.913 100.102 0.00875655 0.412666 0.565014 0.646578 6.36975 5.02509
35 11.6372 4.22622 15.366
141.913 100.102 0.00875655 0.412666 0.565014 0.646578 6.36975 5.02509
36 11.6372 4.01367 14.5313
141.913 100.102 0.00875655 0.412666 0.565014 0.646578 6.36975 5.02509
37 11.6372 4.07769 11.7109
141.913 100.102 0.00875655 0.412666 0.565014 0.646578 6.36975 5.02509
38 11.6372 4.65722 13.2014
141.913 100.102 0.00875655 0.412666 0.565014 0.646578 6.36975 5.02509
39 11.6372 4.52726 14.7206
141.913 100.102 0.00875655 0.412666 0.565014 0.646578 6.36975 5.02509
40 11.6372 4.58616 16.0505
141.913 100.102 0.00875655 0.412666 0.565014 0.646578 6.36975 5.02509
41 11.6372 4.87505 15.7895
141.913 100.102 0.00875655 0.412666 0.565014 0.646578 6.36975 5.02509
42 13.0167 4.0831 18.3877
144.486 100 0.00405258 0.422751 0.573135 0.645442 6.38242 5.02002
43 13.0167 5.31066 17.2731
144.486 100 0.00405258 0.422751 0.573135 0.645442 6.38242 5.02002
44 13.0167 5.18081 19.9721
144.486 100 0.00405258 0.422751 0.573135 0.645442 6.38242 5.02002
45 13.0267 5.95167 20.3339
118.344 100.116 0.00867702 0.402649 0.23223 0.498712 6.27353 4.96655
46 13.0267 6.17631 18.9288
118.344 100.116 0.00867702 0.402649 0.23223 0.498712 6.27353 4.96655
47 13.0267 5.58084 16.2931
118.344 100.116 0.00867702 0.402649 0.23223 0.498712 6.27353 4.96655
48 13.0435 5.17239 18.9795
118.305 100.241 0.00598994 0.399779 0.230639 0.498434 6.21223 4.99044
49 13.0435 5.88378 21.3492
118.305 100.241 0.00598994 0.399779 0.230639 0.498434 6.21223 4.99044
50 13.0435 5.22573 17.7398
118.305 100.241 0.00598994 0.399779 0.230639 0.498434 6.21223 4.99044
51 13.1139 5.23158 16.9483
116.586 100.404 0.000669484 0.374425 0.24294 0.492322 6.27188 5.01216
52 13.1139 4.81636 17.3807
116.586 100.404 0.000669484 0.374425 0.24294 0.492322 6.27188 5.01216
53 13.1139 5.76117 17.8957
116.586 100.404 0.000669484 0.374425 0.24294 0.492322 6.27188 5.01216
54 13.1139 5.31371 19.7504
116.586 100.404 0.000669484 0.374425 0.24294 0.492322 6.27188 5.01216
55 14.5061 4.78926 19.8703
118.19 100.662 0.000696655 0.388401 0.240837 0.504037 6.37549 5.00512
56 14.5061 4.99943 20.3661
118.19 100.662 0.000696655 0.388401 0.240837 0.504037 6.37549 5.00512
57 14.5061 5.2267 17.4542
118.19 100.662 0.000696655 0.388401 0.240837 0.504037 6.37549 5.00512
58 14.5061 4.28985 16.3668
118.19 100.662 0.000696655 0.388401 0.240837 0.504037 6.37549 5.00512
59 14.5061 5.31606 20.6463
118.19 100.662 0.000696655 0.388401 0.240837 0.504037 6.37549 5.00512
60 14.5061 4.72529 21.574
118.19 100.662 0.000696655 0.388401 0.240837 0.504037 6.37549 5.00512
61 14.5061 4.43327 21.8789
118.19 100.662 0.000696655 0.388401 0.240837 0.504037 6.37549 5.00512
62 14.5061 4.13969 19.926
118.19 100.662 0.000696655 0.388401 0.240837 0.504037 6.37549 5.00512
63 14.5061 5.13566 17.5146
118.19 100.662 0.000696655 0.388401 0.240837 0.504037 6.37549 5.00512
64 14.5061 5.86463 19.6114
118.19 100.662 0.000696655 0.388401 0.240837 0.504037 6.37549 5.00512
65 14.5061 5.65156 23.8228
118.19 100.662 0.000696655 0.388401 0.240837 0.504037 6.37549 5.00512
66 14.5061 5.57132 21.5787
118.19 100.662 0.000696655 0.388401 0.240837 0.504037 6.37549 5.00512
67 14.5061 5.21858 22.2945
118.19 100.662 0.000696655 0.388401 0.240837 0.504037 6.37549 5.00512
68 14.5061 3.94584 22.0819
118.19 100.662 0.000696655 0.388401 0.240837 0.504037 6.37549 5.00512
69 15.8821 5.30577 21.6428
119.798 103.144 0.000324633 0.415503 0.269555 0.566533 5.95781 5.3682
70 15.8821 4.79911 22.092
119.798 103.144 0.000324633 0.415503 0.269555 0.566533 5.95781 5.3682
71 15.8821 4.94858 22.6161
119.798 103.144 0.000324633 0.415503 0.269555 0.566533 5.95781 5.3682
72 15.8821 4.08225 19.4096
119.798 103.144 0.000324633 0.415503 0.269555 0.566533 5.95781 5.3682
73 15.8821 3.94498 19.4252
119.798 103.144 0.000324633 0.415503 0.269555 0.566533 5.95781 5.3682
74 15.8821 3.93767 19.0584
119.798 103.144 0.000324633 0.415503 0.269555 0.566533 5.95781 5.3682
75 15.8821 5.30995 18.0282
119.798 103.144 0.000324633 0.415503 0.269555 0.566533 5.95781 5.3682
76 15.8821 6.03168 17.9389
119.798 103.144 0.000324633 0.415503 0.269555 0.566533 5.95781 5.3682
77 15.8821 5.73813 17.6531
119.798 103.144 0.000324633 0.415503 0.269555 0.566533 5.95781 5.3682
78 15.8821 6.02762 19.3165
119.798 103.144 0.000324633 0.415503 0.269555 0.566533 5.95781 5.3682
79 15.8821 5.52512 22.2408
119.798 103.144 0.000324633 0.415503 0.269555 0.566533 5.95781 5.3682
80 15.8821 6.52957 21.3523
119.798 103.144 0.000324633 0.415503 0.269555 0.566533 5.95781 5.3682
81 15.8821 5.66707 18.9718
119.798 103.144 0.000324633 0.415503 0.269555 0.566533 5.95781 5.3682
82 15.8821 5.10027 22.5291
119.798 103.144 0.000324633 0.415503 0.269555 0.566533 5.95781 5.3682
83 15.8821 5.38156 25.6289
119.798 103.144 0.000324633 0.415503 0.269555 0.566533 5.95781 5.3682
84 15.8821 5.94479 26.7474
119.798 103.144 0.000324633 0.415503 0.269555 0.566533 5.95781 5.3682
85 15.8821 6.1651 25.1106
119.798 103.144 0.000324633 0.415503 0.269555 0.566533 5.95781 5.3682
86 15.8821 5.51248 19.8126
119.798 103.144 0.000324633 0.415503 0.269555 0.566533 5.95781 5.3682
87 15.8821 5.1731 22.7942
119.798 103.144 0.000324633 0.415503 0.269555 0.566533 5.95781 5.3682
88 15.8821 5.01473 25.0201
119.798 103.144 0.000324633 0.415503 0.269555 0.566533 5.95781 5.3682
89 15.8821 4.43179 21.3411
119.798 103.144 0.000324633 0.415503 0.269555 0.566533 5.95781 5.3682
90 15.8821 3.71802 23.5169
119.798 103.144 0.000324633 0.415503 0.269555 0.566533 5.95781 5.3682
91 15.8821 3.65039 21.087
119.798 103.144 0.000324633 0.415503 0.269555 0.566533 5.95781 5.3682
92 15.8821 3.79771 20.6709
119.798 103.144 0.000324633 0.415503 0.269555 0.566533 5.95781 5.3682
93 15.8821 4.22338 20.4597
119.798 103.144 0.000324633 0.415503 0.269555 0.566533 5.95781 5.3682
94 15.8821 4.43258 20.413
119.798 103.144 0.000324633 0.415503 0.269555 0.566533 5.95781 5.3682
95 15.8821 4.13095 19.0714
119.798 103.144 0.000324633 0.415503 0.269555 0.566533 5.95781 5.3682
96 15.8821 4.85062 23.576
119.798 103.144 0.000324633 0.415503 0.269555 0.566533 5.95781 5.3682
97 15.8821 4.77947 22.6648
119.798 103.144 0.000324633 0.415503 0.269555 0.566533 5.95781 5.3682
98 15.8821 4.49216 22.106
119.798 103.144 0.000324633 0.415503 0.269555 0.566533 5.95781 5.3682
99 15.8821 5.50408 23.5374
119.798 103.144 0.000324633 0.415503 0.269555 0.566533 5.95781 5.3682
100 15.8821 5.42045 25.6255
119.798 103.144 0.000324633 0.415503 0.269555 0.566533 5.95781 5.3682
