0 2.0855 0.850248 0.403108
120.959 185.223 0.0173808 0.475764 0.131836 0.119389 1.15788 3.86824
1 2.6064 0.975104 0.683442
197.242 127.089 0.553202 0.205153 0.223347 0.820499 1.68186 8.72219
2 3.10114 1.25383 0.847977
122.42 184.887 0.00603146 0.471172 0.123846 0.137176 1.27543 4.02529
3 3.10114 1.23065 0.849301
122.42 184.887 0.00603146 0.471172 0.123846 0.137176 1.27543 4.02529
4 3.10114 1.29827 0.735223
122.42 184.887 0.00603146 0.471172 0.123846 0.137176 1.27543 4.02529
5 3.10114 1.42269 0.881676
122.42 184.887 0.00603146 0.471172 0.123846 0.137176 1.27543 4.02529
6 3.10117 1.64554 1.08775
119.798 183.677 0 0.466488 0.123375 0.117892 1.4732 4.00831
7 4.12566 1.84613 1.40722
101.765 185.949 0.45613 0.197158 0.840134 0.172325 3.06179 6.76735
8 4.12566 1.82815 1.31362
101.765 185.949 0.45613 0.197158 0.840134 0.172325 3.06179 6.76735
9 4.12566 1.82293 1.35969
101.765 185.949 0.45613 0.197158 0.840134 0.172325 3.06179 6.76735
10 4.12566 1.94374 1.5475
101.765 185.949 0.45613 0.197158 0.840134 0.172325 3.06179 6.76735
11 4.12566 1.83437 1.60309
101.765 185.949 0.45613 0.197158 0.840134 0.172325 3.06179 6.76735
12 4.12566 2.20634 1.31799
101.765 185.949 0.45613 0.197158 0.840134 0.172325 3.06179 6.76735
13 4.12566 2.04244 1.7796
101.765 185.949 0.45613 0.197158 0.840134 0.172325 3.06179 6.76735
14 4.12566 2.26435 2.12299
101.765 185.949 0.45613 0.197158 0.840134 0.172325 3.06179 6.76735
15 4.12566 2.45183 1.42014
101.765 185.949 0.45613 0.197158 0.840134 0.172325 3.06179 6.76735
16 4.13119 2.28911 1.58065
103.439 190.399 0.445448 0.205473 0.850902 0.174875 2.98672 6.85679
17 4.13119 2.38985 1.45039
103.439 190.399 0.445448 0.205473 0.850902 0.174875 2.98672 6.85679
18 4.13119 2.35861 1.27163
103.439 190.399 0.445448 0.205473 0.850902 0.174875 2.98672 6.85679
19 4.13119 2.12792 1.30943
103.439 190.399 0.445448 0.205473 0.850902 0.174875 2.98672 6.85679
20 4.13119 2.18483 1.85957
103.439 190.399 0.445448 0.205473 0.850902 0.174875 2.98672 6.85679
21 4.13119 2.31464 1.32803
103.439 190.399 0.445448 0.205473 0.850902 0.174875 2.98672 6.85679
22 4.13119 2.2529 1.79355
103.439 190.399 0.445448 0.205473 0.850902 0.174875 2.98672 6.85679
23 4.13119 2.36937 1.41771
103.439 190.399 0.445448 0.205473 0.850902 0.174875 2.98672 6.85679
24 4.13119 2.30613 1.61637
103.439 190.399 0.445448 0.205473 0.850902 0.174875 2.98672 6.85679
25 4.13119 2.16565 1.88169
103.439 190.399 0.445448 0.205473 0.850902 0.174875 2.98672 6.85679
26 4.13119 2.14398 1.49142
103.439 190.399 0.445448 0.205473 0.850902 0.174875 2.98672 6.85679
27 4.13119 2.13984 1.77923
103.439 190.399 0.445448 0.205473 0.850902 0.174875 2.98672 6.85679
28 4.14213 2.05757 2.13275
100 182.358 0.382592 0.238298 0.596387 0.134929 2.38947 5.06755
29 4.14213 2.05989 1.92315
100 182.358 0.382592 0.238298 0.596387 0.134929 2.38947 5.06755
30 4.14213 2.1008 1.48198
100 182.358 0.382592 0.238298 0.596387 0.134929 2.38947 5.06755
31 4.14213 2.06068 1.37988
100 182.358 0.382592 0.238298 0.596387 0.134929 2.38947 5.06755
32 4.14213 2.06442 1.51017
100 182.358 0.382592 0.238298 0.596387 0.134929 2.38947 5.06755
33 4.14213 2.29632 1.45265
100 182.358 0.382592 0.238298 0.596387 0.134929 2.38947 5.06755
34 4.14213 2.23689 1.46144
100 182.358 0.382592 0.238298 0.596387 0.134929 2.38947 5.06755
35 4.14213 2.21343 1.18648
100 182.358 0.382592 0.238298 0.596387 0.134929 2.38947 5.06755
36 4.14213 2.1719 1.45814
100 182.358 0.382592 0.238298 0.596387 0.134929 2.38947 5.06755
37 4.14671 2.31372 1.59647
100.073 184.322 0.392286 0.23313 0.592328 0.126513 2.50517 5.08448
38 4.14671 2.31007 1.50168
100.073 184.322 0.392286 0.23313 0.592328 0.126513 2.50517 5.08448
39 4.14671 2.14759 1.8034
100.073 184.322 0.392286 0.23313 0.592328 0.126513 2.50517 5.08448
40 4.14671 2.35059 1.7251
100.073 184.322 0.392286 0.23313 0.592328 0.126513 2.50517 5.08448
41 4.14671 2.1332 1.75321
100.073 184.322 0.392286 0.23313 0.592328 0.126513 2.50517 5.08448
42 4.14671 2.07955 1.65503
100.073 184.322 0.392286 0.23313 0.592328 0.126513 2.50517 5.08448
43 4.14671 2.08818 1.86593
100.073 184.322 0.392286 0.23313 0.592328 0.126513 2.50517 5.08448
44 4.14671 2.27238 1.67477
100.073 184.322 0.392286 0.23313 0.592328 0.126513 2.50517 5.08448
45 4.14671 2.25334 1.71606
100.073 184.322 0.392286 0.23313 0.592328 0.126513 2.50517 5.08448
46 4.14671 1.94186 1.87604
100.073 184.322 0.392286 0.23313 0.592328 0.126513 2.50517 5.08448
47 4.14671 2.18672 1.98579
100.073 184.322 0.392286 0.23313 0.592328 0.126513 2.50517 5.08448
48 4.14671 1.91829 1.60543
100.073 184.322 0.392286 0.23313 0.592328 0.126513 2.50517 5.08448
49 4.14671 1.92006 1.80898
100.073 184.322 0.392286 0.23313 0.592328 0.126513 2.50517 5.08448
50 4.14671 2.10781 2.00659
100.073 184.322 0.392286 0.23313 0.592328 0.126513 2.50517 5.08448
51 4.14671 2.19585 1.79329
100.073 184.322 0.392286 0.23313 0.592328 0.126513 2.50517 5.08448
52 4.14671 2.0882 1.35504
100.073 184.322 0.392286 0.23313 0.592328 0.126513 2.50517 5.08448
53 4.14671 2.09191 1.31696
100.073 184.322 0.392286 0.23313 0.592328 0.126513 2.50517 5.08448
54 4.14803 1.87677 1.4854
100.611 184.989 0.385659 0.230692 0.587221 0.133413 2.50858 5.14499
55 4.14803 2.12615 1.74975
100.611 184.989 0.385659 0.230692 0.587221 0.133413 2.50858 5.14499
56 4.15607 2.12809 1.94633
102.714 188.083 0.384995 0.220972 0.552119 0.136595 2.41977 5.24632
57 4.15672 2.08778 1.91988
102.712 188.077 0.385034 0.22104 0.552101 0.136694 2.41904 5.24614
58 4.15672 1.96301 2.00879
102.712 188.077 0.385034 0.22104 0.552101 0.136694 2.41904 5.24614
59 4.15672 2.03383 1.9541
102.712 188.077 0.385034 0.22104 0.552101 0.136694 2.41904 5.24614
60 4.15672 2.23352 1.63026
102.712 188.077 0.385034 0.22104 0.552101 0.136694 2.41904 5.24614
61 4.15672 2.10768 1.93446
102.712 188.077 0.385034 0.22104 0.552101 0.136694 2.41904 5.24614
62 4.15672 1.98398 1.73127
102.712 188.077 0.385034 0.22104 0.552101 0.136694 2.41904 5.24614
63 4.15672 2.33191 1.63277
102.712 188.077 0.385034 0.22104 0.552101 0.136694 2.41904 5.24614
64 4.15672 2.08803 1.57369
102.712 188.077 0.385034 0.22104 0.552101 0.136694 2.41904 5.24614
65 4.15672 2.24936 1.68565
102.712 188.077 0.385034 0.22104 0.552101 0.136694 2.41904 5.24614
66 4.15672 2.35712 1.52909
102.712 188.077 0.385034 0.22104 0.552101 0.136694 2.41904 5.24614
67 4.15672 2.27412 1.91592
102.712 188.077 0.385034 0.22104 0.552101 0.136694 2.41904 5.24614
68 4.15672 2.2936 1.61104
102.712 188.077 0.385034 0.22104 0.552101 0.136694 2.41904 5.24614
69 4.15672 2.19488 1.2953
102.712 188.077 0.385034 0.22104 0.552101 0.136694 2.41904 5.24614
70 4.15672 2.27642 1.4607
102.712 188.077 0.385034 0.22104 0.552101 0.136694 2.41904 5.24614
71 4.15672 2.13246 1.21711
102.712 188.077 0.385034 0.22104 0.552101 0.136694 2.41904 5.24614
72 4.15672 2.17346 1.34125
102.712 188.077 0.385034 0.22104 0.552101 0.136694 2.41904 5.24614
73 4.15672 1.90262 1.64196
102.712 188.077 0.385034 0.22104 0.552101 0.136694 2.41904 5.24614
74 4.15672 1.9307 1.56217
102.712 188.077 0.385034 0.22104 0.552101 0.136694 2.41904 5.24614
75 4.15672 1.86413 1.50229
102.712 188.077 0.385034 0.22104 0.552101 0.136694 2.41904 5.24614
76 4.15672 1.76136 1.6359
102.712 188.077 0.385034 0.22104 0.552101 0.136694 2.41904 5.24614
77 4.15672 1.94869 1.68653
102.712 188.077 0.385034 0.22104 0.552101 0.136694 2.41904 5.24614
78 4.15672 2.10688 1.83223
102.712 188.077 0.385034 0.22104 0.552101 0.136694 2.41904 5.24614
79 4.15672 2.19095 1.49532
102.712 188.077 0.385034 0.22104 0.552101 0.136694 2.41904 5.24614
80 4.15672 2.14736 1.78686
102.712 188.077 0.385034 0.22104 0.552101 0.136694 2.41904 5.24614
81 4.15672 2.09295 1.57189
102.712 188.077 0.385034 0.22104 0.552101 0.136694 2.41904 5.24614
82 4.15672 1.92282 1.737
102.712 188.077 0.385034 0.22104 0.552101 0.136694 2.41904 5.24614
83 4.15672 2.04382 1.56582
102.712 188.077 0.385034 0.22104 0.552101 0.136694 2.41904 5.24614
84 4.15672 2.14979 1.99011
102.712 188.077 0.385034 0.22104 0.552101 0.136694 2.41904 5.24614
85 4.15721 2.38297 1.68692
102.847 188.225 0.375815 0.219407 0.554027 0.136342 2.43653 5.28375
86 4.15721 2.09314 1.7066
102.847 188.225 0.375815 0.219407 0.554027 0.136342 2.43653 5.28375
87 4.15721 1.86246 1.53793
102.847 188.225 0.375815 0.219407 0.554027 0.136342 2.43653 5.28375
88 4.15721 1.88776 1.45066
102.847 188.225 0.375815 0.219407 0.554027 0.136342 2.43653 5.28375
89 4.15721 2.10913 1.63212
102.847 188.225 0.375815 0.219407 0.554027 0.136342 2.43653 5.28375
90 4.15721 2.48398 1.38498
102.847 188.225 0.375815 0.219407 0.554027 0.136342 2.43653 5.28375
91 4.15721 2.3981 1.59213
102.847 188.225 0.375815 0.219407 0.554027 0.136342 2.43653 5.28375
92 4.15721 2.19727 1.64003
102.847 188.225 0.375815 0.219407 0.554027 0.136342 2.43653 5.28375
93 4.15891 2.19774 1.34678
103.028 188.241 0.382009 0.221183 0.55149 0.137022 2.41863 5.23243
94 4.15891 2.25516 1.61239
103.028 188.241 0.382009 0.221183 0.55149 0.137022 2.41863 5.23243
95 4.15891 2.21617 1.58111
103.028 188.241 0.382009 0.221183 0.55149 0.137022 2.41863 5.23243
96 4.15891 2.20944 1.82573
103.028 188.241 0.382009 0.221183 0.55149 0.137022 2.41863 5.23243
97 4.15891 2.21992 1.52503
103.028 188.241 0.382009 0.221183 0.55149 0.137022 2.41863 5.23243
98 4.15891 2.10892 1.72547
103.028 188.241 0.382009 0.221183 0.55149 0.137022 2.41863 5.23243
99 4.15891 2.31459 1.33592
103.028 188.241 0.382009 0.221183 0.55149 0.137022 2.41863 5.23243
100 4.15891 2.23969 1.63321
103.028 188.241 0.382009 0.221183 0.55149 0.137022 2.41863 5.23243
