0 26.331 8.59489 133.85
148.485 179.106 0.0203273 0.110364 0.131782 0.611508 4.11475 4.20133
1 26.331 10.9911 155.658
148.485 179.106 0.0203273 0.110364 0.131782 0.611508 4.11475 4.20133
2 26.331 13.0513 138.395
148.485 179.106 0.0203273 0.110364 0.131782 0.611508 4.11475 4.20133
3 26.8782 14.3801 133.237
147.81 159.613 0.0643222 0.141376 0.177543 0.437676 3.97015 3.28337
4 26.8782 13.3423 122.189
147.81 159.613 0.0643222 0.141376 0.177543 0.437676 3.97015 3.28337
5 26.8782 10.8116 136.636
147.81 159.613 0.0643222 0.141376 0.177543 0.437676 3.97015 3.28337
6 26.8782 12.8323 142.689
147.81 159.613 0.0643222 0.141376 0.177543 0.437676 3.97015 3.28337
7 27.4617 13.4608 137.61
183.722 112.307 0.094499 0.219777 0.0311318 0.270064 3.80944 7.13083
8 27.7042 15.0161 154.832
183.591 111.873 0.0834917 0.228801 0.0204769 0.280285 3.82863 7.06167
9 27.7042 17.541 141.365
183.591 111.873 0.0834917 0.228801 0.0204769 0.280285 3.82863 7.06167
10 29.442 17.043 133.942
187.326 106.618 0.0699747 0.219415 0.0141492 0.265346 4.28806 7.49704
11 29.7788 17.9505 130.297
187.697 106.271 0.0667308 0.222205 0.0107461 0.260247 4.28733 7.528
12 29.7788 19.8815 111.527
187.697 106.271 0.0667308 0.222205 0.0107461 0.260247 4.28733 7.528
13 29.7788 21.0691 82.631
187.697 106.271 0.0667308 0.222205 0.0107461 0.260247 4.28733 7.528
14 29.7788 21.3857 99.2544
187.697 106.271 0.0667308 0.222205 0.0107461 0.260247 4.28733 7.528
15 29.7788 20.5046 106.153
187.697 106.271 0.0667308 0.222205 0.0107461 0.260247 4.28733 7.528
16 31.6214 20.7439 140.962
189.641 103.942 0.0619095 0.202246 0.00570807 0.282192 4.56048 7.67579
17 31.6214 21.3965 90.0609
189.641 103.942 0.0619095 0.202246 0.00570807 0.282192 4.56048 7.67579
18 31.6214 21.2547 109.286
189.641 103.942 0.0619095 0.202246 0.00570807 0.282192 4.56048 7.67579
19 31.6214 23.5349 73.9939
189.641 103.942 0.0619095 0.202246 0.00570807 0.282192 4.56048 7.67579
20 31.6214 22.7285 70.4824
189.641 103.942 0.0619095 0.202246 0.00570807 0.282192 4.56048 7.67579
21 31.6214 21.4198 104.236
189.641 103.942 0.0619095 0.202246 0.00570807 0.282192 4.56048 7.67579
22 31.6214 21.2693 105.188
189.641 103.942 0.0619095 0.202246 0.00570807 0.282192 4.56048 7.67579
23 31.6214 20.1256 120.554
189.641 103.942 0.0619095 0.202246 0.00570807 0.282192 4.56048 7.67579
24 31.6214 21.5755 108.449
189.641 103.942 0.0619095 0.202246 0.00570807 0.282192 4.56048 7.67579
25 31.6214 20.8843 129.472
189.641 103.942 0.0619095 0.202246 0.00570807 0.282192 4.56048 7.67579
26 31.6214 22.8562 100.076
189.641 103.942 0.0619095 0.202246 0.00570807 0.282192 4.56048 7.67579
27 31.6214 23.5864 61.2302
189.641 103.942 0.0619095 0.202246 0.00570807 0.282192 4.56048 7.67579
28 31.6214 21.8395 90.038
189.641 103.942 0.0619095 0.202246 0.00570807 0.282192 4.56048 7.67579
29 31.6214 19.4165 123.66
189.641 103.942 0.0619095 0.202246 0.00570807 0.282192 4.56048 7.67579
30 31.6214 23.8377 71.0727
189.641 103.942 0.0619095 0.202246 0.00570807 0.282192 4.56048 7.67579
31 31.6214 22.9776 90.1309
189.641 103.942 0.0619095 0.202246 0.00570807 0.282192 4.56048 7.67579
32 31.6214 21.9519 102.776
189.641 103.942 0.0619095 0.202246 0.00570807 0.282192 4.56048 7.67579
33 31.6214 26.4934 11.4786
189.641 103.942 0.0619095 0.202246 0.00570807 0.282192 4.56048 7.67579
34 31.6214 21.2973 93.2231
189.641 103.942 0.0619095 0.202246 0.00570807 0.282192 4.56048 7.67579
35 31.6214 21.2004 104.154
189.641 103.942 0.0619095 0.202246 0.00570807 0.282192 4.56048 7.67579
36 31.6214 23.3553 72.7507
189.641 103.942 0.0619095 0.202246 0.00570807 0.282192 4.56048 7.67579
37 31.6214 24.5648 49.2315
189.641 103.942 0.0619095 0.202246 0.00570807 0.282192 4.56048 7.67579
38 31.6214 25.15 35.8675
189.641 103.942 0.0619095 0.202246 0.00570807 0.282192 4.56048 7.67579
39 31.6214 24.0014 59.9042
189.641 103.942 0.0619095 0.202246 0.00570807 0.282192 4.56048 7.67579
40 31.6214 24.8162 44.7753
189.641 103.942 0.0619095 0.202246 0.00570807 0.282192 4.56048 7.67579
41 32.0346 26.1729 28.6593
178.473 117.39 0.0420435 0.186193 0.0316545 0.306411 4.12438 7.36715
42 32.0346 21.3931 106.244
178.473 117.39 0.0420435 0.186193 0.0316545 0.306411 4.12438 7.36715
43 32.0346 21.1313 97.3742
178.473 117.39 0.0420435 0.186193 0.0316545 0.306411 4.12438 7.36715
44 32.0346 22.3367 86.7775
178.473 117.39 0.0420435 0.186193 0.0316545 0.306411 4.12438 7.36715
45 32.0346 22.193 88.5646
178.473 117.39 0.0420435 0.186193 0.0316545 0.306411 4.12438 7.36715
46 32.0346 24.5701 49.9974
178.473 117.39 0.0420435 0.186193 0.0316545 0.306411 4.12438 7.36715
47 32.0346 22.6343 101.71
178.473 117.39 0.0420435 0.186193 0.0316545 0.306411 4.12438 7.36715
48 32.0346 22.528 95.6596
178.473 117.39 0.0420435 0.186193 0.0316545 0.306411 4.12438 7.36715
49 32.0346 23.0843 75.9525
178.473 117.39 0.0420435 0.186193 0.0316545 0.306411 4.12438 7.36715
50 32.0346 20.705 108.988
178.473 117.39 0.0420435 0.186193 0.0316545 0.306411 4.12438 7.36715
51 32.0346 22.9594 74.1289
178.473 117.39 0.0420435 0.186193 0.0316545 0.306411 4.12438 7.36715
52 32.0346 24.6416 49.6036
178.473 117.39 0.0420435 0.186193 0.0316545 0.306411 4.12438 7.36715
53 32.0346 19.1584 128.775
178.473 117.39 0.0420435 0.186193 0.0316545 0.306411 4.12438 7.36715
54 32.0346 21.1531 100.116
178.473 117.39 0.0420435 0.186193 0.0316545 0.306411 4.12438 7.36715
55 32.0346 23.4448 70.5126
178.473 117.39 0.0420435 0.186193 0.0316545 0.306411 4.12438 7.36715
56 32.0346 24.5083 67.1045
178.473 117.39 0.0420435 0.186193 0.0316545 0.306411 4.12438 7.36715
57 32.0346 20.5304 114.362
178.473 117.39 0.0420435 0.186193 0.0316545 0.306411 4.12438 7.36715
58 32.0346 21.1576 97.8427
178.473 117.39 0.0420435 0.186193 0.0316545 0.306411 4.12438 7.36715
59 32.0773 20.9205 101.805
178.58 115.196 0.0434346 0.204572 0.118071 0.26116 4.77651 7.1543
60 32.0773 23.065 68.365
178.58 115.196 0.0434346 0.204572 0.118071 0.26116 4.77651 7.1543
61 32.0773 25.2406 36.9372
178.58 115.196 0.0434346 0.204572 0.118071 0.26116 4.77651 7.1543
62 32.0773 23.046 67.8689
178.58 115.196 0.0434346 0.204572 0.118071 0.26116 4.77651 7.1543
63 32.0773 23.6817 62.0068
178.58 115.196 0.0434346 0.204572 0.118071 0.26116 4.77651 7.1543
64 32.0773 20.0002 97.1965
178.58 115.196 0.0434346 0.204572 0.118071 0.26116 4.77651 7.1543
65 32.0773 25.0973 40.6564
178.58 115.196 0.0434346 0.204572 0.118071 0.26116 4.77651 7.1543
66 32.0773 21.9745 85.5704
178.58 115.196 0.0434346 0.204572 0.118071 0.26116 4.77651 7.1543
67 32.0773 22.1473 91.8131
178.58 115.196 0.0434346 0.204572 0.118071 0.26116 4.77651 7.1543
68 32.0773 22.9369 78.1832
178.58 115.196 0.0434346 0.204572 0.118071 0.26116 4.77651 7.1543
69 32.0773 24.0118 48.3304
178.58 115.196 0.0434346 0.204572 0.118071 0.26116 4.77651 7.1543
70 32.0773 24.9411 43.3805
178.58 115.196 0.0434346 0.204572 0.118071 0.26116 4.77651 7.1543
71 32.0773 22.6342 80.9655
178.58 115.196 0.0434346 0.204572 0.118071 0.26116 4.77651 7.1543
72 32.0773 22.5527 90.0029
178.58 115.196 0.0434346 0.204572 0.118071 0.26116 4.77651 7.1543
73 32.0773 18.2421 117.955
178.58 115.196 0.0434346 0.204572 0.118071 0.26116 4.77651 7.1543
74 32.0773 22.8753 83.9984
178.58 115.196 0.0434346 0.204572 0.118071 0.26116 4.77651 7.1543
75 32.0773 19.782 109.981
178.58 115.196 0.0434346 0.204572 0.118071 0.26116 4.77651 7.1543
76 32.0773 20.9602 90.173
178.58 115.196 0.0434346 0.204572 0.118071 0.26116 4.77651 7.1543
77 32.0773 22.867 63.3313
178.58 115.196 0.0434346 0.204572 0.118071 0.26116 4.77651 7.1543
78 32.0773 23.1567 75.6726
178.58 115.196 0.0434346 0.204572 0.118071 0.26116 4.77651 7.1543
79 32.0773 21.5781 100.558
178.58 115.196 0.0434346 0.204572 0.118071 0.26116 4.77651 7.1543
80 32.0803 22.187 97.1826
178.484 117.423 0.042055 0.186038 0.0315693 0.3064 4.1244 7.36705
81 32.0803 19.0985 124.44
178.484 117.423 0.042055 0.186038 0.0315693 0.3064 4.1244 7.36705
82 32.0803 18.456 124.521
178.484 117.423 0.042055 0.186038 0.0315693 0.3064 4.1244 7.36705
83 32.0803 19.4902 134.378
178.484 117.423 0.042055 0.186038 0.0315693 0.3064 4.1244 7.36705
84 32.0803 19.4415 134.92
178.484 117.423 0.042055 0.186038 0.0315693 0.3064 4.1244 7.36705
85 32.0803 22.1807 101.615
178.484 117.423 0.042055 0.186038 0.0315693 0.3064 4.1244 7.36705
86 32.0803 22.2369 101.633
178.484 117.423 0.042055 0.186038 0.0315693 0.3064 4.1244 7.36705
87 32.0803 20.9075 121.402
178.484 117.423 0.042055 0.186038 0.0315693 0.3064 4.1244 7.36705
88 32.0803 21.3403 106.029
178.484 117.423 0.042055 0.186038 0.0315693 0.3064 4.1244 7.36705
89 32.0803 18.8729 135.274
178.484 117.423 0.042055 0.186038 0.0315693 0.3064 4.1244 7.36705
90 32.0803 20.4815 108.364
178.484 117.423 0.042055 0.186038 0.0315693 0.3064 4.1244 7.36705
91 32.0803 18.2375 130.243
178.484 117.423 0.042055 0.186038 0.0315693 0.3064 4.1244 7.36705
92 32.0803 20.172 107.73
178.484 117.423 0.042055 0.186038 0.0315693 0.3064 4.1244 7.36705
93 32.0803 20.5722 104.033
178.484 117.423 0.042055 0.186038 0.0315693 0.3064 4.1244 7.36705
94 32.0803 21.5798 103.305
178.484 117.423 0.042055 0.186038 0.0315693 0.3064 4.1244 7.36705
95 32.0803 21.7628 109.925
178.484 117.423 0.042055 0.186038 0.0315693 0.3064 4.1244 7.36705
96 32.0803 20.2412 91.7723
178.484 117.423 0.042055 0.186038 0.0315693 0.3064 4.1244 7.36705
97 32.0803 22.5338 73.5688
178.484 117.423 0.042055 0.186038 0.0315693 0.3064 4.1244 7.36705
98 32.0803 22.3578 77.4025
178.484 117.423 0.042055 0.186038 0.0315693 0.3064 4.1244 7.36705
99 32.0803 21.618 89.1166
178.484 117.423 0.042055 0.186038 0.0315693 0.3064 4.1244 7.36705
100 32.0803 20.2382 104.188
178.484 117.423 0.042055 0.186038 0.0315693 0.3064 4.1244 7.36705
