0 13.3288 4.56157 11.5275
107.113 193.904 0.976559 0.00335071 0.961823 0.109558 2.40863 9.99566
1 19.018 5.72021 21.2119
108.948 188.1 0.875818 0.178028 0.900054 0.10187 3.63723 9.25816
2 19.018 7.48433 34.8798
108.948 188.1 0.875818 0.178028 0.900054 0.10187 3.63723 9.25816
3 19.018 7.26922 33.5646
108.948 188.1 0.875818 0.178028 0.900054 0.10187 3.63723 9.25816
4 19.018 8.45718 39.0766
108.948 188.1 0.875818 0.178028 0.900054 0.10187 3.63723 9.25816
5 19.018 9.79605 36.4605
108.948 188.1 0.875818 0.178028 0.900054 0.10187 3.63723 9.25816
6 19.0181 10.8467 45.3102
108.968 188.128 0.875854 0.178252 0.899789 0.101443 3.64795 9.25866
7 20.5557 11.4351 49.1787
113.688 180.53 0.891374 0.286484 0.828958 0 4.17231 8.69586
8 20.5978 12.3258 51.9298
129.339 194.28 0.703092 0.266113 0.872762 0 5.86716 9.36637
9 21.0863 13.9741 48.5918
115.929 179.4 0.824675 0.287139 0.848068 0.00178237 4.4319 8.46882
10 21.5683 14.7645 44.4519
118.312 176.412 0.83416 0.236404 0.834594 0.00126103 4.62835 8.00653
11 22.1067 15.2108 40.9672
123.321 200 0.811451 0.244553 0.861905 0 5.98544 9.09061
12 22.1067 15.656 35.9274
123.321 200 0.811451 0.244553 0.861905 0 5.98544 9.09061
13 22.1067 16.0537 35.0128
123.321 200 0.811451 0.244553 0.861905 0 5.98544 9.09061
14 22.1067 15.4874 38.4834
123.321 200 0.811451 0.244553 0.861905 0 5.98544 9.09061
15 22.1067 15.999 33.4951
123.321 200 0.811451 0.244553 0.861905 0 5.98544 9.09061
16 22.1067 16.1111 35.622
123.321 200 0.811451 0.244553 0.861905 0 5.98544 9.09061
17 22.1099 15.2525 40.2416
123.067 198.897 0.780807 0.239151 0.858571 0.0136404 5.67057 9.01848
18 22.1099 15.9657 36.217
123.067 198.897 0.780807 0.239151 0.858571 0.0136404 5.67057 9.01848
19 22.1123 16.772 38.5762
122.593 200 0.800535 0.239387 0.871959 0.0131678 6.30886 9.12166
20 23.0275 16.7977 39.0248
108.758 170.432 0.909242 0.208357 0.981138 0 2.3073 9.45458
21 23.0275 15.9828 42.9148
108.758 170.432 0.909242 0.208357 0.981138 0 2.3073 9.45458
22 23.0275 16.0306 33.9421
108.758 170.432 0.909242 0.208357 0.981138 0 2.3073 9.45458
23 23.0275 16.2535 25.9945
108.758 170.432 0.909242 0.208357 0.981138 0 2.3073 9.45458
24 23.0298 16.1089 29.0447
111.32 170.773 0.927498 0.202732 0.981713 0.0107855 2.45892 9.7651
25 23.0298 15.868 35.0822
111.32 170.773 0.927498 0.202732 0.981713 0.0107855 2.45892 9.7651
26 23.0298 15.6998 32.4572
111.32 170.773 0.927498 0.202732 0.981713 0.0107855 2.45892 9.7651
27 23.6202 16.098 38.1747
122.725 173.748 0.789822 0.213881 0.941838 0 0.843267 7.78276
28 23.6202 17.2553 27.8568
122.725 173.748 0.789822 0.213881 0.941838 0 0.843267 7.78276
29 23.6202 17.2556 21.6015
122.725 173.748 0.789822 0.213881 0.941838 0 0.843267 7.78276
30 23.6202 17.7833 25.5246
122.725 173.748 0.789822 0.213881 0.941838 0 0.843267 7.78276
31 23.6202 16.9673 31.1852
122.725 173.748 0.789822 0.213881 0.941838 0 0.843267 7.78276
32 23.6202 17.8049 25.7957
122.725 173.748 0.789822 0.213881 0.941838 0 0.843267 7.78276
33 23.6202 17.8346 22.1194
122.725 173.748 0.789822 0.213881 0.941838 0 0.843267 7.78276
34 23.6202 17.7859 29.8854
122.725 173.748 0.789822 0.213881 0.941838 0 0.843267 7.78276
35 23.6202 17.7591 32.0514
122.725 173.748 0.789822 0.213881 0.941838 0 0.843267 7.78276
36 23.6202 17.5405 33.9107
122.725 173.748 0.789822 0.213881 0.941838 0 0.843267 7.78276
37 23.6202 17.295 38.9718
122.725 173.748 0.789822 0.213881 0.941838 0 0.843267 7.78276
38 23.6202 16.8529 34.0934
122.725 173.748 0.789822 0.213881 0.941838 0 0.843267 7.78276
39 23.6202 16.5047 38.3317
122.725 173.748 0.789822 0.213881 0.941838 0 0.843267 7.78276
40 23.6202 16.6444 32.1326
122.725 173.748 0.789822 0.213881 0.941838 0 0.843267 7.78276
41 23.6202 18.1094 27.0807
122.725 173.748 0.789822 0.213881 0.941838 0 0.843267 7.78276
42 23.6237 17.4768 30.3423
138.415 174.559 0.885017 0.209871 0.951288 0 0 7.07966
43 23.6255 18.4498 29.2685
120.925 173.357 0.789117 0.209181 0.936927 0.00167932 0.890896 7.67878
44 23.6255 17.7818 30.8057
120.925 173.357 0.789117 0.209181 0.936927 0.00167932 0.890896 7.67878
45 23.6255 18.1676 28.7073
120.925 173.357 0.789117 0.209181 0.936927 0.00167932 0.890896 7.67878
46 23.6255 18.4205 34.4559
120.925 173.357 0.789117 0.209181 0.936927 0.00167932 0.890896 7.67878
47 23.6255 18.8215 21.7151
120.925 173.357 0.789117 0.209181 0.936927 0.00167932 0.890896 7.67878
48 23.6255 17.2874 30.0743
120.925 173.357 0.789117 0.209181 0.936927 0.00167932 0.890896 7.67878
49 23.6255 17.5701 35.4404
120.925 173.357 0.789117 0.209181 0.936927 0.00167932 0.890896 7.67878
50 23.6255 15.9568 34.7987
120.925 173.357 0.789117 0.209181 0.936927 0.00167932 0.890896 7.67878
51 23.6255 16.7146 39.679
120.925 173.357 0.789117 0.209181 0.936927 0.00167932 0.890896 7.67878
52 23.6255 17.2477 35.112
120.925 173.357 0.789117 0.209181 0.936927 0.00167932 0.890896 7.67878
53 23.6255 17.9602 22.141
120.925 173.357 0.789117 0.209181 0.936927 0.00167932 0.890896 7.67878
54 23.6255 18.2585 30.7877
120.925 173.357 0.789117 0.209181 0.936927 0.00167932 0.890896 7.67878
55 23.6255 19.2374 23.278
120.925 173.357 0.789117 0.209181 0.936927 0.00167932 0.890896 7.67878
56 23.6255 17.8916 24.4591
120.925 173.357 0.789117 0.209181 0.936927 0.00167932 0.890896 7.67878
57 23.6335 17.6025 27.9146
119.794 174.575 0.785447 0.204949 0.928834 0.00341274 0.895066 7.6108
58 23.6335 16.873 32.5117
119.794 174.575 0.785447 0.204949 0.928834 0.00341274 0.895066 7.6108
59 23.6335 16.8248 32.4268
119.794 174.575 0.785447 0.204949 0.928834 0.00341274 0.895066 7.6108
60 23.6335 17.127 31.2221
119.794 174.575 0.785447 0.204949 0.928834 0.00341274 0.895066 7.6108
61 23.6335 17.8918 25.4036
119.794 174.575 0.785447 0.204949 0.928834 0.00341274 0.895066 7.6108
62 23.6335 17.5077 29.1309
119.794 174.575 0.785447 0.204949 0.928834 0.00341274 0.895066 7.6108
63 23.6335 17.9907 28.1872
119.794 174.575 0.785447 0.204949 0.928834 0.00341274 0.895066 7.6108
64 23.6335 18.0798 31.7618
119.794 174.575 0.785447 0.204949 0.928834 0.00341274 0.895066 7.6108
65 23.6335 18.2318 25.7033
119.794 174.575 0.785447 0.204949 0.928834 0.00341274 0.895066 7.6108
66 23.6335 18.5806 30.2329
119.794 174.575 0.785447 0.204949 0.928834 0.00341274 0.895066 7.6108
67 23.6335 18.183 16.1404
119.794 174.575 0.785447 0.204949 0.928834 0.00341274 0.895066 7.6108
68 23.6335 17.8891 19.6317
119.794 174.575 0.785447 0.204949 0.928834 0.00341274 0.895066 7.6108
69 23.6335 17.5524 23.221
119.794 174.575 0.785447 0.204949 0.928834 0.00341274 0.895066 7.6108
70 23.6335 18.0511 20.7404
119.794 174.575 0.785447 0.204949 0.928834 0.00341274 0.895066 7.6108
71 23.6335 17.9071 23.5378
119.794 174.575 0.785447 0.204949 0.928834 0.00341274 0.895066 7.6108
72 23.6335 17.5021 28.0207
119.794 174.575 0.785447 0.204949 0.928834 0.00341274 0.895066 7.6108
73 23.6335 18.0666 25.1282
119.794 174.575 0.785447 0.204949 0.928834 0.00341274 0.895066 7.6108
74 23.6335 18.7136 12.8942
119.794 174.575 0.785447 0.204949 0.928834 0.00341274 0.895066 7.6108
75 23.6335 18.7271 14.527
119.794 174.575 0.785447 0.204949 0.928834 0.00341274 0.895066 7.6108
76 23.6335 18.9204 13.7319
119.794 174.575 0.785447 0.204949 0.928834 0.00341274 0.895066 7.6108
77 23.6335 18.2462 19.7181
119.794 174.575 0.785447 0.204949 0.928834 0.00341274 0.895066 7.6108
78 23.6335 18.2647 18.1801
119.794 174.575 0.785447 0.204949 0.928834 0.00341274 0.895066 7.6108
79 23.6335 18.4892 20.1743
119.794 174.575 0.785447 0.204949 0.928834 0.00341274 0.895066 7.6108
80 23.6335 19.2115 17.9324
119.794 174.575 0.785447 0.204949 0.928834 0.00341274 0.895066 7.6108
81 23.6335 18.3738 21.3684
119.794 174.575 0.785447 0.204949 0.928834 0.00341274 0.895066 7.6108
82 23.6335 17.0869 26.2213
119.794 174.575 0.785447 0.204949 0.928834 0.00341274 0.895066 7.6108
83 23.6335 18.2302 18.5803
119.794 174.575 0.785447 0.204949 0.928834 0.00341274 0.895066 7.6108
84 23.6335 18.733 15.1532
119.794 174.575 0.785447 0.204949 0.928834 0.00341274 0.895066 7.6108
85 23.6335 18.2978 16.9392
119.794 174.575 0.785447 0.204949 0.928834 0.00341274 0.895066 7.6108
86 23.6335 18.4928 19.7313
119.794 174.575 0.785447 0.204949 0.928834 0.00341274 0.895066 7.6108
87 23.6335 17.1107 34.2844
119.794 174.575 0.785447 0.204949 0.928834 0.00341274 0.895066 7.6108
88 23.6335 18.057 26.3627
119.794 174.575 0.785447 0.204949 0.928834 0.00341274 0.895066 7.6108
89 23.6335 18.1191 27.4677
119.794 174.575 0.785447 0.204949 0.928834 0.00341274 0.895066 7.6108
90 23.6335 17.0963 30.3085
119.794 174.575 0.785447 0.204949 0.928834 0.00341274 0.895066 7.6108
91 24.0947 16.508 34.7756
130.045 145.213 0.799442 0.208763 0.808677 0 3.33318 5.64858
92 24.0947 16.4926 32.8627
130.045 145.213 0.799442 0.208763 0.808677 0 3.33318 5.64858
93 24.0947 16.4729 33.3509
130.045 145.213 0.799442 0.208763 0.808677 0 3.33318 5.64858
94 24.0947 15.1495 42.9727
130.045 145.213 0.799442 0.208763 0.808677 0 3.33318 5.64858
95 24.0947 15.3038 39.8514
130.045 145.213 0.799442 0.208763 0.808677 0 3.33318 5.64858
96 24.0947 16.6814 35.6813
130.045 145.213 0.799442 0.208763 0.808677 0 3.33318 5.64858
97 24.0948 17.0736 35.8845
130.803 145.371 0.808066 0.199613 0.79699 0 3.3835 5.77917
98 24.1054 17.5445 26.1621
129.263 129.175 0.824173 0.248179 0.875523 0 2.84409 5.77227
99 24.1054 18.9057 26.5031
129.263 129.175 0.824173 0.248179 0.875523 0 2.84409 5.77227
100 24.1086 18.6537 31.3984
129.786 129.593 0.823414 0.252679 0.877291 0 2.81138 5.76216
