0 24.4126 3.45866 57.3541
178.269 137.806 0.337782 0.0760777 0.128009 0.000688516 1.5936 1.05273
1 24.4126 5.50503 95.5218
178.269 137.806 0.337782 0.0760777 0.128009 0.000688516 1.5936 1.05273
2 24.4406 7.22692 109.817
178.27 137.249 0.333806 0.0780058 0.127375 0.00321553 1.5756 1.05705
3 25.9323 7.66653 110.631
194.136 126.292 0.322218 0.0841109 0.0892878 0.0795712 1.85122 1.3744
4 26.1234 8.296 102.557
198.144 126.613 0.35574 0.0340279 0.0411181 0.075674 2.1022 0.880334
5 26.1234 10.2032 104.202
198.144 126.613 0.35574 0.0340279 0.0411181 0.075674 2.1022 0.880334
6 26.1234 10.2486 95.8585
198.144 126.613 0.35574 0.0340279 0.0411181 0.075674 2.1022 0.880334
7 26.1359 10.8581 92.6468
195.743 127.718 0.30588 0.0469979 0.116249 0.0443226 1.88858 1.44857
8 27.3038 12.992 104.228
195.578 127.555 0.319478 0.0896362 0.0866565 0.0422005 2.00588 1.83418
9 27.3038 16.101 105.941
195.578 127.555 0.319478 0.0896362 0.0866565 0.0422005 2.00588 1.83418
10 27.3038 16.052 80.8086
195.578 127.555 0.319478 0.0896362 0.0866565 0.0422005 2.00588 1.83418
11 27.3038 14.3903 74.4725
195.578 127.555 0.319478 0.0896362 0.0866565 0.0422005 2.00588 1.83418
12 27.3038 16.798 77.4868
195.578 127.555 0.319478 0.0896362 0.0866565 0.0422005 2.00588 1.83418
13 27.3038 17.8802 85.2065
195.578 127.555 0.319478 0.0896362 0.0866565 0.0422005 2.00588 1.83418
14 27.3038 18.288 77.9834
195.578 127.555 0.319478 0.0896362 0.0866565 0.0422005 2.00588 1.83418
15 27.3038 18.6663 70.7784
195.578 127.555 0.319478 0.0896362 0.0866565 0.0422005 2.00588 1.83418
16 27.3764 18.2782 89.5681
196.436 122.242 0.338829 0.0604517 0.0263959 0.110451 1.81529 1.33167
17 27.3764 18.1255 76.9235
196.436 122.242 0.338829 0.0604517 0.0263959 0.110451 1.81529 1.33167
18 27.3764 18.3904 75.9662
196.436 122.242 0.338829 0.0604517 0.0263959 0.110451 1.81529 1.33167
19 27.3764 16.7852 86.9059
196.436 122.242 0.338829 0.0604517 0.0263959 0.110451 1.81529 1.33167
20 27.3764 17.486 86.0573
196.436 122.242 0.338829 0.0604517 0.0263959 0.110451 1.81529 1.33167
21 27.3764 19.4318 74.2134
196.436 122.242 0.338829 0.0604517 0.0263959 0.110451 1.81529 1.33167
22 27.3764 18.1645 79.3595
196.436 122.242 0.338829 0.0604517 0.0263959 0.110451 1.81529 1.33167
23 27.3764 17.7302 77.6428
196.436 122.242 0.338829 0.0604517 0.0263959 0.110451 1.81529 1.33167
24 27.6008 18.6015 86.8331
178.799 140.61 0.290726 0.0847657 0.234492 0.0194219 1.85891 2.13312
25 27.6008 17.0678 94.7454
178.799 140.61 0.290726 0.0847657 0.234492 0.0194219 1.85891 2.13312
26 27.7735 17.2725 83.2375
195.166 165.943 0.187218 0.305955 0.0471598 0.0260589 3.14442 2.53216
27 27.7735 18.8058 80.4689
195.166 165.943 0.187218 0.305955 0.0471598 0.0260589 3.14442 2.53216
28 27.8433 19.2238 74.0485
195.195 166.341 0.186547 0.30374 0.0474851 0.0237846 3.14169 2.51536
29 27.8433 17.2867 93.3066
195.195 166.341 0.186547 0.30374 0.0474851 0.0237846 3.14169 2.51536
30 27.8433 18.089 82.256
195.195 166.341 0.186547 0.30374 0.0474851 0.0237846 3.14169 2.51536
31 27.8433 18.9561 78.9398
195.195 166.341 0.186547 0.30374 0.0474851 0.0237846 3.14169 2.51536
32 27.8433 19.0749 79.3154
195.195 166.341 0.186547 0.30374 0.0474851 0.0237846 3.14169 2.51536
33 27.8433 19.0781 91.4012
195.195 166.341 0.186547 0.30374 0.0474851 0.0237846 3.14169 2.51536
34 27.8433 17.9678 84.9294
195.195 166.341 0.186547 0.30374 0.0474851 0.0237846 3.14169 2.51536
35 27.8828 18.6911 98.5581
183.325 169.165 0.149133 0.323675 0.109664 0.0346934 3.34275 3.6288
36 27.8828 18.7348 88.5904
183.325 169.165 0.149133 0.323675 0.109664 0.0346934 3.34275 3.6288
37 31.7797 18.3387 98.2479
192.409 165.317 0.190174 0.304519 0.0384126 0.0298317 3.31565 2.57296
38 31.7797 19.8741 88.9679
192.409 165.317 0.190174 0.304519 0.0384126 0.0298317 3.31565 2.57296
39 31.7797 20.4722 83.9445
192.409 165.317 0.190174 0.304519 0.0384126 0.0298317 3.31565 2.57296
40 31.7797 20.4055 79.0031
192.409 165.317 0.190174 0.304519 0.0384126 0.0298317 3.31565 2.57296
41 31.7797 20.9183 73.6052
192.409 165.317 0.190174 0.304519 0.0384126 0.0298317 3.31565 2.57296
42 31.7797 20.908 60.8646
192.409 165.317 0.190174 0.304519 0.0384126 0.0298317 3.31565 2.57296
43 31.7797 19.3083 80.473
192.409 165.317 0.190174 0.304519 0.0384126 0.0298317 3.31565 2.57296
44 31.7797 21.241 59.836
192.409 165.317 0.190174 0.304519 0.0384126 0.0298317 3.31565 2.57296
45 31.7797 22.6607 57.3108
192.409 165.317 0.190174 0.304519 0.0384126 0.0298317 3.31565 2.57296
46 31.7797 22.5363 66.2315
192.409 165.317 0.190174 0.304519 0.0384126 0.0298317 3.31565 2.57296
47 31.9526 21.6198 65.8819
199.04 154.508 0.218142 0.235364 0.000300083 0.0332283 3.37377 1.53819
48 31.9526 23.0039 52.3765
199.04 154.508 0.218142 0.235364 0.000300083 0.0332283 3.37377 1.53819
49 39.6864 24.6898 52.4279
191.854 165.584 0.193246 0.306473 0.0359742 0.0252936 3.32143 2.60452
50 39.6864 22.7264 91.403
191.854 165.584 0.193246 0.306473 0.0359742 0.0252936 3.32143 2.60452
51 39.6864 23.09 74.359
191.854 165.584 0.193246 0.306473 0.0359742 0.0252936 3.32143 2.60452
52 39.6864 20.8423 124.699
191.854 165.584 0.193246 0.306473 0.0359742 0.0252936 3.32143 2.60452
53 39.6864 21.7678 116.09
191.854 165.584 0.193246 0.306473 0.0359742 0.0252936 3.32143 2.60452
54 39.6864 21.9712 113.811
191.854 165.584 0.193246 0.306473 0.0359742 0.0252936 3.32143 2.60452
55 39.6864 23.1879 77.0744
191.854 165.584 0.193246 0.306473 0.0359742 0.0252936 3.32143 2.60452
56 39.6864 22.0432 99.8869
191.854 165.584 0.193246 0.306473 0.0359742 0.0252936 3.32143 2.60452
57 39.6864 21.5581 98.5007
191.854 165.584 0.193246 0.306473 0.0359742 0.0252936 3.32143 2.60452
58 39.6864 23.1861 107.05
191.854 165.584 0.193246 0.306473 0.0359742 0.0252936 3.32143 2.60452
59 39.6864 24.5291 79.1177
191.854 165.584 0.193246 0.306473 0.0359742 0.0252936 3.32143 2.60452
60 39.6864 23.0877 106.671
191.854 165.584 0.193246 0.306473 0.0359742 0.0252936 3.32143 2.60452
61 39.6864 21.4672 123.812
191.854 165.584 0.193246 0.306473 0.0359742 0.0252936 3.32143 2.60452
62 39.6864 22.998 110.836
191.854 165.584 0.193246 0.306473 0.0359742 0.0252936 3.32143 2.60452
63 39.6864 21.1957 144.046
191.854 165.584 0.193246 0.306473 0.0359742 0.0252936 3.32143 2.60452
64 39.6864 21.321 138.922
191.854 165.584 0.193246 0.306473 0.0359742 0.0252936 3.32143 2.60452
65 39.6864 21.1401 123.331
191.854 165.584 0.193246 0.306473 0.0359742 0.0252936 3.32143 2.60452
66 39.6864 21.2733 115.588
191.854 165.584 0.193246 0.306473 0.0359742 0.0252936 3.32143 2.60452
67 39.6864 22.4682 99.4454
191.854 165.584 0.193246 0.306473 0.0359742 0.0252936 3.32143 2.60452
68 39.6864 23.7143 86.1296
191.854 165.584 0.193246 0.306473 0.0359742 0.0252936 3.32143 2.60452
69 39.6864 21.4545 105.011
191.854 165.584 0.193246 0.306473 0.0359742 0.0252936 3.32143 2.60452
70 39.6864 20.8196 111.209
191.854 165.584 0.193246 0.306473 0.0359742 0.0252936 3.32143 2.60452
71 39.6864 18.9915 127.106
191.854 165.584 0.193246 0.306473 0.0359742 0.0252936 3.32143 2.60452
72 39.6864 20.5189 115.642
191.854 165.584 0.193246 0.306473 0.0359742 0.0252936 3.32143 2.60452
73 39.6864 19.2333 151.726
191.854 165.584 0.193246 0.306473 0.0359742 0.0252936 3.32143 2.60452
74 39.6864 22.3293 118.824
191.854 165.584 0.193246 0.306473 0.0359742 0.0252936 3.32143 2.60452
75 39.6864 22.4678 106.945
191.854 165.584 0.193246 0.306473 0.0359742 0.0252936 3.32143 2.60452
76 39.6864 20.7591 118.81
191.854 165.584 0.193246 0.306473 0.0359742 0.0252936 3.32143 2.60452
77 39.6864 22.8635 100.602
191.854 165.584 0.193246 0.306473 0.0359742 0.0252936 3.32143 2.60452
78 39.6864 23.5872 89.4675
191.854 165.584 0.193246 0.306473 0.0359742 0.0252936 3.32143 2.60452
79 39.6864 20.7695 142.174
191.854 165.584 0.193246 0.306473 0.0359742 0.0252936 3.32143 2.60452
80 39.6864 21.318 118.454
191.854 165.584 0.193246 0.306473 0.0359742 0.0252936 3.32143 2.60452
81 39.6864 21.0394 122.233
191.854 165.584 0.193246 0.306473 0.0359742 0.0252936 3.32143 2.60452
82 39.6864 23.823 75.0743
191.854 165.584 0.193246 0.306473 0.0359742 0.0252936 3.32143 2.60452
83 39.6864 25.1522 58.8546
191.854 165.584 0.193246 0.306473 0.0359742 0.0252936 3.32143 2.60452
84 39.6864 23.2979 104.064
191.854 165.584 0.193246 0.306473 0.0359742 0.0252936 3.32143 2.60452
85 39.6864 20.1056 132.492
191.854 165.584 0.193246 0.306473 0.0359742 0.0252936 3.32143 2.60452
86 39.6864 20.5414 112.239
191.854 165.584 0.193246 0.306473 0.0359742 0.0252936 3.32143 2.60452
87 39.6864 21.3318 101.593
191.854 165.584 0.193246 0.306473 0.0359742 0.0252936 3.32143 2.60452
88 39.6864 22.0537 108.593
191.854 165.584 0.193246 0.306473 0.0359742 0.0252936 3.32143 2.60452
89 39.6864 19.8759 139.499
191.854 165.584 0.193246 0.306473 0.0359742 0.0252936 3.32143 2.60452
90 39.6864 18.2488 147.587
191.854 165.584 0.193246 0.306473 0.0359742 0.0252936 3.32143 2.60452
91 39.6864 20.3529 134.121
191.854 165.584 0.193246 0.306473 0.0359742 0.0252936 3.32143 2.60452
92 39.6864 20.6487 118.288
191.854 165.584 0.193246 0.306473 0.0359742 0.0252936 3.32143 2.60452
93 39.6864 21.7221 122.942
191.854 165.584 0.193246 0.306473 0.0359742 0.0252936 3.32143 2.60452
94 39.6864 21.3309 132.131
191.854 165.584 0.193246 0.306473 0.0359742 0.0252936 3.32143 2.60452
95 39.6864 23.207 89.3142
191.854 165.584 0.193246 0.306473 0.0359742 0.0252936 3.32143 2.60452
96 39.6864 22.7078 100.652
191.854 165.584 0.193246 0.306473 0.0359742 0.0252936 3.32143 2.60452
97 39.6864 22.4809 77.8034
191.854 165.584 0.193246 0.306473 0.0359742 0.0252936 3.32143 2.60452
98 39.6864 19.4387 129.86
191.854 165.584 0.193246 0.306473 0.0359742 0.0252936 3.32143 2.60452
99 39.6864 20.2622 150.731
191.854 165.584 0.193246 0.306473 0.0359742 0.0252936 3.32143 2.60452
100 39.6864 19.567 146.754
191.854 165.584 0.193246 0.306473 0.0359742 0.0252936 3.32143 2.60452
