1
-0.369924 0.0150311 0.974566 -0.429844 0.695238 -0.385101 0.525319 -0.989526 0.413972 0.74734 0.0374104 -0.414397 -1 0.733577 1
0.698573 1.06428 1.97584 -6.87751 11.1238 -6.16161 8.40511 -15.8324 6.62355 11.9574 0.598567 -6.63034 -16 11.7372 16
0.99834

2
-0.144284 -0.907313 0.449427 0.151213 -0.519871 0.504697 0.552299 0.868472 -0.865117 -1 0.934463 0.123814 -0.280461 -1 -0.865969
0.912931 0.188053 1.47696 2.4194 -8.31794 8.07515 8.83679 13.8956 -13.8419 -16 14.9514 1.98103 -4.48737 -16 -13.8555
2.78802

3
0.953337 -0.844645 0.240853 0.20263 -0.0819802 -0.0758845 -0.837457 -0.714172 0.866316 0.376218 0.481825 -0.880602 -0.313828 -9.74842e-05 0.384474
1.95567 0.247587 1.27881 3.24209 -1.31168 -1.21415 -13.3993 -11.4267 13.8611 6.01949 7.7092 -14.0896 -5.02124 -0.00155975 6.15158
0.25

4
0.239255 -0.249925 0.626303 0.347469 -0.309705 0.690846 -0.317037 -0.745664 -0.129198 0.727942 0.755383 -0.602502 -0.694427 0.982087 -0.981966
1.27729 0.812571 1.64499 5.55951 -4.95529 11.0535 -5.07259 -11.9306 -2.06717 11.6471 12.0861 -9.64004 -11.1108 15.7134 -15.7115
0.53593

5
-0.943657 0.618959 -0.306235 -0.0926085 -0.819254 -0.185328 0.493187 -1 0.24021 0.87563 -0.0440421 0.95521 -0.48541 -0.209397 0.0738486
0.153526 1.63801 0.759077 -1.48174 -13.1081 -2.96524 7.89099 -16 3.84336 14.0101 -0.704674 15.2834 -7.76656 -3.35036 1.18158
0.25

6
-0.298783 0.479663 0.838553 -0.359715 0.273639 -0.252062 0.622615 -0.438573 0.651298 0.592879 -0.541705 -0.372071 -0.100646 -0.0516244 0.41219
0.766156 1.50568 1.84662 -5.75544 4.37822 -4.033 9.96185 -7.01716 10.4208 9.48606 -8.66728 -5.95313 -1.61034 -0.82599 6.59504
0.25

7
-0.380551 -0.737549 0.280376 -0.321847 0.687882 -0.00434246 0.609889 -0.213313 -0.893913 -0.67471 -0.496684 0.665907 0.814955 -0.999208 -0.0173608
0.688476 0.349328 1.31636 -5.14956 11.0061 -0.0694794 9.75822 -3.41301 -14.3026 -10.7954 -7.94694 10.6545 13.0393 -15.9873 -0.277773
1.50718

8
-0.975885 -0.722076 -0.463079 -0.0851811 -0.291881 0.36663 0.692993 -0.509172 -0.0134589 0.662596 0.345856 -0.424689 -0.950705 0.45393 -0.236484
0.12291 0.364027 0.610075 -1.3629 -4.6701 5.86608 11.0879 -8.14675 -0.215342 10.6015 5.53369 -6.79503 -15.2113 7.26288 -3.78375
0.25

9
-0.487963 -0.968016 -0.860399 0.295697 0.568311 -0.58171 0.407782 -0.551156 0.662784 -0.04977 -0.140509 -0.369053 -0.867438 0.674465 0.654288
0.586435 0.130385 0.232621 4.73115 9.09297 -9.30737 6.52451 -8.8185 10.6046 -0.79632 -2.24814 -5.90484 -13.879 10.7914 10.4686
0.593179

10
-0.226131 0.946035 -0.318943 -0.0197327 0.27608 0.325209 0.305491 -0.7762 0.0451269 0.54624 0.151443 -0.760861 -0.731595 0.429342 -0.234784
0.835176 1.94873 0.747004 -0.315724 4.41728 5.20335 4.88786 -12.4192 0.72203 8.73984 2.42309 -12.1738 -11.7055 6.86946 -3.75655
0.598317

11
0.825291 0.72164 0.345492 0.620645 0.043386 -0.466552 0.614352 0.293898 0.837816 -0.926228 -0.807204 -0.999473 -0.331903 0.894907 0.93579
1.83403 1.73556 1.37822 9.93032 0.694177 -7.46482 9.82963 4.70236 13.4051 -14.8197 -12.9153 -15.9916 -5.31045 14.3185 14.9726
0.581184

12
0.241374 -0.01616 0.26555 -0.0078478 -0.0403656 0.166742 0.411917 0.319321 -0.60104 -0.881165 0.284405 0.0931482 -0.0522438 -0.909342 -0.234152
1.2793 1.03465 1.30227 -0.125565 -0.645849 2.66788 6.59067 5.10914 -9.61664 -14.0986 4.55048 1.49037 -0.835901 -14.5495 -3.74643
2.84257

13
0.74529 -0.84352 -0.67083 0.358427 -0.170472 0.0289626 -0.385065 -0.276302 -0.207566 0.0387719 0.472025 -0.154338 -0.27952 0.34428 0.236285
1.75803 0.248656 0.412711 5.73484 -2.72756 0.463401 -6.16105 -4.42083 -3.32106 0.620351 7.5524 -2.46941 -4.47232 5.50848 3.78057
0.25

14
-0.487378 -0.53231 0.577748 -0.562656 0.142399 -0.120769 0.575697 -0.567926 0.334314 0.592749 0.197337 -0.369117 -0.589694 0.936975 0.487009
0.586991 0.544306 1.59886 -9.00249 2.27839 -1.9323 9.21115 -9.08682 5.34903 9.48398 3.1574 -5.90588 -9.43511 14.9916 7.79215
1.50787

15
-0.919469 -0.338586 -0.738457 -0.602047 -0.364329 0.467225 0.998337 0.810817 -0.874687 -0.589447 0.35918 -0.0766123 0.91639 -0.117542 -0.77921
0.176504 0.728343 0.348466 -9.63275 -5.82926 7.47559 15.9734 12.9731 -13.995 -9.43116 5.74688 -1.2258 14.6622 -1.88068 -12.4674
2.49057

16
-0.0699806 -0.844065 0.179786 -0.00999523 -0.0505127 -0.565445 0.0631829 0.0128677 0.494599 -0.936614 0.603999 1 0.826837 -1 0.204834
0.983518 0.248139 1.2208 -0.159924 -0.808204 -9.04711 1.01093 0.205884 7.91359 -14.9858 9.66398 16 13.2294 -16 3.27735
0.598514

17
0.8422 0.993692 -0.562372 -0.010141 -0.766543 -0.534504 0.942911 0.613287 -0.238337 -0.884669 1 0.965893 0.0890139 -0.955386 -0.184092
1.85009 1.99401 0.515746 -0.162255 -12.2647 -8.55206 15.0866 9.81258 -3.8134 -14.1547 16 15.4543 1.42422 -15.2862 -2.94547
0.824721

18
-0.143732 0.714278 0.711694 -0.306923 -0.210107 0.322963 0.72546 0.566921 -0.965667 -0.461948 0.345169 -0.082738 0.224954 -0.983399 -0.377312
0.913455 1.72856 1.72611 -4.91077 -3.3617 5.1674 11.6074 9.07073 -15.4507 -7.39117 5.52271 -1.32381 3.59926 -15.7344 -6.03699
2.3829

