0 24.646 2.71722 41.622
153.108 132.232 0.308049 0.0167801 0.0721103 0.849082 6.67078 0.239676
1 24.646 4.40409 63.2599
153.108 132.232 0.308049 0.0167801 0.0721103 0.849082 6.67078 0.239676
2 24.646 5.08525 69.7266
153.108 132.232 0.308049 0.0167801 0.0721103 0.849082 6.67078 0.239676
3 25.5821 6.54616 83.0885
136.802 144.244 0.269121 0 0.223504 0.0702317 9.65254 7.14397
4 26.3812 7.36597 100.5
163.579 149.295 0.282542 0 0 0.879606 7.17637 0.330096
5 26.3812 9.19838 115.058
163.579 149.295 0.282542 0 0 0.879606 7.17637 0.330096
6 27.1044 11.6931 130.789
155.506 133.142 0.26434 0.00189208 0.0530208 0.779188 7.70186 0.78007
7 27.1143 12.5873 145.013
143.292 151.27 0.204603 0.173173 0.357602 0.162996 8.82824 9.72172
8 27.1143 13.2158 132.079
143.292 151.27 0.204603 0.173173 0.357602 0.162996 8.82824 9.72172
9 31.2437 13.7977 137.537
152.091 125.676 0.235586 0.00327905 0.0317154 0.710543 7.62266 0.828287
10 31.2437 14.751 146.738
152.091 125.676 0.235586 0.00327905 0.0317154 0.710543 7.62266 0.828287
11 31.4434 13.5861 151.901
164.852 144.933 0.251839 0.000536073 0.0140361 0.865343 6.29358 0.43195
12 31.4434 14.4775 139.059
164.852 144.933 0.251839 0.000536073 0.0140361 0.865343 6.29358 0.43195
13 31.4434 15.9297 132.627
164.852 144.933 0.251839 0.000536073 0.0140361 0.865343 6.29358 0.43195
14 31.4434 16.9205 121.407
164.852 144.933 0.251839 0.000536073 0.0140361 0.865343 6.29358 0.43195
15 31.4434 17.3575 116.16
164.852 144.933 0.251839 0.000536073 0.0140361 0.865343 6.29358 0.43195
16 31.4434 17.348 119.378
164.852 144.933 0.251839 0.000536073 0.0140361 0.865343 6.29358 0.43195
17 31.4434 15.7423 126.997
164.852 144.933 0.251839 0.000536073 0.0140361 0.865343 6.29358 0.43195
18 31.4434 16.4028 119.328
164.852 144.933 0.251839 0.000536073 0.0140361 0.865343 6.29358 0.43195
19 31.4434 16.7961 115.817
164.852 144.933 0.251839 0.000536073 0.0140361 0.865343 6.29358 0.43195
20 31.4434 16.4899 121.865
164.852 144.933 0.251839 0.000536073 0.0140361 0.865343 6.29358 0.43195
21 31.4434 15.2485 126.577
164.852 144.933 0.251839 0.000536073 0.0140361 0.865343 6.29358 0.43195
22 31.4434 14.4555 133.618
164.852 144.933 0.251839 0.000536073 0.0140361 0.865343 6.29358 0.43195
23 31.4434 16.1991 129.162
164.852 144.933 0.251839 0.000536073 0.0140361 0.865343 6.29358 0.43195
24 31.4434 15.6984 136.188
164.852 144.933 0.251839 0.000536073 0.0140361 0.865343 6.29358 0.43195
25 31.4434 17.5779 115.171
164.852 144.933 0.251839 0.000536073 0.0140361 0.865343 6.29358 0.43195
26 31.4434 17.2696 126.456
164.852 144.933 0.251839 0.000536073 0.0140361 0.865343 6.29358 0.43195
27 31.4434 16.9875 120.072
164.852 144.933 0.251839 0.000536073 0.0140361 0.865343 6.29358 0.43195
28 31.4434 19.6302 101.721
164.852 144.933 0.251839 0.000536073 0.0140361 0.865343 6.29358 0.43195
29 31.4434 17.2905 122.903
164.852 144.933 0.251839 0.000536073 0.0140361 0.865343 6.29358 0.43195
30 31.4434 18.862 105.042
164.852 144.933 0.251839 0.000536073 0.0140361 0.865343 6.29358 0.43195
31 31.4648 19.6756 100.016
127.463 140.864 0.214579 0.194142 0.0777917 0.176508 8.40084 6.5342
32 31.4648 19.6168 98.4296
127.463 140.864 0.214579 0.194142 0.0777917 0.176508 8.40084 6.5342
33 31.4648 18.7235 101.304
127.463 140.864 0.214579 0.194142 0.0777917 0.176508 8.40084 6.5342
34 31.4648 19.1655 103.951
127.463 140.864 0.214579 0.194142 0.0777917 0.176508 8.40084 6.5342
35 31.4648 19.4642 108.293
127.463 140.864 0.214579 0.194142 0.0777917 0.176508 8.40084 6.5342
36 32.3193 20.0068 102.499
127.503 140.771 0.214771 0.19436 0.0794337 0.175679 8.39944 6.52561
37 32.3193 18.8369 102.384
127.503 140.771 0.214771 0.19436 0.0794337 0.175679 8.39944 6.52561
38 32.3193 17.7466 126.091
127.503 140.771 0.214771 0.19436 0.0794337 0.175679 8.39944 6.52561
39 32.3193 17.4439 123.662
127.503 140.771 0.214771 0.19436 0.0794337 0.175679 8.39944 6.52561
40 33.1722 17.1658 133.294
133.171 144.064 0.231001 0.133512 0.0371447 0.289813 7.91521 5.44599
41 33.1722 18.8711 127.23
133.171 144.064 0.231001 0.133512 0.0371447 0.289813 7.91521 5.44599
42 33.1722 18.4543 108.959
133.171 144.064 0.231001 0.133512 0.0371447 0.289813 7.91521 5.44599
43 33.1722 18.3573 124.419
133.171 144.064 0.231001 0.133512 0.0371447 0.289813 7.91521 5.44599
44 33.1722 19.2876 128.03
133.171 144.064 0.231001 0.133512 0.0371447 0.289813 7.91521 5.44599
45 33.1722 20.4108 114.59
133.171 144.064 0.231001 0.133512 0.0371447 0.289813 7.91521 5.44599
46 33.1722 20.1748 106.711
133.171 144.064 0.231001 0.133512 0.0371447 0.289813 7.91521 5.44599
47 33.1722 19.9142 114.925
133.171 144.064 0.231001 0.133512 0.0371447 0.289813 7.91521 5.44599
48 33.1722 19.5289 117.122
133.171 144.064 0.231001 0.133512 0.0371447 0.289813 7.91521 5.44599
49 33.1722 20.0896 106.551
133.171 144.064 0.231001 0.133512 0.0371447 0.289813 7.91521 5.44599
50 33.1722 19.1545 118.293
133.171 144.064 0.231001 0.133512 0.0371447 0.289813 7.91521 5.44599
51 33.1722 19.1504 106.695
133.171 144.064 0.231001 0.133512 0.0371447 0.289813 7.91521 5.44599
52 33.1722 18.7888 111.637
133.171 144.064 0.231001 0.133512 0.0371447 0.289813 7.91521 5.44599
53 33.1722 18.9722 124.022
133.171 144.064 0.231001 0.133512 0.0371447 0.289813 7.91521 5.44599
54 33.1722 20.275 107.708
133.171 144.064 0.231001 0.133512 0.0371447 0.289813 7.91521 5.44599
55 33.1722 21.6985 77.9117
133.171 144.064 0.231001 0.133512 0.0371447 0.289813 7.91521 5.44599
56 33.1722 21.442 79.3353
133.171 144.064 0.231001 0.133512 0.0371447 0.289813 7.91521 5.44599
57 33.1722 20.1446 113.842
133.171 144.064 0.231001 0.133512 0.0371447 0.289813 7.91521 5.44599
58 33.1722 19.8379 114.819
133.171 144.064 0.231001 0.133512 0.0371447 0.289813 7.91521 5.44599
59 33.1722 22.394 77.4051
133.171 144.064 0.231001 0.133512 0.0371447 0.289813 7.91521 5.44599
60 33.1722 19.8215 104.27
133.171 144.064 0.231001 0.133512 0.0371447 0.289813 7.91521 5.44599
61 33.1722 19.8465 118.486
133.171 144.064 0.231001 0.133512 0.0371447 0.289813 7.91521 5.44599
62 33.1722 19.8429 111.84
133.171 144.064 0.231001 0.133512 0.0371447 0.289813 7.91521 5.44599
63 33.1722 20.1538 96.8332
133.171 144.064 0.231001 0.133512 0.0371447 0.289813 7.91521 5.44599
64 33.1722 20.5427 92.9875
133.171 144.064 0.231001 0.133512 0.0371447 0.289813 7.91521 5.44599
65 33.1722 20.9996 88.9924
133.171 144.064 0.231001 0.133512 0.0371447 0.289813 7.91521 5.44599
66 33.1722 20.3477 106.147
133.171 144.064 0.231001 0.133512 0.0371447 0.289813 7.91521 5.44599
67 33.1722 21.6229 100.86
133.171 144.064 0.231001 0.133512 0.0371447 0.289813 7.91521 5.44599
68 33.1722 20.1671 115.839
133.171 144.064 0.231001 0.133512 0.0371447 0.289813 7.91521 5.44599
69 33.1722 20.7994 96.0894
133.171 144.064 0.231001 0.133512 0.0371447 0.289813 7.91521 5.44599
70 33.1722 19.5487 102.142
133.171 144.064 0.231001 0.133512 0.0371447 0.289813 7.91521 5.44599
71 33.1722 20.6245 89.9075
133.171 144.064 0.231001 0.133512 0.0371447 0.289813 7.91521 5.44599
72 33.1722 20.0653 107.83
133.171 144.064 0.231001 0.133512 0.0371447 0.289813 7.91521 5.44599
73 33.1722 21.0157 106.345
133.171 144.064 0.231001 0.133512 0.0371447 0.289813 7.91521 5.44599
74 33.1722 22.1801 96.8618
133.171 144.064 0.231001 0.133512 0.0371447 0.289813 7.91521 5.44599
75 33.1722 21.7624 82.1203
133.171 144.064 0.231001 0.133512 0.0371447 0.289813 7.91521 5.44599
76 33.1722 21.7462 83.1445
133.171 144.064 0.231001 0.133512 0.0371447 0.289813 7.91521 5.44599
77 33.1722 21.0927 82.5818
133.171 144.064 0.231001 0.133512 0.0371447 0.289813 7.91521 5.44599
78 33.1722 19.07 115.438
133.171 144.064 0.231001 0.133512 0.0371447 0.289813 7.91521 5.44599
79 33.1722 18.3223 130.244
133.171 144.064 0.231001 0.133512 0.0371447 0.289813 7.91521 5.44599
80 33.1722 19.3538 118.027
133.171 144.064 0.231001 0.133512 0.0371447 0.289813 7.91521 5.44599
81 33.1722 19.5184 114.693
133.171 144.064 0.231001 0.133512 0.0371447 0.289813 7.91521 5.44599
82 33.1722 19.156 130.552
133.171 144.064 0.231001 0.133512 0.0371447 0.289813 7.91521 5.44599
83 33.1722 21.2073 109.175
133.171 144.064 0.231001 0.133512 0.0371447 0.289813 7.91521 5.44599
84 33.1722 19.6937 115.665
133.171 144.064 0.231001 0.133512 0.0371447 0.289813 7.91521 5.44599
85 33.1722 19.6712 115.447
133.171 144.064 0.231001 0.133512 0.0371447 0.289813 7.91521 5.44599
86 33.1722 21.737 93.8935
133.171 144.064 0.231001 0.133512 0.0371447 0.289813 7.91521 5.44599
87 33.1722 21.8379 97.2657
133.171 144.064 0.231001 0.133512 0.0371447 0.289813 7.91521 5.44599
88 33.1722 18.9996 129.712
133.171 144.064 0.231001 0.133512 0.0371447 0.289813 7.91521 5.44599
89 33.1722 20.01 120.628
133.171 144.064 0.231001 0.133512 0.0371447 0.289813 7.91521 5.44599
90 33.1722 21.1106 96.7441
133.171 144.064 0.231001 0.133512 0.0371447 0.289813 7.91521 5.44599
91 33.1722 21.4169 74.6378
133.171 144.064 0.231001 0.133512 0.0371447 0.289813 7.91521 5.44599
92 33.1722 21.298 82.5403
133.171 144.064 0.231001 0.133512 0.0371447 0.289813 7.91521 5.44599
93 33.1722 20.8155 80.5481
133.171 144.064 0.231001 0.133512 0.0371447 0.289813 7.91521 5.44599
94 33.1722 22.6116 64.7007
133.171 144.064 0.231001 0.133512 0.0371447 0.289813 7.91521 5.44599
95 33.1722 21.0348 80.8124
133.171 144.064 0.231001 0.133512 0.0371447 0.289813 7.91521 5.44599
96 33.1722 21.3004 85.6254
133.171 144.064 0.231001 0.133512 0.0371447 0.289813 7.91521 5.44599
97 33.1722 21.9642 62.6381
133.171 144.064 0.231001 0.133512 0.0371447 0.289813 7.91521 5.44599
98 33.1722 21.2681 68.8391
133.171 144.064 0.231001 0.133512 0.0371447 0.289813 7.91521 5.44599
99 33.1722 22.1537 52.9017
133.171 144.064 0.231001 0.133512 0.0371447 0.289813 7.91521 5.44599
100 33.1722 22.022 75.0496
133.171 144.064 0.231001 0.133512 0.0371447 0.289813 7.91521 5.44599
