0 2.94733 0.460156 0.884235
164.577 125.631 0.130759 0.255175 0.92902 0.433169 7.04409 7.8396
1 2.94733 0.540374 1.13069
164.577 125.631 0.130759 0.255175 0.92902 0.433169 7.04409 7.8396
2 5.69238 0.910745 2.68315
134.881 109.901 0.0386079 0 0.0455358 0.807741 0.194118 9.73952
3 8.5605 1.84879 6.91529
166.43 123.538 0.249816 0.173535 0.821238 0.353168 6.54069 7.41299
4 8.5605 2.44015 8.34622
166.43 123.538 0.249816 0.173535 0.821238 0.353168 6.54069 7.41299
5 8.5605 2.68504 8.69403
166.43 123.538 0.249816 0.173535 0.821238 0.353168 6.54069 7.41299
6 8.5605 2.67261 9.37397
166.43 123.538 0.249816 0.173535 0.821238 0.353168 6.54069 7.41299
7 8.56459 3.17521 11.3039
166.389 122.626 0.24133 0.16118 0.81756 0.34528 6.5533 7.30193
8 8.56459 3.02762 8.64543
166.389 122.626 0.24133 0.16118 0.81756 0.34528 6.5533 7.30193
9 8.57087 3.90155 10.5557
164.809 123.819 0.21081 0.158962 0.782096 0.383875 6.84591 7.10651
10 8.57094 4.67337 10.1669
167.733 124.993 0.236196 0.176163 0.912582 0.360058 6.70556 7.26401
11 8.57094 3.96368 7.86136
167.733 124.993 0.236196 0.176163 0.912582 0.360058 6.70556 7.26401
12 8.57094 3.68209 7.06712
167.733 124.993 0.236196 0.176163 0.912582 0.360058 6.70556 7.26401
13 8.57094 4.05099 8.96889
167.733 124.993 0.236196 0.176163 0.912582 0.360058 6.70556 7.26401
14 8.57094 3.81722 10.6447
167.733 124.993 0.236196 0.176163 0.912582 0.360058 6.70556 7.26401
15 14.5021 4.34237 14.036
138.1 104.226 0.170464 0.00036414 0.129831 0.882914 2.81077 7.70369
16 14.5021 4.40423 16.4617
138.1 104.226 0.170464 0.00036414 0.129831 0.882914 2.81077 7.70369
17 14.5021 5.313 20.383
138.1 104.226 0.170464 0.00036414 0.129831 0.882914 2.81077 7.70369
18 14.5021 5.86711 19.2358
138.1 104.226 0.170464 0.00036414 0.129831 0.882914 2.81077 7.70369
19 14.5021 5.79147 18.8367
138.1 104.226 0.170464 0.00036414 0.129831 0.882914 2.81077 7.70369
20 14.5021 6.44202 17.7668
138.1 104.226 0.170464 0.00036414 0.129831 0.882914 2.81077 7.70369
21 14.5021 6.37027 20.4786
138.1 104.226 0.170464 0.00036414 0.129831 0.882914 2.81077 7.70369
22 14.5021 6.65363 21.8762
138.1 104.226 0.170464 0.00036414 0.129831 0.882914 2.81077 7.70369
23 17.1168 7.65646 27.3914
136.988 100 0.188278 0.00111604 0.14793 0.929115 2.99166 8.09106
24 17.1168 7.11475 25.9716
136.988 100 0.188278 0.00111604 0.14793 0.929115 2.99166 8.09106
25 17.1168 7.37968 22.8729
136.988 100 0.188278 0.00111604 0.14793 0.929115 2.99166 8.09106
26 17.1168 8.37801 23.3517
136.988 100 0.188278 0.00111604 0.14793 0.929115 2.99166 8.09106
27 17.1168 7.50621 21.5197
136.988 100 0.188278 0.00111604 0.14793 0.929115 2.99166 8.09106
28 17.1168 9.22037 25.0362
136.988 100 0.188278 0.00111604 0.14793 0.929115 2.99166 8.09106
29 17.1168 8.86084 20.6701
136.988 100 0.188278 0.00111604 0.14793 0.929115 2.99166 8.09106
30 17.1168 8.51903 19.4515
136.988 100 0.188278 0.00111604 0.14793 0.929115 2.99166 8.09106
31 17.1168 9.29611 16.4303
136.988 100 0.188278 0.00111604 0.14793 0.929115 2.99166 8.09106
32 17.1168 10.0599 10.573
136.988 100 0.188278 0.00111604 0.14793 0.929115 2.99166 8.09106
33 17.1168 8.64767 17.3657
136.988 100 0.188278 0.00111604 0.14793 0.929115 2.99166 8.09106
34 17.2828 10.2218 15.2583
136.589 102.993 0.19016 0.000289886 0.0977581 0.939532 2.82407 7.35882
35 17.2828 9.50147 20.6437
136.589 102.993 0.19016 0.000289886 0.0977581 0.939532 2.82407 7.35882
36 17.2828 8.50665 19.5438
136.589 102.993 0.19016 0.000289886 0.0977581 0.939532 2.82407 7.35882
37 17.2828 9.63471 17.0354
136.589 102.993 0.19016 0.000289886 0.0977581 0.939532 2.82407 7.35882
38 17.2828 9.94887 21.9351
136.589 102.993 0.19016 0.000289886 0.0977581 0.939532 2.82407 7.35882
39 17.2828 9.30731 14.5993
136.589 102.993 0.19016 0.000289886 0.0977581 0.939532 2.82407 7.35882
40 17.2828 9.43325 26.8886
136.589 102.993 0.19016 0.000289886 0.0977581 0.939532 2.82407 7.35882
41 17.2828 8.29117 25.9011
136.589 102.993 0.19016 0.000289886 0.0977581 0.939532 2.82407 7.35882
42 17.2828 8.50446 25.8287
136.589 102.993 0.19016 0.000289886 0.0977581 0.939532 2.82407 7.35882
43 17.2828 8.49238 20.2469
136.589 102.993 0.19016 0.000289886 0.0977581 0.939532 2.82407 7.35882
44 17.2828 9.20738 20.4215
136.589 102.993 0.19016 0.000289886 0.0977581 0.939532 2.82407 7.35882
45 17.2828 9.64435 15.1258
136.589 102.993 0.19016 0.000289886 0.0977581 0.939532 2.82407 7.35882
46 17.2828 9.21149 15.9599
136.589 102.993 0.19016 0.000289886 0.0977581 0.939532 2.82407 7.35882
47 17.2828 8.71045 15.3007
136.589 102.993 0.19016 0.000289886 0.0977581 0.939532 2.82407 7.35882
48 17.2828 9.30116 18.8087
136.589 102.993 0.19016 0.000289886 0.0977581 0.939532 2.82407 7.35882
49 17.2828 8.92581 18.4337
136.589 102.993 0.19016 0.000289886 0.0977581 0.939532 2.82407 7.35882
50 17.2828 9.14307 19.9564
136.589 102.993 0.19016 0.000289886 0.0977581 0.939532 2.82407 7.35882
51 17.2828 9.07029 17.71
136.589 102.993 0.19016 0.000289886 0.0977581 0.939532 2.82407 7.35882
52 17.2828 8.37803 29.7498
136.589 102.993 0.19016 0.000289886 0.0977581 0.939532 2.82407 7.35882
53 17.2828 7.36069 25.1321
136.589 102.993 0.19016 0.000289886 0.0977581 0.939532 2.82407 7.35882
54 17.2828 8.78559 30.7536
136.589 102.993 0.19016 0.000289886 0.0977581 0.939532 2.82407 7.35882
55 17.2828 8.50706 22.5217
136.589 102.993 0.19016 0.000289886 0.0977581 0.939532 2.82407 7.35882
56 17.2828 8.31101 22.2403
136.589 102.993 0.19016 0.000289886 0.0977581 0.939532 2.82407 7.35882
57 17.2828 7.7305 27.4647
136.589 102.993 0.19016 0.000289886 0.0977581 0.939532 2.82407 7.35882
58 17.2828 7.09188 37.733
136.589 102.993 0.19016 0.000289886 0.0977581 0.939532 2.82407 7.35882
59 17.2828 7.02449 36.2516
136.589 102.993 0.19016 0.000289886 0.0977581 0.939532 2.82407 7.35882
60 17.2828 7.71432 33.3538
136.589 102.993 0.19016 0.000289886 0.0977581 0.939532 2.82407 7.35882
61 17.2828 7.86093 28.5075
136.589 102.993 0.19016 0.000289886 0.0977581 0.939532 2.82407 7.35882
62 17.2828 8.15565 29.3411
136.589 102.993 0.19016 0.000289886 0.0977581 0.939532 2.82407 7.35882
63 17.2828 8.08751 30.9268
136.589 102.993 0.19016 0.000289886 0.0977581 0.939532 2.82407 7.35882
64 17.2828 7.93117 23.7202
136.589 102.993 0.19016 0.000289886 0.0977581 0.939532 2.82407 7.35882
65 17.2828 9.0003 23.6695
136.589 102.993 0.19016 0.000289886 0.0977581 0.939532 2.82407 7.35882
66 17.2828 8.57506 16.6857
136.589 102.993 0.19016 0.000289886 0.0977581 0.939532 2.82407 7.35882
67 17.2828 9.22399 18.4967
136.589 102.993 0.19016 0.000289886 0.0977581 0.939532 2.82407 7.35882
68 17.2828 8.94609 18.4684
136.589 102.993 0.19016 0.000289886 0.0977581 0.939532 2.82407 7.35882
69 17.2828 8.81142 27.2793
136.589 102.993 0.19016 0.000289886 0.0977581 0.939532 2.82407 7.35882
70 17.2828 7.71178 18.5425
136.589 102.993 0.19016 0.000289886 0.0977581 0.939532 2.82407 7.35882
71 17.2828 8.85918 18.7984
136.589 102.993 0.19016 0.000289886 0.0977581 0.939532 2.82407 7.35882
72 17.2828 9.3054 10.8433
136.589 102.993 0.19016 0.000289886 0.0977581 0.939532 2.82407 7.35882
73 17.2828 9.78514 14.8025
136.589 102.993 0.19016 0.000289886 0.0977581 0.939532 2.82407 7.35882
74 17.2828 9.77758 15.2697
136.589 102.993 0.19016 0.000289886 0.0977581 0.939532 2.82407 7.35882
75 17.2828 10.2873 11.2137
136.589 102.993 0.19016 0.000289886 0.0977581 0.939532 2.82407 7.35882
76 17.2828 10.3649 10.4085
136.589 102.993 0.19016 0.000289886 0.0977581 0.939532 2.82407 7.35882
77 17.2828 10.3299 19.9045
136.589 102.993 0.19016 0.000289886 0.0977581 0.939532 2.82407 7.35882
78 17.2828 9.68757 25.0174
136.589 102.993 0.19016 0.000289886 0.0977581 0.939532 2.82407 7.35882
79 17.2828 9.70787 33.6635
136.589 102.993 0.19016 0.000289886 0.0977581 0.939532 2.82407 7.35882
80 17.2828 7.51766 31.9031
136.589 102.993 0.19016 0.000289886 0.0977581 0.939532 2.82407 7.35882
81 17.2828 7.16125 38.2964
136.589 102.993 0.19016 0.000289886 0.0977581 0.939532 2.82407 7.35882
82 17.2828 8.66245 23.0835
136.589 102.993 0.19016 0.000289886 0.0977581 0.939532 2.82407 7.35882
83 17.2828 8.16328 30.9156
136.589 102.993 0.19016 0.000289886 0.0977581 0.939532 2.82407 7.35882
84 17.2828 9.36857 25.379
136.589 102.993 0.19016 0.000289886 0.0977581 0.939532 2.82407 7.35882
85 17.2828 9.94109 18.1909
136.589 102.993 0.19016 0.000289886 0.0977581 0.939532 2.82407 7.35882
86 17.2828 8.88235 26.84
136.589 102.993 0.19016 0.000289886 0.0977581 0.939532 2.82407 7.35882
87 17.2828 10.4242 27.8209
136.589 102.993 0.19016 0.000289886 0.0977581 0.939532 2.82407 7.35882
88 17.2828 10.4365 38.381
136.589 102.993 0.19016 0.000289886 0.0977581 0.939532 2.82407 7.35882
89 17.2828 10.5785 21.2272
136.589 102.993 0.19016 0.000289886 0.0977581 0.939532 2.82407 7.35882
90 17.2828 9.10549 38.753
136.589 102.993 0.19016 0.000289886 0.0977581 0.939532 2.82407 7.35882
91 17.2828 9.29223 37.951
136.589 102.993 0.19016 0.000289886 0.0977581 0.939532 2.82407 7.35882
92 17.2828 8.92968 35.3199
136.589 102.993 0.19016 0.000289886 0.0977581 0.939532 2.82407 7.35882
93 17.2828 9.16934 36.7096
136.589 102.993 0.19016 0.000289886 0.0977581 0.939532 2.82407 7.35882
94 17.2828 8.85125 38.0391
136.589 102.993 0.19016 0.000289886 0.0977581 0.939532 2.82407 7.35882
95 17.2828 9.09817 32.6441
136.589 102.993 0.19016 0.000289886 0.0977581 0.939532 2.82407 7.35882
96 17.2828 9.3126 31.5057
136.589 102.993 0.19016 0.000289886 0.0977581 0.939532 2.82407 7.35882
97 17.2828 9.54178 39.2642
136.589 102.993 0.19016 0.000289886 0.0977581 0.939532 2.82407 7.35882
98 17.2828 10.1744 37.7658
136.589 102.993 0.19016 0.000289886 0.0977581 0.939532 2.82407 7.35882
99 17.2828 10.0173 37.4522
136.589 102.993 0.19016 0.000289886 0.0977581 0.939532 2.82407 7.35882
100 17.2828 11.0217 27.3195
136.589 102.993 0.19016 0.000289886 0.0977581 0.939532 2.82407 7.35882
