0 4.27244 0.275844 0.887847
127.814 146.855 0.283661 0.00172857 0.523542 0.0918701 1.64258 9.37673
1 7.115 0.778448 3.42235
132.891 156.527 0.319256 0 0.496359 0.126811 1.9037 9.03876
2 7.115 1.06094 4.37916
132.891 156.527 0.319256 0 0.496359 0.126811 1.9037 9.03876
3 7.115 1.41604 6.1099
132.891 156.527 0.319256 0 0.496359 0.126811 1.9037 9.03876
4 7.115 1.62526 6.60619
132.891 156.527 0.319256 0 0.496359 0.126811 1.9037 9.03876
5 11.4064 2.47088 12.9982
138.776 155.035 0.324884 0.0946389 0.490084 0.102549 2.713 9.80601
6 11.4064 2.89765 15.3276
138.776 155.035 0.324884 0.0946389 0.490084 0.102549 2.713 9.80601
7 12.82 4.10847 22.0114
132.812 156.27 0.324817 0.0912463 0.490418 0.132692 2.54168 9.24376
8 17.0738 4.96768 27.0772
140.981 149.692 0.301103 0.120433 0.423523 0.130758 3.12523 10
9 17.0738 4.75915 30.112
140.981 149.692 0.301103 0.120433 0.423523 0.130758 3.12523 10
10 17.0738 5.74608 36.47
140.981 149.692 0.301103 0.120433 0.423523 0.130758 3.12523 10
11 17.1092 5.46212 36.636
142.639 150.724 0.300826 0.123954 0.409632 0.141398 3.6524 9.92478
12 17.1092 5.95931 35.6935
142.639 150.724 0.300826 0.123954 0.409632 0.141398 3.6524 9.92478
13 17.1092 6.25772 29.9162
142.639 150.724 0.300826 0.123954 0.409632 0.141398 3.6524 9.92478
14 17.1092 7.61125 36.0809
142.639 150.724 0.300826 0.123954 0.409632 0.141398 3.6524 9.92478
15 17.1527 7.46682 45.1071
142.412 156.576 0.296874 0.154788 0.397219 0.0841553 3.98413 10
16 17.1527 7.96054 42.9906
142.412 156.576 0.296874 0.154788 0.397219 0.0841553 3.98413 10
17 17.1527 8.38031 32.5291
142.412 156.576 0.296874 0.154788 0.397219 0.0841553 3.98413 10
18 17.1527 8.81053 42.5962
142.412 156.576 0.296874 0.154788 0.397219 0.0841553 3.98413 10
19 17.1527 9.09571 41.7138
142.412 156.576 0.296874 0.154788 0.397219 0.0841553 3.98413 10
20 17.1527 8.46642 46.3203
142.412 156.576 0.296874 0.154788 0.397219 0.0841553 3.98413 10
21 17.1527 7.98402 38.8568
142.412 156.576 0.296874 0.154788 0.397219 0.0841553 3.98413 10
22 17.1527 8.36159 39.8927
142.412 156.576 0.296874 0.154788 0.397219 0.0841553 3.98413 10
23 17.1527 7.63865 32.8752
142.412 156.576 0.296874 0.154788 0.397219 0.0841553 3.98413 10
24 17.1527 7.56495 34.5221
142.412 156.576 0.296874 0.154788 0.397219 0.0841553 3.98413 10
25 17.1534 8.21706 43.6588
144.051 149.302 0.320398 0.123812 0.147951 0.165647 3.14064 9.79239
26 17.1592 8.72949 44.2348
143.574 156.957 0.288599 0.150476 0.399357 0.0879467 3.9239 9.946
27 17.2382 8.93997 41.0383
144.057 151.115 0.304737 0.134649 0.126117 0.192794 3.23874 9.90372
28 17.2382 8.32539 42.4032
144.057 151.115 0.304737 0.134649 0.126117 0.192794 3.23874 9.90372
29 17.2382 8.82787 38.3429
144.057 151.115 0.304737 0.134649 0.126117 0.192794 3.23874 9.90372
30 17.2382 10.3267 37.1022
144.057 151.115 0.304737 0.134649 0.126117 0.192794 3.23874 9.90372
31 17.2382 10.6291 34.0426
144.057 151.115 0.304737 0.134649 0.126117 0.192794 3.23874 9.90372
32 17.2382 10.6833 29.218
144.057 151.115 0.304737 0.134649 0.126117 0.192794 3.23874 9.90372
33 17.2382 11.7093 25.6097
144.057 151.115 0.304737 0.134649 0.126117 0.192794 3.23874 9.90372
34 17.2803 11.0885 27.707
146.901 148.683 0.291251 0.133206 0.0993119 0.226428 3.21773 10
35 17.3417 10.7835 30.6749
161.881 160.788 0.292398 0.19967 0.121495 0.229665 3.21804 10
36 17.3417 9.52444 39.1291
161.881 160.788 0.292398 0.19967 0.121495 0.229665 3.21804 10
37 17.3417 8.7464 42.134
161.881 160.788 0.292398 0.19967 0.121495 0.229665 3.21804 10
38 17.3417 9.16828 42.7268
161.881 160.788 0.292398 0.19967 0.121495 0.229665 3.21804 10
39 17.4216 9.2521 44.1631
128.422 121.654 0.277623 0.0870894 0.140551 0.361376 5.53007 7.27912
40 17.4216 9.35033 42.5935
128.422 121.654 0.277623 0.0870894 0.140551 0.361376 5.53007 7.27912
41 17.6272 10.5027 46.4737
151.156 148.43 0.292602 0.0276301 0.181163 0.261387 5.80267 9.47583
42 17.6272 11.0491 34.0921
151.156 148.43 0.292602 0.0276301 0.181163 0.261387 5.80267 9.47583
43 17.7297 11.5756 39.8073
138.865 110.846 0.275094 0.0165944 0.129627 0.432767 5.97632 8.54237
44 17.7297 12.0734 26.5168
138.865 110.846 0.275094 0.0165944 0.129627 0.432767 5.97632 8.54237
45 17.7297 10.4742 38.6704
138.865 110.846 0.275094 0.0165944 0.129627 0.432767 5.97632 8.54237
46 17.7832 10.8916 42.5699
138.033 129.159 0.303658 0.0813308 0.0793697 0.258648 7.11111 8.46266
47 18.2154 10.2428 54.868
138.808 132.215 0.29556 0.113784 0.128503 0.295903 6.91311 8.53391
48 18.2154 9.87189 54.0553
138.808 132.215 0.29556 0.113784 0.128503 0.295903 6.91311 8.53391
49 18.2154 8.80814 50.8274
138.808 132.215 0.29556 0.113784 0.128503 0.295903 6.91311 8.53391
50 18.5204 11.0589 39.6531
143.134 137.324 0.28056 0.0953707 0.0984462 0.296743 6.45712 8.63229
51 18.5204 11.8331 39.8007
143.134 137.324 0.28056 0.0953707 0.0984462 0.296743 6.45712 8.63229
52 18.5204 10.8274 33.4601
143.134 137.324 0.28056 0.0953707 0.0984462 0.296743 6.45712 8.63229
53 18.5204 11.4295 32.4094
143.134 137.324 0.28056 0.0953707 0.0984462 0.296743 6.45712 8.63229
54 18.5204 10.2306 31.9424
143.134 137.324 0.28056 0.0953707 0.0984462 0.296743 6.45712 8.63229
55 18.5204 9.62966 35.712
143.134 137.324 0.28056 0.0953707 0.0984462 0.296743 6.45712 8.63229
56 18.5204 11.1908 36.8303
143.134 137.324 0.28056 0.0953707 0.0984462 0.296743 6.45712 8.63229
57 18.5204 11.0933 34.3179
143.134 137.324 0.28056 0.0953707 0.0984462 0.296743 6.45712 8.63229
58 18.5204 11.5251 37.2365
143.134 137.324 0.28056 0.0953707 0.0984462 0.296743 6.45712 8.63229
59 18.5204 10.9436 32.651
143.134 137.324 0.28056 0.0953707 0.0984462 0.296743 6.45712 8.63229
60 18.5204 11.9915 37.7841
143.134 137.324 0.28056 0.0953707 0.0984462 0.296743 6.45712 8.63229
61 18.5204 10.7431 37.9442
143.134 137.324 0.28056 0.0953707 0.0984462 0.296743 6.45712 8.63229
62 18.5204 9.72521 38.2808
143.134 137.324 0.28056 0.0953707 0.0984462 0.296743 6.45712 8.63229
63 18.5204 10.7025 40.4033
143.134 137.324 0.28056 0.0953707 0.0984462 0.296743 6.45712 8.63229
64 21.4147 10.0659 51.8978
147.048 140.426 0.456105 0.201009 0 0.10561 5.32207 9.71358
65 21.4147 9.94705 57.6825
147.048 140.426 0.456105 0.201009 0 0.10561 5.32207 9.71358
66 21.4147 10.2781 59.5493
147.048 140.426 0.456105 0.201009 0 0.10561 5.32207 9.71358
67 21.4147 8.522 41.1638
147.048 140.426 0.456105 0.201009 0 0.10561 5.32207 9.71358
68 21.4147 8.73521 53.9119
147.048 140.426 0.456105 0.201009 0 0.10561 5.32207 9.71358
69 21.4147 8.71709 59.3926
147.048 140.426 0.456105 0.201009 0 0.10561 5.32207 9.71358
70 21.4147 9.9916 74.2017
147.048 140.426 0.456105 0.201009 0 0.10561 5.32207 9.71358
71 21.4888 10.5692 80.8926
150.027 142.714 0.435443 0.26233 0.0228896 0.0590528 5.97313 8.7013
72 21.4888 9.80201 61.0585
150.027 142.714 0.435443 0.26233 0.0228896 0.0590528 5.97313 8.7013
73 21.4888 9.86816 67.2342
150.027 142.714 0.435443 0.26233 0.0228896 0.0590528 5.97313 8.7013
74 21.4888 12.012 67.3124
150.027 142.714 0.435443 0.26233 0.0228896 0.0590528 5.97313 8.7013
75 22.8556 11.5722 68.7769
128.922 137.511 0.432963 0.171644 0.0264061 0.171405 5.75711 8.99647
76 22.8556 12.0137 66.6207
128.922 137.511 0.432963 0.171644 0.0264061 0.171405 5.75711 8.99647
77 22.8556 9.94676 64.335
128.922 137.511 0.432963 0.171644 0.0264061 0.171405 5.75711 8.99647
78 22.8556 11.7221 58.8261
128.922 137.511 0.432963 0.171644 0.0264061 0.171405 5.75711 8.99647
79 22.8556 11.3725 67.7141
128.922 137.511 0.432963 0.171644 0.0264061 0.171405 5.75711 8.99647
80 22.8556 11.8162 58.5354
128.922 137.511 0.432963 0.171644 0.0264061 0.171405 5.75711 8.99647
81 22.8556 11.1531 58.2594
128.922 137.511 0.432963 0.171644 0.0264061 0.171405 5.75711 8.99647
82 22.8556 10.1534 68.0509
128.922 137.511 0.432963 0.171644 0.0264061 0.171405 5.75711 8.99647
83 22.8556 9.99456 74.7754
128.922 137.511 0.432963 0.171644 0.0264061 0.171405 5.75711 8.99647
84 22.8556 11.3099 66.9891
128.922 137.511 0.432963 0.171644 0.0264061 0.171405 5.75711 8.99647
85 22.8556 11.3801 65.544
128.922 137.511 0.432963 0.171644 0.0264061 0.171405 5.75711 8.99647
86 22.8556 10.8442 77.9164
128.922 137.511 0.432963 0.171644 0.0264061 0.171405 5.75711 8.99647
87 22.8556 9.12804 65.347
128.922 137.511 0.432963 0.171644 0.0264061 0.171405 5.75711 8.99647
88 22.8556 8.19793 56.6193
128.922 137.511 0.432963 0.171644 0.0264061 0.171405 5.75711 8.99647
89 22.8556 11.0793 55.7461
128.922 137.511 0.432963 0.171644 0.0264061 0.171405 5.75711 8.99647
90 22.8556 8.46871 56.7023
128.922 137.511 0.432963 0.171644 0.0264061 0.171405 5.75711 8.99647
91 22.8556 8.82115 70.3207
128.922 137.511 0.432963 0.171644 0.0264061 0.171405 5.75711 8.99647
92 22.8556 9.88984 66.6997
128.922 137.511 0.432963 0.171644 0.0264061 0.171405 5.75711 8.99647
93 22.8556 10.0979 69.74
128.922 137.511 0.432963 0.171644 0.0264061 0.171405 5.75711 8.99647
94 22.8556 10.887 60.6037
128.922 137.511 0.432963 0.171644 0.0264061 0.171405 5.75711 8.99647
95 22.8556 9.97086 55.2798
128.922 137.511 0.432963 0.171644 0.0264061 0.171405 5.75711 8.99647
96 22.8556 11.0785 59.6676
128.922 137.511 0.432963 0.171644 0.0264061 0.171405 5.75711 8.99647
97 23.0246 11.0885 67.7898
131.016 130.379 0.396566 0.23895 0 0.1382 6.52971 8.79964
98 23.0246 11.2654 60.5807
131.016 130.379 0.396566 0.23895 0 0.1382 6.52971 8.79964
99 23.0246 12.777 68.7508
131.016 130.379 0.396566 0.23895 0 0.1382 6.52971 8.79964
100 23.0246 13.1322 46.6719
131.016 130.379 0.396566 0.23895 0 0.1382 6.52971 8.79964
