0 25.8048 1.15759 24.817
171.064 102.747 0.114233 0.133273 0.0668365 0.729208 8.43417 0.173565
1 26.24 2.2693 48.7375
130.274 152.042 0.0833857 0.249218 0.377627 0.209542 9.24199 1.09237
2 26.24 4.05116 80.2405
130.274 152.042 0.0833857 0.249218 0.377627 0.209542 9.24199 1.09237
3 26.388 5.92562 97.0224
137.664 127.292 0.0440966 0.171719 0.413012 0.266129 10 1.03111
4 26.388 6.84782 112.159
137.664 127.292 0.0440966 0.171719 0.413012 0.266129 10 1.03111
5 26.388 8.89052 130.965
137.664 127.292 0.0440966 0.171719 0.413012 0.266129 10 1.03111
6 26.388 8.38296 123.235
137.664 127.292 0.0440966 0.171719 0.413012 0.266129 10 1.03111
7 26.3888 9.06816 134.897
137.686 127.29 0.0440642 0.171592 0.413572 0.266214 9.99953 1.03805
8 26.3888 10.0731 134.432
137.686 127.29 0.0440642 0.171592 0.413572 0.266214 9.99953 1.03805
9 26.5482 10.3793 138.728
135.99 158.028 0.138103 0.214312 0.132068 0.0205835 10 0
10 26.5482 11.4864 139.956
135.99 158.028 0.138103 0.214312 0.132068 0.0205835 10 0
11 26.5482 13.2821 132.592
135.99 158.028 0.138103 0.214312 0.132068 0.0205835 10 0
12 26.5482 12.7308 131.338
135.99 158.028 0.138103 0.214312 0.132068 0.0205835 10 0
13 26.5599 14.366 133.263
128.377 141.191 0.0612256 0.173643 0.284504 0.139414 9.79169 1.03236
14 26.5599 14.583 125.398
128.377 141.191 0.0612256 0.173643 0.284504 0.139414 9.79169 1.03236
15 26.5599 14.4551 125.408
128.377 141.191 0.0612256 0.173643 0.284504 0.139414 9.79169 1.03236
16 26.6151 15.4049 127.599
139.306 158.553 0.0977873 0.194262 0.146153 0.00954124 8.84889 0.10695
17 26.6718 15.903 128.729
132.805 156.742 0.126276 0.166449 0.0409418 0.0822471 8.79619 0.300957
18 26.7686 16.199 121.844
140.987 156.459 0.146262 0.141599 0.0491447 0.0476722 9.54636 0.111932
19 26.7686 16.4232 126.172
140.987 156.459 0.146262 0.141599 0.0491447 0.0476722 9.54636 0.111932
20 26.7686 15.7061 128.262
140.987 156.459 0.146262 0.141599 0.0491447 0.0476722 9.54636 0.111932
21 26.8191 15.6287 139.651
132.115 159.518 0.105401 0.152819 0.034049 0.0401141 8.58476 0.26766
22 26.8191 15.2331 131.718
132.115 159.518 0.105401 0.152819 0.034049 0.0401141 8.58476 0.26766
23 26.8191 17.299 126.146
132.115 159.518 0.105401 0.152819 0.034049 0.0401141 8.58476 0.26766
24 26.8191 16.0624 129.236
132.115 159.518 0.105401 0.152819 0.034049 0.0401141 8.58476 0.26766
25 26.8191 16.292 138.991
132.115 159.518 0.105401 0.152819 0.034049 0.0401141 8.58476 0.26766
26 26.9119 17.0669 137.009
140.544 154.466 0.130106 0.129988 0 0.0689209 9.66376 0.211127
27 26.9119 16.7975 130.79
140.544 154.466 0.130106 0.129988 0 0.0689209 9.66376 0.211127
28 26.9119 17.3048 111.354
140.544 154.466 0.130106 0.129988 0 0.0689209 9.66376 0.211127
29 27.162 17.6873 111.937
141.329 149.808 0.127535 0.117056 0.0349257 0.0191623 9.74733 0
30 27.162 18.6908 94.7882
141.329 149.808 0.127535 0.117056 0.0349257 0.0191623 9.74733 0
31 27.162 17.4379 114.847
141.329 149.808 0.127535 0.117056 0.0349257 0.0191623 9.74733 0
32 27.3382 18.6718 120.557
134.04 125.69 0.106877 0.136752 0.0500773 0 9.8876 1.14317
33 27.3382 19.7106 87.0583
134.04 125.69 0.106877 0.136752 0.0500773 0 9.8876 1.14317
34 27.4154 20.4302 71.0426
134.467 125.38 0.105659 0.132339 0.0514716 0.00059082 9.87591 1.18095
35 27.4154 19.3996 85.5033
134.467 125.38 0.105659 0.132339 0.0514716 0.00059082 9.87591 1.18095
36 27.4154 19.8512 75.4799
134.467 125.38 0.105659 0.132339 0.0514716 0.00059082 9.87591 1.18095
37 27.4154 16.88 101.561
134.467 125.38 0.105659 0.132339 0.0514716 0.00059082 9.87591 1.18095
38 27.4154 16.7899 115.206
134.467 125.38 0.105659 0.132339 0.0514716 0.00059082 9.87591 1.18095
39 27.4154 17.3094 113.379
134.467 125.38 0.105659 0.132339 0.0514716 0.00059082 9.87591 1.18095
40 27.64 18.0867 114.026
133.008 130.44 0.124331 0.118746 0.0167014 0 9.83279 1.3823
41 27.64 17.6407 117.876
133.008 130.44 0.124331 0.118746 0.0167014 0 9.83279 1.3823
42 27.64 16.7027 116.86
133.008 130.44 0.124331 0.118746 0.0167014 0 9.83279 1.3823
43 27.64 14.7701 142.626
133.008 130.44 0.124331 0.118746 0.0167014 0 9.83279 1.3823
44 27.64 15.4129 126.879
133.008 130.44 0.124331 0.118746 0.0167014 0 9.83279 1.3823
45 27.64 15.7776 130.219
133.008 130.44 0.124331 0.118746 0.0167014 0 9.83279 1.3823
46 27.64 17.0213 128.774
133.008 130.44 0.124331 0.118746 0.0167014 0 9.83279 1.3823
47 27.64 17.9167 121.919
133.008 130.44 0.124331 0.118746 0.0167014 0 9.83279 1.3823
48 27.64 17.9561 117.103
133.008 130.44 0.124331 0.118746 0.0167014 0 9.83279 1.3823
49 27.64 15.9508 123.786
133.008 130.44 0.124331 0.118746 0.0167014 0 9.83279 1.3823
50 27.64 15.5435 124.439
133.008 130.44 0.124331 0.118746 0.0167014 0 9.83279 1.3823
51 27.64 17.5436 123.158
133.008 130.44 0.124331 0.118746 0.0167014 0 9.83279 1.3823
52 27.64 17.7429 127.31
133.008 130.44 0.124331 0.118746 0.0167014 0 9.83279 1.3823
53 27.64 16.699 99.8221
133.008 130.44 0.124331 0.118746 0.0167014 0 9.83279 1.3823
54 27.64 17.9455 110.027
133.008 130.44 0.124331 0.118746 0.0167014 0 9.83279 1.3823
55 27.64 20.4067 74.4152
133.008 130.44 0.124331 0.118746 0.0167014 0 9.83279 1.3823
56 27.9589 19.9913 75.2075
131.782 128.704 0.121118 0.11673 0 0 10 1.84929
57 27.9589 20.2259 85.0456
131.782 128.704 0.121118 0.11673 0 0 10 1.84929
58 27.9589 21.7985 59.2778
131.782 128.704 0.121118 0.11673 0 0 10 1.84929
59 27.9589 20.8092 71.9888
131.782 128.704 0.121118 0.11673 0 0 10 1.84929
60 27.9589 18.637 93.6532
131.782 128.704 0.121118 0.11673 0 0 10 1.84929
61 28.31 19.9307 79.4607
156.812 105.907 0.0772585 0.141567 0.108524 0.0230995 9.50301 3.99604
62 28.31 19.1579 82.1953
156.812 105.907 0.0772585 0.141567 0.108524 0.0230995 9.50301 3.99604
63 28.31 17.3906 102.165
156.812 105.907 0.0772585 0.141567 0.108524 0.0230995 9.50301 3.99604
64 28.31 19.8923 77.663
156.812 105.907 0.0772585 0.141567 0.108524 0.0230995 9.50301 3.99604
65 28.3925 19.1397 93.8499
156.566 111.471 0.0533571 0.170858 0.176608 0.0032221 10 4.1577
66 28.3925 19.1835 99.4101
156.566 111.471 0.0533571 0.170858 0.176608 0.0032221 10 4.1577
67 28.3925 18.7077 93.1265
156.566 111.471 0.0533571 0.170858 0.176608 0.0032221 10 4.1577
68 28.3925 19.1844 98.2849
156.566 111.471 0.0533571 0.170858 0.176608 0.0032221 10 4.1577
69 28.3925 18.7236 95.6262
156.566 111.471 0.0533571 0.170858 0.176608 0.0032221 10 4.1577
70 28.3925 18.8175 86.916
156.566 111.471 0.0533571 0.170858 0.176608 0.0032221 10 4.1577
71 28.3925 19.6083 82.6917
156.566 111.471 0.0533571 0.170858 0.176608 0.0032221 10 4.1577
72 28.3929 20.211 74.972
162.331 106.762 0.0421037 0.162792 0.217824 0 9.98502 4.06832
73 28.5123 20.1385 80.6323
127.987 140.41 0.0919864 0.121548 0.0597454 0.0697398 9.73041 3.79359
74 28.5512 19.6822 72.7495
162.231 104.884 0.0498598 0.156559 0.212924 0.00874348 9.92858 4.0365
75 28.5512 17.1398 95.019
162.231 104.884 0.0498598 0.156559 0.212924 0.00874348 9.92858 4.0365
76 28.5512 18.2873 95.1459
162.231 104.884 0.0498598 0.156559 0.212924 0.00874348 9.92858 4.0365
77 28.5884 16.4955 104.136
156.919 111.053 0.057336 0.168037 0.177437 0.00113889 9.98328 4.16794
78 28.5884 17.0156 111.086
156.919 111.053 0.057336 0.168037 0.177437 0.00113889 9.98328 4.16794
79 28.5884 17.2738 104.951
156.919 111.053 0.057336 0.168037 0.177437 0.00113889 9.98328 4.16794
80 30.0544 17.3558 100.61
158.329 118.807 0.0738012 0.192657 0.059568 0 10 5.87759
81 30.0544 17.6879 93.8786
158.329 118.807 0.0738012 0.192657 0.059568 0 10 5.87759
82 30.0544 17.3711 112.872
158.329 118.807 0.0738012 0.192657 0.059568 0 10 5.87759
83 30.0544 18.1998 113.632
158.329 118.807 0.0738012 0.192657 0.059568 0 10 5.87759
84 30.0544 17.2895 110.978
158.329 118.807 0.0738012 0.192657 0.059568 0 10 5.87759
85 33.7495 17.6668 115.062
155.787 119.415 0.0702584 0.173773 0.0808354 0 9.93603 5.72253
86 33.7495 17.3487 118.313
155.787 119.415 0.0702584 0.173773 0.0808354 0 9.93603 5.72253
87 33.7495 17.3848 115.074
155.787 119.415 0.0702584 0.173773 0.0808354 0 9.93603 5.72253
88 33.7495 18.2944 117.183
155.787 119.415 0.0702584 0.173773 0.0808354 0 9.93603 5.72253
89 33.7495 17.6857 121.687
155.787 119.415 0.0702584 0.173773 0.0808354 0 9.93603 5.72253
90 33.7495 18.1434 130.354
155.787 119.415 0.0702584 0.173773 0.0808354 0 9.93603 5.72253
91 33.7495 19.1492 113.936
155.787 119.415 0.0702584 0.173773 0.0808354 0 9.93603 5.72253
92 33.7495 17.9265 118.367
155.787 119.415 0.0702584 0.173773 0.0808354 0 9.93603 5.72253
93 33.7495 19.4023 114.133
155.787 119.415 0.0702584 0.173773 0.0808354 0 9.93603 5.72253
94 33.7495 19.6295 113.88
155.787 119.415 0.0702584 0.173773 0.0808354 0 9.93603 5.72253
95 35.4981 17.6587 127.84
154.467 119.828 0.0584193 0.161507 0.0779097 0 9.70812 5.68847
96 36.3081 19.3396 125.373
155.548 119.531 0.0672938 0.172457 0.0810802 0 9.9242 5.70061
97 36.3081 22.0423 106.644
155.548 119.531 0.0672938 0.172457 0.0810802 0 9.9242 5.70061
98 36.3081 21.3325 121.277
155.548 119.531 0.0672938 0.172457 0.0810802 0 9.9242 5.70061
99 36.3081 20.3978 142.254
155.548 119.531 0.0672938 0.172457 0.0810802 0 9.9242 5.70061
100 36.3081 20.3428 125.011
155.548 119.531 0.0672938 0.172457 0.0810802 0 9.9242 5.70061
