0 25.8878 3.67995 71.6527
133.861 162.321 0.167405 0.367379 0.259949 0.160786 0.734261 5.86587
1 25.8878 6.07898 100.569
133.861 162.321 0.167405 0.367379 0.259949 0.160786 0.734261 5.86587
2 25.8878 9.32389 143.037
133.861 162.321 0.167405 0.367379 0.259949 0.160786 0.734261 5.86587
3 25.8894 9.8088 141.447
133.625 162.172 0.166711 0.367675 0.261765 0.163439 0.752145 5.8555
4 26.1183 12.2035 162.406
133.473 135.968 0.0879212 0.253596 0 0.205639 1.55959 5.93738
5 26.2177 12.1991 165.407
131.643 137.943 0.073146 0.285282 0.0036625 0.203636 1.54123 6.12427
6 26.3027 12.5107 161.403
155.772 150.293 0.0465277 0.462322 0.23586 0.0375717 1.73061 7.66132
7 26.3692 12.6081 149.947
142.963 126.848 0.0953006 0.441663 0.0075816 0 2.77792 7.37789
8 28.2079 11.7581 156.78
129.411 120.644 0.0175215 0.277228 0 0.218965 2.33732 7.47856
9 28.2079 15.4093 164.654
129.411 120.644 0.0175215 0.277228 0 0.218965 2.33732 7.47856
10 28.2079 16.3936 152.171
129.411 120.644 0.0175215 0.277228 0 0.218965 2.33732 7.47856
11 28.2079 13.0724 148.649
129.411 120.644 0.0175215 0.277228 0 0.218965 2.33732 7.47856
12 28.2079 12.2243 146.164
129.411 120.644 0.0175215 0.277228 0 0.218965 2.33732 7.47856
13 28.286 15.8816 158.926
134.694 118.619 0.00866187 0.22253 0.0421795 0.223947 1.80504 8.15103
14 28.286 19.2638 140.646
134.694 118.619 0.00866187 0.22253 0.0421795 0.223947 1.80504 8.15103
15 28.286 18.8633 143.904
134.694 118.619 0.00866187 0.22253 0.0421795 0.223947 1.80504 8.15103
16 29.3268 21.5988 110.846
127.896 115.099 0.0169718 0.278636 0.0400205 0.171566 3.04567 7.40545
17 29.3268 20.4315 130.484
127.896 115.099 0.0169718 0.278636 0.0400205 0.171566 3.04567 7.40545
18 29.3268 18.083 145.957
127.896 115.099 0.0169718 0.278636 0.0400205 0.171566 3.04567 7.40545
19 29.3268 19.0595 140.846
127.896 115.099 0.0169718 0.278636 0.0400205 0.171566 3.04567 7.40545
20 29.39 20.8889 110.141
132.766 120.839 0.00753428 0.23874 0.0659814 0.207978 2.02412 8.26597
21 29.39 22.5512 77.3305
132.766 120.839 0.00753428 0.23874 0.0659814 0.207978 2.02412 8.26597
22 29.39 22.1173 90.33
132.766 120.839 0.00753428 0.23874 0.0659814 0.207978 2.02412 8.26597
23 29.39 20.6646 114.115
132.766 120.839 0.00753428 0.23874 0.0659814 0.207978 2.02412 8.26597
24 29.39 21.0378 109.92
132.766 120.839 0.00753428 0.23874 0.0659814 0.207978 2.02412 8.26597
25 29.4896 22.0161 99.5603
130.329 115.556 0.0118951 0.26785 0.0305297 0.164535 3.02503 7.38749
26 30.7794 20.2736 123.305
130.789 116.155 0.0159412 0.261037 0.0222216 0.159215 2.95543 7.45343
27 30.7794 19.4205 112.913
130.789 116.155 0.0159412 0.261037 0.0222216 0.159215 2.95543 7.45343
28 30.7794 19.6475 118.842
130.789 116.155 0.0159412 0.261037 0.0222216 0.159215 2.95543 7.45343
29 30.7794 18.4767 134.762
130.789 116.155 0.0159412 0.261037 0.0222216 0.159215 2.95543 7.45343
30 30.7794 19.9946 127.976
130.789 116.155 0.0159412 0.261037 0.0222216 0.159215 2.95543 7.45343
31 30.7794 17.184 147.68
130.789 116.155 0.0159412 0.261037 0.0222216 0.159215 2.95543 7.45343
32 30.8027 20.1864 137.765
133.972 115.943 0.0182515 0.25066 0.0357375 0.162452 3.42981 7.2547
33 30.8027 17.2708 155.53
133.972 115.943 0.0182515 0.25066 0.0357375 0.162452 3.42981 7.2547
34 30.8272 18.2726 156.702
131.442 115.832 0.0171982 0.258529 0.0310427 0.162039 2.96444 7.44702
35 30.8272 13.6565 171.14
131.442 115.832 0.0171982 0.258529 0.0310427 0.162039 2.96444 7.44702
36 30.8272 19.7286 134.88
131.442 115.832 0.0171982 0.258529 0.0310427 0.162039 2.96444 7.44702
37 30.8272 22.4383 95.6831
131.442 115.832 0.0171982 0.258529 0.0310427 0.162039 2.96444 7.44702
38 30.8272 17.9913 146.412
131.442 115.832 0.0171982 0.258529 0.0310427 0.162039 2.96444 7.44702
39 30.8272 15.9142 163.162
131.442 115.832 0.0171982 0.258529 0.0310427 0.162039 2.96444 7.44702
40 30.8272 20.7144 118.753
131.442 115.832 0.0171982 0.258529 0.0310427 0.162039 2.96444 7.44702
41 30.8272 20.5553 107.212
131.442 115.832 0.0171982 0.258529 0.0310427 0.162039 2.96444 7.44702
42 30.8272 15.4709 154.487
131.442 115.832 0.0171982 0.258529 0.0310427 0.162039 2.96444 7.44702
43 30.8272 17.4073 151.81
131.442 115.832 0.0171982 0.258529 0.0310427 0.162039 2.96444 7.44702
44 30.8272 17.5371 148.426
131.442 115.832 0.0171982 0.258529 0.0310427 0.162039 2.96444 7.44702
45 30.8272 18.9418 123.853
131.442 115.832 0.0171982 0.258529 0.0310427 0.162039 2.96444 7.44702
46 30.8272 21.278 116.047
131.442 115.832 0.0171982 0.258529 0.0310427 0.162039 2.96444 7.44702
47 30.8272 21.0664 102.179
131.442 115.832 0.0171982 0.258529 0.0310427 0.162039 2.96444 7.44702
48 30.8272 19.518 116.455
131.442 115.832 0.0171982 0.258529 0.0310427 0.162039 2.96444 7.44702
49 30.8272 18.8619 125.824
131.442 115.832 0.0171982 0.258529 0.0310427 0.162039 2.96444 7.44702
50 30.8272 19.896 130.385
131.442 115.832 0.0171982 0.258529 0.0310427 0.162039 2.96444 7.44702
51 30.8272 20.5822 132.597
131.442 115.832 0.0171982 0.258529 0.0310427 0.162039 2.96444 7.44702
52 30.8272 20.29 124.435
131.442 115.832 0.0171982 0.258529 0.0310427 0.162039 2.96444 7.44702
53 30.8272 22.516 101.18
131.442 115.832 0.0171982 0.258529 0.0310427 0.162039 2.96444 7.44702
54 30.8272 20.0008 147.901
131.442 115.832 0.0171982 0.258529 0.0310427 0.162039 2.96444 7.44702
55 30.8272 19.5838 107.232
131.442 115.832 0.0171982 0.258529 0.0310427 0.162039 2.96444 7.44702
56 30.8272 20.4804 98.5497
131.442 115.832 0.0171982 0.258529 0.0310427 0.162039 2.96444 7.44702
57 30.8272 18.3986 137.952
131.442 115.832 0.0171982 0.258529 0.0310427 0.162039 2.96444 7.44702
58 30.8272 19.6547 123.903
131.442 115.832 0.0171982 0.258529 0.0310427 0.162039 2.96444 7.44702
59 30.8272 20.1818 114.902
131.442 115.832 0.0171982 0.258529 0.0310427 0.162039 2.96444 7.44702
60 30.8272 21.186 90.3409
131.442 115.832 0.0171982 0.258529 0.0310427 0.162039 2.96444 7.44702
61 30.8272 18.9851 118.007
131.442 115.832 0.0171982 0.258529 0.0310427 0.162039 2.96444 7.44702
62 30.8272 22.5973 82.7212
131.442 115.832 0.0171982 0.258529 0.0310427 0.162039 2.96444 7.44702
63 30.8272 18.8177 131.724
131.442 115.832 0.0171982 0.258529 0.0310427 0.162039 2.96444 7.44702
64 30.8272 17.6978 133.802
131.442 115.832 0.0171982 0.258529 0.0310427 0.162039 2.96444 7.44702
65 30.8272 16.5392 142.966
131.442 115.832 0.0171982 0.258529 0.0310427 0.162039 2.96444 7.44702
66 30.8436 20.4893 131.813
135.137 116.047 0.0208204 0.247069 0.0263678 0.169331 3.44458 7.2182
67 30.8436 17.8178 136.972
135.137 116.047 0.0208204 0.247069 0.0263678 0.169331 3.44458 7.2182
68 30.8436 22.9441 96.0532
135.137 116.047 0.0208204 0.247069 0.0263678 0.169331 3.44458 7.2182
69 30.8926 22.0771 90.7979
135.269 116.029 0.0221025 0.244714 0.0216126 0.171339 3.43278 7.19847
70 30.8926 19.3487 139.756
135.269 116.029 0.0221025 0.244714 0.0216126 0.171339 3.43278 7.19847
71 30.8926 19.546 128.786
135.269 116.029 0.0221025 0.244714 0.0216126 0.171339 3.43278 7.19847
72 30.8926 19.2555 133.089
135.269 116.029 0.0221025 0.244714 0.0216126 0.171339 3.43278 7.19847
73 30.8926 21.7759 112.638
135.269 116.029 0.0221025 0.244714 0.0216126 0.171339 3.43278 7.19847
74 30.8926 23.8183 65.7434
135.269 116.029 0.0221025 0.244714 0.0216126 0.171339 3.43278 7.19847
75 30.8926 19.3593 125.738
135.269 116.029 0.0221025 0.244714 0.0216126 0.171339 3.43278 7.19847
76 30.8926 20.5089 112.255
135.269 116.029 0.0221025 0.244714 0.0216126 0.171339 3.43278 7.19847
77 30.8926 23.4031 61.3587
135.269 116.029 0.0221025 0.244714 0.0216126 0.171339 3.43278 7.19847
78 30.8926 24.735 45.0473
135.269 116.029 0.0221025 0.244714 0.0216126 0.171339 3.43278 7.19847
79 30.8926 23.8082 62.0259
135.269 116.029 0.0221025 0.244714 0.0216126 0.171339 3.43278 7.19847
80 30.8926 20.0872 121.959
135.269 116.029 0.0221025 0.244714 0.0216126 0.171339 3.43278 7.19847
81 30.8926 19.509 134.666
135.269 116.029 0.0221025 0.244714 0.0216126 0.171339 3.43278 7.19847
82 30.8926 20.932 98.8255
135.269 116.029 0.0221025 0.244714 0.0216126 0.171339 3.43278 7.19847
83 30.8926 23.7268 60.2256
135.269 116.029 0.0221025 0.244714 0.0216126 0.171339 3.43278 7.19847
84 30.8926 19.3081 131.055
135.269 116.029 0.0221025 0.244714 0.0216126 0.171339 3.43278 7.19847
85 30.8926 16.807 149.461
135.269 116.029 0.0221025 0.244714 0.0216126 0.171339 3.43278 7.19847
86 30.8926 19.0989 133.479
135.269 116.029 0.0221025 0.244714 0.0216126 0.171339 3.43278 7.19847
87 30.8926 21.3466 115.99
135.269 116.029 0.0221025 0.244714 0.0216126 0.171339 3.43278 7.19847
88 30.8926 20.3904 107.749
135.269 116.029 0.0221025 0.244714 0.0216126 0.171339 3.43278 7.19847
89 30.8926 18.9341 127.961
135.269 116.029 0.0221025 0.244714 0.0216126 0.171339 3.43278 7.19847
90 30.8926 23.1679 84.9438
135.269 116.029 0.0221025 0.244714 0.0216126 0.171339 3.43278 7.19847
91 30.8926 21.5283 109.806
135.269 116.029 0.0221025 0.244714 0.0216126 0.171339 3.43278 7.19847
92 30.8926 21.8627 116.017
135.269 116.029 0.0221025 0.244714 0.0216126 0.171339 3.43278 7.19847
93 30.8926 23.6122 75.6331
135.269 116.029 0.0221025 0.244714 0.0216126 0.171339 3.43278 7.19847
94 30.8926 20.7629 136.267
135.269 116.029 0.0221025 0.244714 0.0216126 0.171339 3.43278 7.19847
95 30.8926 16.226 172.661
135.269 116.029 0.0221025 0.244714 0.0216126 0.171339 3.43278 7.19847
96 30.8926 19.4871 140.076
135.269 116.029 0.0221025 0.244714 0.0216126 0.171339 3.43278 7.19847
97 30.8926 18.2967 165.575
135.269 116.029 0.0221025 0.244714 0.0216126 0.171339 3.43278 7.19847
98 30.8926 16.1574 164.769
135.269 116.029 0.0221025 0.244714 0.0216126 0.171339 3.43278 7.19847
99 30.8926 19.9842 128.108
135.269 116.029 0.0221025 0.244714 0.0216126 0.171339 3.43278 7.19847
100 30.8926 20.8793 123.092
135.269 116.029 0.0221025 0.244714 0.0216126 0.171339 3.43278 7.19847
