0 3.66827 1.81193 1.90335
114.198 167.722 0.491549 0.413171 0.460506 0.852581 7.70856 9.02626
1 5.27038 2.02999 2.33092
138.831 125.144 0.464676 0.339399 0.681757 0.415371 7.93876 10
2 5.7371 2.48654 3.38279
140.199 122.649 0.45322 0.350712 0.677536 0.40193 7.88082 10
3 5.77869 2.55051 3.09007
139.77 119.344 0.524203 0.34033 0.853396 0.451339 8.53918 10
4 6.90894 2.83584 4.22407
142.058 125.026 0.505988 0.315805 0.682524 0.408704 8.09248 10
5 6.90894 2.88318 4.66966
142.058 125.026 0.505988 0.315805 0.682524 0.408704 8.09248 10
6 6.90894 2.84095 5.48965
142.058 125.026 0.505988 0.315805 0.682524 0.408704 8.09248 10
7 6.90894 3.0622 4.14247
142.058 125.026 0.505988 0.315805 0.682524 0.408704 8.09248 10
8 6.90894 3.66004 4.61667
142.058 125.026 0.505988 0.315805 0.682524 0.408704 8.09248 10
9 6.90894 3.61117 5.45551
142.058 125.026 0.505988 0.315805 0.682524 0.408704 8.09248 10
10 6.94471 3.82448 5.41119
147.424 112.697 0.500405 0.296373 0.657635 0.243441 8.07763 7.51915
11 8.35698 4.59867 5.66364
149.652 119.924 0.541162 0.22613 0.678716 0.210115 8.20039 6.96058
12 8.84172 4.59676 5.64721
141.788 116.788 0.512564 0.129299 0.608432 0.263426 8.04007 7.75808
13 8.84172 4.688 6.97379
141.788 116.788 0.512564 0.129299 0.608432 0.263426 8.04007 7.75808
14 8.84172 5.023 8.01015
141.788 116.788 0.512564 0.129299 0.608432 0.263426 8.04007 7.75808
15 8.84172 5.42345 6.47422
141.788 116.788 0.512564 0.129299 0.608432 0.263426 8.04007 7.75808
16 9.48152 5.41848 7.78761
151.537 113.652 0.543947 0.281557 0.936985 0.116959 6.38357 8.73744
17 9.55075 5.49863 8.2749
153.826 117.584 0.517175 0.269863 0.928142 0.124569 6.36436 8.51532
18 9.55075 5.52442 8.08988
153.826 117.584 0.517175 0.269863 0.928142 0.124569 6.36436 8.51532
19 9.55075 5.70465 6.81119
153.826 117.584 0.517175 0.269863 0.928142 0.124569 6.36436 8.51532
20 9.98089 5.71253 7.31783
151.474 111.669 0.499044 0.271114 0.971195 0.148257 6.26983 9.2814
21 10.0243 6.00012 7.27429
150.298 113.268 0.542653 0.303975 0.953036 0.0965885 5.6642 8.17432
22 10.029 5.74032 8.26962
145.055 110.444 0.521889 0.283721 0.940371 0.0937878 5.98903 8.1513
23 10.5459 5.88253 7.35109
152.985 110.124 0.516115 0.327158 0.919275 0.111759 6.29116 8.48283
24 10.5459 5.50812 7.96275
152.985 110.124 0.516115 0.327158 0.919275 0.111759 6.29116 8.48283
25 10.5459 5.40897 7.49956
152.985 110.124 0.516115 0.327158 0.919275 0.111759 6.29116 8.48283
26 10.5459 6.00883 8.20886
152.985 110.124 0.516115 0.327158 0.919275 0.111759 6.29116 8.48283
27 10.5459 6.11215 7.84344
152.985 110.124 0.516115 0.327158 0.919275 0.111759 6.29116 8.48283
28 10.5459 7.04283 5.99229
152.985 110.124 0.516115 0.327158 0.919275 0.111759 6.29116 8.48283
29 10.5459 7.16656 7.40929
152.985 110.124 0.516115 0.327158 0.919275 0.111759 6.29116 8.48283
30 10.5459 6.20588 9.82672
152.985 110.124 0.516115 0.327158 0.919275 0.111759 6.29116 8.48283
31 10.5459 6.17478 9.39201
152.985 110.124 0.516115 0.327158 0.919275 0.111759 6.29116 8.48283
32 10.5459 6.40111 10.1631
152.985 110.124 0.516115 0.327158 0.919275 0.111759 6.29116 8.48283
33 10.5459 5.70612 8.51164
152.985 110.124 0.516115 0.327158 0.919275 0.111759 6.29116 8.48283
34 10.5459 5.93695 7.50528
152.985 110.124 0.516115 0.327158 0.919275 0.111759 6.29116 8.48283
35 10.5459 5.96309 8.11135
152.985 110.124 0.516115 0.327158 0.919275 0.111759 6.29116 8.48283
36 10.5459 6.19088 8.19831
152.985 110.124 0.516115 0.327158 0.919275 0.111759 6.29116 8.48283
37 10.5459 5.68656 7.98929
152.985 110.124 0.516115 0.327158 0.919275 0.111759 6.29116 8.48283
38 10.5459 6.32085 7.50887
152.985 110.124 0.516115 0.327158 0.919275 0.111759 6.29116 8.48283
39 10.5459 6.54937 8.0362
152.985 110.124 0.516115 0.327158 0.919275 0.111759 6.29116 8.48283
40 10.5459 6.61867 7.39508
152.985 110.124 0.516115 0.327158 0.919275 0.111759 6.29116 8.48283
41 11.0316 6.20246 9.32772
156.256 103.419 0.561775 0.323935 0.969315 0.0979974 7.24761 7.96886
42 11.5613 6.38592 9.43067
122.881 101.356 0.465968 0.321892 0.464991 0.0872532 6.45401 8.09987
43 11.5613 5.86617 16.2089
122.881 101.356 0.465968 0.321892 0.464991 0.0872532 6.45401 8.09987
44 11.5613 6.49667 12.1554
122.881 101.356 0.465968 0.321892 0.464991 0.0872532 6.45401 8.09987
45 11.5613 6.17479 9.69495
122.881 101.356 0.465968 0.321892 0.464991 0.0872532 6.45401 8.09987
46 11.5613 6.48578 10.8424
122.881 101.356 0.465968 0.321892 0.464991 0.0872532 6.45401 8.09987
47 11.5613 6.29533 12.7674
122.881 101.356 0.465968 0.321892 0.464991 0.0872532 6.45401 8.09987
48 11.5613 5.65823 11.7442
122.881 101.356 0.465968 0.321892 0.464991 0.0872532 6.45401 8.09987
49 11.5613 5.92399 11.8257
122.881 101.356 0.465968 0.321892 0.464991 0.0872532 6.45401 8.09987
50 11.5613 6.13143 12.3118
122.881 101.356 0.465968 0.321892 0.464991 0.0872532 6.45401 8.09987
51 11.5704 6.31173 12.4078
122.785 101.747 0.46247 0.324233 0.468689 0.0904975 6.40585 8.1453
52 11.5704 7.31686 12.828
122.785 101.747 0.46247 0.324233 0.468689 0.0904975 6.40585 8.1453
53 11.5704 6.99542 14.4618
122.785 101.747 0.46247 0.324233 0.468689 0.0904975 6.40585 8.1453
54 11.5704 6.49109 14.7568
122.785 101.747 0.46247 0.324233 0.468689 0.0904975 6.40585 8.1453
55 11.9504 6.74312 16.5426
121.838 100.867 0.496394 0.389256 0.481127 0.0443947 6.42107 8.69265
56 12.4857 6.89271 15.0016
122.079 105.417 0.476604 0.383232 0.36026 0.0325447 6.4352 8.15709
57 12.4857 5.90194 13.8065
122.079 105.417 0.476604 0.383232 0.36026 0.0325447 6.4352 8.15709
58 12.4857 5.79284 15.7176
122.079 105.417 0.476604 0.383232 0.36026 0.0325447 6.4352 8.15709
59 12.4857 6.04152 17.1924
122.079 105.417 0.476604 0.383232 0.36026 0.0325447 6.4352 8.15709
60 12.4857 5.72003 13.8992
122.079 105.417 0.476604 0.383232 0.36026 0.0325447 6.4352 8.15709
61 12.4857 6.21771 13.8347
122.079 105.417 0.476604 0.383232 0.36026 0.0325447 6.4352 8.15709
62 12.4857 6.29903 16.3691
122.079 105.417 0.476604 0.383232 0.36026 0.0325447 6.4352 8.15709
63 12.4857 6.0362 15.2023
122.079 105.417 0.476604 0.383232 0.36026 0.0325447 6.4352 8.15709
64 12.4857 6.07926 16.3236
122.079 105.417 0.476604 0.383232 0.36026 0.0325447 6.4352 8.15709
65 12.4857 5.69224 14.3004
122.079 105.417 0.476604 0.383232 0.36026 0.0325447 6.4352 8.15709
66 12.4857 5.30001 15.3828
122.079 105.417 0.476604 0.383232 0.36026 0.0325447 6.4352 8.15709
67 12.4857 6.76148 15.5
122.079 105.417 0.476604 0.383232 0.36026 0.0325447 6.4352 8.15709
68 12.4857 6.0888 13.676
122.079 105.417 0.476604 0.383232 0.36026 0.0325447 6.4352 8.15709
69 12.4857 5.49496 12.5087
122.079 105.417 0.476604 0.383232 0.36026 0.0325447 6.4352 8.15709
70 12.4857 6.44417 13.5261
122.079 105.417 0.476604 0.383232 0.36026 0.0325447 6.4352 8.15709
71 12.4857 5.72109 13.1935
122.079 105.417 0.476604 0.383232 0.36026 0.0325447 6.4352 8.15709
72 12.4857 6.14516 12.5659
122.079 105.417 0.476604 0.383232 0.36026 0.0325447 6.4352 8.15709
73 12.4857 6.64707 13.6338
122.079 105.417 0.476604 0.383232 0.36026 0.0325447 6.4352 8.15709
74 12.4857 5.58263 15.5725
122.079 105.417 0.476604 0.383232 0.36026 0.0325447 6.4352 8.15709
75 12.4857 5.76442 16.2671
122.079 105.417 0.476604 0.383232 0.36026 0.0325447 6.4352 8.15709
76 12.4857 5.8458 18.5275
122.079 105.417 0.476604 0.383232 0.36026 0.0325447 6.4352 8.15709
77 12.4857 6.18197 13.9018
122.079 105.417 0.476604 0.383232 0.36026 0.0325447 6.4352 8.15709
78 12.4857 6.26055 15.1459
122.079 105.417 0.476604 0.383232 0.36026 0.0325447 6.4352 8.15709
79 12.4857 5.94332 17.61
122.079 105.417 0.476604 0.383232 0.36026 0.0325447 6.4352 8.15709
80 12.4857 6.00278 17.9587
122.079 105.417 0.476604 0.383232 0.36026 0.0325447 6.4352 8.15709
81 12.4857 5.21027 13.3766
122.079 105.417 0.476604 0.383232 0.36026 0.0325447 6.4352 8.15709
82 12.4857 5.72404 13.4035
122.079 105.417 0.476604 0.383232 0.36026 0.0325447 6.4352 8.15709
83 12.4857 5.86909 16.2663
122.079 105.417 0.476604 0.383232 0.36026 0.0325447 6.4352 8.15709
84 12.4857 6.75236 14.6347
122.079 105.417 0.476604 0.383232 0.36026 0.0325447 6.4352 8.15709
85 12.4857 6.89651 15.5835
122.079 105.417 0.476604 0.383232 0.36026 0.0325447 6.4352 8.15709
86 12.4857 6.03056 16.5622
122.079 105.417 0.476604 0.383232 0.36026 0.0325447 6.4352 8.15709
87 12.4857 7.10049 12.5726
122.079 105.417 0.476604 0.383232 0.36026 0.0325447 6.4352 8.15709
88 12.4857 6.92726 12.4135
122.079 105.417 0.476604 0.383232 0.36026 0.0325447 6.4352 8.15709
89 12.4857 6.62212 13.9245
122.079 105.417 0.476604 0.383232 0.36026 0.0325447 6.4352 8.15709
90 12.491 6.92587 16.0833
113.134 103.613 0.469696 0.382575 0.404106 0.0457395 7.08643 8.24869
91 12.491 6.61393 15.4164
113.134 103.613 0.469696 0.382575 0.404106 0.0457395 7.08643 8.24869
92 12.491 7.10743 14.6159
113.134 103.613 0.469696 0.382575 0.404106 0.0457395 7.08643 8.24869
93 12.491 6.22462 13.0066
113.134 103.613 0.469696 0.382575 0.404106 0.0457395 7.08643 8.24869
94 12.491 6.34982 15.0653
113.134 103.613 0.469696 0.382575 0.404106 0.0457395 7.08643 8.24869
95 12.491 6.83923 13.2418
113.134 103.613 0.469696 0.382575 0.404106 0.0457395 7.08643 8.24869
96 12.491 5.77956 14.0253
113.134 103.613 0.469696 0.382575 0.404106 0.0457395 7.08643 8.24869
97 12.491 5.98549 14.5231
113.134 103.613 0.469696 0.382575 0.404106 0.0457395 7.08643 8.24869
98 12.491 6.16921 16.8378
113.134 103.613 0.469696 0.382575 0.404106 0.0457395 7.08643 8.24869
99 12.491 6.04539 19.1372
113.134 103.613 0.469696 0.382575 0.404106 0.0457395 7.08643 8.24869
100 12.491 6.26161 17.9815
113.134 103.613 0.469696 0.382575 0.404106 0.0457395 7.08643 8.24869
