0 25.7314 3.1839 62.6314
120.115 186.979 0.0928429 0.383889 0.05761 0.262759 0.355885 2.30929
1 25.7619 7.90644 125.31
121.871 187.284 0.0681022 0.388019 0.0541374 0.243612 0.414308 2.25094
2 25.9115 10.481 145.793
116.509 186.043 0.0766489 0.333917 0.0576957 0.186052 0.633938 2.05402
3 26.3807 10.7967 149.405
110.46 196.983 0.0616022 0.122631 0.259687 0.225939 0 2.21293
4 26.8195 11.0668 152.528
109.422 195.924 0.0611115 0.141721 0.263203 0.229072 0 2.03702
5 26.8195 12.5549 161.01
109.422 195.924 0.0611115 0.141721 0.263203 0.229072 0 2.03702
6 26.8195 13.9368 158.914
109.422 195.924 0.0611115 0.141721 0.263203 0.229072 0 2.03702
7 30.8982 15.9565 156.621
112.931 187.648 0.0231193 0.0930129 0.338468 0.226802 0.297991 1.2716
8 30.8982 18.8954 129.984
112.931 187.648 0.0231193 0.0930129 0.338468 0.226802 0.297991 1.2716
9 30.8982 18.1815 138.328
112.931 187.648 0.0231193 0.0930129 0.338468 0.226802 0.297991 1.2716
10 30.8982 17.1058 157.082
112.931 187.648 0.0231193 0.0930129 0.338468 0.226802 0.297991 1.2716
11 30.8982 19.6868 115.894
112.931 187.648 0.0231193 0.0930129 0.338468 0.226802 0.297991 1.2716
12 30.8982 21.1152 114.45
112.931 187.648 0.0231193 0.0930129 0.338468 0.226802 0.297991 1.2716
13 30.8982 18.9714 136.91
112.931 187.648 0.0231193 0.0930129 0.338468 0.226802 0.297991 1.2716
14 45.0393 18.7075 173.638
112.532 187.818 0.0249037 0.0954285 0.332775 0.226196 0.328789 1.22115
15 45.0393 20.5124 153.887
112.532 187.818 0.0249037 0.0954285 0.332775 0.226196 0.328789 1.22115
16 45.0393 20.729 143.598
112.532 187.818 0.0249037 0.0954285 0.332775 0.226196 0.328789 1.22115
17 45.0393 18.6646 171.194
112.532 187.818 0.0249037 0.0954285 0.332775 0.226196 0.328789 1.22115
18 45.0393 21.4934 123.37
112.532 187.818 0.0249037 0.0954285 0.332775 0.226196 0.328789 1.22115
19 45.0393 21.5189 127.357
112.532 187.818 0.0249037 0.0954285 0.332775 0.226196 0.328789 1.22115
20 45.0393 22.7927 121.471
112.532 187.818 0.0249037 0.0954285 0.332775 0.226196 0.328789 1.22115
21 45.0393 21.298 137.45
112.532 187.818 0.0249037 0.0954285 0.332775 0.226196 0.328789 1.22115
22 45.0393 21.8684 139.521
112.532 187.818 0.0249037 0.0954285 0.332775 0.226196 0.328789 1.22115
23 45.0393 24.0308 93.3655
112.532 187.818 0.0249037 0.0954285 0.332775 0.226196 0.328789 1.22115
24 45.0393 24.1176 105.652
112.532 187.818 0.0249037 0.0954285 0.332775 0.226196 0.328789 1.22115
25 45.0393 21.5277 141.684
112.532 187.818 0.0249037 0.0954285 0.332775 0.226196 0.328789 1.22115
26 45.0393 22.0954 128.109
112.532 187.818 0.0249037 0.0954285 0.332775 0.226196 0.328789 1.22115
27 45.0393 20.0907 151.657
112.532 187.818 0.0249037 0.0954285 0.332775 0.226196 0.328789 1.22115
28 45.0393 21.4804 135.248
112.532 187.818 0.0249037 0.0954285 0.332775 0.226196 0.328789 1.22115
29 45.0393 23.6094 115.33
112.532 187.818 0.0249037 0.0954285 0.332775 0.226196 0.328789 1.22115
30 45.1795 24.8223 138.794
112.796 188.529 0.0255046 0.101699 0.335821 0.220999 0.33985 1.26301
31 47.4597 26.6128 117.154
112.743 187.956 0.0257361 0.0954281 0.327366 0.226952 0.344467 1.23957
32 47.4597 24.4575 153.562
112.743 187.956 0.0257361 0.0954281 0.327366 0.226952 0.344467 1.23957
33 47.4597 23.1501 142.006
112.743 187.956 0.0257361 0.0954281 0.327366 0.226952 0.344467 1.23957
34 47.4597 22.7756 148.214
112.743 187.956 0.0257361 0.0954281 0.327366 0.226952 0.344467 1.23957
35 47.4597 24.2531 153.937
112.743 187.956 0.0257361 0.0954281 0.327366 0.226952 0.344467 1.23957
36 47.4597 21.6064 181.278
112.743 187.956 0.0257361 0.0954281 0.327366 0.226952 0.344467 1.23957
37 47.4597 24.6122 137.055
112.743 187.956 0.0257361 0.0954281 0.327366 0.226952 0.344467 1.23957
38 47.4597 22.1762 175.466
112.743 187.956 0.0257361 0.0954281 0.327366 0.226952 0.344467 1.23957
39 47.4597 24.9009 132.339
112.743 187.956 0.0257361 0.0954281 0.327366 0.226952 0.344467 1.23957
40 47.4597 25.0754 110.846
112.743 187.956 0.0257361 0.0954281 0.327366 0.226952 0.344467 1.23957
41 47.4597 24.3926 122.813
112.743 187.956 0.0257361 0.0954281 0.327366 0.226952 0.344467 1.23957
42 47.4597 23.0319 139.178
112.743 187.956 0.0257361 0.0954281 0.327366 0.226952 0.344467 1.23957
43 47.4597 24.0044 124.926
112.743 187.956 0.0257361 0.0954281 0.327366 0.226952 0.344467 1.23957
44 48.9429 26.0857 128.112
112.746 188.646 0.0247981 0.104075 0.342675 0.221005 0.320966 1.25622
45 48.9429 23.7455 164.54
112.746 188.646 0.0247981 0.104075 0.342675 0.221005 0.320966 1.25622
46 48.9429 24.5176 125.669
112.746 188.646 0.0247981 0.104075 0.342675 0.221005 0.320966 1.25622
47 48.9429 24.8391 134.859
112.746 188.646 0.0247981 0.104075 0.342675 0.221005 0.320966 1.25622
48 48.9429 23.6501 150.505
112.746 188.646 0.0247981 0.104075 0.342675 0.221005 0.320966 1.25622
49 48.9429 22.8841 169.146
112.746 188.646 0.0247981 0.104075 0.342675 0.221005 0.320966 1.25622
50 48.9429 23.5274 159.438
112.746 188.646 0.0247981 0.104075 0.342675 0.221005 0.320966 1.25622
51 48.9429 23.2917 160.502
112.746 188.646 0.0247981 0.104075 0.342675 0.221005 0.320966 1.25622
52 48.9429 20.8238 181.318
112.746 188.646 0.0247981 0.104075 0.342675 0.221005 0.320966 1.25622
53 48.9429 23.5389 151.181
112.746 188.646 0.0247981 0.104075 0.342675 0.221005 0.320966 1.25622
54 48.9429 19.2274 200.949
112.746 188.646 0.0247981 0.104075 0.342675 0.221005 0.320966 1.25622
55 48.9429 21.9048 173.049
112.746 188.646 0.0247981 0.104075 0.342675 0.221005 0.320966 1.25622
56 48.9429 24.0074 143.198
112.746 188.646 0.0247981 0.104075 0.342675 0.221005 0.320966 1.25622
57 48.9429 22.7265 168.841
112.746 188.646 0.0247981 0.104075 0.342675 0.221005 0.320966 1.25622
58 48.9429 23.3773 146.878
112.746 188.646 0.0247981 0.104075 0.342675 0.221005 0.320966 1.25622
59 48.9429 25.7083 105.514
112.746 188.646 0.0247981 0.104075 0.342675 0.221005 0.320966 1.25622
60 48.9429 24.4772 149.117
112.746 188.646 0.0247981 0.104075 0.342675 0.221005 0.320966 1.25622
61 48.9429 28.4791 68.9118
112.746 188.646 0.0247981 0.104075 0.342675 0.221005 0.320966 1.25622
62 48.9429 23.1516 173.67
112.746 188.646 0.0247981 0.104075 0.342675 0.221005 0.320966 1.25622
63 48.9429 25.1879 127.911
112.746 188.646 0.0247981 0.104075 0.342675 0.221005 0.320966 1.25622
64 48.9429 26.2132 99.2776
112.746 188.646 0.0247981 0.104075 0.342675 0.221005 0.320966 1.25622
65 48.9429 25.1968 110.801
112.746 188.646 0.0247981 0.104075 0.342675 0.221005 0.320966 1.25622
66 48.9429 26.0852 96.2311
112.746 188.646 0.0247981 0.104075 0.342675 0.221005 0.320966 1.25622
67 48.9429 26.7057 84.7313
112.746 188.646 0.0247981 0.104075 0.342675 0.221005 0.320966 1.25622
68 48.9429 25.9462 102.904
112.746 188.646 0.0247981 0.104075 0.342675 0.221005 0.320966 1.25622
69 48.9429 24.2924 131.614
112.746 188.646 0.0247981 0.104075 0.342675 0.221005 0.320966 1.25622
70 48.9429 25.5879 108.973
112.746 188.646 0.0247981 0.104075 0.342675 0.221005 0.320966 1.25622
71 48.9429 24.2374 147.885
112.746 188.646 0.0247981 0.104075 0.342675 0.221005 0.320966 1.25622
72 48.9429 25.0339 124.565
112.746 188.646 0.0247981 0.104075 0.342675 0.221005 0.320966 1.25622
73 48.9429 21.3786 194.007
112.746 188.646 0.0247981 0.104075 0.342675 0.221005 0.320966 1.25622
74 48.9429 20.3753 209.28
112.746 188.646 0.0247981 0.104075 0.342675 0.221005 0.320966 1.25622
75 48.9429 24.6008 164.192
112.746 188.646 0.0247981 0.104075 0.342675 0.221005 0.320966 1.25622
76 48.9429 24.3599 152.434
112.746 188.646 0.0247981 0.104075 0.342675 0.221005 0.320966 1.25622
77 48.9429 22.0632 151.471
112.746 188.646 0.0247981 0.104075 0.342675 0.221005 0.320966 1.25622
78 48.9429 24.3965 126.714
112.746 188.646 0.0247981 0.104075 0.342675 0.221005 0.320966 1.25622
79 48.9429 20.0204 192.193
112.746 188.646 0.0247981 0.104075 0.342675 0.221005 0.320966 1.25622
80 48.9429 24.4178 140.388
112.746 188.646 0.0247981 0.104075 0.342675 0.221005 0.320966 1.25622
81 48.9429 25.3835 113.963
112.746 188.646 0.0247981 0.104075 0.342675 0.221005 0.320966 1.25622
82 48.9429 25.3634 113.048
112.746 188.646 0.0247981 0.104075 0.342675 0.221005 0.320966 1.25622
83 48.9429 23.9352 146.955
112.746 188.646 0.0247981 0.104075 0.342675 0.221005 0.320966 1.25622
84 48.9429 21.321 174.587
112.746 188.646 0.0247981 0.104075 0.342675 0.221005 0.320966 1.25622
85 48.9429 21.2849 174.782
112.746 188.646 0.0247981 0.104075 0.342675 0.221005 0.320966 1.25622
86 48.9429 21.0025 176.057
112.746 188.646 0.0247981 0.104075 0.342675 0.221005 0.320966 1.25622
87 48.9429 20.8283 183.507
112.746 188.646 0.0247981 0.104075 0.342675 0.221005 0.320966 1.25622
88 48.9429 23.5607 142.748
112.746 188.646 0.0247981 0.104075 0.342675 0.221005 0.320966 1.25622
89 48.9429 22.4661 152.105
112.746 188.646 0.0247981 0.104075 0.342675 0.221005 0.320966 1.25622
90 48.9429 23.6629 130.555
112.746 188.646 0.0247981 0.104075 0.342675 0.221005 0.320966 1.25622
91 48.9429 26.0436 88.7099
112.746 188.646 0.0247981 0.104075 0.342675 0.221005 0.320966 1.25622
92 48.9429 24.1809 145.808
112.746 188.646 0.0247981 0.104075 0.342675 0.221005 0.320966 1.25622
93 48.9429 24.1959 141.741
112.746 188.646 0.0247981 0.104075 0.342675 0.221005 0.320966 1.25622
94 48.9429 23.439 148.904
112.746 188.646 0.0247981 0.104075 0.342675 0.221005 0.320966 1.25622
95 48.9429 24.6038 124.248
112.746 188.646 0.0247981 0.104075 0.342675 0.221005 0.320966 1.25622
96 48.9429 23.7648 127.161
112.746 188.646 0.0247981 0.104075 0.342675 0.221005 0.320966 1.25622
97 48.9429 24.6393 99.6174
112.746 188.646 0.0247981 0.104075 0.342675 0.221005 0.320966 1.25622
98 48.9429 23.0929 132.777
112.746 188.646 0.0247981 0.104075 0.342675 0.221005 0.320966 1.25622
99 48.9429 24.2103 121.479
112.746 188.646 0.0247981 0.104075 0.342675 0.221005 0.320966 1.25622
100 48.9429 23.4696 155.452
112.746 188.646 0.0247981 0.104075 0.342675 0.221005 0.320966 1.25622
