0 25.8477 1.31155 33.3561
163.487 197.112 0.0737619 0.293393 0.063354 0.406599 2.02568 6.80815
1 25.8477 2.74574 62.4682
163.487 197.112 0.0737619 0.293393 0.063354 0.406599 2.02568 6.80815
2 25.8491 4.24515 87.5968
168.841 200 0.0431994 0.295606 0.0258201 0.389458 1.57377 6.41104
3 26.2364 7.63831 131.551
164.399 192.771 0.143487 0.215768 0.0516498 0.359794 1.7037 6.30659
4 26.2364 11.0288 159.434
164.399 192.771 0.143487 0.215768 0.0516498 0.359794 1.7037 6.30659
5 26.2441 13.0048 164.168
163.606 173.662 0.150562 0.213454 0 0.164181 0.637527 7.35441
6 26.3237 11.894 148.666
160.968 172.212 0.129129 0.216986 0 0.156612 0.633803 6.5745
7 26.4515 14.7437 166.913
160.466 169.902 0.0989955 0.212427 0 0.143867 0.834409 6.43346
8 26.4515 17.4882 143.175
160.466 169.902 0.0989955 0.212427 0 0.143867 0.834409 6.43346
9 26.4515 19.5731 133.449
160.466 169.902 0.0989955 0.212427 0 0.143867 0.834409 6.43346
10 26.8098 19.5595 126.937
159.508 167.887 0.0545269 0.201747 0.000760409 0.134341 0.908066 5.9476
11 26.9759 21.4959 89.4282
159.953 175.78 0.0409512 0.189176 0 0.211531 1.08 6.60496
12 26.9759 17.5031 140.445
159.953 175.78 0.0409512 0.189176 0 0.211531 1.08 6.60496
13 26.9759 17.9545 141.908
159.953 175.78 0.0409512 0.189176 0 0.211531 1.08 6.60496
14 26.9759 18.0271 126.423
159.953 175.78 0.0409512 0.189176 0 0.211531 1.08 6.60496
15 26.9759 19.6496 99.9652
159.953 175.78 0.0409512 0.189176 0 0.211531 1.08 6.60496
16 27.4346 21.5868 80.6683
168.15 156.74 0.013277 0.260263 0.0206235 0.0944645 1.02781 6.79121
17 27.5196 19.5487 117.818
158.516 189.331 0.0201802 0.178808 0 0.0938259 0.734868 5.10102
18 28.7063 19.423 120.669
159.069 189.085 0.00681016 0.190971 0.00315764 0.0886466 0.936963 5.05865
19 28.9051 20.8944 112.525
157.437 170.276 0.011384 0.195265 0.0261818 0.151877 1.30727 8.05798
20 28.9691 18.6526 119.687
152.647 192.267 0.00438523 0.204448 0.0961433 0 0.288692 5.37138
21 28.9691 18.2715 135.512
152.647 192.267 0.00438523 0.204448 0.0961433 0 0.288692 5.37138
22 28.9691 20.5681 90.8474
152.647 192.267 0.00438523 0.204448 0.0961433 0 0.288692 5.37138
23 28.9691 21.3965 99.9687
152.647 192.267 0.00438523 0.204448 0.0961433 0 0.288692 5.37138
24 28.9691 23.4462 52.6213
152.647 192.267 0.00438523 0.204448 0.0961433 0 0.288692 5.37138
25 28.9691 22.4417 58.965
152.647 192.267 0.00438523 0.204448 0.0961433 0 0.288692 5.37138
26 28.9829 23.0675 70.2011
152.604 192.405 0.00524856 0.198586 0.10233 0 0.350598 5.31271
27 28.9829 20.1745 113.694
152.604 192.405 0.00524856 0.198586 0.10233 0 0.350598 5.31271
28 28.9829 19.9824 88.2171
152.604 192.405 0.00524856 0.198586 0.10233 0 0.350598 5.31271
29 28.9829 20.1705 74.4009
152.604 192.405 0.00524856 0.198586 0.10233 0 0.350598 5.31271
30 28.9829 14.3444 130.557
152.604 192.405 0.00524856 0.198586 0.10233 0 0.350598 5.31271
31 28.9829 16.9164 112.412
152.604 192.405 0.00524856 0.198586 0.10233 0 0.350598 5.31271
32 28.9829 18.5546 105.025
152.604 192.405 0.00524856 0.198586 0.10233 0 0.350598 5.31271
33 28.9829 19.8073 89.5433
152.604 192.405 0.00524856 0.198586 0.10233 0 0.350598 5.31271
34 28.9829 17.6853 126.112
152.604 192.405 0.00524856 0.198586 0.10233 0 0.350598 5.31271
35 28.9829 20.0725 119.781
152.604 192.405 0.00524856 0.198586 0.10233 0 0.350598 5.31271
36 32.2623 20.2869 98.0238
157.239 195.517 0.00110489 0.213821 0.202746 0 0 5.72173
37 32.2623 19.4215 107.119
157.239 195.517 0.00110489 0.213821 0.202746 0 0 5.72173
38 32.2623 19.4373 114.705
157.239 195.517 0.00110489 0.213821 0.202746 0 0 5.72173
39 32.2623 19.4966 120.757
157.239 195.517 0.00110489 0.213821 0.202746 0 0 5.72173
40 32.2623 21.5246 79.0345
157.239 195.517 0.00110489 0.213821 0.202746 0 0 5.72173
41 32.2623 20.3995 103.465
157.239 195.517 0.00110489 0.213821 0.202746 0 0 5.72173
42 32.2623 16.7197 132.262
157.239 195.517 0.00110489 0.213821 0.202746 0 0 5.72173
43 32.2623 16.6368 130.206
157.239 195.517 0.00110489 0.213821 0.202746 0 0 5.72173
44 32.2623 19.8975 122.622
157.239 195.517 0.00110489 0.213821 0.202746 0 0 5.72173
45 32.2623 17.5009 144.849
157.239 195.517 0.00110489 0.213821 0.202746 0 0 5.72173
46 32.2623 19.0212 131.9
157.239 195.517 0.00110489 0.213821 0.202746 0 0 5.72173
47 32.2623 18.5741 153.504
157.239 195.517 0.00110489 0.213821 0.202746 0 0 5.72173
48 32.2623 21.1745 109.099
157.239 195.517 0.00110489 0.213821 0.202746 0 0 5.72173
49 32.2623 22.7984 86.2851
157.239 195.517 0.00110489 0.213821 0.202746 0 0 5.72173
50 32.2623 20.6243 115.269
157.239 195.517 0.00110489 0.213821 0.202746 0 0 5.72173
51 32.2623 20.1733 122.038
157.239 195.517 0.00110489 0.213821 0.202746 0 0 5.72173
52 36.6488 18.498 151.035
159.369 200 0.000703632 0.187421 0.227764 0.103554 0 6.52187
53 36.6488 16.6773 145.699
159.369 200 0.000703632 0.187421 0.227764 0.103554 0 6.52187
54 36.6488 20.4338 121.699
159.369 200 0.000703632 0.187421 0.227764 0.103554 0 6.52187
55 36.6488 20.9322 106.744
159.369 200 0.000703632 0.187421 0.227764 0.103554 0 6.52187
56 36.6488 21.0152 105.829
159.369 200 0.000703632 0.187421 0.227764 0.103554 0 6.52187
57 36.6488 16.3753 150.59
159.369 200 0.000703632 0.187421 0.227764 0.103554 0 6.52187
58 36.6488 20.1776 101.451
159.369 200 0.000703632 0.187421 0.227764 0.103554 0 6.52187
59 36.6488 17.3584 153.662
159.369 200 0.000703632 0.187421 0.227764 0.103554 0 6.52187
60 36.6488 17.932 153.841
159.369 200 0.000703632 0.187421 0.227764 0.103554 0 6.52187
61 36.6488 17.9996 154.662
159.369 200 0.000703632 0.187421 0.227764 0.103554 0 6.52187
62 36.6488 17.1639 163.339
159.369 200 0.000703632 0.187421 0.227764 0.103554 0 6.52187
63 36.6488 17.8004 142.32
159.369 200 0.000703632 0.187421 0.227764 0.103554 0 6.52187
64 36.6488 18.3501 139.35
159.369 200 0.000703632 0.187421 0.227764 0.103554 0 6.52187
65 36.6488 19.0966 119.456
159.369 200 0.000703632 0.187421 0.227764 0.103554 0 6.52187
66 36.6488 18.5342 130.411
159.369 200 0.000703632 0.187421 0.227764 0.103554 0 6.52187
67 36.6488 20.774 114.017
159.369 200 0.000703632 0.187421 0.227764 0.103554 0 6.52187
68 36.6488 22.0859 99.584
159.369 200 0.000703632 0.187421 0.227764 0.103554 0 6.52187
69 36.6488 20.5677 125.215
159.369 200 0.000703632 0.187421 0.227764 0.103554 0 6.52187
70 36.6488 20.8148 105.683
159.369 200 0.000703632 0.187421 0.227764 0.103554 0 6.52187
71 36.6488 19.8346 115.726
159.369 200 0.000703632 0.187421 0.227764 0.103554 0 6.52187
72 36.6488 17.7221 148.351
159.369 200 0.000703632 0.187421 0.227764 0.103554 0 6.52187
73 36.6488 18.5313 135.599
159.369 200 0.000703632 0.187421 0.227764 0.103554 0 6.52187
74 36.6488 16.943 140.824
159.369 200 0.000703632 0.187421 0.227764 0.103554 0 6.52187
75 36.6488 19.5512 135.51
159.369 200 0.000703632 0.187421 0.227764 0.103554 0 6.52187
76 36.6488 20.4342 109.611
159.369 200 0.000703632 0.187421 0.227764 0.103554 0 6.52187
77 36.6488 19.9913 109.529
159.369 200 0.000703632 0.187421 0.227764 0.103554 0 6.52187
78 36.6488 20.59 98.5815
159.369 200 0.000703632 0.187421 0.227764 0.103554 0 6.52187
79 36.6488 19.6626 111.958
159.369 200 0.000703632 0.187421 0.227764 0.103554 0 6.52187
80 36.6488 20.9854 94.581
159.369 200 0.000703632 0.187421 0.227764 0.103554 0 6.52187
81 36.6488 14.8331 131.07
159.369 200 0.000703632 0.187421 0.227764 0.103554 0 6.52187
82 36.6488 15.754 154.803
159.369 200 0.000703632 0.187421 0.227764 0.103554 0 6.52187
83 36.6488 19.2961 129.595
159.369 200 0.000703632 0.187421 0.227764 0.103554 0 6.52187
84 36.6488 19.8355 101.292
159.369 200 0.000703632 0.187421 0.227764 0.103554 0 6.52187
85 36.6488 20.4391 115.208
159.369 200 0.000703632 0.187421 0.227764 0.103554 0 6.52187
86 36.6488 21.7502 96.1275
159.369 200 0.000703632 0.187421 0.227764 0.103554 0 6.52187
87 36.6488 23.3729 79.1642
159.369 200 0.000703632 0.187421 0.227764 0.103554 0 6.52187
88 36.6488 20.3291 135.214
159.369 200 0.000703632 0.187421 0.227764 0.103554 0 6.52187
89 36.6488 18.446 145.703
159.369 200 0.000703632 0.187421 0.227764 0.103554 0 6.52187
90 36.6488 18.0593 138.325
159.369 200 0.000703632 0.187421 0.227764 0.103554 0 6.52187
91 36.6488 22.3859 90.9582
159.369 200 0.000703632 0.187421 0.227764 0.103554 0 6.52187
92 36.6488 22.5676 87.9346
159.369 200 0.000703632 0.187421 0.227764 0.103554 0 6.52187
93 36.6488 23.3732 79.392
159.369 200 0.000703632 0.187421 0.227764 0.103554 0 6.52187
94 36.6488 17.9095 132.325
159.369 200 0.000703632 0.187421 0.227764 0.103554 0 6.52187
95 36.6488 17.4628 127.89
159.369 200 0.000703632 0.187421 0.227764 0.103554 0 6.52187
96 36.6488 17.8497 139.83
159.369 200 0.000703632 0.187421 0.227764 0.103554 0 6.52187
97 36.6488 21.1225 94.1655
159.369 200 0.000703632 0.187421 0.227764 0.103554 0 6.52187
98 36.6488 20.7089 112.584
159.369 200 0.000703632 0.187421 0.227764 0.103554 0 6.52187
99 36.6488 15.4503 177.786
159.369 200 0.000703632 0.187421 0.227764 0.103554 0 6.52187
100 36.6488 17.3763 151.527
159.369 200 0.000703632 0.187421 0.227764 0.103554 0 6.52187
