0 8.54448 1.25725 5.22508
182.894 127.543 0.257426 0.12552 0.623808 0.521647 2.07854 3.66323
1 10.0079 1.89445 8.78064
106.789 117.336 0.187571 0.15674 0 0.0935212 8.80786 8.57565
2 14.2839 2.88051 17.5004
106.102 116.516 0.198861 0.15651 0 0.0991876 8.73686 8.58832
3 14.2839 3.16452 17.6816
106.102 116.516 0.198861 0.15651 0 0.0991876 8.73686 8.58832
4 15.6885 4.16029 24.1543
105.848 117.583 0.229571 0.136437 0.00914627 0.0823073 9.05504 8.3547
5 15.6885 5.87752 30.7845
105.848 117.583 0.229571 0.136437 0.00914627 0.0823073 9.05504 8.3547
6 15.6885 5.6794 31.741
105.848 117.583 0.229571 0.136437 0.00914627 0.0823073 9.05504 8.3547
7 15.6885 6.09346 37.263
105.848 117.583 0.229571 0.136437 0.00914627 0.0823073 9.05504 8.3547
8 18.4923 6.09607 37.4902
106.622 119.092 0.259217 0.151258 0.0524558 0.0400646 9.01248 8.66819
9 24.3289 7.93385 60.5807
113.296 105.413 0.350731 0.190634 0.11463 0.0499849 9.02735 7.77312
10 24.3565 8.90726 69.8993
113.58 105.293 0.348592 0.194802 0.114779 0.0481058 9.00437 7.77637
11 24.3565 7.9066 68.0574
113.58 105.293 0.348592 0.194802 0.114779 0.0481058 9.00437 7.77637
12 25.6546 9.67309 96.7427
116.572 109.6 0.330973 0.166771 0.118876 0.0344258 9.44337 7.40728
13 25.6546 11.4783 87.5989
116.572 109.6 0.330973 0.166771 0.118876 0.0344258 9.44337 7.40728
14 25.6546 10.4961 99.2968
116.572 109.6 0.330973 0.166771 0.118876 0.0344258 9.44337 7.40728
15 25.6546 10.0995 100.857
116.572 109.6 0.330973 0.166771 0.118876 0.0344258 9.44337 7.40728
16 25.6546 10.0395 96.005
116.572 109.6 0.330973 0.166771 0.118876 0.0344258 9.44337 7.40728
17 25.6546 9.84132 84.1251
116.572 109.6 0.330973 0.166771 0.118876 0.0344258 9.44337 7.40728
18 25.6546 12.0088 88.457
116.572 109.6 0.330973 0.166771 0.118876 0.0344258 9.44337 7.40728
19 25.6546 9.81855 97.1803
116.572 109.6 0.330973 0.166771 0.118876 0.0344258 9.44337 7.40728
20 25.6546 12.234 94.0895
116.572 109.6 0.330973 0.166771 0.118876 0.0344258 9.44337 7.40728
21 25.6887 13.5087 96.4924
130.272 115.443 0.44431 0.188731 0.0164842 0 10 7.96347
22 25.6887 11.7321 108.875
130.272 115.443 0.44431 0.188731 0.0164842 0 10 7.96347
23 25.6887 10.9535 92.3795
130.272 115.443 0.44431 0.188731 0.0164842 0 10 7.96347
24 25.6887 13.3575 77.3529
130.272 115.443 0.44431 0.188731 0.0164842 0 10 7.96347
25 25.6887 10.6112 78.9576
130.272 115.443 0.44431 0.188731 0.0164842 0 10 7.96347
26 25.6887 10.4124 65.31
130.272 115.443 0.44431 0.188731 0.0164842 0 10 7.96347
27 25.7058 12.8029 79.4998
129.749 116.406 0.439179 0.190155 0.0135731 0.00383732 9.99384 7.99405
28 25.7058 13.6335 79.7373
129.749 116.406 0.439179 0.190155 0.0135731 0.00383732 9.99384 7.99405
29 25.8959 15.3608 70.6569
134.12 120.904 0.38723 0.194409 0.00443246 0.028997 10 8.26003
30 25.8959 14.0487 66.0013
134.12 120.904 0.38723 0.194409 0.00443246 0.028997 10 8.26003
31 25.8959 10.0758 81.8533
134.12 120.904 0.38723 0.194409 0.00443246 0.028997 10 8.26003
32 25.8959 12.5511 98.1293
134.12 120.904 0.38723 0.194409 0.00443246 0.028997 10 8.26003
33 25.8959 11.5463 96.5583
134.12 120.904 0.38723 0.194409 0.00443246 0.028997 10 8.26003
34 25.8959 13.8237 102.972
134.12 120.904 0.38723 0.194409 0.00443246 0.028997 10 8.26003
35 25.9458 13.545 133.492
132.491 120.97 0.39202 0.203065 0 0.0273759 9.99018 8.1044
36 25.9458 16.0173 114.804
132.491 120.97 0.39202 0.203065 0 0.0273759 9.99018 8.1044
37 25.9458 14.6812 114.237
132.491 120.97 0.39202 0.203065 0 0.0273759 9.99018 8.1044
38 25.9458 12.8799 106.171
132.491 120.97 0.39202 0.203065 0 0.0273759 9.99018 8.1044
39 25.9458 11.7474 101.509
132.491 120.97 0.39202 0.203065 0 0.0273759 9.99018 8.1044
40 25.9458 13.1916 104.696
132.491 120.97 0.39202 0.203065 0 0.0273759 9.99018 8.1044
41 25.9458 12.899 105.863
132.491 120.97 0.39202 0.203065 0 0.0273759 9.99018 8.1044
42 25.9458 12.4236 107.096
132.491 120.97 0.39202 0.203065 0 0.0273759 9.99018 8.1044
43 25.9458 14.8819 118.946
132.491 120.97 0.39202 0.203065 0 0.0273759 9.99018 8.1044
44 25.9458 13.6745 105.158
132.491 120.97 0.39202 0.203065 0 0.0273759 9.99018 8.1044
45 25.9458 12.721 93.4993
132.491 120.97 0.39202 0.203065 0 0.0273759 9.99018 8.1044
46 25.9458 13.6817 109.353
132.491 120.97 0.39202 0.203065 0 0.0273759 9.99018 8.1044
47 25.9458 13.8168 104.984
132.491 120.97 0.39202 0.203065 0 0.0273759 9.99018 8.1044
48 25.9458 13.0546 89.3976
132.491 120.97 0.39202 0.203065 0 0.0273759 9.99018 8.1044
49 25.9458 12.2518 79.704
132.491 120.97 0.39202 0.203065 0 0.0273759 9.99018 8.1044
50 25.9458 12.2739 88.4917
132.491 120.97 0.39202 0.203065 0 0.0273759 9.99018 8.1044
51 25.9458 11.9921 98.7852
132.491 120.97 0.39202 0.203065 0 0.0273759 9.99018 8.1044
52 25.9874 15.3575 95.5164
132.261 121.218 0.389414 0.205685 0 0.0265382 10 8.13871
53 26.091 15.3188 93.4721
133.194 122.209 0.388399 0.204662 0 0.0285413 9.9877 8.21338
54 26.091 15.2204 75.645
133.194 122.209 0.388399 0.204662 0 0.0285413 9.9877 8.21338
55 26.091 15.3487 78.4046
133.194 122.209 0.388399 0.204662 0 0.0285413 9.9877 8.21338
56 26.091 14.3748 89.5526
133.194 122.209 0.388399 0.204662 0 0.0285413 9.9877 8.21338
57 26.091 16.0661 79.769
133.194 122.209 0.388399 0.204662 0 0.0285413 9.9877 8.21338
58 26.091 14.5651 84.2338
133.194 122.209 0.388399 0.204662 0 0.0285413 9.9877 8.21338
59 26.091 12.9143 91.866
133.194 122.209 0.388399 0.204662 0 0.0285413 9.9877 8.21338
60 26.091 14.0287 81.9214
133.194 122.209 0.388399 0.204662 0 0.0285413 9.9877 8.21338
61 26.091 12.3226 103.191
133.194 122.209 0.388399 0.204662 0 0.0285413 9.9877 8.21338
62 26.091 11.3843 95.1646
133.194 122.209 0.388399 0.204662 0 0.0285413 9.9877 8.21338
63 26.091 11.8826 103.404
133.194 122.209 0.388399 0.204662 0 0.0285413 9.9877 8.21338
64 26.091 12.4375 111.495
133.194 122.209 0.388399 0.204662 0 0.0285413 9.9877 8.21338
65 26.091 12.3792 90.9772
133.194 122.209 0.388399 0.204662 0 0.0285413 9.9877 8.21338
66 26.091 13.9542 86.3039
133.194 122.209 0.388399 0.204662 0 0.0285413 9.9877 8.21338
67 26.091 13.4528 88.9294
133.194 122.209 0.388399 0.204662 0 0.0285413 9.9877 8.21338
68 26.091 12.3562 77.693
133.194 122.209 0.388399 0.204662 0 0.0285413 9.9877 8.21338
69 26.091 13.4839 107.437
133.194 122.209 0.388399 0.204662 0 0.0285413 9.9877 8.21338
70 26.091 14.4377 109.514
133.194 122.209 0.388399 0.204662 0 0.0285413 9.9877 8.21338
71 26.091 13.2746 124.364
133.194 122.209 0.388399 0.204662 0 0.0285413 9.9877 8.21338
72 26.091 14.4815 86.9422
133.194 122.209 0.388399 0.204662 0 0.0285413 9.9877 8.21338
73 26.091 14.1213 78.8385
133.194 122.209 0.388399 0.204662 0 0.0285413 9.9877 8.21338
74 26.091 14.3837 83.1818
133.194 122.209 0.388399 0.204662 0 0.0285413 9.9877 8.21338
75 26.091 13.0271 100.147
133.194 122.209 0.388399 0.204662 0 0.0285413 9.9877 8.21338
76 26.091 14.6843 84.6244
133.194 122.209 0.388399 0.204662 0 0.0285413 9.9877 8.21338
77 26.091 14.7425 78.6309
133.194 122.209 0.388399 0.204662 0 0.0285413 9.9877 8.21338
78 26.091 10.4023 96.0692
133.194 122.209 0.388399 0.204662 0 0.0285413 9.9877 8.21338
79 26.091 12.5261 97.1282
133.194 122.209 0.388399 0.204662 0 0.0285413 9.9877 8.21338
80 26.091 12.8863 91.5726
133.194 122.209 0.388399 0.204662 0 0.0285413 9.9877 8.21338
81 26.091 12.0928 109.04
133.194 122.209 0.388399 0.204662 0 0.0285413 9.9877 8.21338
82 26.091 14.1324 108.591
133.194 122.209 0.388399 0.204662 0 0.0285413 9.9877 8.21338
83 26.091 12.5866 89.0999
133.194 122.209 0.388399 0.204662 0 0.0285413 9.9877 8.21338
84 26.091 14.2064 71.6748
133.194 122.209 0.388399 0.204662 0 0.0285413 9.9877 8.21338
85 26.091 13.4457 78.7202
133.194 122.209 0.388399 0.204662 0 0.0285413 9.9877 8.21338
86 26.096 14.2369 88.6357
132.697 122.535 0.37546 0.205537 0.0252246 0.0265448 10 7.9575
87 26.096 12.9589 77.0606
132.697 122.535 0.37546 0.205537 0.0252246 0.0265448 10 7.9575
88 26.096 12.0928 85.3674
132.697 122.535 0.37546 0.205537 0.0252246 0.0265448 10 7.9575
89 26.096 12.873 83.4206
132.697 122.535 0.37546 0.205537 0.0252246 0.0265448 10 7.9575
90 26.096 12.4432 99.7176
132.697 122.535 0.37546 0.205537 0.0252246 0.0265448 10 7.9575
91 26.096 12.3538 114.739
132.697 122.535 0.37546 0.205537 0.0252246 0.0265448 10 7.9575
92 26.096 14.5499 97.2206
132.697 122.535 0.37546 0.205537 0.0252246 0.0265448 10 7.9575
93 26.096 14.9911 77.086
132.697 122.535 0.37546 0.205537 0.0252246 0.0265448 10 7.9575
94 26.096 16.9139 81.6136
132.697 122.535 0.37546 0.205537 0.0252246 0.0265448 10 7.9575
95 26.096 17.8752 69.7508
132.697 122.535 0.37546 0.205537 0.0252246 0.0265448 10 7.9575
96 26.096 16.9533 67.2017
132.697 122.535 0.37546 0.205537 0.0252246 0.0265448 10 7.9575
97 26.1041 14.6956 99.9837
100 116.403 0.451375 0.134006 0 0.0403219 5.94174 6.26999
98 26.1041 15.907 73.2949
100 116.403 0.451375 0.134006 0 0.0403219 5.94174 6.26999
99 26.1041 16.2957 76.1939
100 116.403 0.451375 0.134006 0 0.0403219 5.94174 6.26999
100 26.1041 15.8055 82.2684
100 116.403 0.451375 0.134006 0 0.0403219 5.94174 6.26999
