0 8.69665 1.90873 10.4308
102.111 182.547 0.606862 0.035983 0.42409 0.417376 2.86614 4.27702
1 10.0973 2.83592 16.3849
100 190.092 0.537002 0 0.358791 0.38425 3.36203 4.12503
2 14.3235 4.91249 26.3983
154.124 143.203 0.730756 0.115155 0.429843 0.148067 0.410884 8.49039
3 15.8399 5.85068 30.9155
142.928 123.209 0.705493 0.161651 0.466563 0.242783 0 6.62487
4 15.8405 5.99201 29.7024
142.442 122.595 0.707695 0.162229 0.472915 0.241572 0.0490169 6.66088
5 17.252 7.71634 33.8177
145.591 121.437 0.708955 0.160714 0.501676 0.223783 0.186963 6.64783
6 17.252 7.78705 27.4451
145.591 121.437 0.708955 0.160714 0.501676 0.223783 0.186963 6.64783
7 17.252 7.42814 25.1111
145.591 121.437 0.708955 0.160714 0.501676 0.223783 0.186963 6.64783
8 20.0621 8.93588 32.0242
159.752 124.901 0.681312 0.101585 0.526503 0.251783 0.449855 6.37017
9 20.0621 8.94617 31.8732
159.752 124.901 0.681312 0.101585 0.526503 0.251783 0.449855 6.37017
10 20.0621 9.79079 36.1844
159.752 124.901 0.681312 0.101585 0.526503 0.251783 0.449855 6.37017
11 20.0627 10.8675 46.6259
159.751 124.898 0.681381 0.101643 0.526466 0.251668 0.451298 6.37049
12 21.4488 11.9499 44.9275
155.522 121.206 0.691733 0.0934387 0.578672 0.239175 0.162327 7.02922
13 21.4503 13.6668 35.1921
159.53 124.151 0.666616 0.113798 0.575282 0.209392 0.064148 5.83458
14 21.4503 13.5145 37.0841
159.53 124.151 0.666616 0.113798 0.575282 0.209392 0.064148 5.83458
15 21.4503 12.881 24.5042
159.53 124.151 0.666616 0.113798 0.575282 0.209392 0.064148 5.83458
16 21.4503 13.3073 26.6368
159.53 124.151 0.666616 0.113798 0.575282 0.209392 0.064148 5.83458
17 21.463 12.6451 34.3968
154.813 127.429 0.675807 0.100675 0.54576 0.233787 0.466504 5.9218
18 21.463 11.1599 28.6758
154.813 127.429 0.675807 0.100675 0.54576 0.233787 0.466504 5.9218
19 21.463 13.0018 34.9631
154.813 127.429 0.675807 0.100675 0.54576 0.233787 0.466504 5.9218
20 21.5475 12.4295 30.8798
144.233 114.286 0.486897 0.127045 0.365211 0.190314 1.48597 5.48232
21 21.5475 13.7234 27.9844
144.233 114.286 0.486897 0.127045 0.365211 0.190314 1.48597 5.48232
22 21.5475 13.3864 24.1447
144.233 114.286 0.486897 0.127045 0.365211 0.190314 1.48597 5.48232
23 22.9527 11.8831 37.4264
139.31 116.734 0.488729 0.139918 0.310024 0.198 1.59863 5.71687
24 22.9527 13.1903 37.316
139.31 116.734 0.488729 0.139918 0.310024 0.198 1.59863 5.71687
25 22.9527 13.3256 43.3192
139.31 116.734 0.488729 0.139918 0.310024 0.198 1.59863 5.71687
26 22.9707 13.5899 44.2643
151.381 111.125 0.513102 0.161071 0.293733 0.207494 0.998008 5.95032
27 22.9707 13.6169 41.0833
151.381 111.125 0.513102 0.161071 0.293733 0.207494 0.998008 5.95032
28 22.9752 12.8178 41.3909
138.572 114.779 0.479017 0.174589 0.334341 0.158416 0.906345 5.90575
29 22.9752 12.1201 34.7707
138.572 114.779 0.479017 0.174589 0.334341 0.158416 0.906345 5.90575
30 22.9752 12.3391 48.4866
138.572 114.779 0.479017 0.174589 0.334341 0.158416 0.906345 5.90575
31 22.9752 13.9468 49.634
138.572 114.779 0.479017 0.174589 0.334341 0.158416 0.906345 5.90575
32 22.9752 13.4299 48.1358
138.572 114.779 0.479017 0.174589 0.334341 0.158416 0.906345 5.90575
33 22.9752 12.8798 48.2261
138.572 114.779 0.479017 0.174589 0.334341 0.158416 0.906345 5.90575
34 22.9752 13.2933 35.9033
138.572 114.779 0.479017 0.174589 0.334341 0.158416 0.906345 5.90575
35 22.9952 12.6627 49.4622
139.446 114.981 0.472644 0.183562 0.336385 0.15724 0.871274 5.98589
36 22.9952 12.3118 49.6297
139.446 114.981 0.472644 0.183562 0.336385 0.15724 0.871274 5.98589
37 22.9952 13.1941 44.0253
139.446 114.981 0.472644 0.183562 0.336385 0.15724 0.871274 5.98589
38 24.3705 12.4311 51.1199
138.617 113.672 0.483186 0.159409 0.336763 0.160237 1.02284 5.9869
39 24.3705 13.2969 60.7607
138.617 113.672 0.483186 0.159409 0.336763 0.160237 1.02284 5.9869
40 24.3705 14.0056 48.5424
138.617 113.672 0.483186 0.159409 0.336763 0.160237 1.02284 5.9869
41 24.3705 13.7266 46.1197
138.617 113.672 0.483186 0.159409 0.336763 0.160237 1.02284 5.9869
42 24.3705 13.9419 47.5453
138.617 113.672 0.483186 0.159409 0.336763 0.160237 1.02284 5.9869
43 24.3705 15.3965 40.6011
138.617 113.672 0.483186 0.159409 0.336763 0.160237 1.02284 5.9869
44 24.3705 12.6952 53.7861
138.617 113.672 0.483186 0.159409 0.336763 0.160237 1.02284 5.9869
45 24.3705 13.3971 58.2099
138.617 113.672 0.483186 0.159409 0.336763 0.160237 1.02284 5.9869
46 24.3705 13.0215 51.2674
138.617 113.672 0.483186 0.159409 0.336763 0.160237 1.02284 5.9869
47 24.3705 11.8741 46.2464
138.617 113.672 0.483186 0.159409 0.336763 0.160237 1.02284 5.9869
48 24.3705 11.1563 46.5617
138.617 113.672 0.483186 0.159409 0.336763 0.160237 1.02284 5.9869
49 24.3705 10.3837 45.4436
138.617 113.672 0.483186 0.159409 0.336763 0.160237 1.02284 5.9869
50 24.3705 10.2582 46.5156
138.617 113.672 0.483186 0.159409 0.336763 0.160237 1.02284 5.9869
51 24.3705 11.6015 56.3199
138.617 113.672 0.483186 0.159409 0.336763 0.160237 1.02284 5.9869
52 24.3705 10.8747 56.8462
138.617 113.672 0.483186 0.159409 0.336763 0.160237 1.02284 5.9869
53 24.3705 9.93924 54.9575
138.617 113.672 0.483186 0.159409 0.336763 0.160237 1.02284 5.9869
54 24.3705 10.8579 62.9759
138.617 113.672 0.483186 0.159409 0.336763 0.160237 1.02284 5.9869
55 24.3705 10.2941 48.5994
138.617 113.672 0.483186 0.159409 0.336763 0.160237 1.02284 5.9869
56 24.3705 10.6723 56.4585
138.617 113.672 0.483186 0.159409 0.336763 0.160237 1.02284 5.9869
57 24.3705 11.2381 52.217
138.617 113.672 0.483186 0.159409 0.336763 0.160237 1.02284 5.9869
58 24.3705 11.6464 57.2715
138.617 113.672 0.483186 0.159409 0.336763 0.160237 1.02284 5.9869
59 24.3705 11.0936 51.9327
138.617 113.672 0.483186 0.159409 0.336763 0.160237 1.02284 5.9869
60 24.3705 10.7321 50.473
138.617 113.672 0.483186 0.159409 0.336763 0.160237 1.02284 5.9869
61 24.3705 10.7929 41.626
138.617 113.672 0.483186 0.159409 0.336763 0.160237 1.02284 5.9869
62 24.3705 12.7409 36.7108
138.617 113.672 0.483186 0.159409 0.336763 0.160237 1.02284 5.9869
63 24.3705 12.5204 45.2496
138.617 113.672 0.483186 0.159409 0.336763 0.160237 1.02284 5.9869
64 24.3705 11.8075 50.2027
138.617 113.672 0.483186 0.159409 0.336763 0.160237 1.02284 5.9869
65 24.3705 11.9651 43.8901
138.617 113.672 0.483186 0.159409 0.336763 0.160237 1.02284 5.9869
66 24.3705 12.329 44.7925
138.617 113.672 0.483186 0.159409 0.336763 0.160237 1.02284 5.9869
67 24.3705 11.9591 46.74
138.617 113.672 0.483186 0.159409 0.336763 0.160237 1.02284 5.9869
68 24.3705 12.6374 50.7868
138.617 113.672 0.483186 0.159409 0.336763 0.160237 1.02284 5.9869
69 24.3705 11.9904 49.6338
138.617 113.672 0.483186 0.159409 0.336763 0.160237 1.02284 5.9869
70 24.3705 12.2244 54.4303
138.617 113.672 0.483186 0.159409 0.336763 0.160237 1.02284 5.9869
71 24.3705 11.864 47.6274
138.617 113.672 0.483186 0.159409 0.336763 0.160237 1.02284 5.9869
72 24.3705 12.7495 45.5723
138.617 113.672 0.483186 0.159409 0.336763 0.160237 1.02284 5.9869
73 24.3705 11.7776 48.4745
138.617 113.672 0.483186 0.159409 0.336763 0.160237 1.02284 5.9869
74 24.3705 12.2606 57.8309
138.617 113.672 0.483186 0.159409 0.336763 0.160237 1.02284 5.9869
75 24.3705 10.8091 41.9543
138.617 113.672 0.483186 0.159409 0.336763 0.160237 1.02284 5.9869
76 24.3705 11.4407 55.9586
138.617 113.672 0.483186 0.159409 0.336763 0.160237 1.02284 5.9869
77 24.3705 13.3116 54.9739
138.617 113.672 0.483186 0.159409 0.336763 0.160237 1.02284 5.9869
78 24.3705 12.3124 52.5022
138.617 113.672 0.483186 0.159409 0.336763 0.160237 1.02284 5.9869
79 24.3705 12.4262 60.0258
138.617 113.672 0.483186 0.159409 0.336763 0.160237 1.02284 5.9869
80 24.3705 11.0642 50.4155
138.617 113.672 0.483186 0.159409 0.336763 0.160237 1.02284 5.9869
81 24.3705 12.6549 52.1901
138.617 113.672 0.483186 0.159409 0.336763 0.160237 1.02284 5.9869
82 24.3705 12.9457 46.7924
138.617 113.672 0.483186 0.159409 0.336763 0.160237 1.02284 5.9869
83 24.3705 12.7518 53.1527
138.617 113.672 0.483186 0.159409 0.336763 0.160237 1.02284 5.9869
84 24.3705 14.0236 42.3594
138.617 113.672 0.483186 0.159409 0.336763 0.160237 1.02284 5.9869
85 24.3705 13.5989 55.9808
138.617 113.672 0.483186 0.159409 0.336763 0.160237 1.02284 5.9869
86 24.3705 14.1772 49.5503
138.617 113.672 0.483186 0.159409 0.336763 0.160237 1.02284 5.9869
87 24.3705 11.7331 46.9335
138.617 113.672 0.483186 0.159409 0.336763 0.160237 1.02284 5.9869
88 24.3705 12.0423 54.9221
138.617 113.672 0.483186 0.159409 0.336763 0.160237 1.02284 5.9869
89 24.3705 10.4972 55.7151
138.617 113.672 0.483186 0.159409 0.336763 0.160237 1.02284 5.9869
90 24.3705 10.4239 76.4756
138.617 113.672 0.483186 0.159409 0.336763 0.160237 1.02284 5.9869
91 24.3705 10.0595 69.6839
138.617 113.672 0.483186 0.159409 0.336763 0.160237 1.02284 5.9869
92 24.3705 11.6409 66.8177
138.617 113.672 0.483186 0.159409 0.336763 0.160237 1.02284 5.9869
93 24.3705 11.4416 58.1723
138.617 113.672 0.483186 0.159409 0.336763 0.160237 1.02284 5.9869
94 24.3705 11.1625 52.154
138.617 113.672 0.483186 0.159409 0.336763 0.160237 1.02284 5.9869
95 24.3705 12.3666 61.0447
138.617 113.672 0.483186 0.159409 0.336763 0.160237 1.02284 5.9869
96 24.3705 13.1518 56.6648
138.617 113.672 0.483186 0.159409 0.336763 0.160237 1.02284 5.9869
97 24.3705 13.1701 53.4661
138.617 113.672 0.483186 0.159409 0.336763 0.160237 1.02284 5.9869
98 24.3705 11.8628 48.2567
138.617 113.672 0.483186 0.159409 0.336763 0.160237 1.02284 5.9869
99 24.3705 13.369 60.6803
138.617 113.672 0.483186 0.159409 0.336763 0.160237 1.02284 5.9869
100 24.3705 12.6437 56.1386
138.617 113.672 0.483186 0.159409 0.336763 0.160237 1.02284 5.9869
