0 25.7199 2.39562 34.7317
142.547 136.476 0.478259 0.182873 0.088216 0.187942 8.79105 3.81801
1 25.7199 4.54833 51.9967
142.547 136.476 0.478259 0.182873 0.088216 0.187942 8.79105 3.81801
2 25.7199 7.63857 101.106
142.547 136.476 0.478259 0.182873 0.088216 0.187942 8.79105 3.81801
3 26.0608 10.4302 125.203
168.351 103.634 0.670717 0 0.139749 0.244877 10 5.1432
4 26.0608 13.8721 143.897
168.351 103.634 0.670717 0 0.139749 0.244877 10 5.1432
5 26.0608 15.1546 141.743
168.351 103.634 0.670717 0 0.139749 0.244877 10 5.1432
6 26.273 14.9006 129.754
168.29 103.82 0.671695 0.00184934 0.139706 0.241517 9.97456 5.1369
7 26.7041 14.8151 125.492
168.236 101.201 0.659444 0 0.188363 0.22381 10 4.81284
8 26.7041 15.9204 112.176
168.236 101.201 0.659444 0 0.188363 0.22381 10 4.81284
9 26.7041 16.2446 98.9152
168.236 101.201 0.659444 0 0.188363 0.22381 10 4.81284
10 26.7041 17.7379 108.924
168.236 101.201 0.659444 0 0.188363 0.22381 10 4.81284
11 26.7041 16.8083 108.345
168.236 101.201 0.659444 0 0.188363 0.22381 10 4.81284
12 26.8499 18.2338 100.396
154.923 158.614 0.231228 0.215773 0.0397122 0.222763 8.59118 3.37422
13 27.9427 17.8227 99.8803
154.969 160.945 0.207325 0.225022 0.0543964 0.174702 8.75806 2.21484
14 27.9427 17.9812 98.6947
154.969 160.945 0.207325 0.225022 0.0543964 0.174702 8.75806 2.21484
15 27.9427 18.9156 100.532
154.969 160.945 0.207325 0.225022 0.0543964 0.174702 8.75806 2.21484
16 27.9427 19.2704 103.49
154.969 160.945 0.207325 0.225022 0.0543964 0.174702 8.75806 2.21484
17 27.9427 18.1831 109.203
154.969 160.945 0.207325 0.225022 0.0543964 0.174702 8.75806 2.21484
18 27.9427 19.0309 105.851
154.969 160.945 0.207325 0.225022 0.0543964 0.174702 8.75806 2.21484
19 28.7914 19.7057 106.302
146.166 163.761 0.233933 0.158001 0 0.192853 8.41157 3.05962
20 28.7914 21.1318 80.5893
146.166 163.761 0.233933 0.158001 0 0.192853 8.41157 3.05962
21 28.7914 21.926 80.9387
146.166 163.761 0.233933 0.158001 0 0.192853 8.41157 3.05962
22 29.7898 24.3075 40.8045
147.797 155.539 0.216261 0.208964 0.0654441 0.212455 8.61756 1.95013
23 29.7898 25.2513 18.924
147.797 155.539 0.216261 0.208964 0.0654441 0.212455 8.61756 1.95013
24 31.4084 25.7336 10.3551
148.021 157.718 0.230353 0.205344 0.0587841 0.205853 8.71108 1.72118
25 31.4084 24.8635 30.3109
148.021 157.718 0.230353 0.205344 0.0587841 0.205853 8.71108 1.72118
26 31.4084 24.7455 43.2107
148.021 157.718 0.230353 0.205344 0.0587841 0.205853 8.71108 1.72118
27 32.409 24.6565 45.8921
155.3 162.457 0.239262 0.204972 0 0.0539049 8.60089 1.11864
28 32.409 26.0708 30.1077
155.3 162.457 0.239262 0.204972 0 0.0539049 8.60089 1.11864
29 32.409 24.6348 49.0115
155.3 162.457 0.239262 0.204972 0 0.0539049 8.60089 1.11864
30 32.409 23.1951 76.9395
155.3 162.457 0.239262 0.204972 0 0.0539049 8.60089 1.11864
31 32.409 24.5123 43.2505
155.3 162.457 0.239262 0.204972 0 0.0539049 8.60089 1.11864
32 32.409 24.7269 20.6078
155.3 162.457 0.239262 0.204972 0 0.0539049 8.60089 1.11864
33 32.409 24.1718 26.7532
155.3 162.457 0.239262 0.204972 0 0.0539049 8.60089 1.11864
34 32.409 22.8779 61.2116
155.3 162.457 0.239262 0.204972 0 0.0539049 8.60089 1.11864
35 32.409 21.4347 77.9731
155.3 162.457 0.239262 0.204972 0 0.0539049 8.60089 1.11864
36 32.409 22.6706 67.8229
155.3 162.457 0.239262 0.204972 0 0.0539049 8.60089 1.11864
37 32.409 23.6017 51.9227
155.3 162.457 0.239262 0.204972 0 0.0539049 8.60089 1.11864
38 32.409 23.6207 73.2793
155.3 162.457 0.239262 0.204972 0 0.0539049 8.60089 1.11864
39 32.409 22.6003 66.5301
155.3 162.457 0.239262 0.204972 0 0.0539049 8.60089 1.11864
40 32.409 22.4276 70.9617
155.3 162.457 0.239262 0.204972 0 0.0539049 8.60089 1.11864
41 32.409 24.6287 56.8831
155.3 162.457 0.239262 0.204972 0 0.0539049 8.60089 1.11864
42 32.409 24.4152 35.4939
155.3 162.457 0.239262 0.204972 0 0.0539049 8.60089 1.11864
43 32.409 24.8121 33.8244
155.3 162.457 0.239262 0.204972 0 0.0539049 8.60089 1.11864
44 32.409 23.3323 57.8007
155.3 162.457 0.239262 0.204972 0 0.0539049 8.60089 1.11864
45 32.409 23.4131 62.438
155.3 162.457 0.239262 0.204972 0 0.0539049 8.60089 1.11864
46 32.409 23.2823 65.7636
155.3 162.457 0.239262 0.204972 0 0.0539049 8.60089 1.11864
47 32.409 22.3691 67.6805
155.3 162.457 0.239262 0.204972 0 0.0539049 8.60089 1.11864
48 32.409 22.513 68.0688
155.3 162.457 0.239262 0.204972 0 0.0539049 8.60089 1.11864
49 32.409 23.732 41.8469
155.3 162.457 0.239262 0.204972 0 0.0539049 8.60089 1.11864
50 32.9803 22.931 70.9147
154.998 162.3 0.238783 0.205709 0.000821002 0.0540627 8.60755 1.1253
51 32.9803 21.281 84.8476
154.998 162.3 0.238783 0.205709 0.000821002 0.0540627 8.60755 1.1253
52 32.9803 23.4106 50.6386
154.998 162.3 0.238783 0.205709 0.000821002 0.0540627 8.60755 1.1253
53 32.9803 23.0322 76.6293
154.998 162.3 0.238783 0.205709 0.000821002 0.0540627 8.60755 1.1253
54 32.9803 24.7534 50.1828
154.998 162.3 0.238783 0.205709 0.000821002 0.0540627 8.60755 1.1253
55 32.9803 25.0141 42.3302
154.998 162.3 0.238783 0.205709 0.000821002 0.0540627 8.60755 1.1253
56 32.9803 25.2668 23.5221
154.998 162.3 0.238783 0.205709 0.000821002 0.0540627 8.60755 1.1253
57 32.9803 25.9926 13.8749
154.998 162.3 0.238783 0.205709 0.000821002 0.0540627 8.60755 1.1253
58 32.9803 23.631 56.5891
154.998 162.3 0.238783 0.205709 0.000821002 0.0540627 8.60755 1.1253
59 32.9803 25.0534 39.0945
154.998 162.3 0.238783 0.205709 0.000821002 0.0540627 8.60755 1.1253
60 32.9803 24.5116 45.9487
154.998 162.3 0.238783 0.205709 0.000821002 0.0540627 8.60755 1.1253
61 32.9803 23.4565 46.3943
154.998 162.3 0.238783 0.205709 0.000821002 0.0540627 8.60755 1.1253
62 32.9803 22.4404 62.6336
154.998 162.3 0.238783 0.205709 0.000821002 0.0540627 8.60755 1.1253
63 32.9803 21.7912 71.5003
154.998 162.3 0.238783 0.205709 0.000821002 0.0540627 8.60755 1.1253
64 32.9803 22.5762 62.3449
154.998 162.3 0.238783 0.205709 0.000821002 0.0540627 8.60755 1.1253
65 32.9803 22.5982 52.8176
154.998 162.3 0.238783 0.205709 0.000821002 0.0540627 8.60755 1.1253
66 32.9803 23.4563 56.1307
154.998 162.3 0.238783 0.205709 0.000821002 0.0540627 8.60755 1.1253
67 32.9803 23.6274 52.3835
154.998 162.3 0.238783 0.205709 0.000821002 0.0540627 8.60755 1.1253
68 32.9803 23.8939 51.0982
154.998 162.3 0.238783 0.205709 0.000821002 0.0540627 8.60755 1.1253
69 32.9803 23.4455 59.9791
154.998 162.3 0.238783 0.205709 0.000821002 0.0540627 8.60755 1.1253
70 32.9803 23.3799 65.2002
154.998 162.3 0.238783 0.205709 0.000821002 0.0540627 8.60755 1.1253
71 32.9803 25.3383 26.7939
154.998 162.3 0.238783 0.205709 0.000821002 0.0540627 8.60755 1.1253
72 32.9803 25.1391 27.1674
154.998 162.3 0.238783 0.205709 0.000821002 0.0540627 8.60755 1.1253
73 32.9803 24.1386 56.1643
154.998 162.3 0.238783 0.205709 0.000821002 0.0540627 8.60755 1.1253
74 32.9803 24.3336 62.7606
154.998 162.3 0.238783 0.205709 0.000821002 0.0540627 8.60755 1.1253
75 32.9803 23.8071 66.5557
154.998 162.3 0.238783 0.205709 0.000821002 0.0540627 8.60755 1.1253
76 32.9803 22.8253 56.5719
154.998 162.3 0.238783 0.205709 0.000821002 0.0540627 8.60755 1.1253
77 32.9803 24.7999 49.6954
154.998 162.3 0.238783 0.205709 0.000821002 0.0540627 8.60755 1.1253
78 32.9803 23.2691 59.3144
154.998 162.3 0.238783 0.205709 0.000821002 0.0540627 8.60755 1.1253
79 32.9803 21.3268 94.0114
154.998 162.3 0.238783 0.205709 0.000821002 0.0540627 8.60755 1.1253
80 32.9803 22.3589 74.8068
154.998 162.3 0.238783 0.205709 0.000821002 0.0540627 8.60755 1.1253
81 32.9803 23.6477 54.7015
154.998 162.3 0.238783 0.205709 0.000821002 0.0540627 8.60755 1.1253
82 32.9803 22.5628 66.0913
154.998 162.3 0.238783 0.205709 0.000821002 0.0540627 8.60755 1.1253
83 32.9803 23.2706 50.1028
154.998 162.3 0.238783 0.205709 0.000821002 0.0540627 8.60755 1.1253
84 32.9803 25.5056 16.0477
154.998 162.3 0.238783 0.205709 0.000821002 0.0540627 8.60755 1.1253
85 32.9803 23.6796 65.1568
154.998 162.3 0.238783 0.205709 0.000821002 0.0540627 8.60755 1.1253
86 32.9803 23.9474 43.6729
154.998 162.3 0.238783 0.205709 0.000821002 0.0540627 8.60755 1.1253
87 32.9803 24.8648 48.407
154.998 162.3 0.238783 0.205709 0.000821002 0.0540627 8.60755 1.1253
88 32.9803 23.2121 74.8881
154.998 162.3 0.238783 0.205709 0.000821002 0.0540627 8.60755 1.1253
89 32.9803 22.9213 71.8341
154.998 162.3 0.238783 0.205709 0.000821002 0.0540627 8.60755 1.1253
90 32.9803 24.2331 52.8123
154.998 162.3 0.238783 0.205709 0.000821002 0.0540627 8.60755 1.1253
91 32.9803 23.3628 69.4384
154.998 162.3 0.238783 0.205709 0.000821002 0.0540627 8.60755 1.1253
92 32.9803 26.4446 16.9925
154.998 162.3 0.238783 0.205709 0.000821002 0.0540627 8.60755 1.1253
93 32.9803 27.1409 11.8831
154.998 162.3 0.238783 0.205709 0.000821002 0.0540627 8.60755 1.1253
94 32.9803 26.1924 19.3782
154.998 162.3 0.238783 0.205709 0.000821002 0.0540627 8.60755 1.1253
95 32.9803 25.4573 31.1517
154.998 162.3 0.238783 0.205709 0.000821002 0.0540627 8.60755 1.1253
96 32.9803 22.9557 87.2443
154.998 162.3 0.238783 0.205709 0.000821002 0.0540627 8.60755 1.1253
97 32.9803 22.5556 89.8238
154.998 162.3 0.238783 0.205709 0.000821002 0.0540627 8.60755 1.1253
98 32.9803 23.577 42.9047
154.998 162.3 0.238783 0.205709 0.000821002 0.0540627 8.60755 1.1253
99 32.9803 23.7843 55.2678
154.998 162.3 0.238783 0.205709 0.000821002 0.0540627 8.60755 1.1253
100 32.9803 23.3595 56.123
154.998 162.3 0.238783 0.205709 0.000821002 0.0540627 8.60755 1.1253
