0 11.5182 3.71785 9.68329
166.286 176.544 0.336595 0.263872 0.758926 0.0975702 5.92968 1.92445
1 12.0364 4.62227 17.1088
176.928 107.344 0.307277 0.284235 0.237072 0.209152 9.78522 1.47526
2 12.5597 5.77859 22.5409
176.96 108.674 0.33596 0.248037 0.255594 0.197978 9.92675 1.36324
3 12.6674 6.2316 21.2145
164.474 170.735 0.359595 0.310052 0.759193 0.108042 5.66552 1.90158
4 12.6674 6.94262 20.6548
164.474 170.735 0.359595 0.310052 0.759193 0.108042 5.66552 1.90158
5 13.4186 7.60733 21.9483
186.529 100.165 0.350943 0.141382 0.322147 0.00368053 9.84562 2.71666
6 13.5471 7.92956 20.8733
195.985 100.428 0.347871 0.189489 0.352052 0.0377574 9.82028 2.30353
7 13.5471 8.71694 21.4343
195.985 100.428 0.347871 0.189489 0.352052 0.0377574 9.82028 2.30353
8 14.6966 8.17073 18.568
144.533 103.999 0.422313 0.210291 0.531574 0.121858 10 3.46526
9 15.2061 9.28002 20.0954
188.475 101.791 0.46359 0.19667 0.312635 0 9.04315 1.68433
10 15.2069 10.1725 18.0581
153.314 101.999 0.436887 0.252546 0.59324 0.0420021 10 3.87549
11 16.6152 10.2752 19.1673
185.906 100 0.478751 0.12911 0.312765 0.116089 10 2.16243
12 16.8224 10.1468 22.547
190.68 104.824 0.482435 0.176874 0.279031 0.00734954 9.46236 2.38816
13 16.8224 10.4353 23.2706
190.68 104.824 0.482435 0.176874 0.279031 0.00734954 9.46236 2.38816
14 18.0417 10.5637 24.6383
194.766 101.595 0.488581 0.187219 0.281351 0 8.68977 1.77313
15 18.0417 11.0278 21.3805
194.766 101.595 0.488581 0.187219 0.281351 0 8.68977 1.77313
16 18.0417 10.7109 20.5569
194.766 101.595 0.488581 0.187219 0.281351 0 8.68977 1.77313
17 18.0417 11.3141 18.3081
194.766 101.595 0.488581 0.187219 0.281351 0 8.68977 1.77313
18 18.0417 12.3958 15.5099
194.766 101.595 0.488581 0.187219 0.281351 0 8.68977 1.77313
19 18.0417 11.3114 21.9303
194.766 101.595 0.488581 0.187219 0.281351 0 8.68977 1.77313
20 18.0417 12.3809 17.4369
194.766 101.595 0.488581 0.187219 0.281351 0 8.68977 1.77313
21 18.0417 12.9973 14.0755
194.766 101.595 0.488581 0.187219 0.281351 0 8.68977 1.77313
22 18.0417 13.0031 15.9006
194.766 101.595 0.488581 0.187219 0.281351 0 8.68977 1.77313
23 18.0417 12.2129 17.8583
194.766 101.595 0.488581 0.187219 0.281351 0 8.68977 1.77313
24 18.0417 12.2402 21.1909
194.766 101.595 0.488581 0.187219 0.281351 0 8.68977 1.77313
25 18.1783 12.2362 21.7214
180.034 106.336 0.418825 0.241896 0.0999086 0 9.68625 2.46917
26 18.1783 11.2937 23.6118
180.034 106.336 0.418825 0.241896 0.0999086 0 9.68625 2.46917
27 18.1783 11.0598 24.6539
180.034 106.336 0.418825 0.241896 0.0999086 0 9.68625 2.46917
28 18.1783 11.1131 28.0188
180.034 106.336 0.418825 0.241896 0.0999086 0 9.68625 2.46917
29 18.1783 11.7712 29.8109
180.034 106.336 0.418825 0.241896 0.0999086 0 9.68625 2.46917
30 18.1783 11.8521 30.2717
180.034 106.336 0.418825 0.241896 0.0999086 0 9.68625 2.46917
31 18.883 12.4993 26.4964
165.442 101.193 0.434581 0.178362 0.0264187 0.0717084 7.04946 2.26861
32 18.883 11.7144 30.4186
165.442 101.193 0.434581 0.178362 0.0264187 0.0717084 7.04946 2.26861
33 19.5873 11.9476 35.2694
171.722 103.735 0.415584 0.179164 0.0122088 0.031819 7.25889 1.83533
34 19.9582 13.1405 36.4056
199.249 100 0.588053 0.103596 0.0417121 0.0820673 9.08832 0.426997
35 20.0977 14.0519 35.6425
165.011 100 0.414613 0.158237 0 0.0150892 6.31501 1.79247
36 20.9687 14.375 35.8074
147.974 107.093 0.463306 0.12403 0 0.0237865 8.53589 2.19164
37 20.9687 13.8811 32.0573
147.974 107.093 0.463306 0.12403 0 0.0237865 8.53589 2.19164
38 20.9687 14.3036 40.7263
147.974 107.093 0.463306 0.12403 0 0.0237865 8.53589 2.19164
39 20.9687 13.7449 40.8532
147.974 107.093 0.463306 0.12403 0 0.0237865 8.53589 2.19164
40 21.0123 14.1011 37.8174
146.459 106.693 0.478915 0.125006 0.00784432 0.0636633 8.27023 2.09768
41 21.0123 15.1102 39.0448
146.459 106.693 0.478915 0.125006 0.00784432 0.0636633 8.27023 2.09768
42 21.0123 15.3748 35.5962
146.459 106.693 0.478915 0.125006 0.00784432 0.0636633 8.27023 2.09768
43 21.0123 14.4743 39.8609
146.459 106.693 0.478915 0.125006 0.00784432 0.0636633 8.27023 2.09768
44 21.5012 16.1406 25.0508
153.391 103.182 0.485993 0.144105 0.0320905 0.000502745 8.34739 1.96735
45 21.5012 15.2737 24.604
153.391 103.182 0.485993 0.144105 0.0320905 0.000502745 8.34739 1.96735
46 21.5012 15.6681 25.5269
153.391 103.182 0.485993 0.144105 0.0320905 0.000502745 8.34739 1.96735
47 21.5012 16.2508 24.2069
153.391 103.182 0.485993 0.144105 0.0320905 0.000502745 8.34739 1.96735
48 21.5012 15.6477 23.262
153.391 103.182 0.485993 0.144105 0.0320905 0.000502745 8.34739 1.96735
49 21.5012 15.2417 30.8907
153.391 103.182 0.485993 0.144105 0.0320905 0.000502745 8.34739 1.96735
50 21.5012 15.7976 27.9875
153.391 103.182 0.485993 0.144105 0.0320905 0.000502745 8.34739 1.96735
51 21.5012 15.5911 31.6896
153.391 103.182 0.485993 0.144105 0.0320905 0.000502745 8.34739 1.96735
52 21.5012 16.0138 34.1252
153.391 103.182 0.485993 0.144105 0.0320905 0.000502745 8.34739 1.96735
53 21.5012 16.9918 24.1869
153.391 103.182 0.485993 0.144105 0.0320905 0.000502745 8.34739 1.96735
54 22.0216 15.389 31.9505
137.684 103.954 0.454187 0.162222 0.0196009 0 10 2.01813
55 22.0216 16.0444 36.0046
137.684 103.954 0.454187 0.162222 0.0196009 0 10 2.01813
56 22.0216 15.0765 40.2441
137.684 103.954 0.454187 0.162222 0.0196009 0 10 2.01813
57 22.0216 15.3052 41.5411
137.684 103.954 0.454187 0.162222 0.0196009 0 10 2.01813
58 22.203 16.2764 38.0094
114.181 103.263 0.37081 0.251019 0 0 10 3.11849
59 22.203 14.4801 48.0814
114.181 103.263 0.37081 0.251019 0 0 10 3.11849
60 22.203 14.64 46.683
114.181 103.263 0.37081 0.251019 0 0 10 3.11849
61 22.203 16.2068 38.8496
114.181 103.263 0.37081 0.251019 0 0 10 3.11849
62 22.203 15.5203 45.8595
114.181 103.263 0.37081 0.251019 0 0 10 3.11849
63 22.203 15.9521 44.9449
114.181 103.263 0.37081 0.251019 0 0 10 3.11849
64 22.203 15.25 48.8817
114.181 103.263 0.37081 0.251019 0 0 10 3.11849
65 22.204 14.8851 43.8602
114.287 103.263 0.371154 0.251528 0.00203966 0 10 3.11641
66 22.204 15.4571 45.5227
114.287 103.263 0.371154 0.251528 0.00203966 0 10 3.11641
67 22.204 16.3145 38.2395
114.287 103.263 0.371154 0.251528 0.00203966 0 10 3.11641
68 22.204 15.4389 43.3074
114.287 103.263 0.371154 0.251528 0.00203966 0 10 3.11641
69 22.5875 14.4458 49.0425
115.461 100 0.401106 0.211296 0 0.0221896 10 3.29761
70 22.5875 14.5156 54.2965
115.461 100 0.401106 0.211296 0 0.0221896 10 3.29761
71 22.5875 14.6563 41.8364
115.461 100 0.401106 0.211296 0 0.0221896 10 3.29761
72 22.5875 13.6258 44.322
115.461 100 0.401106 0.211296 0 0.0221896 10 3.29761
73 22.5875 14.8702 49.4614
115.461 100 0.401106 0.211296 0 0.0221896 10 3.29761
74 22.5875 15.7681 50.1302
115.461 100 0.401106 0.211296 0 0.0221896 10 3.29761
75 22.5875 14.8145 53.2879
115.461 100 0.401106 0.211296 0 0.0221896 10 3.29761
76 22.5875 14.4627 47.5215
115.461 100 0.401106 0.211296 0 0.0221896 10 3.29761
77 22.5875 14.177 52.8795
115.461 100 0.401106 0.211296 0 0.0221896 10 3.29761
78 22.6598 15.1755 56.8546
111.346 101.599 0.367063 0.236524 0.00355318 0 9.82658 3.09218
79 22.6598 15.9908 48.7312
111.346 101.599 0.367063 0.236524 0.00355318 0 9.82658 3.09218
80 22.6708 16.7058 42.8717
111.416 101.769 0.367214 0.239893 0.00527112 0 9.82054 3.09983
81 22.6708 16.7397 32.3442
111.416 101.769 0.367214 0.239893 0.00527112 0 9.82054 3.09983
82 22.6708 16.5625 44.9101
111.416 101.769 0.367214 0.239893 0.00527112 0 9.82054 3.09983
83 22.6708 15.1994 43.5547
111.416 101.769 0.367214 0.239893 0.00527112 0 9.82054 3.09983
84 22.6708 15.3522 44.9976
111.416 101.769 0.367214 0.239893 0.00527112 0 9.82054 3.09983
85 22.6708 14.6552 50.0347
111.416 101.769 0.367214 0.239893 0.00527112 0 9.82054 3.09983
86 22.6708 16.4234 40.8541
111.416 101.769 0.367214 0.239893 0.00527112 0 9.82054 3.09983
87 22.6708 15.4739 42.022
111.416 101.769 0.367214 0.239893 0.00527112 0 9.82054 3.09983
88 23.6885 16.2804 37.8684
100 100 0.526757 0.147037 0 0.00688465 9.90363 4.25222
89 23.6885 15.5825 37.6933
100 100 0.526757 0.147037 0 0.00688465 9.90363 4.25222
90 23.6885 17.1718 35.1188
100 100 0.526757 0.147037 0 0.00688465 9.90363 4.25222
91 23.6885 17.8346 30.9691
100 100 0.526757 0.147037 0 0.00688465 9.90363 4.25222
92 23.6885 17.8983 33.2907
100 100 0.526757 0.147037 0 0.00688465 9.90363 4.25222
93 24.0383 17.1887 35.9471
100 100 0.505762 0.166087 0.00455825 0.0156083 10 4.46107
94 24.0851 15.795 49.8481
101.113 100 0.511677 0.13269 0 0 10 4.3771
95 24.0851 16.1288 47.7763
101.113 100 0.511677 0.13269 0 0 10 4.3771
96 24.0851 14.9532 53.8496
101.113 100 0.511677 0.13269 0 0 10 4.3771
97 24.0851 14.7963 49.2867
101.113 100 0.511677 0.13269 0 0 10 4.3771
98 24.0904 14.976 63.0505
101.21 100 0.508467 0.132515 0 0.00226472 9.97405 4.35237
99 24.0904 15.3108 69.9763
101.21 100 0.508467 0.132515 0 0.00226472 9.97405 4.35237
100 24.0904 12.6638 69.3504
101.21 100 0.508467 0.132515 0 0.00226472 9.97405 4.35237
