0 15.9088 1.13933 9.34199
149.696 179.308 168.23 0.0126198 0.381122 0.258921 0.440124 0.129502 0.483163 2.53213 9.37768 4.36308
1 15.9088 1.61246 10.7807
149.696 179.308 168.23 0.0126198 0.381122 0.258921 0.440124 0.129502 0.483163 2.53213 9.37768 4.36308
2 15.9088 2.48118 16.6237
149.696 179.308 168.23 0.0126198 0.381122 0.258921 0.440124 0.129502 0.483163 2.53213 9.37768 4.36308
3 16.3 3.66013 26.8719
149.916 180.493 171.692 0.0177859 0.398081 0.217857 0.395679 0.148724 0.445426 2.37541 9.56999 4.40597
4 23.344 4.79988 42.1446
147.566 181.172 173.462 0.00135768 0.414985 0.205701 0.387181 0.167401 0.450496 2.34341 9.50003 4.47543
5 23.344 6.2298 59.3643
147.566 181.172 173.462 0.00135768 0.414985 0.205701 0.387181 0.167401 0.450496 2.34341 9.50003 4.47543
6 23.344 6.4951 60.0159
147.566 181.172 173.462 0.00135768 0.414985 0.205701 0.387181 0.167401 0.450496 2.34341 9.50003 4.47543
7 23.344 7.42506 63.009
147.566 181.172 173.462 0.00135768 0.414985 0.205701 0.387181 0.167401 0.450496 2.34341 9.50003 4.47543
8 23.344 8.15577 63.8192
147.566 181.172 173.462 0.00135768 0.414985 0.205701 0.387181 0.167401 0.450496 2.34341 9.50003 4.47543
9 23.344 9.05354 65.3974
147.566 181.172 173.462 0.00135768 0.414985 0.205701 0.387181 0.167401 0.450496 2.34341 9.50003 4.47543
10 23.8205 10.1097 64.4503
148.354 180.037 176.191 0.000486694 0.406172 0.201334 0.383316 0.157855 0.468527 2.35098 9.57334 4.49424
11 24.8297 10.3258 72.0399
145.11 178.689 172.694 0.00031394 0.390144 0.257344 0.40854 0.108173 0.382566 2.71141 9.83589 4.7342
12 24.8297 9.60019 55.8391
145.11 178.689 172.694 0.00031394 0.390144 0.257344 0.40854 0.108173 0.382566 2.71141 9.83589 4.7342
13 24.8297 9.57644 58.1886
145.11 178.689 172.694 0.00031394 0.390144 0.257344 0.40854 0.108173 0.382566 2.71141 9.83589 4.7342
14 24.8297 11.1947 65.9434
145.11 178.689 172.694 0.00031394 0.390144 0.257344 0.40854 0.108173 0.382566 2.71141 9.83589 4.7342
15 25.6997 10.6817 65.7392
129.356 190.606 165.64 0.00551061 0.412916 0.16788 0.177428 0.154579 0.452245 3.29127 9.42575 4.51781
16 25.6997 9.65722 53.3745
129.356 190.606 165.64 0.00551061 0.412916 0.16788 0.177428 0.154579 0.452245 3.29127 9.42575 4.51781
17 25.6997 11.0881 62.1222
129.356 190.606 165.64 0.00551061 0.412916 0.16788 0.177428 0.154579 0.452245 3.29127 9.42575 4.51781
18 25.6997 10.9399 60.2682
129.356 190.606 165.64 0.00551061 0.412916 0.16788 0.177428 0.154579 0.452245 3.29127 9.42575 4.51781
19 25.8521 11.2619 69.4488
156.588 175.886 160.703 8.43938e-05 0.393875 0.243533 0.23123 0.160348 0.366855 1.04231 7.70961 4.32442
20 25.8521 10.7777 75.3377
156.588 175.886 160.703 8.43938e-05 0.393875 0.243533 0.23123 0.160348 0.366855 1.04231 7.70961 4.32442
21 25.8521 10.8305 72.1516
156.588 175.886 160.703 8.43938e-05 0.393875 0.243533 0.23123 0.160348 0.366855 1.04231 7.70961 4.32442
22 25.8521 12.2167 81.9417
156.588 175.886 160.703 8.43938e-05 0.393875 0.243533 0.23123 0.160348 0.366855 1.04231 7.70961 4.32442
23 25.8521 10.8111 73.0585
156.588 175.886 160.703 8.43938e-05 0.393875 0.243533 0.23123 0.160348 0.366855 1.04231 7.70961 4.32442
24 25.8521 11.1432 77.4199
156.588 175.886 160.703 8.43938e-05 0.393875 0.243533 0.23123 0.160348 0.366855 1.04231 7.70961 4.32442
25 25.8521 10.7548 59.4206
156.588 175.886 160.703 8.43938e-05 0.393875 0.243533 0.23123 0.160348 0.366855 1.04231 7.70961 4.32442
26 25.8521 11.4886 70.0249
156.588 175.886 160.703 8.43938e-05 0.393875 0.243533 0.23123 0.160348 0.366855 1.04231 7.70961 4.32442
27 25.8521 12.6199 75.427
156.588 175.886 160.703 8.43938e-05 0.393875 0.243533 0.23123 0.160348 0.366855 1.04231 7.70961 4.32442
28 25.8521 13.1646 78.7926
156.588 175.886 160.703 8.43938e-05 0.393875 0.243533 0.23123 0.160348 0.366855 1.04231 7.70961 4.32442
29 25.8521 11.768 72.7476
156.588 175.886 160.703 8.43938e-05 0.393875 0.243533 0.23123 0.160348 0.366855 1.04231 7.70961 4.32442
30 25.8521 12.1141 75.2498
156.588 175.886 160.703 8.43938e-05 0.393875 0.243533 0.23123 0.160348 0.366855 1.04231 7.70961 4.32442
31 25.8521 13.0146 79.8838
156.588 175.886 160.703 8.43938e-05 0.393875 0.243533 0.23123 0.160348 0.366855 1.04231 7.70961 4.32442
32 25.8521 12.8572 74.2994
156.588 175.886 160.703 8.43938e-05 0.393875 0.243533 0.23123 0.160348 0.366855 1.04231 7.70961 4.32442
33 25.8521 14.3638 74.0684
156.588 175.886 160.703 8.43938e-05 0.393875 0.243533 0.23123 0.160348 0.366855 1.04231 7.70961 4.32442
34 25.8521 15.2778 76.9539
156.588 175.886 160.703 8.43938e-05 0.393875 0.243533 0.23123 0.160348 0.366855 1.04231 7.70961 4.32442
35 25.8931 15.0215 78.82
157.281 176.491 161.39 0.000218241 0.393807 0.235608 0.228131 0.156684 0.366637 0.942941 7.72863 4.27848
36 25.8931 14.4506 73.3261
157.281 176.491 161.39 0.000218241 0.393807 0.235608 0.228131 0.156684 0.366637 0.942941 7.72863 4.27848
37 25.9501 13.1651 73.1211
157.085 176.155 160.127 0.000594509 0.391797 0.243074 0.227887 0.152458 0.362952 1.11975 7.76808 4.25489
38 25.9501 15.5272 64.6013
157.085 176.155 160.127 0.000594509 0.391797 0.243074 0.227887 0.152458 0.362952 1.11975 7.76808 4.25489
39 25.9501 13.9695 72.2359
157.085 176.155 160.127 0.000594509 0.391797 0.243074 0.227887 0.152458 0.362952 1.11975 7.76808 4.25489
40 25.9501 14.8338 65.588
157.085 176.155 160.127 0.000594509 0.391797 0.243074 0.227887 0.152458 0.362952 1.11975 7.76808 4.25489
41 26.2763 14.5334 64.7682
154.448 174.845 151.959 0.000284333 0.323435 0.215144 0.122543 0.185218 0.364466 0.820161 7.1142 3.75622
42 26.2763 13.9457 71.3207
154.448 174.845 151.959 0.000284333 0.323435 0.215144 0.122543 0.185218 0.364466 0.820161 7.1142 3.75622
43 26.2763 14.6135 69.9928
154.448 174.845 151.959 0.000284333 0.323435 0.215144 0.122543 0.185218 0.364466 0.820161 7.1142 3.75622
44 26.2763 13.6512 75.4965
154.448 174.845 151.959 0.000284333 0.323435 0.215144 0.122543 0.185218 0.364466 0.820161 7.1142 3.75622
45 26.2763 12.9955 82.2459
154.448 174.845 151.959 0.000284333 0.323435 0.215144 0.122543 0.185218 0.364466 0.820161 7.1142 3.75622
46 26.2763 13.8546 85.5649
154.448 174.845 151.959 0.000284333 0.323435 0.215144 0.122543 0.185218 0.364466 0.820161 7.1142 3.75622
47 26.2763 12.8708 86.0836
154.448 174.845 151.959 0.000284333 0.323435 0.215144 0.122543 0.185218 0.364466 0.820161 7.1142 3.75622
48 26.2763 12.794 84.0116
154.448 174.845 151.959 0.000284333 0.323435 0.215144 0.122543 0.185218 0.364466 0.820161 7.1142 3.75622
49 26.2846 15.1838 89.9216
156.596 169.161 153.344 0.00110571 0.307227 0.221692 0.125739 0.161644 0.377096 0.465274 6.62509 2.86312
50 26.2846 12.7701 87.1332
156.596 169.161 153.344 0.00110571 0.307227 0.221692 0.125739 0.161644 0.377096 0.465274 6.62509 2.86312
51 26.2846 15.2312 80.4922
156.596 169.161 153.344 0.00110571 0.307227 0.221692 0.125739 0.161644 0.377096 0.465274 6.62509 2.86312
52 26.2846 14.0459 92.8568
156.596 169.161 153.344 0.00110571 0.307227 0.221692 0.125739 0.161644 0.377096 0.465274 6.62509 2.86312
53 26.2846 14.6034 94.2908
156.596 169.161 153.344 0.00110571 0.307227 0.221692 0.125739 0.161644 0.377096 0.465274 6.62509 2.86312
54 26.2846 13.3857 88.9764
156.596 169.161 153.344 0.00110571 0.307227 0.221692 0.125739 0.161644 0.377096 0.465274 6.62509 2.86312
55 26.2846 14.2051 89.0986
156.596 169.161 153.344 0.00110571 0.307227 0.221692 0.125739 0.161644 0.377096 0.465274 6.62509 2.86312
56 26.2846 14.2041 82.4917
156.596 169.161 153.344 0.00110571 0.307227 0.221692 0.125739 0.161644 0.377096 0.465274 6.62509 2.86312
57 26.2846 13.0703 79.144
156.596 169.161 153.344 0.00110571 0.307227 0.221692 0.125739 0.161644 0.377096 0.465274 6.62509 2.86312
58 26.2846 14.3052 88.9547
156.596 169.161 153.344 0.00110571 0.307227 0.221692 0.125739 0.161644 0.377096 0.465274 6.62509 2.86312
59 26.2846 13.7772 92.6415
156.596 169.161 153.344 0.00110571 0.307227 0.221692 0.125739 0.161644 0.377096 0.465274 6.62509 2.86312
60 26.2846 13.5066 95.3115
156.596 169.161 153.344 0.00110571 0.307227 0.221692 0.125739 0.161644 0.377096 0.465274 6.62509 2.86312
61 26.2846 13.756 85.9405
156.596 169.161 153.344 0.00110571 0.307227 0.221692 0.125739 0.161644 0.377096 0.465274 6.62509 2.86312
62 26.2846 15.0874 71.1367
156.596 169.161 153.344 0.00110571 0.307227 0.221692 0.125739 0.161644 0.377096 0.465274 6.62509 2.86312
63 26.3116 14.0492 84.5679
154.533 174.956 152.193 0.000368032 0.323803 0.216041 0.122455 0.188705 0.363948 0.834289 7.09852 3.75306
64 26.3116 14.6858 87.8292
154.533 174.956 152.193 0.000368032 0.323803 0.216041 0.122455 0.188705 0.363948 0.834289 7.09852 3.75306
65 26.3116 12.1147 73.5292
154.533 174.956 152.193 0.000368032 0.323803 0.216041 0.122455 0.188705 0.363948 0.834289 7.09852 3.75306
66 26.3116 12.3237 81.9123
154.533 174.956 152.193 0.000368032 0.323803 0.216041 0.122455 0.188705 0.363948 0.834289 7.09852 3.75306
67 26.3116 13.5111 98.5202
154.533 174.956 152.193 0.000368032 0.323803 0.216041 0.122455 0.188705 0.363948 0.834289 7.09852 3.75306
68 26.3116 14.8039 95.6812
154.533 174.956 152.193 0.000368032 0.323803 0.216041 0.122455 0.188705 0.363948 0.834289 7.09852 3.75306
69 26.3116 13.2558 101.648
154.533 174.956 152.193 0.000368032 0.323803 0.216041 0.122455 0.188705 0.363948 0.834289 7.09852 3.75306
70 26.3116 12.6924 105.479
154.533 174.956 152.193 0.000368032 0.323803 0.216041 0.122455 0.188705 0.363948 0.834289 7.09852 3.75306
71 26.3116 13.4489 95.8779
154.533 174.956 152.193 0.000368032 0.323803 0.216041 0.122455 0.188705 0.363948 0.834289 7.09852 3.75306
72 26.3116 12.7154 100.799
154.533 174.956 152.193 0.000368032 0.323803 0.216041 0.122455 0.188705 0.363948 0.834289 7.09852 3.75306
73 26.3116 14.2259 102.305
154.533 174.956 152.193 0.000368032 0.323803 0.216041 0.122455 0.188705 0.363948 0.834289 7.09852 3.75306
74 26.3116 14.3803 104.407
154.533 174.956 152.193 0.000368032 0.323803 0.216041 0.122455 0.188705 0.363948 0.834289 7.09852 3.75306
75 26.3116 13.8218 107.488
154.533 174.956 152.193 0.000368032 0.323803 0.216041 0.122455 0.188705 0.363948 0.834289 7.09852 3.75306
76 26.3116 13.9246 93.2786
154.533 174.956 152.193 0.000368032 0.323803 0.216041 0.122455 0.188705 0.363948 0.834289 7.09852 3.75306
77 26.3116 12.8431 94.4853
154.533 174.956 152.193 0.000368032 0.323803 0.216041 0.122455 0.188705 0.363948 0.834289 7.09852 3.75306
78 26.3116 13.3101 89.7381
154.533 174.956 152.193 0.000368032 0.323803 0.216041 0.122455 0.188705 0.363948 0.834289 7.09852 3.75306
79 26.3116 11.8309 84.9906
154.533 174.956 152.193 0.000368032 0.323803 0.216041 0.122455 0.188705 0.363948 0.834289 7.09852 3.75306
80 26.3116 12.7788 95.7051
154.533 174.956 152.193 0.000368032 0.323803 0.216041 0.122455 0.188705 0.363948 0.834289 7.09852 3.75306
81 26.3116 12.8842 96.0852
154.533 174.956 152.193 0.000368032 0.323803 0.216041 0.122455 0.188705 0.363948 0.834289 7.09852 3.75306
82 26.3116 13.4744 96.8319
154.533 174.956 152.193 0.000368032 0.323803 0.216041 0.122455 0.188705 0.363948 0.834289 7.09852 3.75306
83 26.3116 12.5086 94.689
154.533 174.956 152.193 0.000368032 0.323803 0.216041 0.122455 0.188705 0.363948 0.834289 7.09852 3.75306
84 26.3116 11.5784 93.9387
154.533 174.956 152.193 0.000368032 0.323803 0.216041 0.122455 0.188705 0.363948 0.834289 7.09852 3.75306
85 26.3116 12.9405 95.4495
154.533 174.956 152.193 0.000368032 0.323803 0.216041 0.122455 0.188705 0.363948 0.834289 7.09852 3.75306
86 26.3116 15.3044 91.2522
154.533 174.956 152.193 0.000368032 0.323803 0.216041 0.122455 0.188705 0.363948 0.834289 7.09852 3.75306
87 26.3116 14.5801 105.791
154.533 174.956 152.193 0.000368032 0.323803 0.216041 0.122455 0.188705 0.363948 0.834289 7.09852 3.75306
88 26.3116 14.3575 96.2932
154.533 174.956 152.193 0.000368032 0.323803 0.216041 0.122455 0.188705 0.363948 0.834289 7.09852 3.75306
89 26.3116 12.0651 92.9543
154.533 174.956 152.193 0.000368032 0.323803 0.216041 0.122455 0.188705 0.363948 0.834289 7.09852 3.75306
90 26.3116 13.8732 98.1774
154.533 174.956 152.193 0.000368032 0.323803 0.216041 0.122455 0.188705 0.363948 0.834289 7.09852 3.75306
91 26.3256 14.2001 91.1793
149.541 179.114 153.296 0.00589377 0.311368 0.227375 0.0360021 0.194659 0.388505 1.96772 7.40075 3.40686
92 26.3256 12.2551 100.769
149.541 179.114 153.296 0.00589377 0.311368 0.227375 0.0360021 0.194659 0.388505 1.96772 7.40075 3.40686
93 26.3948 12.3152 92.4078
172.776 172.702 114.07 0.137474 0.249 0.156678 0 0.221604 0.461081 4.72618 8.25095 2.91748
94 26.3948 13.9661 100.492
172.776 172.702 114.07 0.137474 0.249 0.156678 0 0.221604 0.461081 4.72618 8.25095 2.91748
95 26.3996 14.0355 101.441
148.929 179.074 153.578 0.00379445 0.316947 0.240608 0.0310021 0.208599 0.38231 1.75068 7.46133 3.45004
96 26.4313 14.06 102.755
172.721 173.644 113.847 0.132219 0.244781 0.15528 0.00286575 0.227029 0.469086 4.70146 8.23614 3.01287
97 26.4313 13.6804 111.346
172.721 173.644 113.847 0.132219 0.244781 0.15528 0.00286575 0.227029 0.469086 4.70146 8.23614 3.01287
98 26.4313 14.2654 107.362
172.721 173.644 113.847 0.132219 0.244781 0.15528 0.00286575 0.227029 0.469086 4.70146 8.23614 3.01287
99 26.4313 14.9921 95.7471
172.721 173.644 113.847 0.132219 0.244781 0.15528 0.00286575 0.227029 0.469086 4.70146 8.23614 3.01287
100 26.4313 14.8711 98.6228
172.721 173.644 113.847 0.132219 0.244781 0.15528 0.00286575 0.227029 0.469086 4.70146 8.23614 3.01287
