0 24.6707 3.85674 51.9214
148.974 161.196 0.279765 0.196046 0.194302 0.351643 8.4024 0.0195195
1 25.7435 5.63678 83.5057
136.339 166.786 0.191978 0.234653 0.0531616 0.486674 6.33108 1.55835
2 25.7435 7.19743 95.6404
136.339 166.786 0.191978 0.234653 0.0531616 0.486674 6.33108 1.55835
3 25.7435 10.7382 117.834
136.339 166.786 0.191978 0.234653 0.0531616 0.486674 6.33108 1.55835
4 25.7881 12.1331 138.758
108.26 161.172 0.25116 0.381763 0.113949 0.439214 5.36018 1.55405
5 25.8219 13.0932 123.527
133.2 166.917 0.290023 0.34236 0.0389686 0.427157 6.25401 2.49396
6 25.8691 12.5758 117.587
144.196 166.116 0.23821 0.0365897 0.175854 0.0946655 7.47132 0.0132027
7 25.8691 12.7777 112.415
144.196 166.116 0.23821 0.0365897 0.175854 0.0946655 7.47132 0.0132027
8 25.8691 12.4999 95.7898
144.196 166.116 0.23821 0.0365897 0.175854 0.0946655 7.47132 0.0132027
9 25.8691 16.8275 93.5694
144.196 166.116 0.23821 0.0365897 0.175854 0.0946655 7.47132 0.0132027
10 25.9217 18.4783 86.3061
138.914 187.292 0.204877 0.246856 0.0807747 0.323996 7.63629 3.40352
11 26.4905 15.6793 109.093
121.719 171.421 0.253769 0.140926 0.0993205 0 5.57957 0
12 26.5243 16.8681 79.7078
101.253 166.201 0.317926 0.102734 0.0132538 0.323159 4.99907 1.14446
13 26.5426 16.4558 120.753
101.245 165.781 0.315926 0.0966657 0.0115371 0.325451 4.97923 1.1408
14 26.5426 17.1269 93.3516
101.245 165.781 0.315926 0.0966657 0.0115371 0.325451 4.97923 1.1408
15 26.8553 18.0071 102.407
100 164.73 0.271415 0.12505 0.0169147 0.336051 5.65676 1.60023
16 26.9168 18.714 85.1016
100.042 170.649 0.30064 0.0984651 0 0.304281 5.05878 1.16578
17 26.9168 18.1979 93.6132
100.042 170.649 0.30064 0.0984651 0 0.304281 5.05878 1.16578
18 26.9168 17.2891 106.364
100.042 170.649 0.30064 0.0984651 0 0.304281 5.05878 1.16578
19 26.9168 19.1497 87.6978
100.042 170.649 0.30064 0.0984651 0 0.304281 5.05878 1.16578
20 27.0284 18.3821 104.546
101.3 164.804 0.274203 0.137747 0 0.32294 6.1569 1.88682
21 27.0284 19.2579 89.4585
101.3 164.804 0.274203 0.137747 0 0.32294 6.1569 1.88682
22 27.0284 19.0936 77.8948
101.3 164.804 0.274203 0.137747 0 0.32294 6.1569 1.88682
23 27.0284 17.0737 82.3997
101.3 164.804 0.274203 0.137747 0 0.32294 6.1569 1.88682
24 27.1334 16.8461 100.185
100 163.266 0.27028 0.15041 0 0.292997 6.45695 1.96216
25 27.1334 16.7524 90.6371
100 163.266 0.27028 0.15041 0 0.292997 6.45695 1.96216
26 27.2787 17.6261 78.4788
114.906 167.196 0.272885 0.124923 0.0581454 0.261803 5.39474 1.66771
27 27.8009 18.0181 104.747
100.029 166.988 0.24356 0.124938 0.0155599 0.258785 6.18451 2.03447
28 27.8009 17.4915 93.1344
100.029 166.988 0.24356 0.124938 0.0155599 0.258785 6.18451 2.03447
29 27.8009 18.9747 75.1945
100.029 166.988 0.24356 0.124938 0.0155599 0.258785 6.18451 2.03447
30 27.8009 18.8519 86.3687
100.029 166.988 0.24356 0.124938 0.0155599 0.258785 6.18451 2.03447
31 27.8009 14.9334 100.603
100.029 166.988 0.24356 0.124938 0.0155599 0.258785 6.18451 2.03447
32 27.8009 15.8224 103.953
100.029 166.988 0.24356 0.124938 0.0155599 0.258785 6.18451 2.03447
33 27.8009 17.887 88.4727
100.029 166.988 0.24356 0.124938 0.0155599 0.258785 6.18451 2.03447
34 27.8009 18.4319 76.132
100.029 166.988 0.24356 0.124938 0.0155599 0.258785 6.18451 2.03447
35 28.5712 18.0334 90.8186
104.029 168.845 0.243233 0.112898 0.0273857 0.270569 6.73305 1.96083
36 28.5712 19.0886 71.7958
104.029 168.845 0.243233 0.112898 0.0273857 0.270569 6.73305 1.96083
37 28.5712 18.9939 62.5324
104.029 168.845 0.243233 0.112898 0.0273857 0.270569 6.73305 1.96083
38 28.5712 18.0655 72.3353
104.029 168.845 0.243233 0.112898 0.0273857 0.270569 6.73305 1.96083
39 28.5712 17.3123 90.6889
104.029 168.845 0.243233 0.112898 0.0273857 0.270569 6.73305 1.96083
40 28.5712 16.9377 101.736
104.029 168.845 0.243233 0.112898 0.0273857 0.270569 6.73305 1.96083
41 28.5712 15.269 118.675
104.029 168.845 0.243233 0.112898 0.0273857 0.270569 6.73305 1.96083
42 28.5712 15.3957 111.696
104.029 168.845 0.243233 0.112898 0.0273857 0.270569 6.73305 1.96083
43 28.5712 17.8283 111.334
104.029 168.845 0.243233 0.112898 0.0273857 0.270569 6.73305 1.96083
44 28.5712 17.8485 96.1309
104.029 168.845 0.243233 0.112898 0.0273857 0.270569 6.73305 1.96083
45 28.5712 18.3676 75.959
104.029 168.845 0.243233 0.112898 0.0273857 0.270569 6.73305 1.96083
46 28.5712 16.5057 91.4305
104.029 168.845 0.243233 0.112898 0.0273857 0.270569 6.73305 1.96083
47 28.5712 18.129 71.8512
104.029 168.845 0.243233 0.112898 0.0273857 0.270569 6.73305 1.96083
48 28.5712 17.0563 65.437
104.029 168.845 0.243233 0.112898 0.0273857 0.270569 6.73305 1.96083
49 28.5712 18.3719 79.6888
104.029 168.845 0.243233 0.112898 0.0273857 0.270569 6.73305 1.96083
50 28.5712 19.9342 61.8963
104.029 168.845 0.243233 0.112898 0.0273857 0.270569 6.73305 1.96083
51 28.5712 20.1597 60.2394
104.029 168.845 0.243233 0.112898 0.0273857 0.270569 6.73305 1.96083
52 28.8564 21.8909 50.8544
103.542 174.051 0.267681 0.125984 0.0120114 0.205099 5.35355 2.12824
53 28.8564 19.6778 100.848
103.542 174.051 0.267681 0.125984 0.0120114 0.205099 5.35355 2.12824
54 28.8564 18.6253 79.7853
103.542 174.051 0.267681 0.125984 0.0120114 0.205099 5.35355 2.12824
55 28.8564 20.8551 78.1856
103.542 174.051 0.267681 0.125984 0.0120114 0.205099 5.35355 2.12824
56 28.8564 20.091 58.8955
103.542 174.051 0.267681 0.125984 0.0120114 0.205099 5.35355 2.12824
57 28.8564 18.8386 58.1632
103.542 174.051 0.267681 0.125984 0.0120114 0.205099 5.35355 2.12824
58 28.8564 17.1579 110.6
103.542 174.051 0.267681 0.125984 0.0120114 0.205099 5.35355 2.12824
59 28.8564 19.733 86.0693
103.542 174.051 0.267681 0.125984 0.0120114 0.205099 5.35355 2.12824
60 28.8564 19.4863 89.729
103.542 174.051 0.267681 0.125984 0.0120114 0.205099 5.35355 2.12824
61 28.8564 19.8481 82.5068
103.542 174.051 0.267681 0.125984 0.0120114 0.205099 5.35355 2.12824
62 28.9474 19.7419 98.7837
107.284 176.064 0.254491 0.115957 0.0236187 0.226158 5.38354 1.99229
63 28.9474 21.4722 77.887
107.284 176.064 0.254491 0.115957 0.0236187 0.226158 5.38354 1.99229
64 28.9474 20.8721 64.8064
107.284 176.064 0.254491 0.115957 0.0236187 0.226158 5.38354 1.99229
65 28.9474 19.616 76.7957
107.284 176.064 0.254491 0.115957 0.0236187 0.226158 5.38354 1.99229
66 29.1617 20.2964 78.4595
106.887 175.986 0.250963 0.117553 0.0334846 0.223118 5.32102 1.94445
67 29.1617 18.5938 100.006
106.887 175.986 0.250963 0.117553 0.0334846 0.223118 5.32102 1.94445
68 29.1617 17.5699 105.934
106.887 175.986 0.250963 0.117553 0.0334846 0.223118 5.32102 1.94445
69 29.1617 15.7968 101.729
106.887 175.986 0.250963 0.117553 0.0334846 0.223118 5.32102 1.94445
70 29.1617 18.5954 92.1962
106.887 175.986 0.250963 0.117553 0.0334846 0.223118 5.32102 1.94445
71 29.1617 17.2222 119.689
106.887 175.986 0.250963 0.117553 0.0334846 0.223118 5.32102 1.94445
72 29.1617 15.9489 115.505
106.887 175.986 0.250963 0.117553 0.0334846 0.223118 5.32102 1.94445
73 29.1617 16.8804 102.891
106.887 175.986 0.250963 0.117553 0.0334846 0.223118 5.32102 1.94445
74 29.1617 15.1366 114.598
106.887 175.986 0.250963 0.117553 0.0334846 0.223118 5.32102 1.94445
75 29.1617 17.9562 100.48
106.887 175.986 0.250963 0.117553 0.0334846 0.223118 5.32102 1.94445
76 29.1617 18.3165 114.674
106.887 175.986 0.250963 0.117553 0.0334846 0.223118 5.32102 1.94445
77 29.1617 18.383 99.8604
106.887 175.986 0.250963 0.117553 0.0334846 0.223118 5.32102 1.94445
78 29.1617 17.7473 107.314
106.887 175.986 0.250963 0.117553 0.0334846 0.223118 5.32102 1.94445
79 29.1617 17.7606 98.6918
106.887 175.986 0.250963 0.117553 0.0334846 0.223118 5.32102 1.94445
80 29.1617 15.898 102.743
106.887 175.986 0.250963 0.117553 0.0334846 0.223118 5.32102 1.94445
81 29.1617 16.6486 113.174
106.887 175.986 0.250963 0.117553 0.0334846 0.223118 5.32102 1.94445
82 29.1617 15.4027 119.277
106.887 175.986 0.250963 0.117553 0.0334846 0.223118 5.32102 1.94445
83 29.1617 14.4386 116.836
106.887 175.986 0.250963 0.117553 0.0334846 0.223118 5.32102 1.94445
84 29.1617 17.518 98.6137
106.887 175.986 0.250963 0.117553 0.0334846 0.223118 5.32102 1.94445
85 29.1875 18.5585 130.352
107.96 174.805 0.259349 0.121223 0 0.0582614 6.29071 1.41056
86 29.1875 19.6597 113.456
107.96 174.805 0.259349 0.121223 0 0.0582614 6.29071 1.41056
87 29.1875 19.7557 120.025
107.96 174.805 0.259349 0.121223 0 0.0582614 6.29071 1.41056
88 29.1875 16.8677 152.574
107.96 174.805 0.259349 0.121223 0 0.0582614 6.29071 1.41056
89 29.1875 17.3094 121.912
107.96 174.805 0.259349 0.121223 0 0.0582614 6.29071 1.41056
90 29.1875 19.7771 97.029
107.96 174.805 0.259349 0.121223 0 0.0582614 6.29071 1.41056
91 29.1875 22.1837 60.1501
107.96 174.805 0.259349 0.121223 0 0.0582614 6.29071 1.41056
92 29.1875 20.3108 83.8164
107.96 174.805 0.259349 0.121223 0 0.0582614 6.29071 1.41056
93 29.1875 21.4792 60.0565
107.96 174.805 0.259349 0.121223 0 0.0582614 6.29071 1.41056
94 29.1875 19.1274 91.3583
107.96 174.805 0.259349 0.121223 0 0.0582614 6.29071 1.41056
95 29.1875 19.2741 60.873
107.96 174.805 0.259349 0.121223 0 0.0582614 6.29071 1.41056
96 29.1875 17.6456 74.0314
107.96 174.805 0.259349 0.121223 0 0.0582614 6.29071 1.41056
97 29.1875 18.0842 75.8745
107.96 174.805 0.259349 0.121223 0 0.0582614 6.29071 1.41056
98 29.1875 18.4338 113.86
107.96 174.805 0.259349 0.121223 0 0.0582614 6.29071 1.41056
99 29.1875 17.8921 101.009
107.96 174.805 0.259349 0.121223 0 0.0582614 6.29071 1.41056
100 29.1875 16.4358 95.457
107.96 174.805 0.259349 0.121223 0 0.0582614 6.29071 1.41056
