0 3.10516 0.353864 0.501871
194.736 166.501 0.077275 0.119571 0.175418 0.27351 5.12977 9.67256
1 3.10516 0.625703 0.716374
194.736 166.501 0.077275 0.119571 0.175418 0.27351 5.12977 9.67256
2 3.10516 0.905348 1.21472
194.736 166.501 0.077275 0.119571 0.175418 0.27351 5.12977 9.67256
3 3.59485 1.29497 1.79499
187.624 165.229 0.0514078 0 0.189475 0.351365 4.93304 10
4 6.77958 1.90121 3.15905
150.201 106.971 0.414802 0.0260487 0.157434 0.690193 3.12144 4.7362
5 6.77958 2.51728 4.0112
150.201 106.971 0.414802 0.0260487 0.157434 0.690193 3.12144 4.7362
6 8.89111 3.22803 5.41766
148.292 100.003 0.375024 0.0282628 0.129117 0.688841 3.80444 4.42816
7 10.8931 4.36145 8.85571
151.096 101.325 0.401757 0 0.147508 0.637874 3.54916 4.35218
8 10.8958 4.95003 11.7368
151.433 101.829 0.399961 0 0.152121 0.641374 3.51211 4.34022
9 10.9473 5.75663 15.1295
151.014 100 0.366486 0 0.162574 0.66286 3.83562 5.14719
10 12.4337 5.98527 17.1637
150.172 101.423 0.376189 0.000270149 0.199666 0.591879 3.47369 4.02545
11 13.6838 6.55066 18.2076
141.589 103.514 0.32858 0 0.105577 0.672394 4.36559 4.51254
12 14.2901 7.20196 23.3534
139.386 106.166 0.30081 0 0.122048 0.679193 4.63499 4.1768
13 14.3329 7.46469 22.1406
139 103.625 0.322518 0 0.0778234 0.657332 4.3867 4.59434
14 14.8227 7.81946 25.279
142.422 100 0.281511 0 0.0949276 0.689018 4.27238 5.23685
15 15.4903 8.36412 27.2871
165.904 104.9 0.385834 0 0.126887 0.484962 2.99233 3.89406
16 15.4903 8.4302 29.2323
165.904 104.9 0.385834 0 0.126887 0.484962 2.99233 3.89406
17 15.5649 8.75734 26.0611
159.163 101.203 0.30488 0 0.130889 0.461403 3.14088 3.43235
18 15.6684 9.40906 26.3267
164.613 100.288 0.301755 0.0303954 0.160268 0.464951 2.95758 4.30377
19 16.0355 9.35301 32.831
130.74 100 0.459068 0.0370071 0.0468335 0.474657 2.58369 3.76308
20 16.1251 10.0405 32.9863
151.026 100 0.293669 0.0304767 0.155578 0.454621 3.20159 3.71308
21 16.1251 9.87899 30.0006
151.026 100 0.293669 0.0304767 0.155578 0.454621 3.20159 3.71308
22 16.5236 9.12065 31.4515
148.349 107.957 0.261662 0.106599 0.0866318 0.550772 5.20973 3.40274
23 16.5236 9.61836 32.0617
148.349 107.957 0.261662 0.106599 0.0866318 0.550772 5.20973 3.40274
24 17.5526 9.32462 39.8903
123.167 105.287 0.377361 0.0272317 0.11291 0.432808 3.9208 3.91115
25 18.5897 9.81682 43.9133
151.611 102.904 0.387799 0.114768 0 0.229004 1.90047 2.85245
26 18.5997 10.3532 53.5452
152.664 102.088 0.385799 0.115035 0 0.236159 1.93702 2.85301
27 18.5997 10.7472 42.347
152.664 102.088 0.385799 0.115035 0 0.236159 1.93702 2.85301
28 18.5997 10.4114 49.4657
152.664 102.088 0.385799 0.115035 0 0.236159 1.93702 2.85301
29 20.1782 10.8284 55.5832
154.009 100 0.454848 0.107989 0.028356 0.233496 1.63864 2.97924
30 20.5146 11.7063 50.5965
155.042 100 0.43695 0.102427 0 0.131256 1.42827 4.10514
31 20.5146 11.5648 52.7054
155.042 100 0.43695 0.102427 0 0.131256 1.42827 4.10514
32 20.5146 12.7743 49.6961
155.042 100 0.43695 0.102427 0 0.131256 1.42827 4.10514
33 20.5146 11.9282 48.5811
155.042 100 0.43695 0.102427 0 0.131256 1.42827 4.10514
34 20.5146 13.2596 47.9368
155.042 100 0.43695 0.102427 0 0.131256 1.42827 4.10514
35 20.5146 13.5435 49.5357
155.042 100 0.43695 0.102427 0 0.131256 1.42827 4.10514
36 20.5205 14.0484 45.4219
153.783 100 0.438786 0.106633 0.0376205 0.140641 1.70068 1.85795
37 20.5205 14.267 44.7815
153.783 100 0.438786 0.106633 0.0376205 0.140641 1.70068 1.85795
38 20.5205 13.8609 41.9675
153.783 100 0.438786 0.106633 0.0376205 0.140641 1.70068 1.85795
39 20.5664 14.2805 38.6285
131.701 101.801 0.422993 0.0997037 0.0912287 0.165285 2.36268 4.66434
40 20.5664 13.0865 49.1962
131.701 101.801 0.422993 0.0997037 0.0912287 0.165285 2.36268 4.66434
41 20.5664 12.4173 52.9067
131.701 101.801 0.422993 0.0997037 0.0912287 0.165285 2.36268 4.66434
42 20.5664 11.9761 60.9562
131.701 101.801 0.422993 0.0997037 0.0912287 0.165285 2.36268 4.66434
43 20.5664 12.4689 50.366
131.701 101.801 0.422993 0.0997037 0.0912287 0.165285 2.36268 4.66434
44 20.9776 13.4126 49.1777
139.044 100 0.41411 0.151125 0.102746 0 0.532847 0.360689
45 20.9776 14.1577 43.0435
139.044 100 0.41411 0.151125 0.102746 0 0.532847 0.360689
46 20.9776 13.2859 53.9629
139.044 100 0.41411 0.151125 0.102746 0 0.532847 0.360689
47 20.9776 13.0789 57.9382
139.044 100 0.41411 0.151125 0.102746 0 0.532847 0.360689
48 20.9776 13.24 52.7405
139.044 100 0.41411 0.151125 0.102746 0 0.532847 0.360689
49 20.9776 12.8925 49.7056
139.044 100 0.41411 0.151125 0.102746 0 0.532847 0.360689
50 20.9776 11.77 45.3109
139.044 100 0.41411 0.151125 0.102746 0 0.532847 0.360689
51 21.7324 12.2691 50.5946
125.37 100 0.389793 0.110191 0.019715 0.22771 3.24278 5.88282
52 21.7324 13.8355 53.7311
125.37 100 0.389793 0.110191 0.019715 0.22771 3.24278 5.88282
53 21.7324 13.6396 42.5881
125.37 100 0.389793 0.110191 0.019715 0.22771 3.24278 5.88282
54 21.7324 13.8125 43.1972
125.37 100 0.389793 0.110191 0.019715 0.22771 3.24278 5.88282
55 22.1204 13.6912 46.7233
139.566 105.721 0.390232 0.193005 0.0370163 0.0434551 0.709088 0.200244
56 22.6054 14.9516 54.2839
136.026 102.773 0.376568 0.19546 0.0431998 0 1.26779 0
57 22.6054 14.98 51.0854
136.026 102.773 0.376568 0.19546 0.0431998 0 1.26779 0
58 22.6054 15.2685 60.4826
136.026 102.773 0.376568 0.19546 0.0431998 0 1.26779 0
59 23.0812 14.517 57.7762
130.035 105.794 0.412204 0.193031 0.0549311 0 0.638658 0.301703
60 23.131 13.3838 63.2924
123.057 112.542 0.365291 0.197286 0.113111 0.0229164 1.8386 0.988802
61 23.131 13.1302 57.6132
123.057 112.542 0.365291 0.197286 0.113111 0.0229164 1.8386 0.988802
62 23.131 12.8529 65.1786
123.057 112.542 0.365291 0.197286 0.113111 0.0229164 1.8386 0.988802
63 23.131 12.9551 68.0101
123.057 112.542 0.365291 0.197286 0.113111 0.0229164 1.8386 0.988802
64 23.131 14.2627 66.3134
123.057 112.542 0.365291 0.197286 0.113111 0.0229164 1.8386 0.988802
65 23.5553 14.9656 62.2174
100 108.378 0.388313 0.197 0.0992274 0 2.49824 0
66 23.6627 14.6242 61.7265
103.027 112.1 0.400777 0.197582 0.0449731 0 2.3491 0
67 23.6627 13.9385 71.4674
103.027 112.1 0.400777 0.197582 0.0449731 0 2.3491 0
68 23.6627 13.7488 66.2018
103.027 112.1 0.400777 0.197582 0.0449731 0 2.3491 0
69 23.6627 13.9761 61.7865
103.027 112.1 0.400777 0.197582 0.0449731 0 2.3491 0
70 23.6627 14.3272 70.6029
103.027 112.1 0.400777 0.197582 0.0449731 0 2.3491 0
71 23.9427 15.9279 56.6043
102.014 108.499 0.335246 0.288073 0.00931715 0.0540825 2.06295 0.493212
72 23.9427 17.2168 61.2093
102.014 108.499 0.335246 0.288073 0.00931715 0.0540825 2.06295 0.493212
73 24.7379 16.9623 49.9557
100 103.622 0.30745 0.189817 0.0018276 0 1.49229 0.029228
74 24.7379 16.521 54.1356
100 103.622 0.30745 0.189817 0.0018276 0 1.49229 0.029228
75 24.7379 17.0985 52.2315
100 103.622 0.30745 0.189817 0.0018276 0 1.49229 0.029228
76 24.7379 16.2832 53.3158
100 103.622 0.30745 0.189817 0.0018276 0 1.49229 0.029228
77 24.7927 17.4467 46.6399
101.863 100 0.320917 0.212235 0 0.0278031 0 0.570238
78 24.7927 16.3834 69.2234
101.863 100 0.320917 0.212235 0 0.0278031 0 0.570238
79 24.7927 17.6774 55.9117
101.863 100 0.320917 0.212235 0 0.0278031 0 0.570238
80 24.7927 18.7423 48.8113
101.863 100 0.320917 0.212235 0 0.0278031 0 0.570238
81 24.7927 18.0159 63.6635
101.863 100 0.320917 0.212235 0 0.0278031 0 0.570238
82 24.7927 16.5772 74.1408
101.863 100 0.320917 0.212235 0 0.0278031 0 0.570238
83 24.9 15.9964 68.4094
100 114.039 0.327652 0.243468 0 0 4.267 0.444844
84 24.9 15.6011 70.5958
100 114.039 0.327652 0.243468 0 0 4.267 0.444844
85 24.9 15.5528 61.5471
100 114.039 0.327652 0.243468 0 0 4.267 0.444844
86 24.9 14.7783 75.8259
100 114.039 0.327652 0.243468 0 0 4.267 0.444844
87 24.9 15.8968 61.7888
100 114.039 0.327652 0.243468 0 0 4.267 0.444844
88 24.9326 15.6491 75.7309
100.186 112.985 0.318237 0.247583 0.0097002 0.0168683 4.42106 0.720063
89 24.9326 16.199 60.0262
100.186 112.985 0.318237 0.247583 0.0097002 0.0168683 4.42106 0.720063
90 24.9326 15.1689 57.3402
100.186 112.985 0.318237 0.247583 0.0097002 0.0168683 4.42106 0.720063
91 24.9326 15.0603 71.9619
100.186 112.985 0.318237 0.247583 0.0097002 0.0168683 4.42106 0.720063
92 24.954 16.6238 56.2941
100 112.46 0.32067 0.257589 0.0301301 0.0021416 4.37117 1.01704
93 24.954 16.5253 66.4507
100 112.46 0.32067 0.257589 0.0301301 0.0021416 4.37117 1.01704
94 24.954 16.8837 58.0047
100 112.46 0.32067 0.257589 0.0301301 0.0021416 4.37117 1.01704
95 24.954 17.2968 59.3443
100 112.46 0.32067 0.257589 0.0301301 0.0021416 4.37117 1.01704
96 24.954 15.5875 62.9922
100 112.46 0.32067 0.257589 0.0301301 0.0021416 4.37117 1.01704
97 24.958 15.6005 70.9045
100.971 111.709 0.322326 0.248938 0 0.0314722 4.06842 0.426179
98 24.958 16.3208 60.1081
100.971 111.709 0.322326 0.248938 0 0.0314722 4.06842 0.426179
99 25 18.0791 51.9277
101.198 111.65 0.325222 0.254841 0 0.0354252 3.99467 0.407871
100 25 18.0578 52.0245
101.198 111.65 0.325222 0.254841 0 0.0354252 3.99467 0.407871
