0
0.193242 0 0.302219

0.05
0.185332 0 -0.0262085

0
0.193246 0 -0.668224

0.596899
-0.228556 0 -0.058991

0
0.193246 0 -0.66823

0.25
0 0 -0.447548

0.25
0.0371061 0 -0.594789

0
0.193246 0 -0.668233

0
0.193246 0 -0.668233

0.638638
0.0599988 0 -0.0197067

0.25
-0.44436 0 -0.110145

0
0.033801 0 -0.668225

0
-0.483226 0 0.303863

0
0.193246 0 -0.668233

0
0.187789 0 0.299063

0
0.193246 0 -0.668224

0
0.193246 0 -0.647083

0
0.159199 0 0.0781784

0
0.193246 0 0.00019085

0
0.192562 0 -0.636475

0
0.150423 0 0.0684939

0
0.0291092 0 0.179814

0.25
-0.247053 0 -0.498924

0
0.193241 0 -0.00420979

0
0.189656 0 -0.666853

0
0.193246 0 -0.66786

0
0.192322 0 -0.607353

0
0.185652 0 0.305764

0
-0.0133256 0 -0.665713

0
0.19324 0 0.306469

0
0.193246 0 -0.667979

0
0.193246 0 0.167354

0.25
-0.204757 0 -0.535927

0.25
-0.222493 0 -0.164726

0
0.193246 0 -0.66823

0.987416
-0.119539 0 -0.147629

0
0.193246 0 -0.668217

0.05
0.193245 0 -0.0899399

0
0.186908 0 0.300291

0
0.0790557 0 0.0981761

0
0.188122 0 0.306462

0.25
-0.079714 0 -0.548821

0
0.193246 0 -0.181547

0
0.193246 0 -0.599225

0.25
-0.366045 0 -0.101888

0.25
-0.151704 0 -0.29486

0
0.14423 0 0.306406

0.478096
-0.269589 0 0.0905614

0
0.19324 0 0.0248801

0
0.193218 0 0.306462

1.01962
-0.0984935 0 -0.173238

0
0.193227 0 0.306473

0
0.193246 0 -0.0139244

0
0.193246 0 -0.663976

0.25
0.14351 0 -0.160599

0
0.193246 0 -0.0381408

0
0.193246 0 -0.666353

0
0.189138 0 0.118142

0.25
-0.00904333 0 -0.401514

0
0.193246 0 0.306467

0
-0.407574 0 -0.645836

0.25
-0.337341 0 -0.146263

0
0.193246 0 -0.034817

0
0.193117 0 0.305974

0
0.193224 0 0.306473

0.25
-0.292643 0 -0.166767

0
0.193246 0 0.305674

0
0.193246 0 0

0
0.193246 0 -0.668193

0
0.192118 0 -0.668175

0
0.193246 0 0.304344

0
0.131196 0 -0.654367

0
-0.227575 0 -0.66815

0.25
-0.521362 0 -0.21337

0
0.193246 0 0.306432

0.620131
-0.0114521 0 -0.394158

0
0.193246 0 0.306473

0.25
-0.387444 0 -0.22106

0
0.193234 0 0.305023

0
0.133811 0 -0.602917

0
0.193079 0 -0.668224

0
0.192415 0 -0.6682

0
0.193246 0 -0.667448

0.05
0.193246 0 -0.101371

0
0.193246 0 -0.668225

0
0.193246 0 -0.668233

0
0.193167 0 0.0282793

0
-0.389735 0 0.305883

0
0.193045 0 0.229496

0
-0.0445662 0 -0.668136

0.780558
-0.0892885 0 -0.0857119

0
0.193246 0 -0.66823

0
0.193246 0 -0.0105912

0
0.119534 0 0.264786

0
0.193215 0 0.305822

2.23393
-0.122207 0 0.053238

0
0.192887 0 0.303375

0.1
-0.396579 0 -0.410554

0.752309
-0.156627 0 -0.103941

0
0.193243 0 0.296803

0.526651
-0.161843 0 0

0
0.111779 0 0.0535138

0
0.193186 0 0.122954

0.649647
0.128477 0 -0.529896

0
0.193233 0 -0.668153

0.868774
0 0 -0.120371

0.25
-0.0123941 0 -0.640058

0.641668
0.0169827 0 -0.00347402

0
0.193174 0 0.289068

0
0.193243 0 -0.666915

0
0.123557 0 0.289914

0
0.193246 0 -0.668219

0.25
-0.00135775 0 0.00986396

0
0.192433 0 -0.668158

0
-0.254228 0 -0.665181

0
0.193246 0 -0.606649

0
0.193243 0 0.306181

0.25
-0.112361 0 -0.592052

0
0.193201 0 -0.668082

0
-0.0776123 0 -0.66818

0.622744
0 0 -0.026204

0
0.193245 0 -0.595747

0
0.192375 0 -0.668222

0
0.193244 0 -0.00467778

0.678045
-0.00862339 0 -0.0520838

0
0.193242 0 0.300986

0
0.193246 0 0.132451

0
0.193246 0 -0.646738

0
0.187554 0 -0.668233

1.80517
0.0308932 0 -0.294801

0
0.190057 0 0.306463

0.25
-0.47384 0 0.0639743

0
0.192927 0 0.151602

0
0.193246 0 0.0595331

0.442784
0.0535525 0 0.192981

0
0.193246 0 -0.668233

0
0.193246 0 -0.668205

0
0.174724 0 0.091568

0.402633
-0.132554 0 -0.139496

0.25
-0.154705 0 -0.461308

0
0.193187 0 -0.547815

0
0.18468 0 -0.639862

0
0.193246 0 0.306473

1.60625
-0.0860786 0 0.0810577

0.25
-0.292092 0 -0.586065

0
0.114597 0 0.306472

0
0.193246 0 -0.0390707

0.520856
0.0286395 0 0.0047153

0
0.193245 0 0.154855

0.25
-0.239259 0 -0.192734

0
0.193246 0 -0.636985

0
0.187727 0 -0.582922

0.25
-0.425409 0 0.220739

0
0.193246 0 -0.668157

0
0.138922 0 0.104313

0
-0.0910688 0 0.300972

0.464235
0.175343 0 -0.305576

0
0.193246 0 0.00578997

0.478206
-0.0426237 0 -0.0783721

0.25
-0.398272 0 -0.0949282

0.25
-0.472172 0 0.283658

0.601705
-0.159393 0 -0.0315135

0
0.193246 0 -0.0193806

0
0.193246 0 0.0366994

0
0.13984 0 0.306461

0
0.193213 0 -0.668169

0.631699
-0.262685 0 0.0862871

0
0.193246 0 -0.668229

0
0.192915 0 0.305718

0.456139
0.160357 0 -0.446388

0.746463
-0.152421 0 0.0353964

0
0.193246 0 -0.668029

0.799732
-0.184515 0 0.0390708

0.25
0.0712759 0 0.021422

0
0.193246 0 -0.0249949

0
0.193245 0 -0.614624

0.661734
-0.123775 0 0.0790223

0
0.184437 0 -0.66736

0
-0.614326 0 -0.444132

0
0.192144 0 -0.365931

0
0.193246 0 -0.668225

0
0.104444 0 -0.668219

0
0.193246 0 0.0143668

1.44112
-0.144667 0 0.0710765

0.25
-0.460012 0 -0.155107

0.1
-0.10292 0 0.214493

0
0.193246 0 -0.639396

0
0.193243 0 0.306472

0
0.193243 0 0.0112373

0
0.193246 0 -0.668233

0.570248
-0.15989 0 0.180188

0
0.193045 0 0.114556

0.05
-0.178876 0 -0.668186

0
0.193237 0 0.305826

0
-0.0941798 0 -0.666879

0
-0.07292 0 -0.647905

0
0.193246 0 -0.666255

0
0.0725124 0 0.242159

0.465662
-0.221825 0 0.10508

0.25
-0.295126 0 -0.133971

0.545437
0.0351697 0 -0.11729

0
0.19323 0 0.306472

0
0.193245 0 0.194268

0
0.193203 0 -0.636978

0.830008
0 0 -0.231777

0
0.193239 0 0.30225

0
0.193246 0 -0.668233

0.25
0.0401316 0 0

0
0.193244 0 0.306472

0
0.193246 0 0.2983

0
0.148897 0 0.306471

0.25
-0.37681 0 -0.232446

0.25
-0.302401 0 -0.00972792

0
0.084614 0 -0.668229

0
0.183107 0 -0.667636

0
0.193246 0 -0.667023

0
-0.0307626 0 -0.668174

0.1
0.130807 0 0.0512453

0.25
0.00563674 0 0

0.25
-0.106928 0 0.159782

0
0.193246 0 -0.66823

0.25
-0.255552 0 0.153182

0
0.193246 0 -0.654461

0.05
0.192593 0 0.00763003

0
-0.269577 0 0.302918

0.909687
0 0 -0.0529988

0
0.193246 0 0.11868

0
0.190978 0 0.306198

1.22135
0 0 -0.17172

0
0.193246 0 0.0879446

0
0.193246 0 0.303401

0
0.193227 0 -0.667447

0
0.193246 0 -0.660301

0.535996
-0.125703 0 0.0114352

0.465378
-0.407185 0 0.261086

0
0.193246 0 -0.667361

0
0.177501 0 0.305643

0
0.181699 0 0.0182522

0
0.192872 0 0.116363

0
0.193245 0 0.192974

0
0.193246 0 0.293281

0
0.193078 0 -0.599845

0
0.193246 0 -0.668233

0
0.193246 0 0.306111

0
0.193246 0 -0.666762

0
0.193246 0 0

0
0.191285 0 -0.263493

0
0.119724 0 -0.668207

0
0.192834 0 -0.659866

0
0.193246 0 -0.122626

0
0.193245 0 0.306461

0.05
0.188698 0 -0.192422

0.953692
-0.1821 0 -0.0807594

0
0.193243 0 0.30646

0.444679
-0.181929 0 0.239058

0
0.193242 0 -0.668233

0
-0.121702 0 0.285167

0
0.19318 0 0.111615

0
0.193246 0 -0.668233

0
0.193246 0 -0.668223

0
0.193246 0 -0.668233

0
0.193246 0 0.306473

0
0.192195 0 -0.00759668

0.842724
-0.0814274 0 -0.147111

0
0.19324 0 0.306361

0
0.145574 0 0.306377

0
0.193192 0 -0.616263

0.25
0.0621122 0 -0.561382

0
0.193246 0 -0.667423

0.25
-0.254302 0 -0.237646

0
0.187649 0 0.151903

0
0.193238 0 0.306302

0
-0.0146541 0 -0.668225

0.25
-0.332398 0 0

0
0.193161 0 0.306473

0
0.185018 0 -0.00884597

0.25
-0.323735 0 -0.244333

0.617883
0.00387524 0 0.175786

0
0.169875 0 0.306473

0
0.193246 0 0.298163

0
0.193217 0 0.306467

0
0.186002 0 0.103987

0
0.135173 0 0.306469

0
-0.377923 0 0.304938

0.05
0.113146 0 -0.0145159

0
0.193241 0 -0.624857

0
0.193246 0 -0.621281

0
-0.0736836 0 -0.668216

0
0.193246 0 0.0126707

0.25
-0.226049 0 -0.483614

0
0.123605 0 0.064616

0
0.128241 0 0.302447

0.05
0.118832 0 0.137791

0.641817
0 0 -0.0131766

0
0.193246 0 -0.00336301

0
0.193246 0 -0.520626

0
0.193156 0 0.296297

0
0.108416 0 0.306472

0
-0.459454 0 0.304127

0
0.112264 0 0.30647

0
0.193246 0 -0.668191

0.402685
-0.454886 0 0.279395

0
0.193244 0 -0.0128439

0.25
-0.494547 0 0.0238759

0
0.193246 0 0.0389447

0.05
0.193246 0 -0.077135

0
0.186096 0 0.305989

0.837046
-0.0910546 0 0.00572308

0
0.191216 0 -0.00438415

0
0.193245 0 -0.668228

