0 7.20386 0.768981 3.60101
116.3 158.67 0.18151 0.311641 0.287341 0.491514 2.49373 7.31748
1 7.20386 1.2665 5.26359
116.3 158.67 0.18151 0.311641 0.287341 0.491514 2.49373 7.31748
2 7.20386 1.42867 5.30166
116.3 158.67 0.18151 0.311641 0.287341 0.491514 2.49373 7.31748
3 7.20386 1.22355 4.66742
116.3 158.67 0.18151 0.311641 0.287341 0.491514 2.49373 7.31748
4 7.22574 2.14776 7.47731
119.746 152.751 0.170842 0.299911 0.369628 0.540798 2.50559 7.64303
5 8.65891 2.01272 9.33755
110.238 167.974 0.287466 0.212424 0.347033 0.570703 3.53995 7.58036
6 11.6602 3.17014 17.1178
130.056 149.858 0.0976435 0.222046 0.467887 0.667672 2.72428 8.29743
7 11.6634 4.28486 22.296
130.132 150.16 0.136536 0.234406 0.439311 0.577557 3.08954 7.34072
8 11.7034 4.13394 24.6992
128.907 150.565 0.0896169 0.21655 0.451687 0.657598 2.85221 8.45447
9 11.7034 4.78495 21.1231
128.907 150.565 0.0896169 0.21655 0.451687 0.657598 2.85221 8.45447
10 11.7034 5.36026 25.2997
128.907 150.565 0.0896169 0.21655 0.451687 0.657598 2.85221 8.45447
11 11.7974 5.28547 24.0082
138.347 146.572 0.149192 0.281097 0.4806 0.579329 3.25814 7.75052
12 11.7974 5.94686 21.3026
138.347 146.572 0.149192 0.281097 0.4806 0.579329 3.25814 7.75052
13 11.7974 5.36668 19.6679
138.347 146.572 0.149192 0.281097 0.4806 0.579329 3.25814 7.75052
14 11.7974 5.57711 18.6843
138.347 146.572 0.149192 0.281097 0.4806 0.579329 3.25814 7.75052
15 11.7974 5.85344 20.4316
138.347 146.572 0.149192 0.281097 0.4806 0.579329 3.25814 7.75052
16 11.7974 5.75522 20.5502
138.347 146.572 0.149192 0.281097 0.4806 0.579329 3.25814 7.75052
17 11.7974 6.79656 19.6535
138.347 146.572 0.149192 0.281097 0.4806 0.579329 3.25814 7.75052
18 11.7974 6.70674 21.3562
138.347 146.572 0.149192 0.281097 0.4806 0.579329 3.25814 7.75052
19 11.8324 6.44614 19.0701
138.63 147.815 0.140529 0.289929 0.474173 0.592176 3.17984 7.72391
20 12.0699 7.24525 18.7693
140.08 137.114 0.102781 0.279005 0.537284 0.637673 2.94352 6.37625
21 12.0746 7.66461 15.3478
138.359 148.455 0.12258 0.296561 0.470373 0.587402 3.12443 7.63676
22 12.1582 7.97107 10.9544
145.36 138.52 0.141411 0.267393 0.463728 0.64846 3.64338 6.39478
23 12.1582 7.23349 13.4939
145.36 138.52 0.141411 0.267393 0.463728 0.64846 3.64338 6.39478
24 12.1582 5.93107 17.3813
145.36 138.52 0.141411 0.267393 0.463728 0.64846 3.64338 6.39478
25 12.2559 6.92535 17.1774
137.05 135.807 0.128064 0.279073 0.518289 0.620865 3.1991 6.51476
26 12.2559 6.75378 18.2197
137.05 135.807 0.128064 0.279073 0.518289 0.620865 3.1991 6.51476
27 12.2559 6.57162 14.6212
137.05 135.807 0.128064 0.279073 0.518289 0.620865 3.1991 6.51476
28 12.2559 6.15552 17.5061
137.05 135.807 0.128064 0.279073 0.518289 0.620865 3.1991 6.51476
29 12.2559 6.35419 18.7452
137.05 135.807 0.128064 0.279073 0.518289 0.620865 3.1991 6.51476
30 12.2559 5.92147 21.3761
137.05 135.807 0.128064 0.279073 0.518289 0.620865 3.1991 6.51476
31 12.3746 6.40625 25.7479
137.258 136.014 0.132599 0.278055 0.521091 0.618065 3.17222 6.50192
32 12.3746 6.25635 23.0819
137.258 136.014 0.132599 0.278055 0.521091 0.618065 3.17222 6.50192
33 12.3746 6.93296 22.169
137.258 136.014 0.132599 0.278055 0.521091 0.618065 3.17222 6.50192
34 12.3746 6.9062 23.9153
137.258 136.014 0.132599 0.278055 0.521091 0.618065 3.17222 6.50192
35 12.3746 6.74969 22.9905
137.258 136.014 0.132599 0.278055 0.521091 0.618065 3.17222 6.50192
36 12.3746 6.66772 21.6126
137.258 136.014 0.132599 0.278055 0.521091 0.618065 3.17222 6.50192
37 12.3746 6.64688 21.1016
137.258 136.014 0.132599 0.278055 0.521091 0.618065 3.17222 6.50192
38 12.3746 7.96193 16.8491
137.258 136.014 0.132599 0.278055 0.521091 0.618065 3.17222 6.50192
39 12.3746 7.18424 21.3076
137.258 136.014 0.132599 0.278055 0.521091 0.618065 3.17222 6.50192
40 12.3746 7.04885 14.5808
137.258 136.014 0.132599 0.278055 0.521091 0.618065 3.17222 6.50192
41 12.3746 6.8868 19.1022
137.258 136.014 0.132599 0.278055 0.521091 0.618065 3.17222 6.50192
42 12.3746 7.08235 22.9386
137.258 136.014 0.132599 0.278055 0.521091 0.618065 3.17222 6.50192
43 12.3746 6.79043 25.7672
137.258 136.014 0.132599 0.278055 0.521091 0.618065 3.17222 6.50192
44 12.3746 6.23421 25.8625
137.258 136.014 0.132599 0.278055 0.521091 0.618065 3.17222 6.50192
45 12.3746 5.9597 22.9164
137.258 136.014 0.132599 0.278055 0.521091 0.618065 3.17222 6.50192
46 12.3746 6.63529 25.6497
137.258 136.014 0.132599 0.278055 0.521091 0.618065 3.17222 6.50192
47 12.3746 6.01085 25.8334
137.258 136.014 0.132599 0.278055 0.521091 0.618065 3.17222 6.50192
48 12.3746 5.95986 23.4214
137.258 136.014 0.132599 0.278055 0.521091 0.618065 3.17222 6.50192
49 12.3746 6.96387 21.1445
137.258 136.014 0.132599 0.278055 0.521091 0.618065 3.17222 6.50192
50 12.3746 7.11871 19.9803
137.258 136.014 0.132599 0.278055 0.521091 0.618065 3.17222 6.50192
51 12.3746 7.26029 20.214
137.258 136.014 0.132599 0.278055 0.521091 0.618065 3.17222 6.50192
52 12.9332 7.95041 16.1764
150.743 127.008 0.00453755 0.306567 0.671378 0.0392286 4.50764 5.5986
53 12.9332 7.25637 16.2046
150.743 127.008 0.00453755 0.306567 0.671378 0.0392286 4.50764 5.5986
54 12.9332 7.3173 17.2091
150.743 127.008 0.00453755 0.306567 0.671378 0.0392286 4.50764 5.5986
55 12.9332 7.66831 20.6698
150.743 127.008 0.00453755 0.306567 0.671378 0.0392286 4.50764 5.5986
56 14.3065 7.9767 18.868
152.206 122.791 0 0.243258 0.697365 0.0325569 5.10784 5.79836
57 14.3065 8.35604 19.4563
152.206 122.791 0 0.243258 0.697365 0.0325569 5.10784 5.79836
58 17.1632 8.99111 25.8087
156.036 121.719 0.0240243 0.248708 0.69444 0.0345692 5.20985 6.16705
59 18.5675 10.1875 31.9602
161.865 124.782 0.0866113 0.209194 0.644968 0 4.94548 5.88938
60 20.048 10.5529 33.6816
158.486 129.518 0.0826061 0.265332 0.676673 0.0326411 5.35647 3.98088
61 21.4406 12.5668 32.5754
159.449 124.789 0.102039 0.235921 0.63716 0.000429941 4.69907 5.36575
62 21.5368 11.8345 40.0857
165.182 129 0.0902675 0.261079 0.558107 0.052409 5.7524 2.9135
63 21.5992 12.5461 47.4587
167.78 130.249 0.0858165 0.273035 0.559891 0.0639487 5.78269 2.92739
64 21.5992 11.179 49.0303
167.78 130.249 0.0858165 0.273035 0.559891 0.0639487 5.78269 2.92739
65 21.5992 10.2774 50.2505
167.78 130.249 0.0858165 0.273035 0.559891 0.0639487 5.78269 2.92739
66 21.5992 11.3436 55.9053
167.78 130.249 0.0858165 0.273035 0.559891 0.0639487 5.78269 2.92739
67 21.5992 11.8301 66.8879
167.78 130.249 0.0858165 0.273035 0.559891 0.0639487 5.78269 2.92739
68 21.5992 10.4672 41.8639
167.78 130.249 0.0858165 0.273035 0.559891 0.0639487 5.78269 2.92739
69 21.5992 12.4585 45.627
167.78 130.249 0.0858165 0.273035 0.559891 0.0639487 5.78269 2.92739
70 21.5992 11.9813 38.8917
167.78 130.249 0.0858165 0.273035 0.559891 0.0639487 5.78269 2.92739
71 24.4912 11.9954 53.2815
180.104 108.456 0.158895 0.229308 0.532873 0.0184676 6.94057 1.8436
72 24.4912 12.3013 48.1421
180.104 108.456 0.158895 0.229308 0.532873 0.0184676 6.94057 1.8436
73 24.4912 13.1346 50.6363
180.104 108.456 0.158895 0.229308 0.532873 0.0184676 6.94057 1.8436
74 24.4912 12.74 57.4152
180.104 108.456 0.158895 0.229308 0.532873 0.0184676 6.94057 1.8436
75 24.4912 11.259 73.3403
180.104 108.456 0.158895 0.229308 0.532873 0.0184676 6.94057 1.8436
76 24.4912 12.2562 74.4288
180.104 108.456 0.158895 0.229308 0.532873 0.0184676 6.94057 1.8436
77 24.4912 12.3153 68.2004
180.104 108.456 0.158895 0.229308 0.532873 0.0184676 6.94057 1.8436
78 24.4912 11.6792 74.6641
180.104 108.456 0.158895 0.229308 0.532873 0.0184676 6.94057 1.8436
79 24.4912 12.504 59.5796
180.104 108.456 0.158895 0.229308 0.532873 0.0184676 6.94057 1.8436
80 24.4912 12.7605 63.4158
180.104 108.456 0.158895 0.229308 0.532873 0.0184676 6.94057 1.8436
81 24.4912 12.4544 62.589
180.104 108.456 0.158895 0.229308 0.532873 0.0184676 6.94057 1.8436
82 24.4912 12.8834 64.2114
180.104 108.456 0.158895 0.229308 0.532873 0.0184676 6.94057 1.8436
83 24.4912 11.5499 74.5863
180.104 108.456 0.158895 0.229308 0.532873 0.0184676 6.94057 1.8436
84 24.4912 12.5058 86.3199
180.104 108.456 0.158895 0.229308 0.532873 0.0184676 6.94057 1.8436
85 24.4912 11.4264 80.9009
180.104 108.456 0.158895 0.229308 0.532873 0.0184676 6.94057 1.8436
86 24.4912 11.141 84.1093
180.104 108.456 0.158895 0.229308 0.532873 0.0184676 6.94057 1.8436
87 24.4912 10.7238 76.2645
180.104 108.456 0.158895 0.229308 0.532873 0.0184676 6.94057 1.8436
88 24.4912 12.6831 56.7328
180.104 108.456 0.158895 0.229308 0.532873 0.0184676 6.94057 1.8436
89 24.4912 11.7158 77.8577
180.104 108.456 0.158895 0.229308 0.532873 0.0184676 6.94057 1.8436
90 24.4912 11.5712 83.5527
180.104 108.456 0.158895 0.229308 0.532873 0.0184676 6.94057 1.8436
91 24.4912 12.1711 81.015
180.104 108.456 0.158895 0.229308 0.532873 0.0184676 6.94057 1.8436
92 24.4912 12.8589 80.4829
180.104 108.456 0.158895 0.229308 0.532873 0.0184676 6.94057 1.8436
93 24.4912 11.4666 71.5797
180.104 108.456 0.158895 0.229308 0.532873 0.0184676 6.94057 1.8436
94 24.4912 11.7786 72.472
180.104 108.456 0.158895 0.229308 0.532873 0.0184676 6.94057 1.8436
95 24.4912 12.1752 76.2853
180.104 108.456 0.158895 0.229308 0.532873 0.0184676 6.94057 1.8436
96 24.4912 12.5942 69.6932
180.104 108.456 0.158895 0.229308 0.532873 0.0184676 6.94057 1.8436
97 24.4912 12.5218 74.009
180.104 108.456 0.158895 0.229308 0.532873 0.0184676 6.94057 1.8436
98 24.4912 13.3681 93.2444
180.104 108.456 0.158895 0.229308 0.532873 0.0184676 6.94057 1.8436
99 24.4912 13.8547 82.9255
180.104 108.456 0.158895 0.229308 0.532873 0.0184676 6.94057 1.8436
100 24.4912 15.1027 65.0975
180.104 108.456 0.158895 0.229308 0.532873 0.0184676 6.94057 1.8436
