0 17.6307 4.19958 21.3507
162.06 116.048 0.464322 0.307564 0.368962 0.0209842 8.54493 6.80176
1 17.6576 5.02394 30.4817
123.838 172.14 0.304479 0.429925 0.0256025 0.170404 6.61105 7.2257
2 17.6592 5.76486 35.7752
124.552 173.263 0.298174 0.429222 0.0231887 0.176439 6.59985 7.21738
3 18.2084 6.83554 40.4775
121.595 173.418 0.291297 0.420618 0.0166009 0.169051 6.49773 7.16104
4 20.3937 8.3281 50.0484
136.096 169.84 0.389223 0.443336 0 0.0133695 6.63867 6.44027
5 20.3937 9.40567 46.3172
136.096 169.84 0.389223 0.443336 0 0.0133695 6.63867 6.44027
6 20.3937 10.2566 52.3811
136.096 169.84 0.389223 0.443336 0 0.0133695 6.63867 6.44027
7 20.3937 10.6049 55.5386
136.096 169.84 0.389223 0.443336 0 0.0133695 6.63867 6.44027
8 20.3937 12.656 50.9917
136.096 169.84 0.389223 0.443336 0 0.0133695 6.63867 6.44027
9 20.3937 12.7984 42.3195
136.096 169.84 0.389223 0.443336 0 0.0133695 6.63867 6.44027
10 20.3937 12.4734 45.2466
136.096 169.84 0.389223 0.443336 0 0.0133695 6.63867 6.44027
11 20.3937 12.9504 44.2833
136.096 169.84 0.389223 0.443336 0 0.0133695 6.63867 6.44027
12 20.3937 12.2232 36.8412
136.096 169.84 0.389223 0.443336 0 0.0133695 6.63867 6.44027
13 21.617 12.9392 41.7071
116.632 170.267 0.336104 0.398023 0.0238494 0.0222944 7.23479 7.08498
14 21.617 13.5703 36.4244
116.632 170.267 0.336104 0.398023 0.0238494 0.0222944 7.23479 7.08498
15 21.6251 13.5013 49.2685
116.962 171.002 0.335288 0.396369 0.0212745 0.0230316 7.25448 7.00897
16 21.6251 15.1172 43.8872
116.962 171.002 0.335288 0.396369 0.0212745 0.0230316 7.25448 7.00897
17 21.6251 15.8115 38.675
116.962 171.002 0.335288 0.396369 0.0212745 0.0230316 7.25448 7.00897
18 21.6251 14.9124 39.1259
116.962 171.002 0.335288 0.396369 0.0212745 0.0230316 7.25448 7.00897
19 21.6251 15.8482 31.0692
116.962 171.002 0.335288 0.396369 0.0212745 0.0230316 7.25448 7.00897
20 21.8094 15.2372 49.638
120.267 171.094 0.418111 0.346896 0 0 3.74815 5.78656
21 21.8498 16.1943 40.3965
122.73 176.044 0.377094 0.326523 0.034351 0.00134032 4.43243 5.89595
22 21.8943 15.6649 32.9998
120.861 167.815 0.396948 0.346318 0 0.0325342 3.85631 5.17994
23 21.8943 16.57 29.8549
120.861 167.815 0.396948 0.346318 0 0.0325342 3.85631 5.17994
24 21.8943 17.102 22.5467
120.861 167.815 0.396948 0.346318 0 0.0325342 3.85631 5.17994
25 21.8943 17.2461 27.2727
120.861 167.815 0.396948 0.346318 0 0.0325342 3.85631 5.17994
26 22.0931 16.6646 40.895
118.226 158.297 0.368131 0.379596 0 0 3.97033 5.27937
27 22.0931 17.4727 25.9892
118.226 158.297 0.368131 0.379596 0 0 3.97033 5.27937
28 22.0931 17.4283 36.1811
118.226 158.297 0.368131 0.379596 0 0 3.97033 5.27937
29 22.221 17.7944 32.7772
100 165.26 0.491238 0.349608 0 0.0316402 9.38066 7.29903
30 22.221 18.5989 20.8647
100 165.26 0.491238 0.349608 0 0.0316402 9.38066 7.29903
31 23.1058 18.7251 23.8128
103.586 150.331 0.46635 0.263193 0.104006 0 2.86611 5.64836
32 23.1058 18.9718 21.1512
103.586 150.331 0.46635 0.263193 0.104006 0 2.86611 5.64836
33 23.1058 18.531 25.3498
103.586 150.331 0.46635 0.263193 0.104006 0 2.86611 5.64836
34 23.1058 17.8133 36.8731
103.586 150.331 0.46635 0.263193 0.104006 0 2.86611 5.64836
35 23.1058 17.6677 35.533
103.586 150.331 0.46635 0.263193 0.104006 0 2.86611 5.64836
36 23.1655 17.4831 41.8
105.959 159.089 0.495333 0.222882 0.0120713 0 9.08224 8.43065
37 23.6328 17.3429 46.7834
101.043 149.111 0.455281 0.263989 0.0843616 0 3.31664 6.37408
38 23.6852 16.3622 55.0053
106.19 148.308 0.461435 0.29209 0.0392777 0.00853065 2.90569 6.65604
39 23.6852 16.9049 53.0367
106.19 148.308 0.461435 0.29209 0.0392777 0.00853065 2.90569 6.65604
40 23.6852 17.1396 58.3024
106.19 148.308 0.461435 0.29209 0.0392777 0.00853065 2.90569 6.65604
41 23.6852 18.0277 57.7341
106.19 148.308 0.461435 0.29209 0.0392777 0.00853065 2.90569 6.65604
42 23.6852 17.4594 59.3709
106.19 148.308 0.461435 0.29209 0.0392777 0.00853065 2.90569 6.65604
43 23.7242 17.683 57.2137
106.308 148.853 0.474961 0.324108 0.00474952 0.000445768 3.10229 6.55314
44 23.7242 19.3089 36.4784
106.308 148.853 0.474961 0.324108 0.00474952 0.000445768 3.10229 6.55314
45 23.7242 19.3364 38.4726
106.308 148.853 0.474961 0.324108 0.00474952 0.000445768 3.10229 6.55314
46 23.7242 18.7836 33.5627
106.308 148.853 0.474961 0.324108 0.00474952 0.000445768 3.10229 6.55314
47 23.7242 20.2893 14.4274
106.308 148.853 0.474961 0.324108 0.00474952 0.000445768 3.10229 6.55314
48 23.7248 18.6479 32.575
100 149.061 0.460954 0.314454 0.0185559 0.0106113 2.54548 6.99599
49 23.7248 17.5285 49.0047
100 149.061 0.460954 0.314454 0.0185559 0.0106113 2.54548 6.99599
50 23.7248 18.8791 36.9613
100 149.061 0.460954 0.314454 0.0185559 0.0106113 2.54548 6.99599
51 23.7248 18.908 38.6549
100 149.061 0.460954 0.314454 0.0185559 0.0106113 2.54548 6.99599
52 23.7248 17.0421 60.7892
100 149.061 0.460954 0.314454 0.0185559 0.0106113 2.54548 6.99599
53 23.7248 17.9585 51.1831
100 149.061 0.460954 0.314454 0.0185559 0.0106113 2.54548 6.99599
54 23.7248 17.7486 51.0955
100 149.061 0.460954 0.314454 0.0185559 0.0106113 2.54548 6.99599
55 23.7403 18.1908 54.0945
100 150.749 0.436553 0.307023 0.0265211 0 2.34473 6.93633
56 23.7403 18.0182 60.1282
100 150.749 0.436553 0.307023 0.0265211 0 2.34473 6.93633
57 24.241 18.7217 48.0377
100.444 144.016 0.454336 0.310834 0 0 2.05777 7.06914
58 24.241 16.4769 58.7143
100.444 144.016 0.454336 0.310834 0 0 2.05777 7.06914
59 24.241 17.8621 53.3238
100.444 144.016 0.454336 0.310834 0 0 2.05777 7.06914
60 24.241 18.3887 45.4393
100.444 144.016 0.454336 0.310834 0 0 2.05777 7.06914
61 24.241 17.966 51.5704
100.444 144.016 0.454336 0.310834 0 0 2.05777 7.06914
62 24.241 17.7903 50.1246
100.444 144.016 0.454336 0.310834 0 0 2.05777 7.06914
63 24.241 18.1644 50.945
100.444 144.016 0.454336 0.310834 0 0 2.05777 7.06914
64 24.241 18.6638 42.9042
100.444 144.016 0.454336 0.310834 0 0 2.05777 7.06914
65 24.241 18.4378 49.5345
100.444 144.016 0.454336 0.310834 0 0 2.05777 7.06914
66 24.241 16.785 65.5719
100.444 144.016 0.454336 0.310834 0 0 2.05777 7.06914
67 24.241 16.1698 64.6345
100.444 144.016 0.454336 0.310834 0 0 2.05777 7.06914
68 24.241 16.459 61.1153
100.444 144.016 0.454336 0.310834 0 0 2.05777 7.06914
69 24.241 18.2272 48.4101
100.444 144.016 0.454336 0.310834 0 0 2.05777 7.06914
70 24.241 18.6776 51.482
100.444 144.016 0.454336 0.310834 0 0 2.05777 7.06914
71 24.2482 17.9619 53.3902
100.445 144.006 0.452217 0.313284 0 0 2.06158 7.0874
72 24.2482 16.963 61.7026
100.445 144.006 0.452217 0.313284 0 0 2.06158 7.0874
73 24.2482 17.6199 47.2399
100.445 144.006 0.452217 0.313284 0 0 2.06158 7.0874
74 24.2482 17.5695 43.1765
100.445 144.006 0.452217 0.313284 0 0 2.06158 7.0874
75 24.5602 19.2393 35.2532
100.001 127.031 0.539354 0.16503 0.0219482 0 2.88123 7.35903
76 24.5602 18.9872 38.5894
100.001 127.031 0.539354 0.16503 0.0219482 0 2.88123 7.35903
77 24.5602 19.065 39.8695
100.001 127.031 0.539354 0.16503 0.0219482 0 2.88123 7.35903
78 24.5602 18.3991 48.6679
100.001 127.031 0.539354 0.16503 0.0219482 0 2.88123 7.35903
79 24.5602 18.7976 39.7459
100.001 127.031 0.539354 0.16503 0.0219482 0 2.88123 7.35903
80 24.5602 19.565 38.6927
100.001 127.031 0.539354 0.16503 0.0219482 0 2.88123 7.35903
81 24.5602 18.9702 50.808
100.001 127.031 0.539354 0.16503 0.0219482 0 2.88123 7.35903
82 24.667 17.6267 56.5739
100 122.582 0.496175 0.176952 0.0567191 0 2.432 7.43233
83 24.667 16.2016 61.8045
100 122.582 0.496175 0.176952 0.0567191 0 2.432 7.43233
84 24.667 16.7721 55.7863
100 122.582 0.496175 0.176952 0.0567191 0 2.432 7.43233
85 24.7136 17.3582 56.1489
100 123.627 0.508747 0.169193 0.0186554 0 2.11947 7.39565
86 24.7136 17.3141 67.0619
100 123.627 0.508747 0.169193 0.0186554 0 2.11947 7.39565
87 24.7136 15.2948 80.347
100 123.627 0.508747 0.169193 0.0186554 0 2.11947 7.39565
88 25.1713 16.474 70.6524
100 108.953 0.44146 0.244166 0.0814318 0.0429084 1.28439 8.62531
89 25.1713 17.0597 62.5572
100 108.953 0.44146 0.244166 0.0814318 0.0429084 1.28439 8.62531
90 25.1713 16.6222 65.6742
100 108.953 0.44146 0.244166 0.0814318 0.0429084 1.28439 8.62531
91 25.1715 15.3702 84.3265
100.007 108.951 0.441354 0.244133 0.081201 0.0429727 1.28388 8.62434
92 25.1723 16.4619 82.2066
100 108.391 0.441134 0.2458 0.0830281 0.0419033 1.29528 8.62327
93 25.1723 16.9098 78.7975
100 108.391 0.441134 0.2458 0.0830281 0.0419033 1.29528 8.62327
94 25.1789 17.074 75.7711
100 105.197 0.440931 0.24299 0.0697148 0.0468139 1.5654 8.89228
95 25.1971 18.0785 64.2477
100.916 108.579 0.437945 0.248644 0.0754809 0.0518023 1.395 8.66249
96 25.21 18.4058 55.5407
100.72 108.151 0.439731 0.253889 0.0703549 0.0551484 1.48681 8.69269
97 25.21 17.8916 63.4739
100.72 108.151 0.439731 0.253889 0.0703549 0.0551484 1.48681 8.69269
98 25.21 18.9339 53.0629
100.72 108.151 0.439731 0.253889 0.0703549 0.0551484 1.48681 8.69269
99 25.21 19.3446 46.5694
100.72 108.151 0.439731 0.253889 0.0703549 0.0551484 1.48681 8.69269
100 25.21 18.7944 55.2758
100.72 108.151 0.439731 0.253889 0.0703549 0.0551484 1.48681 8.69269
