0 2.91189 0.605091 0.944588
185.41 133.971 0.101999 0.420156 0.73266 0.592652 3.52265 9.61928
1 2.91189 0.819832 1.38526
185.41 133.971 0.101999 0.420156 0.73266 0.592652 3.52265 9.61928
2 4.36624 1.18038 2.06699
200 192.363 0.277361 0.117128 0.631891 0.215944 9.34035 5.23055
3 4.36624 1.61398 2.55703
200 192.363 0.277361 0.117128 0.631891 0.215944 9.34035 5.23055
4 5.75664 1.89283 3.04095
186.843 130.548 0.0816896 0.399533 0.800944 0.637997 4.14263 10
5 5.75664 1.89253 3.24183
186.843 130.548 0.0816896 0.399533 0.800944 0.637997 4.14263 10
6 5.77741 2.32198 3.96324
184.838 142.711 0 0.363055 0.649196 0.662452 4.67994 9.46007
7 5.77741 2.46115 4.75249
184.838 142.711 0 0.363055 0.649196 0.662452 4.67994 9.46007
8 5.77945 2.8266 4.61512
195.147 199.33 0.383846 0.0318416 0.64567 0.425515 9.43561 5.51354
9 5.79328 2.89757 5.39855
172 146.818 0.140806 0.372802 0.715125 0.572217 4.97764 9.11764
10 7.2258 3.18005 4.69232
181.995 153.831 0 0.386631 0.66256 0.641682 4.55224 9.10274
11 7.2258 3.62239 4.89925
181.995 153.831 0 0.386631 0.66256 0.641682 4.55224 9.10274
12 7.22588 3.37095 4.75071
181.505 154.869 0 0.392077 0.664231 0.626648 4.78039 9.26118
13 7.22588 3.4904 4.46032
181.505 154.869 0 0.392077 0.664231 0.626648 4.78039 9.26118
14 7.22588 3.61938 5.29037
181.505 154.869 0 0.392077 0.664231 0.626648 4.78039 9.26118
15 7.22588 3.84186 5.54545
181.505 154.869 0 0.392077 0.664231 0.626648 4.78039 9.26118
16 7.22588 2.97314 4.67383
181.505 154.869 0 0.392077 0.664231 0.626648 4.78039 9.26118
17 7.22588 3.54426 4.67868
181.505 154.869 0 0.392077 0.664231 0.626648 4.78039 9.26118
18 7.22588 3.54206 4.44751
181.505 154.869 0 0.392077 0.664231 0.626648 4.78039 9.26118
19 7.22588 4.11043 5.03937
181.505 154.869 0 0.392077 0.664231 0.626648 4.78039 9.26118
20 7.22588 4.12338 6.12715
181.505 154.869 0 0.392077 0.664231 0.626648 4.78039 9.26118
21 7.22588 3.54243 5.95171
181.505 154.869 0 0.392077 0.664231 0.626648 4.78039 9.26118
22 7.22588 3.48013 5.91998
181.505 154.869 0 0.392077 0.664231 0.626648 4.78039 9.26118
23 7.22588 2.90167 4.52792
181.505 154.869 0 0.392077 0.664231 0.626648 4.78039 9.26118
24 7.22588 3.69031 5.32781
181.505 154.869 0 0.392077 0.664231 0.626648 4.78039 9.26118
25 7.22588 4.33317 3.51672
181.505 154.869 0 0.392077 0.664231 0.626648 4.78039 9.26118
26 7.22607 3.33056 3.92293
187.488 158.376 0 0.390088 0.643807 0.562628 3.83585 8.88556
27 7.22607 2.82893 2.92148
187.488 158.376 0 0.390088 0.643807 0.562628 3.83585 8.88556
28 7.22607 3.19684 3.64521
187.488 158.376 0 0.390088 0.643807 0.562628 3.83585 8.88556
29 7.22607 3.70024 3.82592
187.488 158.376 0 0.390088 0.643807 0.562628 3.83585 8.88556
30 7.22607 3.2633 3.67274
187.488 158.376 0 0.390088 0.643807 0.562628 3.83585 8.88556
31 7.22607 3.49419 3.78941
187.488 158.376 0 0.390088 0.643807 0.562628 3.83585 8.88556
32 8.59456 3.69774 5.06794
179.049 150.357 0.000974493 0.382 0.666311 0.627997 4.63394 9.70034
33 8.59456 3.26591 6.84027
179.049 150.357 0.000974493 0.382 0.666311 0.627997 4.63394 9.70034
34 8.59456 3.33839 4.93084
179.049 150.357 0.000974493 0.382 0.666311 0.627997 4.63394 9.70034
35 8.59456 3.34003 5.62362
179.049 150.357 0.000974493 0.382 0.666311 0.627997 4.63394 9.70034
36 8.59456 3.19085 5.92279
179.049 150.357 0.000974493 0.382 0.666311 0.627997 4.63394 9.70034
37 8.59456 2.97026 4.40535
179.049 150.357 0.000974493 0.382 0.666311 0.627997 4.63394 9.70034
38 8.65083 3.75342 6.57671
186.564 137.032 0 0.411985 0.583152 0.640923 4.79369 8.37186
39 8.65083 4.17399 5.61635
186.564 137.032 0 0.411985 0.583152 0.640923 4.79369 8.37186
40 8.65083 4.04091 6.45728
186.564 137.032 0 0.411985 0.583152 0.640923 4.79369 8.37186
41 8.65083 4.18524 5.83734
186.564 137.032 0 0.411985 0.583152 0.640923 4.79369 8.37186
42 8.67346 4.25878 6.84578
189.642 138.631 0.000288296 0.410608 0.602727 0.622478 4.37055 8.32664
43 8.67346 4.33856 5.66431
189.642 138.631 0.000288296 0.410608 0.602727 0.622478 4.37055 8.32664
44 8.67346 4.84731 8.50822
189.642 138.631 0.000288296 0.410608 0.602727 0.622478 4.37055 8.32664
45 8.67346 4.54939 7.80769
189.642 138.631 0.000288296 0.410608 0.602727 0.622478 4.37055 8.32664
46 8.67346 5.13082 7.92691
189.642 138.631 0.000288296 0.410608 0.602727 0.622478 4.37055 8.32664
47 8.67346 4.20627 7.77042
189.642 138.631 0.000288296 0.410608 0.602727 0.622478 4.37055 8.32664
48 8.67346 3.70277 7.04224
189.642 138.631 0.000288296 0.410608 0.602727 0.622478 4.37055 8.32664
49 8.67346 3.55158 5.97958
189.642 138.631 0.000288296 0.410608 0.602727 0.622478 4.37055 8.32664
50 8.67346 3.26389 5.85178
189.642 138.631 0.000288296 0.410608 0.602727 0.622478 4.37055 8.32664
51 8.67346 3.54481 6.89297
189.642 138.631 0.000288296 0.410608 0.602727 0.622478 4.37055 8.32664
52 8.67346 3.53979 6.22068
189.642 138.631 0.000288296 0.410608 0.602727 0.622478 4.37055 8.32664
53 8.67346 4.11452 6.81678
189.642 138.631 0.000288296 0.410608 0.602727 0.622478 4.37055 8.32664
54 8.67346 4.13118 7.66569
189.642 138.631 0.000288296 0.410608 0.602727 0.622478 4.37055 8.32664
55 8.67346 4.62785 6.88759
189.642 138.631 0.000288296 0.410608 0.602727 0.622478 4.37055 8.32664
56 8.67346 4.91171 6.79093
189.642 138.631 0.000288296 0.410608 0.602727 0.622478 4.37055 8.32664
57 8.67346 4.54092 5.75764
189.642 138.631 0.000288296 0.410608 0.602727 0.622478 4.37055 8.32664
58 8.67346 4.33612 5.86528
189.642 138.631 0.000288296 0.410608 0.602727 0.622478 4.37055 8.32664
59 10.1205 4.40609 6.88229
176.507 126.245 9.78031e-05 0.391786 0.712817 0.598065 3.85131 8.56192
60 10.1205 3.97985 6.95089
176.507 126.245 9.78031e-05 0.391786 0.712817 0.598065 3.85131 8.56192
61 10.1205 3.47814 7.03271
176.507 126.245 9.78031e-05 0.391786 0.712817 0.598065 3.85131 8.56192
62 10.1205 3.90412 8.09715
176.507 126.245 9.78031e-05 0.391786 0.712817 0.598065 3.85131 8.56192
63 10.1205 3.838 8.11515
176.507 126.245 9.78031e-05 0.391786 0.712817 0.598065 3.85131 8.56192
64 10.1205 3.54105 6.22257
176.507 126.245 9.78031e-05 0.391786 0.712817 0.598065 3.85131 8.56192
65 10.1205 4.12828 8.564
176.507 126.245 9.78031e-05 0.391786 0.712817 0.598065 3.85131 8.56192
66 10.1205 4.04779 7.11004
176.507 126.245 9.78031e-05 0.391786 0.712817 0.598065 3.85131 8.56192
67 10.1205 3.77422 9.66057
176.507 126.245 9.78031e-05 0.391786 0.712817 0.598065 3.85131 8.56192
68 10.1205 4.06166 9.46909
176.507 126.245 9.78031e-05 0.391786 0.712817 0.598065 3.85131 8.56192
69 10.1205 4.34534 9.51076
176.507 126.245 9.78031e-05 0.391786 0.712817 0.598065 3.85131 8.56192
70 10.1205 4.20646 8.21963
176.507 126.245 9.78031e-05 0.391786 0.712817 0.598065 3.85131 8.56192
71 10.1205 3.68985 9.03038
176.507 126.245 9.78031e-05 0.391786 0.712817 0.598065 3.85131 8.56192
72 10.1205 3.98134 9.73925
176.507 126.245 9.78031e-05 0.391786 0.712817 0.598065 3.85131 8.56192
73 10.1205 4.1333 10.4877
176.507 126.245 9.78031e-05 0.391786 0.712817 0.598065 3.85131 8.56192
74 10.1205 4.43017 12.1587
176.507 126.245 9.78031e-05 0.391786 0.712817 0.598065 3.85131 8.56192
75 10.1205 4.20013 11.2939
176.507 126.245 9.78031e-05 0.391786 0.712817 0.598065 3.85131 8.56192
76 10.1205 3.77121 9.65646
176.507 126.245 9.78031e-05 0.391786 0.712817 0.598065 3.85131 8.56192
77 10.1205 3.70779 9.87898
176.507 126.245 9.78031e-05 0.391786 0.712817 0.598065 3.85131 8.56192
78 10.1205 3.97731 9.54244
176.507 126.245 9.78031e-05 0.391786 0.712817 0.598065 3.85131 8.56192
79 10.1205 4.33796 8.93923
176.507 126.245 9.78031e-05 0.391786 0.712817 0.598065 3.85131 8.56192
80 10.1205 4.19373 8.43913
176.507 126.245 9.78031e-05 0.391786 0.712817 0.598065 3.85131 8.56192
81 10.1205 4.34346 8.93799
176.507 126.245 9.78031e-05 0.391786 0.712817 0.598065 3.85131 8.56192
82 10.1205 4.91158 9.05653
176.507 126.245 9.78031e-05 0.391786 0.712817 0.598065 3.85131 8.56192
83 10.1205 4.49176 7.80917
176.507 126.245 9.78031e-05 0.391786 0.712817 0.598065 3.85131 8.56192
84 10.1205 4.41382 7.08034
176.507 126.245 9.78031e-05 0.391786 0.712817 0.598065 3.85131 8.56192
85 10.1205 4.41594 6.84233
176.507 126.245 9.78031e-05 0.391786 0.712817 0.598065 3.85131 8.56192
86 10.1205 4.76655 5.7094
176.507 126.245 9.78031e-05 0.391786 0.712817 0.598065 3.85131 8.56192
87 10.1205 4.49077 7.40361
176.507 126.245 9.78031e-05 0.391786 0.712817 0.598065 3.85131 8.56192
88 10.1205 4.42876 9.24794
176.507 126.245 9.78031e-05 0.391786 0.712817 0.598065 3.85131 8.56192
89 10.1205 3.98473 7.82188
176.507 126.245 9.78031e-05 0.391786 0.712817 0.598065 3.85131 8.56192
90 10.1205 4.48524 8.06729
176.507 126.245 9.78031e-05 0.391786 0.712817 0.598065 3.85131 8.56192
91 10.1205 3.98761 6.95944
176.507 126.245 9.78031e-05 0.391786 0.712817 0.598065 3.85131 8.56192
92 10.1205 3.68753 6.1956
176.507 126.245 9.78031e-05 0.391786 0.712817 0.598065 3.85131 8.56192
93 10.1205 3.53527 6.86512
176.507 126.245 9.78031e-05 0.391786 0.712817 0.598065 3.85131 8.56192
94 10.1205 4.04089 8.40381
176.507 126.245 9.78031e-05 0.391786 0.712817 0.598065 3.85131 8.56192
95 10.1205 4.25564 8.61668
176.507 126.245 9.78031e-05 0.391786 0.712817 0.598065 3.85131 8.56192
96 10.1205 3.82675 7.66962
176.507 126.245 9.78031e-05 0.391786 0.712817 0.598065 3.85131 8.56192
97 10.1205 4.48256 8.47751
176.507 126.245 9.78031e-05 0.391786 0.712817 0.598065 3.85131 8.56192
98 10.1205 3.97873 9.73367
176.507 126.245 9.78031e-05 0.391786 0.712817 0.598065 3.85131 8.56192
99 10.1205 4.479 13.2057
176.507 126.245 9.78031e-05 0.391786 0.712817 0.598065 3.85131 8.56192
100 10.1205 3.98021 11.0285
176.507 126.245 9.78031e-05 0.391786 0.712817 0.598065 3.85131 8.56192
