0
0
0.561861
0.25
0.684243
0.25
0
0.25
0
0
0
0
0
0.613332
0.917242
0
0.979216
0
0.558155
0
0.735887
0.25
0.961819
0
0
0.771116
0
0.549994
1.75693
0
0
0.562376
0.872837
0
0
1.23465
0.25
0.678497
0
0
0.832853
0.474304
0.25
0.650727
1.23804
0
0.25
0.62931
0
0.15
0
0.05
0
0
1.45015
0
0
0
0.933019
0
0
1.03895
0
0.05
0
0.533979
0
0
0.591951
0.25
0.25
0
0.25
0.25
0.471087
0
0
0.472778
0
0
0.25
0
0.649106
0.570923
0
0.15
0.25
1.42459
0
0
0
0
0.25
0.8377
0.642189
0
0
0
0
0
0
1.59984
0.25
0
0.25
0
0.25
0.25
0
0
0.25
0
1.17395
0.25
0
0.25
0
0.25
0.05
0.742875
0
0
0.866891
0.584567
1.07708
0
1.5548
0.488717
0.25
0.546529
0
0
0.511722
0.620754
0
0
0.25
0.553466
0
0.25
0
0.726567
0
0
0.811848
1.42077
0.46747
1.14718
0
0.25
0
0
0.25
1.70414
0.25
0.912473
0
0
0
0.583514
0
2.2095
0.05
0.596999
0
0
0
0
0
0
0
0.862107
0.515003
0
0
0.706193
0
0
0
0.514471
0
0.517276
0
0
0.658037
0
0
0.25
0
0.455635
0.576033
0.607109
0.15
0.683317
0
0
0.517474
0.555591
0.736169
0.25
0
0.25
0.500174
0.809668
0
0.648569
0
0.53693
0
0
0
0.05
0.568443
0
0.675172
0
0.673763
0.25
0
0
0
0
0
0.25
0.25
0
0.478196
0.05
0
0.776208
0
1.11989
0.730778
0
0
0
0
0.25
0
0
0.608506
1.38813
0
0
0
0
0
1.21471
0.25
0.25
0.15
0.05
0.530124
0.25
0.542068
0
0.545841
0
0.473917
0
0
0
1.01582
0
1.79274
0
0.05
0
0.504911
0
0
0
0.25
0.25
0
0
0.25
0
0
0
0.25
0.15
0
0
0.97361
0
1.37526
0
0
0
0
0
0
0.655571
0
0
0
0
0
0
0
0
0.25
0.571971
0.15
0.505496
0.67518
0
1.34591
0.607007
0
0
0.788564
0.25
0.05
0
0.25
0.25
0.64407
0.516241
1.44023
0
0.643454
0
0.524345
0
0.25
0
0.25
0
0
0
0
0
0.540596
0.25
0.492432
0
0.592601
0.25
0
0
0
0
0
0
0
0
0
1.5262
0.744083
0
0.25
0
0
0
0.25
0
0
0
0
0.15
0.860014
0
0.25
0
0
0.566643
0.559914
0
0.798834
0
0
0
0
0
0
0.25
0
0
0.59205
0.636957
0
0
0
0.497039
0
0
0
0
0
0
0
0.479419
0
0
0.25
0
0
0
0
0.15
0
0.25
0.25
0
0.25
0
0
0.799634
0
0.537125
0
0.25
0
0
0
0.25
0
0
0
0
0
0.25
0
0.457371
0
0.25
0
0
0
0.25
0.735639
0.592915
0
0
0.561009
0
0
0
0
0
0.648525
0
0
0.554822
0
0
1.21227
0.508073
0
0
0.515058
0.472896
0.607366
0.484494
0
0.25
0
0.25
0.25
0
0.25
0.25
0
0
0.643391
0
0.05
1.065
0
0
0.05
0
0.25
0.781962
1.4566
0
0
0.25
0
0.25
1.33798
0
0.546731
0.25
0
0
0.05
0
0
0
0.25
0
0.65177
0
0.05
0
0.783803
0.05
0.824615
0
0.627954
0
0
0
0
0.884615
0.25
0
0
0
0
0.665811
0.544943
0.25
0.477498
0
0
0
0
0
0.25
0.25
0
0
0.499749
0
0
0
0.505524
0.835047
0.732338
0
0
0
0.530534
0.05
0
1.09384
0.25
0
0.942104
0
0
0
0
0
0
0
1.06508
0.25
0
0
0.610639
0.25
0.25
0
0
1.05481
0
0.25
0.25
0.25
0
0
0.734379
0
0
0.636101
0.48729
0
0.25
0.745661
0.25
0
0.25
0.05
0.05
0
0
0.25
1.248
0
0
0
0.556042
0.585851
0.645547
0.25
1.10351
0.526657
0.558215
0
0.25
0
0.25
0
0.549391
0
0
0
0
0
1.13761
0
0
0
0
0
0.25
0
0.909467
0
0
0
0.516728
0
0
0
0
0
0
0
0.636662
0.25
1.32162
0.25
0
1.6495
0
0
0.25
0.546942
0
0
0
0
0
0.88193
0.25
0
0
0.25
0.602999
0
0
0
0
0.545355
0.25
0
0
0.522734
0.862435
0
0
0
0
0
0
0.25
0.560165
0.675412
0.741861
0
0
2.46595
0
0.25
0
0
0
0
0.546453
0
0
0
0
0
0
0
1.04006
0
0.25
0
0.571337
0.6049
0
1.18658
0.968047
0.545591
0.677945
0.54136
0
0
1.90411
1.13506
0
0.897462
0
0
0
0
0.480763
1.56789
0.722571
0.25
0
1.45097
0.504673
0
0.25
0
0.759884
0.575972
0
0.25
0.25
0.25
0
0
0
0
0
0.25
0.481841
0
0.932133
0.533097
0
0
0.622697
0.25
0
0
0.25
0.25
0
0
1.08149
0
0.25
0
0
0.837287
0
0
0
0
0
0.470368
1.05414
1.21623
0.624266
0
0
0.25
0.54129
0
0.25
0.25
0
0.631908
0.25
0
0
0
0
1.09591
0
0
0.25
0
0
0.25
0
0.700375
0.05
1.27434
0
0.46912
0.25
0.25
0.25
0
0
0
0
0
0.05
0.480531
0
0.534544
0.897636
0
0
0
0
0
0.519384
1.15916
0.984355
0
0.804117
0
0
0
0.591195
0.575343
0.25
0.25
0
0.25
0
0.25
0
0.630377
0.693884
0
0.25
0
0
0.25
0.25
0
0
0.25
0
0.481794
0
0
0.582597
0
0
0
0.25
0.846512
0
0
0.624679
0.25
0.25
0
0
0.25
0.492162
0.756067
1.1337
0
0
0.25
0.622136
0
0
0
0.562348
0
0
0
0.25
0
0
0.558457
1.19117
0
0.25
0
0.749003
0
0.25
0
1.74912
0.25
0
0.542893
0.845592
0
0.743895
0
0.596069
0.498645
0
0
0.25
0.25
0
0.25
0.818438
0
0
0.25
0
0
0.25
0.25
1.40942
1.05795
0
0.972673
0
0
0
0
1.09088
0
0.25
0
0.484951
0.532961
1.10252
0
0
0
0
0.25
0
0.25
0
0
0
0
0.25
0.25
0
0
0
0.15
0.25
0.25
0
1.20745
0.25
0
0.25
0.647703
1.13535
0.466976
0.25
0
0.666086
0.25
0
0.05
0.25
0.25
0
1.07046
0
0.25
0
0.25
0
0.635337
0.501515
0.25
0.674276
0.660314
0.25
0
1.08975
0.25
0
0.25
0.25
0
0
1.2501
0
0.869783
1.65286
0.5251
0
0
0
0.453383
1.15635
0.758196
0
0
0
0
0.465547
0
0
0.525122
0.622951
0
0.494642
0
0
0.05
0.542065
0
0
0
0
0
0.25
0
