0
0.734383
0
0.72848
0
0.72848
0.722647
0.745134
0.72848
0.748599
0.745134
0.728389
0
0.745134
0.733338
0
0.728389
0.751452
0.719778
0.751452
0.72848
0.714691
0.72848
0.725393
0
0.751452
0.717447
0.722647
0
0
0.734383
0
0.72848
0
0
0
0
0.725393
0.72848
0.725393
0.734383
0.723135
0
0
0
0
0.734383
0.72848
0.745134
0.745134
0.745134
0
0.745134
0
0.734383
0.734383
0
0.733338
0
0
0.734383
0.755175
0.72848
0.72848
0.717447
0
0.734383
0
0
0.717447
0.745134
0.72848
0
0.734383
0.733338
0
0
0
0.751452
0
0
0.728389
0
0.745134
0
0.733338
0
0.734383
0
0
0
0.72848
0
0.725393
0
0
0.733338
0.734383
0
0.733338
0.734383
0.72848
0.733338
0.72848
0.745134
0
0
0.733338
0.734383
0.734383
0.723135
0.733338
0.755175
0.755175
0
0.734383
0.745134
0.755175
0.734383
0.719778
0
0
0
0.714691
0.72848
0
0.734383
0.717447
0.734383
0.72848
0
0
0.734383
0.745134
0
0
0.72848
0.717447
0.728389
0.733338
0
0.723135
0
0
0
0.734383
0
0.734383
0.734383
0.755175
0.734383
0.734383
0.734383
0.745134
0
0.725393
0
0.72848
0
0.745134
0.734383
0.722647
0.734383
0
0.751452
0.745134
0.734383
0
0.73652
0.72848
0.745134
0
0.734383
0
0.723135
0.745134
0.728389
0.714691
0.734383
0.73652
0
0.733338
0.73652
0.745134
0.734383
0
0.745134
0.72848
0
0.757488
0.751452
0.734383
0
0
0
0.734383
0.725393
0.751452
0.72848
0
0.733338
0
0
0.734383
0.733338
0.734383
0.745134
0
0.745134
0.734383
0.745134
0.755175
0
0
0.734383
0
0.745134
0
0
0
0
0.733338
0.725393
0.714691
0
0.719778
0
0
0.734383
0
0.745134
0
0.72848
0
0
0
0.751452
0
0
0.745134
0.733338
0
0.72848
0.734383
0.745134
0
0
0.745134
0
0
0.72848
0.72848
0.714691
0.733338
0.734383
0.733338
0.734383
0.734383
0
0
0.734383
0.725393
0
0.723135
0
0.755175
0
0.733338
0
0
0
0.745134
0.72848
0.768216
0.728389
0.734383
0
0.717447
0
0
0.755175
0.72848
0
0.722647
0.734383
0.734383
0
0.734383
0
0.751452
0
0.72848
0
0
0.733338
0.745134
0.733338
0.734383
0.745134
0.728389
0.745134
0.723135
0
0.734383
0.722647
0.745134
0
0.717447
0
0.745134
0.755175
0
0
0.733338
0.733338
0.734383
0
0.725393
0.72848
0
0.733338
0.745134
0.751452
0
0.728389
0.733338
0
0.745134
0.717447
0.733338
0.72848
0
0.734383
0.734383
0.725393
0.734383
0
0.72848
0.734383
0.733338
0
0.745134
0.734383
0.748599
0.733338
0.733338
0.725393
0.751452
0
0.733338
0
0.734383
0.751452
0.734383
0.734383
0.717447
0.733338
0.722647
0
0.734383
0.734383
0.734383
0.714691
0.714691
0.755175
0
0
0.72848
0.72848
0
0.751452
0
0.734383
0.714691
0
0.751452
0.72848
0
0.751452
0.733338
0
0
0
0
0.714691
0
0.707049
0.734383
0.728389
0.745134
0
0.745134
0
0.722647
0
0.72848
0
0
0.733338
0.745134
0.755175
0
0
0.725393
0.745134
0.72848
0.72848
0
0.734383
0.734383
0.734383
0.733338
0.751452
0
0.725393
0.745134
0.734383
0
0.745134
0
0.723135
0.714691
0.717447
0.734383
0.745134
0.734383
0.751452
0.714691
0.72848
0.72848
0
0.748599
0
0
0.734383
0.719778
0.742744
0
0
0.723135
0.72848
0
0
0
0.72848
0
0.734383
0.69997
0
0
0.745134
0
0.734383
0.733338
0.751452
0.757488
0
0.755175
0.725393
0
0.734383
0.734383
0.745134
0
0.745134
0.734383
0.723135
0.714691
0
0.733338
0
0.734383
0
0.711909
0.723135
0.745134
0
0.745134
0.72848
0
0.722647
0.725393
0.734383
0.745134
0
0.707049
0
0
0
0
0
0.734383
0.745134
0.725393
0.745134
0.745134
0
0
0.733338
0.751452
0.72848
0
0
0.745134
0.733338
0.723135
0
0.745134
0.722647
0
0.734383
0.728389
0.714691
0.725393
0.745134
0.725393
0.719778
0
0
0.714691
0
0.725393
0
0
0
0.72848
0.734383
0.734383
0.745134
0.748599
0
0
0
0.755175
0.734383
0
0
0.734383
0
0
0.734383
0
0.714691
0
0.714691
0
0
0.734383
0
0
0.72848
0.733338
0
0.72848
0.719778
0.733338
0.757488
0.717447
0
0
0.751452
0.733338
0.72848
0
0.733338
0.745134
0.751452
0
0
0
0
0
0.734383
0.748599
0.733338
0.722647
0.728389
0.728389
0
0.72848
0
0.717447
0
0.72848
0
0.734383
0.733338
0.734383
0.755175
0.72848
0.745134
0.745134
0
0.72848
0.733338
0.725393
0
0.717447
0
0
0
0.745134
0.745134
0.734383
0.757488
0.725393
0.751452
0
0
0
0.72848
0.717447
0.734383
0
0.72848
0.733338
0.734383
0.733338
0.733338
0.728389
0.745134
0
0.734383
0.734383
0.734383
0.72848
0.734383
0.748599
0.725393
0.728389
0.734383
0.734383
0
0.751452
0
0.745134
0
0
0
0.745134
0
0.717447
0.745134
0.733338
0.733338
0
0
0.717447
0.72848
0
0
0.745134
0.734383
0.734383
0
0.725393
0.733338
0.714691
0.751452
0
0.734383
0.733338
0.714691
0.751452
0.72848
0.751452
0
0
0.745134
0
0
0.745134
0.734383
0.72848
0.734383
0.745134
0
0.757488
0
0.717447
0.725393
0
0.72848
0
0.745134
0.719778
0.725393
0
0.734383
0.725393
0
0.714691
0.734383
0.733338
0.723135
0.72848
0.745134
0.734383
0.745134
0.725393
0.734383
0.733338
0.745134
0
0.734383
0.745134
0
0
0.72848
0
0
0.723135
0
0.757488
0.734383
0.757488
0.733338
0.717447
0
0.728389
0
0.751452
0
0
0.751452
0
0.725393
0.734383
0
0
0.751452
0
0.745134
0
0.734383
0.728389
0.751452
0
0
0
0
0
0
0
0.728389
0.734383
0.745134
0.734383
0.745134
0
0.728389
0
0
0.757488
0
0
0.734383
0
0.734383
0.725393
0.714691
0
0.751452
0.734383
0.757488
0.745134
0.745134
0.745134
0.734383
0
0
0
0.733338
0.728389
0.748599
0.745134
0.745134
0.734383
0.745134
0.733338
0.733338
0.725393
0.757488
0
0
0
0.734383
0.723135
0
0.734383
0.72848
0.725393
0
0
0
0
0
0
0.717447
0.745134
0
0.733338
0
0.72848
0
0
0.733338
0
0
0
0.717447
0.745134
0.757488
0.734383
0
0
0
0
0
0
0.72848
0.757488
0
0
0.751452
0
0
0
0.734383
0.757488
0.751452
0.734383
0.745134
0
0.751452
0
0.734383
0
0.733338
0.745134
0
0
0.734383
0
0
0.734383
0.72848
0
0.745134
0.725393
0
0
0.734383
0.733338
0.755175
0.734383
0.745134
0
0.745134
0.734383
0.734383
0.751452
0.733338
0
0
0
0.733338
0
0
0.734383
0.745134
0.72848
0.734383
0
0.733338
0
0.745134
0.722647
0.745134
0.733338
0.733338
0.72848
0.72848
0.733338
0.757488
0.755175
0
0.757488
0.734383
0
0
0.725393
0
0
0
0.734383
0
0.722647
0.733338
0.734383
0.745134
0
0
0.745134
0
0.734383
0.728389
0.733338
0.707049
0.733338
0.72848
0.733338
0.734383
0
0
0
0
0.725393
0.734383
0
0
0.722647
0.72848
0.723135
0
0
0
0.719778
0
0.745134
0
0.725393
0.717447
0.755175
0
0.734383
0.751452
0.734383
0.734383
0
0
0.717447
0
0.733338
0
0
0.734383
0
0.745134
0.734383
0.725393
0
0.733338
0
0.725393
0.745134
0.717447
0
0
0
0.725393
0.725393
0.757488
0
0
0
0.745134
0.733338
0.733338
0.745134
0
0.734383
0.734383
0.734383
0.728389
0
0.714691
0.734383
0
0
0.733338
0.728389
0.734383
0.72848
0
0.72848
0.723135
0.734383
0
0
0.733338
0.733338
0.714691
0.723135
0.733338
0.72848
0.72848
0.733338
0.745134
0
