0.518415
-0.306649 0 0.197914

0
0.165717 0 -0.776274

0
-0.0415094 0 0.178932

0
-0.0401475 0 0.173237

0
-0.0241543 0 0.134433

0
0.162516 0 -0.701623

0
-0.0111155 0 0.108884

0.549931
-0.0471265 0 0.196608

0.550673
0.169945 0 -0.57072

0
0.16723 0 -0.79591

0
-0.0421328 0 0.183212

0
0.165056 0 -0.762578

0.535959
0.169973 0 -0.655682

0.542024
0.155899 0 0.199437

0.548242
0.169967 0 -0.625155

0.5276
-0.742424 0 0.199983

0
-0.0422493 0 0.18704

0.546106
-0.646744 0 0.199993

0.539007
0.168733 0 -0.115625

0.540439
0.166189 0 0.197421

0.535959
0.16983 0 -0.0701734

0.540439
0.169701 0 0.109778

0.553354
0.168032 0 0.195927

0
-0.0252512 0 0.136705

0.05
0.148841 0 -0.440227

0.540439
-0.50939 0 0.199989

0.545232
0.16983 0 0.0429143

0.523581
0.169951 0 -0.641555

0.516634
-0.754564 0 0.199981

0.5276
0.169884 0 -0.295647

0
0.16693 0 -0.793563

0.539007
0.165629 0 0.1977

0.553354
0.169162 0 0.188077

0
0.166601 0 -0.79011

0.535959
0.153639 0 0.199417

0
-0.0404055 0 0.174178

0.540439
0.147927 0 0.15702

0.524834
0.15622 0 0.198945

0
-0.0409949 0 0.176523

0
0.163288 0 -0.720349

0.519132
0.169902 0 -0.475677

0.523581
-0.734956 0 0.199988

0.541126
-0.616911 0 0.199884

0.545232
0.169674 0 0.138506

0.532326
0.169391 0 0.151054

0
-0.0407798 0 0.193242

0
-0.0407898 0 0.193223

0
-0.0332183 0 0.154213

0.550528
0.146992 0 0.199691

0.536087
-0.191952 0 0.198135

0.550076
-0.482898 0 0.199773

0.531642
0.169881 0 -0.260273

0.516634
-0.610359 0 0.199678

0.519702
0.110793 0 0.199741

0.534579
0.166274 0 0.0187108

0.540439
0.0122726 0 0.193923

0
-0.0409573 0 0.176363

0.548242
0.169705 0 0.132226

0.561007
0.169974 0 -0.463163

0.547322
0.0409947 0 0.192708

0.539007
0.169734 0 0.0759669

0.5276
-0.38418 0 0.199979

0.528899
0.169171 0 0.161391

0
-0.039462 0 0.170906

0.519072
-0.701685 0 0.199898

0
-0.0420146 0 0.189391

0.535959
0.169927 0 -0.351015

0
-0.0414747 0 0.191603

0.520912
-0.498121 0 0.199339

0.554964
0.169954 0 -0.319926

0.51959
0.166746 0 -0.0758267

0
-0.0422292 0 0.184527

0.539007
-0.178039 0 0.197948

0
-0.042195 0 0.183973

0.536087
0.169667 0 0.0979343

0.550673
0.153304 0 0.151676

0.524834
0.169559 0 0.0719528

0
-0.0281391 0 0.142815

0.524951
0.169108 0 0.158262

0
-0.0249313 0 0.13604

0.542584
0.168096 0 0.192971

0.545807
-0.66606 0 0.199993

0.517123
0.169881 0 -0.487919

0.520912
-0.244539 0 0.199962

0.545667
0.169956 0 -0.466977

0.548384
-0.323296 0 0.199331

0.540439
-0.0460824 0 0.199963

0
-0.0408942 0 0.193018

0
-0.0417429 0 0.190692

0
-0.0256801 0 0.1376

0.550673
0.167036 0 0.0280016

0.526198
0.151672 0 0.199234

0
-0.0411573 0 0.192443

0.550528
0.152492 0 0.1996

0.535959
0.169902 0 -0.233757

0.523466
-0.0136183 0 0.19112

0.543605
0.169982 0 -0.665538

0
-0.0318264 0 0.150981

0.523581
0.169486 0 0.0813517

0.519132
0.0337969 0 0.199888

0
-0.0406637 0 0.193457

0
-0.0415528 0 0.191362

0.550673
0.169171 0 0.185067

0
-0.0239014 0 0.133913

0
-0.0263086 0 0.138919

0.532326
0.169844 0 -0.131533

0.526198
0.0213928 0 0.199912

0.521024
-0.716228 0 0.199987

0.550528
0.169937 0 -0.559544

0.523466
0.158006 0 0.198576

0
-0.0361392 0 0.16141

0.520912
0.169169 0 -0.288405

0
0.166697 0 -0.791218

0.549931
0.169754 0 0.114712

0.516634
-0.616117 0 0.199699

0.51959
0.160414 0 0.197815

0.519243
0.169385 0 0.115547

0.520912
0.169444 0 0.0648398

0.516634
0.16992 0 -0.634328

0.5276
0.155615 0 0.199076

0.550673
0.169972 0 -0.530304

0
-0.0422187 0 0.187601

0
-0.0420746 0 0.188999

0.515955
0.16379 0 -0.00387532

0.515511
0.168829 0 0.149162

0.540573
0.156149 0 0.199408

0.541379
0.169904 0 -0.207802

0
-0.0415114 0 0.191492

0.550673
0.169966 0 -0.473553

0
-0.042249 0 0.187047

0.545807
0.169962 0 -0.519215

0.542024
0.165533 0 0.0594918

0.523466
0.16986 0 -0.310622

0.543468
0.169969 0 -0.558423

0.524834
0.165124 0 0.196391

0
-0.0422305 0 0.187413

0.517123
0.169889 0 -0.490072

0.550673
0.169095 0 0.187405

0.531766
0.168666 0 0.183091

0.523466
0.168287 0 0.181662

0.51959
0.169901 0 -0.610771

0.521024
0.169757 0 -0.115497

0
-0.0418832 0 0.190091

0.536087
0.1698 0 -0.00990138

0.519132
-0.750014 0 0.199979

0.543605
0.164466 0 0.198435

0
-0.0406136 0 0.193545

0.538154
0.169919 0 -0.329058

0.515511
-0.477331 0 0.199174

0.538154
0.169747 0 0.0405864

0
0.165588 0 -0.773798

0.527481
0.169324 0 0.139186

0.559165
-0.599283 0 0.199994

0.550528
0.140009 0 0.199763

0
-0.0420501 0 0.189166

0.523466
0.163579 0 0.196681

0.550673
0.169705 0 -0.326934

0
-0.0422658 0 0.185549

0
-0.0416054 0 0.191189

0.526198
0.151343 0 0.19927

0.550673
0.169809 0 0.0755852

0.535959
0.169727 0 0.07091

0.515511
0.169128 0 0.116617

0
-0.0413305 0 0.178039

0.51303
-0.24739 0 0.199957

0.539007
-0.175497 0 0.197913

0.51303
0.16944 0 0.0205148

0.531766
0.10191 0 0.181295

0.523466
0.16872 0 0.173997

0
-0.041074 0 0.192635

0
-0.0362752 0 0.161764

0
0.167161 0 -0.795437

0.516634
0.168559 0 0.161558

0.539007
0.132982 0 0.19976

0.548384
0.0416916 0 0.199949

0.545232
0.167483 0 0.00681022

0
-0.0420962 0 0.182839

0.51959
0.169441 0 0.0549183

0.535959
0.169689 0 -0.372405

0.524834
0.159964 0 0.0808089

0
-0.0422576 0 0.186816

0.51959
0.146874 0 0.199216

0
0.167274 0 -0.796194

0
-0.0398834 0 0.172314

0
-0.0393482 0 0.170538

0.545965
0.169749 0 0.0998922

0.546106
0.169814 0 0.0691077

0.536087
0.156413 0 0.199321

0.548242
0.164743 0 0.0826207

0
-0.0417985 0 0.190467

0.531766
0.169764 0 0.0122372

0
-0.0422666 0 0.186443

0.550673
0.169979 0 -0.629253

0
-0.0359756 0 0.160988

0
-0.0371163 0 0.164002

0.543605
0.169971 0 -0.643498

0
-0.0281251 0 0.142785

0
-0.0421293 0 0.188575

0
-0.0207557 0 0.127536

0.549931
0.169898 0 -0.492789

0.515955
-0.292837 0 0.199964

0
-0.0417936 0 0.190488

0.550673
-0.213059 0 0.199982

0.550673
0.16593 0 0.198072

0.542584
0.169972 0 -0.623292

0.546106
0.169919 0 -0.173958

0.51959
0.15759 0 0.0822074

0.538024
0.169933 0 -0.593166

0.543605
0.0937754 0 0.187289

0.538248
0.161454 0 0.103048

0.524834
0.118816 0 0.168905

0.521758
0.151171 0 0.199202

0.545807
0.164418 0 0.19836

0.542584
-0.669914 0 0.199992

0.532279
0.169961 0 -0.644545

0
-0.0419648 0 0.181722

0
-0.0415746 0 0.191291

0.550528
0.165084 0 0.198318

0.516634
-0.168304 0 0.199945

0
0.165969 0 -0.780839

0
0.167049 0 -0.79458

0
-0.0412412 0 0.192239

0
-0.0413697 0 0.191903

0
-0.0229835 0 0.132034

0.515511
-0.176986 0 0.195926

0.531766
-0.538706 0 0.199988

0.521024
0.169765 0 -0.138356

0.543605
0.1673 0 0.19638

0.528899
0.169958 0 -0.628758

0.51959
0.169475 0 0.0430702

0
-0.027816 0 0.142121

0.543605
0.140438 0 0.168041

0.543605
-0.460899 0 0.199989

0
-0.0406495 0 0.175111

0.550673
0.1694 0 0.177333

0.524834
0.16806 0 0.186306

0
-0.0419426 0 0.189796

0
-0.0420888 0 0.182767

0.553967
-0.298609 0 0.199264

0
0.1671 0 -0.79498

0.516634
0.169763 0 -0.250979

0
-0.0410239 0 0.192746

0.524834
0.15502 0 0.111497

0
-0.0422436 0 0.184827

0.550076
0.169931 0 -0.194247

0.535959
0.169667 0 0.0944467

0.545807
0.161634 0 0.198999

0.545232
0.169959 0 -0.422933

0.5276
0.169879 0 -0.295042

0.523466
-0.706618 0 0.199988

0.550673
0.16788 0 0.195599

0
-0.0396184 0 0.17142

0.531766
0.168466 0 -0.109958

0
-0.0413853 0 0.19186

0.538154
0.107333 0 0.199852

0.5276
0.168726 0 0.181647

0.545232
-0.130156 0 0.199976

0.549931
-0.706918 0 0.199993

0
-0.0368507 0 0.163285

0.5276
-0.452588 0 0.199331

0.555585
-0.501078 0 0.199808

0.545093
0.169329 0 0.176605

0.560203
0.169964 0 -0.592432

0.514148
0.169922 0 -0.629896

0.543605
0.168655 0 0.191039

0.550673
0.16981 0 -0.394979

0.550673
0.169933 0 -0.236186

0.540439
0.169433 0 0.164225

0.540439
0.126284 0 0.176154

0.536087
-0.719317 0 0.199979

0
0.166125 0 -0.783428

0
-0.0287556 0 0.144148

0
-0.0395461 0 0.171181

0
0.163535 0 -0.726376

0
-0.0420206 0 0.189355

0.523581
0.045712 0 0.199892

0.520912
0.0422355 0 0.185542

0.549304
-0.239538 0 0.199984

0
-0.0387876 0 0.168786

0.536087
0.169801 0 0.0178771

0.5276
0.169452 0 0.130193

0.548242
0.168274 0 0.194291

0
-0.0320154 0 0.151414

0
0.164846 0 -0.757846

0.521024
0.151185 0 0.199173

0.527481
0.169946 0 -0.577311

0.521024
0.169934 0 -0.570008

0.5276
0.169733 0 -0.011552

0.570227
0.118598 0 0.18689

0
-0.022058 0 0.130156

0
-0.0415282 0 0.19144

0.515955
0.162864 0 0.196454

0.5276
0.169822 0 -0.157165

0.545807
0.169633 0 0.139974

0.524834
0.0871938 0 0.199833

0
-0.0260719 0 0.138421

0.541126
0.169249 0 0.172024

0
0.163714 0 -0.730766

0.543605
0.169769 0 0.0941269

0
-0.0419976 0 0.189492

0
-0.0227995 0 0.13166

0.548242
0.132069 0 0.199826

0.531766
-0.311336 0 0.198778

0
-0.0418628 0 0.180996

0
-0.0412787 0 0.192144

0
-0.0382179 0 0.167093

0.5276
0.169549 0 0.0869603

0.515955
0.120077 0 0.199606

0
-0.0407937 0 0.175686

0
-0.041524 0 0.191453

0.545807
0.169899 0 -0.132217

0.540439
-0.718397 0 0.199982

0
-0.0412901 0 0.192115

0.515511
-0.0274711 0 0.199914

0.524951
0.167824 0 0.18894

0
-0.0403986 0 0.174153

0.531766
-0.735078 0 0.19999

0.550076
0.169587 0 0.165525

0.521024
-0.451435 0 0.199978

0.5276
0.166025 0 0.195146

0.535959
0.169215 0 0.169467

0.545807
0.114668 0 0.181552

0.531642
-0.266509 0 0.199976

0
0.166654 0 -0.790733

0
0.164153 0 -0.741453

0.550673
0.169916 0 -0.152526

0.517232
0.169835 0 -0.356943

0.548242
0.163084 0 0.198973

0.515404
0.167176 0 -0.109236

0.516634
0.166634 0 0.189253

0
-0.0281817 0 0.142907

0.555585
-0.159401 0 0.199981

0
-0.0205452 0 0.127115

0.535959
0.169832 0 -0.0729465

0.520912
0.169378 0 0.0962343

0.534579
0.167831 0 0.19277

0.550673
0.169912 0 -0.12821

0.548242
-0.695659 0 0.199994

0.523466
-0.729015 0 0.199957

0.536087
0.166233 0 0.196943

0
0.167237 0 -0.795529

0.549304
-0.688738 0 0.199994

0
-0.0409691 0 0.192863

0.535959
0.169345 0 0.16456

0.549931
0.166223 0 0.197951

0.536491
0.169965 0 -0.653115

0.535959
0.169864 0 -0.13967

0.531766
0.169969 0 -0.655318

0.519132
-0.739486 0 0.199986

0
-0.0401472 0 0.173236

0
-0.0422591 0 0.186767

0
-0.0422332 0 0.184604

0
0.165119 0 -0.763964

0.550673
0.11673 0 0.199873

0
-0.0422076 0 0.184161

0.545807
0.0630227 0 0.199928

0.517232
0.169434 0 0.0496398

0.531766
-0.487146 0 0.199587

0
-0.0422593 0 0.186761

0.52823
0.169917 0 -0.389806

0
0.16542 0 -0.770402

0.539007
0.169812 0 -0.00923005

0
-0.0402362 0 0.173556

0.559165
0.16992 0 -0.101961

0.523466
0.16767 0 0.188355

0
-0.0404433 0 0.17432

0.531642
-0.52853 0 0.199987

0.542584
0.16948 0 0.155319

0.524834
0.16974 0 -0.460962

0
-0.0406131 0 0.193546

0.543468
0.169596 0 -0.297794

0.523014
0.142287 0 0.199463

0.555585
0.169927 0 -0.153633

0
-0.0422664 0 0.186456

0.549304
0.160137 0 0.199292

0.548242
-0.395806 0 0.199555

0.550673
0.169679 0 0.14245

0
-0.0411558 0 0.177228

0.538154
0.169832 0 -0.064044

0
-0.0305226 0 0.148037

0
-0.0410062 0 0.192784

0.515511
-0.533818 0 0.199433

0.545093
0.166955 0 0.19692

0
-0.0416371 0 0.191081

0.550673
0.16973 0 -0.342601

0.543605
0.163504 0 0.198673

0.545807
0.169976 0 -0.627421

0.519072
-0.751155 0 0.199983

0.519702
0.052871 0 0.183771

0.515511
0.110768 0 0.199689

0.524834
0.169184 0 0.151643

0.548242
0.169982 0 -0.660423

0.5229
0.169929 0 -0.633568

0
-0.0419562 0 0.181657

0.531766
0.168736 0 0.183621

0.531766
0.168788 0 0.180974

0.516634
0.0859353 0 0.19977

0.516634
0.169756 0 -0.246364

0.545232
0.169355 0 -0.199928

0
-0.0405917 0 0.193584

0.549304
-0.625795 0 0.199993

0.550673
-0.704161 0 0.199983

0
-0.042146 0 0.188428

0.519702
-0.286087 0 0.199966

0.523466
0.169572 0 0.0349763

0.528899
-0.184994 0 0.199968

0.531642
-0.741393 0 0.199986

0
0.16637 0 -0.787112

0
-0.0422245 0 0.187513

0.520912
0.157025 0 0.0920549

0.531766
0.169967 0 -0.627629

0
0.165479 0 -0.771611

0.546106
-0.0158028 0 0.195724

0
-0.0361949 0 0.161555

0.528899
0.166246 0 0.195698

0
0.164215 0 -0.742946

0.535959
0.169938 0 -0.411376

0.550528
-0.718999 0 0.19999

0
-0.0407224 0 0.175399

0
-0.0422421 0 0.187198

0
-0.0422677 0 0.18637

0.543605
0.168965 0 0.187486

0
0.167083 0 -0.794853

0
-0.0415075 0 0.191504

0
-0.0380838 0 0.166705

0.546106
0.16742 0 0.196461

0
-0.0399867 0 0.172671

0
-0.0410939 0 0.176952

0.548242
-0.682253 0 0.199972

0.549931
0.156697 0 0.199489

0.519702
0.169585 0 0.004852

0.550673
-0.689498 0 0.199975

0.531766
-0.697453 0 0.199953

0
-0.0417604 0 0.180341

0
-0.0242083 0 0.134544

0
-0.0413847 0 0.191862

0.545232
0.168868 0 0.189918

0.539007
0.169933 0 -0.369174

0.515847
0.166464 0 0.189739

0.522228
0.169659 0 -0.0272879

0
-0.0338908 0 0.155813

0
-0.0410307 0 0.176677

0.519132
0.16862 0 -0.201461

0.545232
0.169747 0 0.114453

0.515955
0.169722 0 -0.184704

0.51959
0.169924 0 -0.634627

0.524834
0.16403 0 0.0286591

0.523581
0.145299 0 0.199353

0
-0.0409146 0 0.192976

0
-0.0419209 0 0.181399

0.515955
-0.662964 0 0.199821

0
-0.0212361 0 0.128499

0.526198
0.09806 0 0.199813

0.530312
0.169754 0 -0.0323146

0.517123
0.167793 0 0.181063

0.550673
0.169791 0 0.0920402

0.550673
0.150985 0 0.199632

0.519072
0.168775 0 0.15323

0
-0.0356415 0 0.160133

0.535959
0.169971 0 -0.630344

0
-0.0421686 0 0.183625

0
0.166375 0 -0.787179

0
-0.0350476 0 0.15864

0.517123
-0.554594 0 0.19998

0.541379
0.169791 0 0.0496274

0.519072
0.0266429 0 0.199879

0.519182
0.169878 0 -0.453822

0.545807
0.169876 0 -0.105479

0.531766
-0.390272 0 0.199259

0
0.166281 0 -0.785832

0
-0.0274063 0 0.141245

0
0.165126 0 -0.764127

0.550673
0.1695 0 -0.239332

0
-0.0301289 0 0.147161

0.545807
0.169964 0 -0.496737

0.550874
0.169962 0 -0.428575

0.542584
0.16968 0 0.112261

0.534579
0.169967 0 -0.614746

0
-0.0421359 0 0.188518

0.534579
0.167666 0 -0.0449398

0
-0.0418862 0 0.190077

0.543605
0.169978 0 -0.635308

0
-0.028732 0 0.144097

0.545807
-0.119992 0 0.197497

0.531766
-0.685608 0 0.199991

0
-0.0383914 0 0.1676

0
-0.0319445 0 0.151252

0.5276
-0.116954 0 0.195872

0.515404
0.169578 0 -0.0423817

0
0.165423 0 -0.770465

0
-0.0422114 0 0.18422

0.521024
0.169652 0 -0.0306653

0
-0.0395784 0 0.171288

0.548242
0.169512 0 0.168378

0.550673
0.16992 0 -0.158518

0.5276
0.0789257 0 0.183314

0.558527
0.169986 0 -0.672507

0.546106
0.135848 0 0.199805

0.549931
-0.716179 0 0.199993

0
-0.0419341 0 0.18984

0.543605
0.169672 0 0.138433

0.531766
0.16979 0 -0.0190603

0.559165
-0.642642 0 0.199959

0.550528
0.169314 0 0.179181

0
-0.0416815 0 0.179873

0.542584
0.169384 0 -0.236601

0
0.166827 0 -0.792589

0.521024
0.169715 0 -0.0705183

0.555585
-0.165809 0 0.198395

0
-0.0420638 0 0.189074

0
0.166266 0 -0.78561

0
-0.042265 0 0.18653

0.531642
-0.742763 0 0.199985

0.559165
-0.552953 0 0.199993

0.541126
0.169969 0 -0.607381

0.536087
0.169974 0 -0.650658

0.531766
0.168686 0 0.183642

0
-0.0422418 0 0.187204

0.517123
0.167661 0 0.183361

0.550673
-0.287744 0 0.199986

0.527481
0.169673 0 0.0157829

0.5276
0.169652 0 0.0399887

0.542584
0.16875 0 0.189071

0.542584
0.169891 0 -0.161735

0
-0.0422636 0 0.185438

0.528899
-0.145896 0 0.19674

0.550673
-0.139696 0 0.198032

0.520912
0.147831 0 0.199204

0.05
-0.00315534 0 0.0942479

0.516634
-0.721476 0 0.199984

0.550673
0.117771 0 0.199869

0.516634
0.165418 0 0.193104

0.523466
-0.698855 0 0.199987

0
-0.0359027 0 0.1608

0.542024
-0.695001 0 0.199993

0
-0.0405657 0 0.193628

0
0.167232 0 -0.795925

0
-0.0371041 0 0.163968

0.524834
0.166155 0 -0.0108745

0.534579
0.169934 0 -0.41194

0.526198
0.16993 0 -0.50898

0
-0.0420357 0 0.182291

0
-0.0422675 0 0.185657

0
0.166971 0 -0.793932

0
-0.0421573 0 0.183488

0.549304
-0.0816301 0 0.199973

0.515955
0.169446 0 0.0389936

0.5276
0.169874 0 -0.289607

0.539007
0.131838 0 0.171788

0
-0.0407521 0 0.193294

0
0.164916 0 -0.75943

0
-0.0248868 0 0.135947

0.542584
0.168541 0 -0.0938086

0.546106
-0.592383 0 0.199905

0
-0.0406793 0 0.193428

0
-0.0415701 0 0.179253

0.516634
0.169697 0 -0.172928

0
-0.040805 0 0.193194

0.516634
0.168395 0 0.169616

0
-0.0171931 0 0.120501

0
-0.0415952 0 0.191223

0.520912
-0.710744 0 0.199932

0.543605
0.166816 0 0.196991

0.550528
0.131676 0 0.199823

0
-0.0406648 0 0.193455

0.538154
0.169016 0 0.180642

0.531766
0.169786 0 -0.0351519

0.5276
-0.705739 0 0.199949

0.531766
0.131419 0 0.199736

0.525598
0.167731 0 0.189416

0.534579
0.169791 0 -0.0024285

0.553354
0.169959 0 -0.357809

0
0.166923 0 -0.793501

0.516634
0.161194 0 0.197143

0.549931
-0.342387 0 0.199396

0.531766
0.169217 0 0.163909

0.538154
0.169757 0 0.0243444

0.524834
0.169823 0 -0.201445

0
0.165898 0 -0.779603

0.547322
-0.344038 0 0.199339

0.51959
0.169912 0 -0.537753

0.531766
0.169883 0 -0.5406

0.535959
0.165106 0 0.0448945

0.5276
-0.718839 0 0.199989

0.542024
-0.0969632 0 0.197107

0.535959
0.162782 0 0.198507

0
-0.0393766 0 0.170629

0.5276
-0.545189 0 0.199986

0.555585
-0.27988 0 0.199208

0.526198
0.169246 0 -0.278367

0.545807
0.16967 0 0.133075

0
-0.0240758 0 0.134271

0.5229
0.162491 0 0.197484

0.519702
-0.59121 0 0.199666

0.531766
0.169962 0 -0.650231

0.549931
-0.281788 0 0.199144

0.543605
-0.722226 0 0.199988

0
-0.0390465 0 0.169583

0
-0.0418161 0 0.18069

0
-0.0408294 0 0.175831

0.538154
-0.432791 0 0.199494

0
0.166333 0 -0.786593

0
-0.0297716 0 0.146371

0.515955
-0.542237 0 0.199416

0.548242
0.166769 0 0.197504

0
-0.0420768 0 0.182655

0
0.16291 0 -0.711132

0.517123
-0.615711 0 0.199718

0.524834
0.169936 0 -0.547464

0.516634
-0.749977 0 0.199965

0.531642
0.163902 0 0.197736

0.532279
0.16926 0 0.159027

0
0.161986 0 -0.688985

0.543605
0.169764 0 0.0934645

0.542024
0.169844 0 -0.0113624

0.520912
0.169018 0 0.153092

0
-0.0310303 0 0.149175

0.5229
0.169938 0 -0.639662

0.539007
0.168698 0 -0.110739

0
-0.0413714 0 0.178237

0
-0.0421301 0 0.183184

0
0.164832 0 -0.757511

0.516634
0.164977 0 0.194296

0.539007
0.164877 0 0.198003

0.535959
0.169844 0 -0.0960791

0.515511
0.16974 0 -0.191065

0.542584
0.145522 0 0.19963

0.545807
0.169974 0 -0.623174

0.523466
0.169577 0 0.0364026

0.545232
0.160952 0 0.119641

0.5276
0.158424 0 0.198829

0.550673
0.145898 0 0.164325

0
-0.0415606 0 0.179202

0.535959
-0.344378 0 0.199117

0.519702
0.163844 0 0.196615

0
-0.0408051 0 0.193194

0
-0.0369103 0 0.163445

0.519702
0.169848 0 -0.371048

0.548242
0.16909 0 -0.13498

0
-0.0342032 0 0.156567

0.539007
0.169973 0 -0.630183

0
-0.0212126 0 0.128452

0.519702
0.16972 0 -0.464873

0
-0.0350854 0 0.158734

0
-0.0231862 0 0.132448

0
-0.0364177 0 0.162137

0.545807
0.169854 0 -0.454431

0
-0.0421238 0 0.183117

0.515511
0.169921 0 -0.634386

0.5276
0.169511 0 0.107878

0.550528
0.102192 0 0.1999

0
0.166247 0 -0.785325

0.555736
0.169926 0 -0.151118

0.519702
0.169928 0 -0.631548

0.548384
0.169607 0 0.159752

0
-0.0373787 0 0.164719

0.550673
-0.374217 0 0.199489

0.543605
0.169572 0 0.155862

0.550673
0.169752 0 0.119152

0
-0.0421213 0 0.188643

0
-0.0406977 0 0.193395

0
0.164229 0 -0.743273

0.519072
0.157546 0 0.0777497

0.519182
-0.646831 0 0.199984

0.550673
-0.520503 0 0.19982

0.547322
0.169971 0 -0.551175

0.524834
0.169876 0 -0.352938

0.531766
0.169912 0 -0.325078

0.517123
0.156602 0 0.0865276

0.5276
0.167185 0 0.193242

0
-0.0366366 0 0.162714

0
-0.0417329 0 0.190731

0
-0.0206336 0 0.127292

0.550673
-0.562488 0 0.199872

0
0.167192 0 -0.795655

0.536087
-0.543247 0 0.199786

0.531642
0.168418 0 -0.125723

0
-0.0416643 0 0.179774

0
-0.0417624 0 0.190615

0.545807
0.16838 0 0.192327

0
-0.0400887 0 0.173029

0
-0.0118947 0 0.110348

0.550673
0.162501 0 0.110288

0
-0.042258 0 0.186803

0.535959
0.169929 0 -0.401382

0
-0.026779 0 0.139912

0.530312
0.153809 0 0.199246

0
-0.031133 0 0.149406

0.521024
0.169929 0 -0.629248

0
0.167165 0 -0.795465

0
-0.0372133 0 0.164266

0.05
0.00196889 0 0.0849579

0.550528
0.169802 0 0.074852

0.545232
0.161902 0 0.199086

0
-0.0347397 0 0.157877

0
-0.0110909 0 0.108837

0
-0.0409238 0 0.176222

0.541126
0.160471 0 0.108729

0
-0.0347818 0 0.157981

0.515955
0.0134672 0 0.199882

0.517123
-0.718055 0 0.199984

0.524834
0.168569 0 0.180094

0.521024
0.168516 0 0.178093

0
-0.0314379 0 0.150096

0
0.165234 0 -0.766474

0.539007
0.169156 0 0.178496

0.535959
0.167592 0 0.194379

0.523466
-0.174239 0 0.19996

0.548242
-0.671318 0 0.199994

0
-0.0159069 0 0.118004

0
-0.0371609 0 0.164123

0.526198
-0.0319528 0 0.199937

0.543605
0.169857 0 -0.00572104

0.51959
-0.674763 0 0.199985

0
-0.0418525 0 0.180928

0.523466
0.108247 0 0.19976

0.5229
0.169935 0 -0.605223

0
-0.0313259 0 0.149842

0.526198
-0.634799 0 0.199844

0.528899
-0.724878 0 0.199972

0.533632
0.16868 0 0.184315

0
-0.0189413 0 0.123931

0.516634
0.168741 0 0.151815

0.550673
0.169903 0 -0.102733

0.553354
-0.708517 0 0.199994

0.542584
0.169962 0 -0.542812

0
-0.0412325 0 0.177578

0.538024
0.169879 0 -0.211397

0.549931
0.161834 0 0.199127

0
-0.0421517 0 0.188374

0.519072
-0.350704 0 0.199969

0.524834
0.169692 0 -0.00923814

0.528899
-0.0180248 0 0.193005

0
0.166303 0 -0.786155

0.531766
0.168521 0 0.187891

0.51959
0.158622 0 0.198261

0.524834
0.163948 0 0.196815

0.526198
0.169847 0 -0.247071

0.545807
0.168761 0 0.189473

0.520912
0.169568 0 0.0130969

0.550673
0.169557 0 0.16525

0
-0.0347158 0 0.157818

0
-0.0240672 0 0.134254

0
-0.0374413 0 0.164892

0.524834
0.165983 0 0.19484

0.542584
0.169748 0 0.0703632

0.515955
0.169705 0 -0.487843

0.538024
0.169256 0 -0.226956

0.550673
0.16499 0 0.198493

0.519072
-0.367108 0 0.198334

0.548242
0.169936 0 -0.253869

0.550673
0.169969 0 -0.503825

0.542584
0.156241 0 0.136136

0
-0.0412066 0 0.192325

0
-0.0259315 0 0.138126

0.535959
-0.734987 0 0.199989

0.548242
-0.388091 0 0.199542

0
-0.0422442 0 0.187154

0.542584
-0.730988 0 0.19999

0
-0.0392881 0 0.170346

0.519072
0.164799 0 0.194458

0
-0.0417333 0 0.180177

0.534579
0.16431 0 0.059025

0.5276
-0.29651 0 0.198473

0.550673
0.146306 0 0.199707

0.51303
0.168175 0 0.173202

0
-0.0363322 0 0.161913

0.545807
0.169938 0 -0.571441

0.535959
0.164919 0 0.0426265

0.550528
-0.146007 0 0.19813

0
-0.0412515 0 0.177666

0
-0.0422004 0 0.18785

0.545232
0.169412 0 0.17463

0.545093
0.16991 0 -0.173828

0.538154
0.1695 0 0.139809

0.546106
0.169947 0 -0.326715

0.531642
0.168658 0 0.182721

0.523466
0.169569 0 0.0510035

0.550673
0.168787 0 0.191367

0.536087
0.168866 0 0.185643

0.515511
0.169913 0 -0.620666

0.538024
0.152566 0 0.136929

0
0.164985 0 -0.760996

0.543605
0.169573 0 -0.280422

0
-0.0393606 0 0.170578

0.542851
0.169976 0 -0.659893

0.550673
0.0674192 0 0.199934

0
-0.0422685 0 0.186308

0.550673
0.169541 0 0.165383

0.550528
0.169585 0 0.159376

0.515404
-0.0636418 0 0.199924

0.550673
-0.300182 0 0.199224

0.51959
0.169909 0 -0.534247

0.545232
-0.650787 0 0.19995

0
-0.0409929 0 0.192812

0.515955
0.156681 0 0.198192

0.5276
0.169821 0 -0.154859

0
-0.0422211 0 0.184381

0.550673
0.169955 0 -0.374153

0.5276
0.169929 0 -0.491121

0.549931
0.107574 0 0.199893

0.540439
0.102073 0 0.199884

0.541379
0.16994 0 -0.358468

0
-0.0280736 0 0.142674

0.515955
0.169788 0 -0.286926

0
0.163272 0 -0.719967

0.524834
0.169932 0 -0.503379

0
-0.0104413 0 0.107622

0
-0.0407893 0 0.193224

0.536491
0.169565 0 0.115269

0.539007
0.105643 0 0.199872

0.517232
0.169129 0 0.125838

0
0.167107 0 -0.795038

0.550528
-0.38712 0 0.199497

0
0.16249 0 -0.701005

0
-0.042269 0 0.185785

0.528899
0.161388 0 0.198404

0.531766
0.169793 0 -0.0191177

0.51959
0.169879 0 -0.591349

0
-0.0354098 0 0.159546

0.550528
-0.641473 0 0.199993

0
-0.0103296 0 0.107413

0.520912
0.168317 0 0.17965

0.521024
0.169262 0 0.124124

0
-0.0327638 0 0.153146

0.524834
-0.200255 0 0.197372

0
-0.0414084 0 0.178418

0
-0.0404692 0 0.174418

0.555585
-0.677868 0 0.199973

0.532451
0.136344 0 0.165357

0
-0.0413777 0 0.178267

0
-0.0422471 0 0.184911

0
-0.0280091 0 0.142536

0
-0.0390914 0 0.169724

0
-0.0422454 0 0.184869

0
-0.0124402 0 0.111378

0
-0.0414303 0 0.191733

0
-0.0412524 0 0.177669

0
0.163496 0 -0.725423

0.520912
-0.504124 0 0.19998

0.539007
0.169597 0 0.141446

0.517123
-0.0431013 0 0.199919

0
-0.0333448 0 0.154512

0.533632
-0.150931 0 0.19708

0.523466
0.16912 0 0.153162

0
0.166637 0 -0.790537

0.550673
0.169945 0 -0.301962

0.539007
-0.729711 0 0.199989

0.550673
-0.319377 0 0.199309

0
-0.0330343 0 0.15378

0.545807
-0.701274 0 0.199974

0
-0.0408343 0 0.175851

0.523581
0.169466 0 0.0994214

0
-0.0410544 0 0.192678

0.532451
0.118909 0 0.175512

0.550673
0.165889 0 0.198016

0.549931
0.169869 0 -0.00402675

0.536087
0.165792 0 0.197414

0.528899
0.169758 0 -0.0227234

0
-0.0232944 0 0.132669

0.548242
0.096319 0 0.187559

0
-0.0315153 0 0.150272

0
0.165491 0 -0.771847

0.539007
0.152263 0 0.199496

0.550874
0.16998 0 -0.613375

0.519702
0.167799 0 0.185173

0.532279
-0.149837 0 0.199966

0
-0.0311394 0 0.149421

0.521024
0.153841 0 0.198922

0.540439
0.16997 0 -0.577398

0.545807
0.167044 0 0.196569

0.517123
-0.549915 0 0.199979

0.538248
0.169787 0 0.0144411

0
-0.0409199 0 0.176206

0.524834
0.169375 0 -0.299028

0
-0.0412861 0 0.192125

0.515404
0.152585 0 0.19877

0.543605
0.16448 0 0.198546

0.51959
0.0821973 0 0.199816

0
0.165872 0 -0.779149

0.546106
0.0301705 0 0.199951

0
-0.0420909 0 0.188881

0
0.165841 0 -0.778576

0
-0.0422426 0 0.184804

0
-0.0422302 0 0.187419

0.531766
-0.730183 0 0.199982

0
-0.0420865 0 0.182746

0
-0.0418952 0 0.190034

0.550673
-0.0749474 0 0.199972

0.524834
-0.16255 0 0.199959

0.550076
0.169876 0 -0.00340744

0.5276
-0.301087 0 0.199976

0.545807
-0.488997 0 0.199705

0.519702
0.169881 0 -0.431817

0
-0.0420507 0 0.18242

0.525598
-0.511064 0 0.199509

0.515511
-0.753878 0 0.199976

0.543605
0.168467 0 0.192456

0.51303
0.160901 0 0.197176

0.517123
0.169182 0 0.113176

0
-0.0421331 0 0.183215

0
-0.0422144 0 0.187664

0.515955
-0.75426 0 0.199974

0
-0.040686 0 0.175255

0.531766
0.167347 0 0.193295

0
-0.0336325 0 0.155195

0.536087
0.166783 0 0.010977

0.560203
0.169859 0 0.0815718

0.548242
0.169872 0 -0.0233498

0.539007
-0.133763 0 0.199972

0.550673
0.169187 0 0.185306

0.531766
-0.384052 0 0.199982

0.546106
0.16997 0 -0.518965

0
-0.0421261 0 0.188603

0
0.165319 0 -0.768283

0
-0.0417015 0 0.179989

0.541126
0.163689 0 0.0752511

0.517232
0.160629 0 0.197514

0.516634
0.164705 0 0.194113

0.545232
0.169729 0 0.122944

0.5276
0.169731 0 -0.0253439

0.517232
0.169713 0 -0.161348

0.535959
0.151333 0 0.140773

0.550673
-0.248919 0 0.198959

0.532451
0.169894 0 -0.237429

0
-0.0172809 0 0.120672

0.531766
0.168982 0 0.174593

0
0.165615 0 -0.774317

0.523581
0.150471 0 0.199195

0.535959
0.169959 0 -0.631425

0
-0.0420253 0 0.189325

0.519182
-0.647495 0 0.199824

0
-0.0371018 0 0.163962

0.539007
-0.728853 0 0.199987

0.531766
0.169752 0 0.00121572

0.550673
0.169927 0 -0.207901

0.550673
0.169331 0 -0.185773

0.524951
-0.729806 0 0.199965

0.515955
0.169509 0 -0.0056042

0
-0.0421699 0 0.188195

0
-0.0422468 0 0.184903

0.5276
0.169917 0 -0.460017

0.548242
-0.401054 0 0.199571

0
-0.0412754 0 0.177777

0
-0.0153628 0 0.116954

0.523014
0.169914 0 -0.478437

0.550673
0.168491 0 0.193589

0.516634
-0.248647 0 0.199958

0
-0.0329536 0 0.15359

0
-0.0412163 0 0.192301

0.515955
0.160588 0 0.0502117

0.519182
-0.734979 0 0.199956

0.542584
-0.698341 0 0.199967

0.531642
0.169808 0 -0.0964468

0.535959
-0.267141 0 0.198703

0
-0.0378536 0 0.166047

0.513463
-0.504549 0 0.199214

0.540439
0.169843 0 -0.0100042

0.540439
0.160431 0 0.199106

0.528899
0.169092 0 0.165141

0.545807
0.169959 0 -0.468807

0.550528
0.169982 0 -0.658822

0
-0.03693 0 0.163498

0.523466
0.1694 0 0.113117

0
-0.0419949 0 0.189508

0.517232
0.16928 0 0.0927939

0
-0.0412551 0 0.177682

0
-0.0339286 0 0.155904

0.5276
0.169766 0 -0.0589179

0
-0.0410132 0 0.192769

0
0.163492 0 -0.725324

0.5276
0.169802 0 -0.14842

0.550528
0.117862 0 0.199864

0.549931
0.167764 0 0.196096

0
-0.0416968 0 0.179962

0.545807
-0.368306 0 0.199394

0.531766
0.169146 0 0.175315

0
0.165974 0 -0.78093

0.57206
0.168478 0 0.196113

0.535959
0.165082 0 0.197803

0.545807
0.16997 0 -0.552232

0
-0.0405369 0 0.193668

0.540439
0.169976 0 -0.66113

0.534579
0.168346 0 0.190026

0
-0.0413435 0 0.178101

0.515955
0.169803 0 -0.323163

0.550528
-0.26765 0 0.199051

0.536087
0.125069 0 0.199797

0
-0.0345454 0 0.1574

0.540439
-0.0434787 0 0.195929

0.517123
0.16934 0 0.0850863

0
-0.016617 0 0.11938

0.525598
0.169799 0 -0.163319

0.545807
0.169921 0 -0.245888

0.528899
0.168666 0 0.182313

0.539007
0.0637217 0 0.199919

0.5276
0.169339 0 0.144052

0.550673
-0.129062 0 0.197955

0.528899
0.169278 0 0.156012

0.515404
0.169847 0 -0.417287

