1.01941 1.68329 1.94684 9.061 -11.8963 7.15488 3.50893 14.1686 -8.9878 -14.9696 8.20972 4.54264 -0.911216 8.87271 -15.8926 
1.01941 1.68329 1.94684 -3.35721 -11.8963 -0.568841 3.50893 14.1686 -8.9878 -14.9696 8.20972 4.54264 -0.911216 8.87271 -15.8926 

1.01941 1.68329 1.94684 8.95691 -11.8963 3.86509 3.50893 14.1686 -8.9878 -14.9696 8.20972 4.54264 -0.911216 8.87271 -15.8926 
1.01941 1.68329 1.94684 -3.35721 -11.8963 -0.568841 3.50893 14.1686 -8.9878 -14.9696 8.20972 4.54264 -0.911216 8.87271 -15.8926 

1.01941 1.68329 1.94684 14.6923 -11.8963 13.8939 3.50893 14.1686 -8.9878 -14.9696 8.20972 4.54264 -0.911216 8.87271 -15.8926 
1.01941 1.68329 1.94684 -3.35721 -11.8963 -0.568841 3.50893 14.1686 -8.9878 -14.9696 8.20972 4.54264 -0.911216 8.87271 -15.8926 

1.01941 1.68329 1.94684 11.0842 -11.8963 2.33256 3.50893 14.1686 -8.9878 -14.9696 8.20972 4.54264 -0.911216 8.87271 -15.8926 
1.01941 1.68329 1.94684 -3.35721 -11.8963 -0.568841 3.50893 14.1686 -8.9878 -14.9696 8.20972 4.54264 -0.911216 8.87271 -15.8926 

1.01941 1.68329 1.94684 14.2132 -11.8963 4.44416 3.50893 14.1686 -8.9878 -14.9696 8.20972 4.54264 -0.911216 8.87271 -15.8926 
1.01941 1.68329 1.94684 -3.35721 -11.8963 -0.568841 3.50893 14.1686 -8.9878 -14.9696 8.20972 4.54264 -0.911216 8.87271 -15.8926 

1.01941 1.68329 1.94684 2.18967 -11.8963 10.5019 3.50893 14.1686 -8.9878 -14.9696 8.20972 4.54264 -0.911216 8.87271 -15.8926 
1.01941 1.68329 1.94684 -3.35721 -11.8963 -0.568841 3.50893 14.1686 -8.9878 -14.9696 8.20972 4.54264 -0.911216 8.87271 -15.8926 

1.01941 1.68329 1.94684 12.8265 -11.8963 3.34002 3.50893 14.1686 -8.9878 -14.9696 8.20972 4.54264 -0.911216 8.87271 -15.8926 
1.01941 1.68329 1.94684 -3.35721 -11.8963 -0.568841 3.50893 14.1686 -8.9878 -14.9696 8.20972 4.54264 -0.911216 8.87271 -15.8926 

1.01941 1.68329 1.94684 1.31961 -11.8963 11.5564 3.50893 14.1686 -8.9878 -14.9696 8.20972 4.54264 -0.911216 8.87271 -15.8926 
1.01941 1.68329 1.94684 -3.35721 -11.8963 -0.568841 3.50893 14.1686 -8.9878 -14.9696 8.20972 4.54264 -0.911216 8.87271 -15.8926 

1.01941 1.68329 1.94684 15.9775 -11.8963 10.5877 3.50893 14.1686 -8.9878 -14.9696 8.20972 4.54264 -0.911216 8.87271 -15.8926 
1.01941 1.68329 1.94684 -3.35721 -11.8963 -0.568841 3.50893 14.1686 -8.9878 -14.9696 8.20972 4.54264 -0.911216 8.87271 -15.8926 

1.01941 1.68329 1.94684 13.7211 -11.8963 3.34407 3.50893 14.1686 -8.9878 -14.9696 8.20972 4.54264 -0.911216 8.87271 -15.8926 
1.01941 1.68329 1.94684 -3.35721 -11.8963 -0.568841 3.50893 14.1686 -8.9878 -14.9696 8.20972 4.54264 -0.911216 8.87271 -15.8926 

1.01941 1.68329 1.94684 0.465548 -11.8963 1.29536 3.50893 14.1686 -8.9878 -14.9696 8.20972 4.54264 -0.911216 8.87271 -15.8926 
1.01941 1.68329 1.94684 -3.35721 -11.8963 -0.568841 3.50893 14.1686 -8.9878 -14.9696 8.20972 4.54264 -0.911216 8.87271 -15.8926 

1.01941 1.68329 1.94684 2.03388 -11.8963 14.4176 3.50893 14.1686 -8.9878 -14.9696 8.20972 4.54264 -0.911216 8.87271 -15.8926 
1.01941 1.68329 1.94684 -3.35721 -11.8963 -0.568841 3.50893 14.1686 -8.9878 -14.9696 8.20972 4.54264 -0.911216 8.87271 -15.8926 

1.01941 1.68329 1.94684 10.0103 -11.8963 12.5105 3.50893 14.1686 -8.9878 -14.9696 8.20972 4.54264 -0.911216 8.87271 -15.8926 
1.01941 1.68329 1.94684 -3.35721 -11.8963 -0.568841 3.50893 14.1686 -8.9878 -14.9696 8.20972 4.54264 -0.911216 8.87271 -15.8926 

1.01941 1.68329 1.94684 4.22154 -11.8963 3.50494 3.50893 14.1686 -8.9878 -14.9696 8.20972 4.54264 -0.911216 8.87271 -15.8926 
1.01941 1.68329 1.94684 -3.35721 -11.8963 -0.568841 3.50893 14.1686 -8.9878 -14.9696 8.20972 4.54264 -0.911216 8.87271 -15.8926 

1.01941 1.68329 1.94684 3.15657 -11.8963 14.3919 3.50893 14.1686 -8.9878 -14.9696 8.20972 4.54264 -0.911216 8.87271 -15.8926 
1.01941 1.68329 1.94684 -3.35721 -11.8963 -0.568841 3.50893 14.1686 -8.9878 -14.9696 8.20972 4.54264 -0.911216 8.87271 -15.8926 

1.01941 1.68329 1.94684 0.785407 -11.8963 15.4011 3.50893 14.1686 -8.9878 -14.9696 8.20972 4.54264 -0.911216 8.87271 -15.8926 
1.01941 1.68329 1.94684 -3.35721 -11.8963 -0.568841 3.50893 14.1686 -8.9878 -14.9696 8.20972 4.54264 -0.911216 8.87271 -15.8926 

1.01941 1.68329 1.94684 8.61829 -11.8963 5.56421 3.50893 14.1686 -8.9878 -14.9696 8.20972 4.54264 -0.911216 8.87271 -15.8926 
1.01941 1.68329 1.94684 -3.35721 -11.8963 -0.568841 3.50893 14.1686 -8.9878 -14.9696 8.20972 4.54264 -0.911216 8.87271 -15.8926 

1.01941 1.68329 1.94684 2.77037 -11.8963 3.28347 3.50893 14.1686 -8.9878 -14.9696 8.20972 4.54264 -0.911216 8.87271 -15.8926 
1.01941 1.68329 1.94684 -3.35721 -11.8963 -0.568841 3.50893 14.1686 -8.9878 -14.9696 8.20972 4.54264 -0.911216 8.87271 -15.8926 

1.01941 1.68329 1.94684 13.7697 -11.8963 5.29615 3.50893 14.1686 -8.9878 -14.9696 8.20972 4.54264 -0.911216 8.87271 -15.8926 
1.01941 1.68329 1.94684 -3.35721 -11.8963 -0.568841 3.50893 14.1686 -8.9878 -14.9696 8.20972 4.54264 -0.911216 8.87271 -15.8926 

1.01941 1.68329 1.94684 5.56311 -11.8963 10.7487 3.50893 14.1686 -8.9878 -14.9696 8.20972 4.54264 -0.911216 8.87271 -15.8926 
1.01941 1.68329 1.94684 -3.35721 -11.8963 -0.568841 3.50893 14.1686 -8.9878 -14.9696 8.20972 4.54264 -0.911216 8.87271 -15.8926 

1.01941 1.68329 1.94684 4.8432 -11.8963 4.90162 3.50893 14.1686 -8.9878 -14.9696 8.20972 4.54264 -0.911216 8.87271 -15.8926 
1.01941 1.68329 1.94684 -3.35721 -11.8963 -0.568841 3.50893 14.1686 -8.9878 -14.9696 8.20972 4.54264 -0.911216 8.87271 -15.8926 

1.01941 1.68329 1.94684 6.07866 -11.8963 9.12541 3.50893 14.1686 -8.9878 -14.9696 8.20972 4.54264 -0.911216 8.87271 -15.8926 
1.01941 1.68329 1.94684 -3.35721 -11.8963 -0.568841 3.50893 14.1686 -8.9878 -14.9696 8.20972 4.54264 -0.911216 8.87271 -15.8926 

1.01941 1.68329 1.94684 9.11028 -11.8963 8.73513 3.50893 14.1686 -8.9878 -14.9696 8.20972 4.54264 -0.911216 8.87271 -15.8926 
1.01941 1.68329 1.94684 -3.35721 -11.8963 -0.568841 3.50893 14.1686 -8.9878 -14.9696 8.20972 4.54264 -0.911216 8.87271 -15.8926 

1.01941 1.68329 1.94684 10.3016 -11.8963 5.47531 3.50893 14.1686 -8.9878 -14.9696 8.20972 4.54264 -0.911216 8.87271 -15.8926 
1.01941 1.68329 1.94684 -3.35721 -11.8963 -0.568841 3.50893 14.1686 -8.9878 -14.9696 8.20972 4.54264 -0.911216 8.87271 -15.8926 

1.01941 1.68329 1.94684 11.9519 -11.8963 0.600656 3.50893 14.1686 -8.9878 -14.9696 8.20972 4.54264 -0.911216 8.87271 -15.8926 
1.01941 1.68329 1.94684 -3.35721 -11.8963 -0.568841 3.50893 14.1686 -8.9878 -14.9696 8.20972 4.54264 -0.911216 8.87271 -15.8926 

1.01941 1.68329 1.94684 15.0656 -11.8963 4.31032 3.50893 14.1686 -8.9878 -14.9696 8.20972 4.54264 -0.911216 8.87271 -15.8926 
1.01941 1.68329 1.94684 -3.35721 -11.8963 -0.568841 3.50893 14.1686 -8.9878 -14.9696 8.20972 4.54264 -0.911216 8.87271 -15.8926 

1.01941 1.68329 1.94684 3.14701 -11.8963 2.70702 3.50893 14.1686 -8.9878 -14.9696 8.20972 4.54264 -0.911216 8.87271 -15.8926 
1.01941 1.68329 1.94684 -3.35721 -11.8963 -0.568841 3.50893 14.1686 -8.9878 -14.9696 8.20972 4.54264 -0.911216 8.87271 -15.8926 

1.01941 1.68329 1.94684 15.5718 -11.8963 4.04282 3.50893 14.1686 -8.9878 -14.9696 8.20972 4.54264 -0.911216 8.87271 -15.8926 
1.01941 1.68329 1.94684 -3.35721 -11.8963 -0.568841 3.50893 14.1686 -8.9878 -14.9696 8.20972 4.54264 -0.911216 8.87271 -15.8926 

1.01941 1.68329 1.94684 15.0967 -11.8963 7.27155 3.50893 14.1686 -8.9878 -14.9696 8.20972 4.54264 -0.911216 8.87271 -15.8926 
1.01941 1.68329 1.94684 -3.35721 -11.8963 -0.568841 3.50893 14.1686 -8.9878 -14.9696 8.20972 4.54264 -0.911216 8.87271 -15.8926 

1.01941 1.68329 1.94684 6.88184 -11.8963 0.238549 3.50893 14.1686 -8.9878 -14.9696 8.20972 4.54264 -0.911216 8.87271 -15.8926 
1.01941 1.68329 1.94684 -3.35721 -11.8963 -0.568841 3.50893 14.1686 -8.9878 -14.9696 8.20972 4.54264 -0.911216 8.87271 -15.8926 

1.01941 1.68329 1.94684 1.59875 -11.8963 13.2312 3.50893 14.1686 -8.9878 -14.9696 8.20972 4.54264 -0.911216 8.87271 -15.8926 
1.01941 1.68329 1.94684 -3.35721 -11.8963 -0.568841 3.50893 14.1686 -8.9878 -14.9696 8.20972 4.54264 -0.911216 8.87271 -15.8926 

1.01941 1.68329 1.94684 11.2513 -11.8963 11.8133 3.50893 14.1686 -8.9878 -14.9696 8.20972 4.54264 -0.911216 8.87271 -15.8926 
1.01941 1.68329 1.94684 -3.35721 -11.8963 -0.568841 3.50893 14.1686 -8.9878 -14.9696 8.20972 4.54264 -0.911216 8.87271 -15.8926 

1.01941 1.68329 1.94684 14.1337 -11.8963 13.7608 3.50893 14.1686 -8.9878 -14.9696 8.20972 4.54264 -0.911216 8.87271 -15.8926 
1.01941 1.68329 1.94684 -3.35721 -11.8963 -0.568841 3.50893 14.1686 -8.9878 -14.9696 8.20972 4.54264 -0.911216 8.87271 -15.8926 

1.01941 1.68329 1.94684 13.547 -11.8963 3.07204 3.50893 14.1686 -8.9878 -14.9696 8.20972 4.54264 -0.911216 8.87271 -15.8926 
1.01941 1.68329 1.94684 -3.35721 -11.8963 -0.568841 3.50893 14.1686 -8.9878 -14.9696 8.20972 4.54264 -0.911216 8.87271 -15.8926 

1.01941 1.68329 1.94684 9.02073 -11.8963 8.48277 3.50893 14.1686 -8.9878 -14.9696 8.20972 4.54264 -0.911216 8.87271 -15.8926 
1.01941 1.68329 1.94684 -3.35721 -11.8963 -0.568841 3.50893 14.1686 -8.9878 -14.9696 8.20972 4.54264 -0.911216 8.87271 -15.8926 

1.01941 1.68329 1.94684 12.8583 -11.8963 12.8426 3.50893 14.1686 -8.9878 -14.9696 8.20972 4.54264 -0.911216 8.87271 -15.8926 
1.01941 1.68329 1.94684 -3.35721 -11.8963 -0.568841 3.50893 14.1686 -8.9878 -14.9696 8.20972 4.54264 -0.911216 8.87271 -15.8926 

1.01941 1.68329 1.94684 4.23779 -11.8963 3.5346 3.50893 14.1686 -8.9878 -14.9696 8.20972 4.54264 -0.911216 8.87271 -15.8926 
1.01941 1.68329 1.94684 -3.35721 -11.8963 -0.568841 3.50893 14.1686 -8.9878 -14.9696 8.20972 4.54264 -0.911216 8.87271 -15.8926 

1.01941 1.68329 1.94684 9.62242 -11.8963 13.468 3.50893 14.1686 -8.9878 -14.9696 8.20972 4.54264 -0.911216 8.87271 -15.8926 
1.01941 1.68329 1.94684 -3.35721 -11.8963 -0.568841 3.50893 14.1686 -8.9878 -14.9696 8.20972 4.54264 -0.911216 8.87271 -15.8926 

1.01941 1.68329 1.94684 2.62639 -11.8963 0.9134 3.50893 14.1686 -8.9878 -14.9696 8.20972 4.54264 -0.911216 8.87271 -15.8926 
1.01941 1.68329 1.94684 -3.35721 -11.8963 -0.568841 3.50893 14.1686 -8.9878 -14.9696 8.20972 4.54264 -0.911216 8.87271 -15.8926 

1.01941 1.68329 1.94684 13.5564 -11.8963 13.9304 3.50893 14.1686 -8.9878 -14.9696 8.20972 4.54264 -0.911216 8.87271 -15.8926 
1.01941 1.68329 1.94684 -3.35721 -11.8963 -0.568841 3.50893 14.1686 -8.9878 -14.9696 8.20972 4.54264 -0.911216 8.87271 -15.8926 

1.01941 1.68329 1.94684 10.4048 -11.8963 7.90586 3.50893 14.1686 -8.9878 -14.9696 8.20972 4.54264 -0.911216 8.87271 -15.8926 
1.01941 1.68329 1.94684 -3.35721 -11.8963 -0.568841 3.50893 14.1686 -8.9878 -14.9696 8.20972 4.54264 -0.911216 8.87271 -15.8926 

1.01941 1.68329 1.94684 1.22692 -11.8963 12.7589 3.50893 14.1686 -8.9878 -14.9696 8.20972 4.54264 -0.911216 8.87271 -15.8926 
1.01941 1.68329 1.94684 -3.35721 -11.8963 -0.568841 3.50893 14.1686 -8.9878 -14.9696 8.20972 4.54264 -0.911216 8.87271 -15.8926 

1.01941 1.68329 1.94684 7.18521 -11.8963 5.04325 3.50893 14.1686 -8.9878 -14.9696 8.20972 4.54264 -0.911216 8.87271 -15.8926 
1.01941 1.68329 1.94684 -3.35721 -11.8963 -0.568841 3.50893 14.1686 -8.9878 -14.9696 8.20972 4.54264 -0.911216 8.87271 -15.8926 

1.01941 1.68329 1.94684 4.36559 -11.8963 10.5411 3.50893 14.1686 -8.9878 -14.9696 8.20972 4.54264 -0.911216 8.87271 -15.8926 
1.01941 1.68329 1.94684 -3.35721 -11.8963 -0.568841 3.50893 14.1686 -8.9878 -14.9696 8.20972 4.54264 -0.911216 8.87271 -15.8926 

1.01941 1.68329 1.94684 13.3967 -11.8963 12.9086 3.50893 14.1686 -8.9878 -14.9696 8.20972 4.54264 -0.911216 8.87271 -15.8926 
1.01941 1.68329 1.94684 -3.35721 -11.8963 -0.568841 3.50893 14.1686 -8.9878 -14.9696 8.20972 4.54264 -0.911216 8.87271 -15.8926 

1.01941 1.68329 1.94684 15.3527 -11.8963 10.5184 3.50893 14.1686 -8.9878 -14.9696 8.20972 4.54264 -0.911216 8.87271 -15.8926 
1.01941 1.68329 1.94684 -3.35721 -11.8963 -0.568841 3.50893 14.1686 -8.9878 -14.9696 8.20972 4.54264 -0.911216 8.87271 -15.8926 

1.01941 1.68329 1.94684 11.6466 -11.8963 0.837155 3.50893 14.1686 -8.9878 -14.9696 8.20972 4.54264 -0.911216 8.87271 -15.8926 
1.01941 1.68329 1.94684 -3.35721 -11.8963 -0.568841 3.50893 14.1686 -8.9878 -14.9696 8.20972 4.54264 -0.911216 8.87271 -15.8926 

1.01941 1.68329 1.94684 1.50758 -11.8963 11.7166 3.50893 14.1686 -8.9878 -14.9696 8.20972 4.54264 -0.911216 8.87271 -15.8926 
1.01941 1.68329 1.94684 -3.35721 -11.8963 -0.568841 3.50893 14.1686 -8.9878 -14.9696 8.20972 4.54264 -0.911216 8.87271 -15.8926 

1.01941 1.68329 1.94684 2.97173 -11.8963 12.6484 3.50893 14.1686 -8.9878 -14.9696 8.20972 4.54264 -0.911216 8.87271 -15.8926 
1.01941 1.68329 1.94684 -3.35721 -11.8963 -0.568841 3.50893 14.1686 -8.9878 -14.9696 8.20972 4.54264 -0.911216 8.87271 -15.8926 

1.01941 1.68329 1.94684 0.873775 -11.8963 8.845 3.50893 14.1686 -8.9878 -14.9696 8.20972 4.54264 -0.911216 8.87271 -15.8926 
1.01941 1.68329 1.94684 -3.35721 -11.8963 -0.568841 3.50893 14.1686 -8.9878 -14.9696 8.20972 4.54264 -0.911216 8.87271 -15.8926 

1.01941 1.68329 1.94684 15.2368 -11.8963 11.0203 3.50893 14.1686 -8.9878 -14.9696 8.20972 4.54264 -0.911216 8.87271 -15.8926 
1.01941 1.68329 1.94684 -3.35721 -11.8963 -0.568841 3.50893 14.1686 -8.9878 -14.9696 8.20972 4.54264 -0.911216 8.87271 -15.8926 

1.01941 1.68329 1.94684 1.07203 -11.8963 4.80824 3.50893 14.1686 -8.9878 -14.9696 8.20972 4.54264 -0.911216 8.87271 -15.8926 
1.01941 1.68329 1.94684 -3.35721 -11.8963 -0.568841 3.50893 14.1686 -8.9878 -14.9696 8.20972 4.54264 -0.911216 8.87271 -15.8926 

1.01941 1.68329 1.94684 10.1048 -11.8963 10.0469 3.50893 14.1686 -8.9878 -14.9696 8.20972 4.54264 -0.911216 8.87271 -15.8926 
1.01941 1.68329 1.94684 -3.35721 -11.8963 -0.568841 3.50893 14.1686 -8.9878 -14.9696 8.20972 4.54264 -0.911216 8.87271 -15.8926 

1.01941 1.68329 1.94684 9.69184 -11.8963 4.89913 3.50893 14.1686 -8.9878 -14.9696 8.20972 4.54264 -0.911216 8.87271 -15.8926 
1.01941 1.68329 1.94684 -3.35721 -11.8963 -0.568841 3.50893 14.1686 -8.9878 -14.9696 8.20972 4.54264 -0.911216 8.87271 -15.8926 

1.01941 1.68329 1.94684 15.3155 -11.8963 4.19793 3.50893 14.1686 -8.9878 -14.9696 8.20972 4.54264 -0.911216 8.87271 -15.8926 
1.01941 1.68329 1.94684 -3.35721 -11.8963 -0.568841 3.50893 14.1686 -8.9878 -14.9696 8.20972 4.54264 -0.911216 8.87271 -15.8926 

1.01941 1.68329 1.94684 9.15228 -11.8963 6.26048 3.50893 14.1686 -8.9878 -14.9696 8.20972 4.54264 -0.911216 8.87271 -15.8926 
1.01941 1.68329 1.94684 -3.35721 -11.8963 -0.568841 3.50893 14.1686 -8.9878 -14.9696 8.20972 4.54264 -0.911216 8.87271 -15.8926 

1.01941 1.68329 1.94684 14.3585 -11.8963 9.72351 3.50893 14.1686 -8.9878 -14.9696 8.20972 4.54264 -0.911216 8.87271 -15.8926 
1.01941 1.68329 1.94684 -3.35721 -11.8963 -0.568841 3.50893 14.1686 -8.9878 -14.9696 8.20972 4.54264 -0.911216 8.87271 -15.8926 

1.01941 1.68329 1.94684 11.0599 -11.8963 7.7841 3.50893 14.1686 -8.9878 -14.9696 8.20972 4.54264 -0.911216 8.87271 -15.8926 
1.01941 1.68329 1.94684 -3.35721 -11.8963 -0.568841 3.50893 14.1686 -8.9878 -14.9696 8.20972 4.54264 -0.911216 8.87271 -15.8926 

1.01941 1.68329 1.94684 1.32838 -11.8963 1.89703 3.50893 14.1686 -8.9878 -14.9696 8.20972 4.54264 -0.911216 8.87271 -15.8926 
1.01941 1.68329 1.94684 -3.35721 -11.8963 -0.568841 3.50893 14.1686 -8.9878 -14.9696 8.20972 4.54264 -0.911216 8.87271 -15.8926 

1.01941 1.68329 1.94684 9.90097 -11.8963 6.67976 3.50893 14.1686 -8.9878 -14.9696 8.20972 4.54264 -0.911216 8.87271 -15.8926 
1.01941 1.68329 1.94684 -3.35721 -11.8963 -0.568841 3.50893 14.1686 -8.9878 -14.9696 8.20972 4.54264 -0.911216 8.87271 -15.8926 

1.01941 1.68329 1.94684 8.78307 -11.8963 7.87059 3.50893 14.1686 -8.9878 -14.9696 8.20972 4.54264 -0.911216 8.87271 -15.8926 
1.01941 1.68329 1.94684 -3.35721 -11.8963 -0.568841 3.50893 14.1686 -8.9878 -14.9696 8.20972 4.54264 -0.911216 8.87271 -15.8926 

1.01941 1.68329 1.94684 12.2879 -11.8963 11.0412 3.50893 14.1686 -8.9878 -14.9696 8.20972 4.54264 -0.911216 8.87271 -15.8926 
1.01941 1.68329 1.94684 -3.35721 -11.8963 -0.568841 3.50893 14.1686 -8.9878 -14.9696 8.20972 4.54264 -0.911216 8.87271 -15.8926 

1.01941 1.68329 1.94684 4.91449 -11.8963 7.8867 3.50893 14.1686 -8.9878 -14.9696 8.20972 4.54264 -0.911216 8.87271 -15.8926 
1.01941 1.68329 1.94684 -3.35721 -11.8963 -0.568841 3.50893 14.1686 -8.9878 -14.9696 8.20972 4.54264 -0.911216 8.87271 -15.8926 

1.01941 1.68329 1.94684 9.85758 -11.8963 5.67469 3.50893 14.1686 -8.9878 -14.9696 8.20972 4.54264 -0.911216 8.87271 -15.8926 
1.01941 1.68329 1.94684 -3.35721 -11.8963 -0.568841 3.50893 14.1686 -8.9878 -14.9696 8.20972 4.54264 -0.911216 8.87271 -15.8926 

1.01941 1.68329 1.94684 14.6658 -11.8963 14.5593 3.50893 14.1686 -8.9878 -14.9696 8.20972 4.54264 -0.911216 8.87271 -15.8926 
1.01941 1.68329 1.94684 -3.35721 -11.8963 -0.568841 3.50893 14.1686 -8.9878 -14.9696 8.20972 4.54264 -0.911216 8.87271 -15.8926 

1.01941 1.68329 1.94684 10.7689 -11.8963 6.98275 3.50893 14.1686 -8.9878 -14.9696 8.20972 4.54264 -0.911216 8.87271 -15.8926 
1.01941 1.68329 1.94684 -3.35721 -11.8963 -0.568841 3.50893 14.1686 -8.9878 -14.9696 8.20972 4.54264 -0.911216 8.87271 -15.8926 

1.01941 1.68329 1.94684 0.587826 -11.8963 7.59933 3.50893 14.1686 -8.9878 -14.9696 8.20972 4.54264 -0.911216 8.87271 -15.8926 
1.01941 1.68329 1.94684 -3.35721 -11.8963 -0.568841 3.50893 14.1686 -8.9878 -14.9696 8.20972 4.54264 -0.911216 8.87271 -15.8926 

1.01941 1.68329 1.94684 15.4385 -11.8963 10.2502 3.50893 14.1686 -8.9878 -14.9696 8.20972 4.54264 -0.911216 8.87271 -15.8926 
1.01941 1.68329 1.94684 -3.35721 -11.8963 -0.568841 3.50893 14.1686 -8.9878 -14.9696 8.20972 4.54264 -0.911216 8.87271 -15.8926 

1.01941 1.68329 1.94684 4.77587 -11.8963 6.95376 3.50893 14.1686 -8.9878 -14.9696 8.20972 4.54264 -0.911216 8.87271 -15.8926 
1.01941 1.68329 1.94684 -3.35721 -11.8963 -0.568841 3.50893 14.1686 -8.9878 -14.9696 8.20972 4.54264 -0.911216 8.87271 -15.8926 

1.01941 1.68329 1.94684 5.19176 -11.8963 12.4434 3.50893 14.1686 -8.9878 -14.9696 8.20972 4.54264 -0.911216 8.87271 -15.8926 
1.01941 1.68329 1.94684 -3.35721 -11.8963 -0.568841 3.50893 14.1686 -8.9878 -14.9696 8.20972 4.54264 -0.911216 8.87271 -15.8926 

1.01941 1.68329 1.94684 2.58501 -11.8963 7.76702 3.50893 14.1686 -8.9878 -14.9696 8.20972 4.54264 -0.911216 8.87271 -15.8926 
1.01941 1.68329 1.94684 -3.35721 -11.8963 -0.568841 3.50893 14.1686 -8.9878 -14.9696 8.20972 4.54264 -0.911216 8.87271 -15.8926 

1.01941 1.68329 1.94684 14.6323 -11.8963 10.784 3.50893 14.1686 -8.9878 -14.9696 8.20972 4.54264 -0.911216 8.87271 -15.8926 
1.01941 1.68329 1.94684 -3.35721 -11.8963 -0.568841 3.50893 14.1686 -8.9878 -14.9696 8.20972 4.54264 -0.911216 8.87271 -15.8926 

1.01941 1.68329 1.94684 8.67763 -11.8963 8.01233 3.50893 14.1686 -8.9878 -14.9696 8.20972 4.54264 -0.911216 8.87271 -15.8926 
1.01941 1.68329 1.94684 -3.35721 -11.8963 -0.568841 3.50893 14.1686 -8.9878 -14.9696 8.20972 4.54264 -0.911216 8.87271 -15.8926 

1.01941 1.68329 1.94684 4.03246 -11.8963 13.7246 3.50893 14.1686 -8.9878 -14.9696 8.20972 4.54264 -0.911216 8.87271 -15.8926 
1.01941 1.68329 1.94684 -3.35721 -11.8963 -0.568841 3.50893 14.1686 -8.9878 -14.9696 8.20972 4.54264 -0.911216 8.87271 -15.8926 

1.01941 1.68329 1.94684 5.59564 -11.8963 1.52181 3.50893 14.1686 -8.9878 -14.9696 8.20972 4.54264 -0.911216 8.87271 -15.8926 
1.01941 1.68329 1.94684 -3.35721 -11.8963 -0.568841 3.50893 14.1686 -8.9878 -14.9696 8.20972 4.54264 -0.911216 8.87271 -15.8926 

1.01941 1.68329 1.94684 0.795023 -11.8963 11.0495 3.50893 14.1686 -8.9878 -14.9696 8.20972 4.54264 -0.911216 8.87271 -15.8926 
1.01941 1.68329 1.94684 -3.35721 -11.8963 -0.568841 3.50893 14.1686 -8.9878 -14.9696 8.20972 4.54264 -0.911216 8.87271 -15.8926 

1.01941 1.68329 1.94684 15.7691 -11.8963 8.54367 3.50893 14.1686 -8.9878 -14.9696 8.20972 4.54264 -0.911216 8.87271 -15.8926 
1.01941 1.68329 1.94684 -3.35721 -11.8963 -0.568841 3.50893 14.1686 -8.9878 -14.9696 8.20972 4.54264 -0.911216 8.87271 -15.8926 

1.01941 1.68329 1.94684 10.4231 -11.8963 13.6993 3.50893 14.1686 -8.9878 -14.9696 8.20972 4.54264 -0.911216 8.87271 -15.8926 
1.01941 1.68329 1.94684 -3.35721 -11.8963 -0.568841 3.50893 14.1686 -8.9878 -14.9696 8.20972 4.54264 -0.911216 8.87271 -15.8926 

1.01941 1.68329 1.94684 8.40588 -11.8963 14.1723 3.50893 14.1686 -8.9878 -14.9696 8.20972 4.54264 -0.911216 8.87271 -15.8926 
1.01941 1.68329 1.94684 -3.35721 -11.8963 -0.568841 3.50893 14.1686 -8.9878 -14.9696 8.20972 4.54264 -0.911216 8.87271 -15.8926 

1.01941 1.68329 1.94684 0.619187 -11.8963 12.4542 3.50893 14.1686 -8.9878 -14.9696 8.20972 4.54264 -0.911216 8.87271 -15.8926 
1.01941 1.68329 1.94684 -3.35721 -11.8963 -0.568841 3.50893 14.1686 -8.9878 -14.9696 8.20972 4.54264 -0.911216 8.87271 -15.8926 

1.01941 1.68329 1.94684 7.41799 -11.8963 10.1983 3.50893 14.1686 -8.9878 -14.9696 8.20972 4.54264 -0.911216 8.87271 -15.8926 
1.01941 1.68329 1.94684 -3.35721 -11.8963 -0.568841 3.50893 14.1686 -8.9878 -14.9696 8.20972 4.54264 -0.911216 8.87271 -15.8926 

1.01941 1.68329 1.94684 8.48468 -11.8963 4.35413 3.50893 14.1686 -8.9878 -14.9696 8.20972 4.54264 -0.911216 8.87271 -15.8926 
1.01941 1.68329 1.94684 -3.35721 -11.8963 -0.568841 3.50893 14.1686 -8.9878 -14.9696 8.20972 4.54264 -0.911216 8.87271 -15.8926 

1.01941 1.68329 1.94684 1.07314 -11.8963 4.92562 3.50893 14.1686 -8.9878 -14.9696 8.20972 4.54264 -0.911216 8.87271 -15.8926 
1.01941 1.68329 1.94684 -3.35721 -11.8963 -0.568841 3.50893 14.1686 -8.9878 -14.9696 8.20972 4.54264 -0.911216 8.87271 -15.8926 

1.01941 1.68329 1.94684 5.06399 -11.8963 6.54115 3.50893 14.1686 -8.9878 -14.9696 8.20972 4.54264 -0.911216 8.87271 -15.8926 
1.01941 1.68329 1.94684 -3.35721 -11.8963 -0.568841 3.50893 14.1686 -8.9878 -14.9696 8.20972 4.54264 -0.911216 8.87271 -15.8926 

1.01941 1.68329 1.94684 7.14782 -11.8963 5.75216 3.50893 14.1686 -8.9878 -14.9696 8.20972 4.54264 -0.911216 8.87271 -15.8926 
1.01941 1.68329 1.94684 -3.35721 -11.8963 -0.568841 3.50893 14.1686 -8.9878 -14.9696 8.20972 4.54264 -0.911216 8.87271 -15.8926 

1.01941 1.68329 1.94684 6.12546 -11.8963 11.9373 3.50893 14.1686 -8.9878 -14.9696 8.20972 4.54264 -0.911216 8.87271 -15.8926 
1.01941 1.68329 1.94684 -3.35721 -11.8963 -0.568841 3.50893 14.1686 -8.9878 -14.9696 8.20972 4.54264 -0.911216 8.87271 -15.8926 

1.01941 1.68329 1.94684 15.0606 -11.8963 6.85854 3.50893 14.1686 -8.9878 -14.9696 8.20972 4.54264 -0.911216 8.87271 -15.8926 
1.01941 1.68329 1.94684 -3.35721 -11.8963 -0.568841 3.50893 14.1686 -8.9878 -14.9696 8.20972 4.54264 -0.911216 8.87271 -15.8926 

1.01941 1.68329 1.94684 1.35522 -11.8963 0.972875 3.50893 14.1686 -8.9878 -14.9696 8.20972 4.54264 -0.911216 8.87271 -15.8926 
1.01941 1.68329 1.94684 -3.35721 -11.8963 -0.568841 3.50893 14.1686 -8.9878 -14.9696 8.20972 4.54264 -0.911216 8.87271 -15.8926 

1.01941 1.68329 1.94684 7.93772 -11.8963 13.3418 3.50893 14.1686 -8.9878 -14.9696 8.20972 4.54264 -0.911216 8.87271 -15.8926 
1.01941 1.68329 1.94684 -3.35721 -11.8963 -0.568841 3.50893 14.1686 -8.9878 -14.9696 8.20972 4.54264 -0.911216 8.87271 -15.8926 

1.01941 1.68329 1.94684 0.00642031 -11.8963 3.49187 3.50893 14.1686 -8.9878 -14.9696 8.20972 4.54264 -0.911216 8.87271 -15.8926 
1.01941 1.68329 1.94684 -3.35721 -11.8963 -0.568841 3.50893 14.1686 -8.9878 -14.9696 8.20972 4.54264 -0.911216 8.87271 -15.8926 

1.01941 1.68329 1.94684 10.6549 -11.8963 4.67081 3.50893 14.1686 -8.9878 -14.9696 8.20972 4.54264 -0.911216 8.87271 -15.8926 
1.01941 1.68329 1.94684 -3.35721 -11.8963 -0.568841 3.50893 14.1686 -8.9878 -14.9696 8.20972 4.54264 -0.911216 8.87271 -15.8926 

1.01941 1.68329 1.94684 14.2036 -11.8963 12.5731 3.50893 14.1686 -8.9878 -14.9696 8.20972 4.54264 -0.911216 8.87271 -15.8926 
1.01941 1.68329 1.94684 -3.35721 -11.8963 -0.568841 3.50893 14.1686 -8.9878 -14.9696 8.20972 4.54264 -0.911216 8.87271 -15.8926 

1.01941 1.68329 1.94684 11.3661 -11.8963 1.19121 3.50893 14.1686 -8.9878 -14.9696 8.20972 4.54264 -0.911216 8.87271 -15.8926 
1.01941 1.68329 1.94684 -3.35721 -11.8963 -0.568841 3.50893 14.1686 -8.9878 -14.9696 8.20972 4.54264 -0.911216 8.87271 -15.8926 

1.01941 1.68329 1.94684 9.77349 -11.8963 9.03862 3.50893 14.1686 -8.9878 -14.9696 8.20972 4.54264 -0.911216 8.87271 -15.8926 
1.01941 1.68329 1.94684 -3.35721 -11.8963 -0.568841 3.50893 14.1686 -8.9878 -14.9696 8.20972 4.54264 -0.911216 8.87271 -15.8926 

1.01941 1.68329 1.94684 8.09378 -11.8963 14.5667 3.50893 14.1686 -8.9878 -14.9696 8.20972 4.54264 -0.911216 8.87271 -15.8926 
1.01941 1.68329 1.94684 -3.35721 -11.8963 -0.568841 3.50893 14.1686 -8.9878 -14.9696 8.20972 4.54264 -0.911216 8.87271 -15.8926 

1.01941 1.68329 1.94684 4.51298 -11.8963 2.53669 3.50893 14.1686 -8.9878 -14.9696 8.20972 4.54264 -0.911216 8.87271 -15.8926 
1.01941 1.68329 1.94684 -3.35721 -11.8963 -0.568841 3.50893 14.1686 -8.9878 -14.9696 8.20972 4.54264 -0.911216 8.87271 -15.8926 

1.01941 1.68329 1.94684 6.0902 -11.8963 3.40806 3.50893 14.1686 -8.9878 -14.9696 8.20972 4.54264 -0.911216 8.87271 -15.8926 
1.01941 1.68329 1.94684 -3.35721 -11.8963 -0.568841 3.50893 14.1686 -8.9878 -14.9696 8.20972 4.54264 -0.911216 8.87271 -15.8926 

1.01941 1.68329 1.94684 0.946281 -11.8963 5.62083 3.50893 14.1686 -8.9878 -14.9696 8.20972 4.54264 -0.911216 8.87271 -15.8926 
1.01941 1.68329 1.94684 -3.35721 -11.8963 -0.568841 3.50893 14.1686 -8.9878 -14.9696 8.20972 4.54264 -0.911216 8.87271 -15.8926 

1.01941 1.68329 1.94684 9.70181 -11.8963 14.618 3.50893 14.1686 -8.9878 -14.9696 8.20972 4.54264 -0.911216 8.87271 -15.8926 
1.01941 1.68329 1.94684 -3.35721 -11.8963 -0.568841 3.50893 14.1686 -8.9878 -14.9696 8.20972 4.54264 -0.911216 8.87271 -15.8926 

1.01941 1.68329 1.94684 9.86395 -11.8963 11.4188 3.50893 14.1686 -8.9878 -14.9696 8.20972 4.54264 -0.911216 8.87271 -15.8926 
1.01941 1.68329 1.94684 -3.35721 -11.8963 -0.568841 3.50893 14.1686 -8.9878 -14.9696 8.20972 4.54264 -0.911216 8.87271 -15.8926 

1.01941 1.68329 1.94684 11.1404 -11.8963 15.0055 3.50893 14.1686 -8.9878 -14.9696 8.20972 4.54264 -0.911216 8.87271 -15.8926 
1.01941 1.68329 1.94684 -3.35721 -11.8963 -0.568841 3.50893 14.1686 -8.9878 -14.9696 8.20972 4.54264 -0.911216 8.87271 -15.8926 

1.01941 1.68329 1.94684 1.958 -11.8963 3.17837 3.50893 14.1686 -8.9878 -14.9696 8.20972 4.54264 -0.911216 8.87271 -15.8926 
1.01941 1.68329 1.94684 -3.35721 -11.8963 -0.568841 3.50893 14.1686 -8.9878 -14.9696 8.20972 4.54264 -0.911216 8.87271 -15.8926 

1.01941 1.68329 1.94684 7.73171 -11.8963 14.4641 3.50893 14.1686 -8.9878 -14.9696 8.20972 4.54264 -0.911216 8.87271 -15.8926 
1.01941 1.68329 1.94684 -3.35721 -11.8963 -0.568841 3.50893 14.1686 -8.9878 -14.9696 8.20972 4.54264 -0.911216 8.87271 -15.8926 

1.01941 1.68329 1.94684 1.16809 -11.8963 0.441546 3.50893 14.1686 -8.9878 -14.9696 8.20972 4.54264 -0.911216 8.87271 -15.8926 
1.01941 1.68329 1.94684 -3.35721 -11.8963 -0.568841 3.50893 14.1686 -8.9878 -14.9696 8.20972 4.54264 -0.911216 8.87271 -15.8926 

1.01941 1.68329 1.94684 15.9286 -11.8963 10.1633 3.50893 14.1686 -8.9878 -14.9696 8.20972 4.54264 -0.911216 8.87271 -15.8926 
1.01941 1.68329 1.94684 -3.35721 -11.8963 -0.568841 3.50893 14.1686 -8.9878 -14.9696 8.20972 4.54264 -0.911216 8.87271 -15.8926 

1.01941 1.68329 1.94684 3.61185 -11.8963 5.97217 3.50893 14.1686 -8.9878 -14.9696 8.20972 4.54264 -0.911216 8.87271 -15.8926 
1.01941 1.68329 1.94684 -3.35721 -11.8963 -0.568841 3.50893 14.1686 -8.9878 -14.9696 8.20972 4.54264 -0.911216 8.87271 -15.8926 

1.01941 1.68329 1.94684 9.13871 -11.8963 7.86408 3.50893 14.1686 -8.9878 -14.9696 8.20972 4.54264 -0.911216 8.87271 -15.8926 
1.01941 1.68329 1.94684 -3.35721 -11.8963 -0.568841 3.50893 14.1686 -8.9878 -14.9696 8.20972 4.54264 -0.911216 8.87271 -15.8926 

1.01941 1.68329 1.94684 1.00845 -11.8963 13.4161 3.50893 14.1686 -8.9878 -14.9696 8.20972 4.54264 -0.911216 8.87271 -15.8926 
1.01941 1.68329 1.94684 -3.35721 -11.8963 -0.568841 3.50893 14.1686 -8.9878 -14.9696 8.20972 4.54264 -0.911216 8.87271 -15.8926 

1.01941 1.68329 1.94684 2.66919 -11.8963 0.141104 3.50893 14.1686 -8.9878 -14.9696 8.20972 4.54264 -0.911216 8.87271 -15.8926 
1.01941 1.68329 1.94684 -3.35721 -11.8963 -0.568841 3.50893 14.1686 -8.9878 -14.9696 8.20972 4.54264 -0.911216 8.87271 -15.8926 

1.01941 1.68329 1.94684 9.28236 -11.8963 0.947467 3.50893 14.1686 -8.9878 -14.9696 8.20972 4.54264 -0.911216 8.87271 -15.8926 
1.01941 1.68329 1.94684 -3.35721 -11.8963 -0.568841 3.50893 14.1686 -8.9878 -14.9696 8.20972 4.54264 -0.911216 8.87271 -15.8926 

1.01941 1.68329 1.94684 13.5424 -11.8963 6.11964 3.50893 14.1686 -8.9878 -14.9696 8.20972 4.54264 -0.911216 8.87271 -15.8926 
1.01941 1.68329 1.94684 -3.35721 -11.8963 -0.568841 3.50893 14.1686 -8.9878 -14.9696 8.20972 4.54264 -0.911216 8.87271 -15.8926 

1.01941 1.68329 1.94684 6.60945 -11.8963 8.91766 3.50893 14.1686 -8.9878 -14.9696 8.20972 4.54264 -0.911216 8.87271 -15.8926 
1.01941 1.68329 1.94684 -3.35721 -11.8963 -0.568841 3.50893 14.1686 -8.9878 -14.9696 8.20972 4.54264 -0.911216 8.87271 -15.8926 

1.01941 1.68329 1.94684 4.30888 -11.8963 8.54616 3.50893 14.1686 -8.9878 -14.9696 8.20972 4.54264 -0.911216 8.87271 -15.8926 
1.01941 1.68329 1.94684 -3.35721 -11.8963 -0.568841 3.50893 14.1686 -8.9878 -14.9696 8.20972 4.54264 -0.911216 8.87271 -15.8926 

1.01941 1.68329 1.94684 1.66527 -11.8963 8.992 3.50893 14.1686 -8.9878 -14.9696 8.20972 4.54264 -0.911216 8.87271 -15.8926 
1.01941 1.68329 1.94684 -3.35721 -11.8963 -0.568841 3.50893 14.1686 -8.9878 -14.9696 8.20972 4.54264 -0.911216 8.87271 -15.8926 

1.01941 1.68329 1.94684 9.99915 -11.8963 15.8946 3.50893 14.1686 -8.9878 -14.9696 8.20972 4.54264 -0.911216 8.87271 -15.8926 
1.01941 1.68329 1.94684 -3.35721 -11.8963 -0.568841 3.50893 14.1686 -8.9878 -14.9696 8.20972 4.54264 -0.911216 8.87271 -15.8926 

1.01941 1.68329 1.94684 15.5294 -11.8963 5.32129 3.50893 14.1686 -8.9878 -14.9696 8.20972 4.54264 -0.911216 8.87271 -15.8926 
1.01941 1.68329 1.94684 -3.35721 -11.8963 -0.568841 3.50893 14.1686 -8.9878 -14.9696 8.20972 4.54264 -0.911216 8.87271 -15.8926 

1.01941 1.68329 1.94684 3.57662 -11.8963 5.42182 3.50893 14.1686 -8.9878 -14.9696 8.20972 4.54264 -0.911216 8.87271 -15.8926 
1.01941 1.68329 1.94684 -3.35721 -11.8963 -0.568841 3.50893 14.1686 -8.9878 -14.9696 8.20972 4.54264 -0.911216 8.87271 -15.8926 

1.01941 1.68329 1.94684 7.6417 -11.8963 6.23039 3.50893 14.1686 -8.9878 -14.9696 8.20972 4.54264 -0.911216 8.87271 -15.8926 
1.01941 1.68329 1.94684 -3.35721 -11.8963 -0.568841 3.50893 14.1686 -8.9878 -14.9696 8.20972 4.54264 -0.911216 8.87271 -15.8926 

1.01941 1.68329 1.94684 0.176307 -11.8963 2.89324 3.50893 14.1686 -8.9878 -14.9696 8.20972 4.54264 -0.911216 8.87271 -15.8926 
1.01941 1.68329 1.94684 -3.35721 -11.8963 -0.568841 3.50893 14.1686 -8.9878 -14.9696 8.20972 4.54264 -0.911216 8.87271 -15.8926 

1.01941 1.68329 1.94684 2.71621 -11.8963 12.8215 3.50893 14.1686 -8.9878 -14.9696 8.20972 4.54264 -0.911216 8.87271 -15.8926 
1.01941 1.68329 1.94684 -3.35721 -11.8963 -0.568841 3.50893 14.1686 -8.9878 -14.9696 8.20972 4.54264 -0.911216 8.87271 -15.8926 

1.01941 1.68329 1.94684 15.5058 -11.8963 3.10982 3.50893 14.1686 -8.9878 -14.9696 8.20972 4.54264 -0.911216 8.87271 -15.8926 
1.01941 1.68329 1.94684 -3.35721 -11.8963 -0.568841 3.50893 14.1686 -8.9878 -14.9696 8.20972 4.54264 -0.911216 8.87271 -15.8926 

1.01941 1.68329 1.94684 0.606349 -11.8963 11.6122 3.50893 14.1686 -8.9878 -14.9696 8.20972 4.54264 -0.911216 8.87271 -15.8926 
1.01941 1.68329 1.94684 -3.35721 -11.8963 -0.568841 3.50893 14.1686 -8.9878 -14.9696 8.20972 4.54264 -0.911216 8.87271 -15.8926 

1.01941 1.68329 1.94684 1.48993 -11.8963 12.4859 3.50893 14.1686 -8.9878 -14.9696 8.20972 4.54264 -0.911216 8.87271 -15.8926 
1.01941 1.68329 1.94684 -3.35721 -11.8963 -0.568841 3.50893 14.1686 -8.9878 -14.9696 8.20972 4.54264 -0.911216 8.87271 -15.8926 

1.01941 1.68329 1.94684 11.0057 -11.8963 9.52001 3.50893 14.1686 -8.9878 -14.9696 8.20972 4.54264 -0.911216 8.87271 -15.8926 
1.01941 1.68329 1.94684 -3.35721 -11.8963 -0.568841 3.50893 14.1686 -8.9878 -14.9696 8.20972 4.54264 -0.911216 8.87271 -15.8926 

1.01941 1.68329 1.94684 8.27362 -11.8963 9.08602 3.50893 14.1686 -8.9878 -14.9696 8.20972 4.54264 -0.911216 8.87271 -15.8926 
1.01941 1.68329 1.94684 -3.35721 -11.8963 -0.568841 3.50893 14.1686 -8.9878 -14.9696 8.20972 4.54264 -0.911216 8.87271 -15.8926 

1.01941 1.68329 1.94684 1.0159 -11.8963 8.42746 3.50893 14.1686 -8.9878 -14.9696 8.20972 4.54264 -0.911216 8.87271 -15.8926 
1.01941 1.68329 1.94684 -3.35721 -11.8963 -0.568841 3.50893 14.1686 -8.9878 -14.9696 8.20972 4.54264 -0.911216 8.87271 -15.8926 

1.01941 1.68329 1.94684 7.80438 -11.8963 7.17293 3.50893 14.1686 -8.9878 -14.9696 8.20972 4.54264 -0.911216 8.87271 -15.8926 
1.01941 1.68329 1.94684 -3.35721 -11.8963 -0.568841 3.50893 14.1686 -8.9878 -14.9696 8.20972 4.54264 -0.911216 8.87271 -15.8926 

1.01941 1.68329 1.94684 5.08216 -11.8963 1.53592 3.50893 14.1686 -8.9878 -14.9696 8.20972 4.54264 -0.911216 8.87271 -15.8926 
1.01941 1.68329 1.94684 -3.35721 -11.8963 -0.568841 3.50893 14.1686 -8.9878 -14.9696 8.20972 4.54264 -0.911216 8.87271 -15.8926 

1.01941 1.68329 1.94684 15.2007 -11.8963 7.09849 3.50893 14.1686 -8.9878 -14.9696 8.20972 4.54264 -0.911216 8.87271 -15.8926 
1.01941 1.68329 1.94684 -3.35721 -11.8963 -0.568841 3.50893 14.1686 -8.9878 -14.9696 8.20972 4.54264 -0.911216 8.87271 -15.8926 

1.01941 1.68329 1.94684 12.1563 -11.8963 6.05612 3.50893 14.1686 -8.9878 -14.9696 8.20972 4.54264 -0.911216 8.87271 -15.8926 
1.01941 1.68329 1.94684 -3.35721 -11.8963 -0.568841 3.50893 14.1686 -8.9878 -14.9696 8.20972 4.54264 -0.911216 8.87271 -15.8926 

1.01941 1.68329 1.94684 10.307 -11.8963 11.2236 3.50893 14.1686 -8.9878 -14.9696 8.20972 4.54264 -0.911216 8.87271 -15.8926 
1.01941 1.68329 1.94684 -3.35721 -11.8963 -0.568841 3.50893 14.1686 -8.9878 -14.9696 8.20972 4.54264 -0.911216 8.87271 -15.8926 

1.01941 1.68329 1.94684 6.0918 -11.8963 9.10803 3.50893 14.1686 -8.9878 -14.9696 8.20972 4.54264 -0.911216 8.87271 -15.8926 
1.01941 1.68329 1.94684 -3.35721 -11.8963 -0.568841 3.50893 14.1686 -8.9878 -14.9696 8.20972 4.54264 -0.911216 8.87271 -15.8926 

1.01941 1.68329 1.94684 0.306307 -11.8963 4.78657 3.50893 14.1686 -8.9878 -14.9696 8.20972 4.54264 -0.911216 8.87271 -15.8926 
1.01941 1.68329 1.94684 -3.35721 -11.8963 -0.568841 3.50893 14.1686 -8.9878 -14.9696 8.20972 4.54264 -0.911216 8.87271 -15.8926 

1.01941 1.68329 1.94684 15.2917 -11.8963 9.22805 3.50893 14.1686 -8.9878 -14.9696 8.20972 4.54264 -0.911216 8.87271 -15.8926 
1.01941 1.68329 1.94684 -3.35721 -11.8963 -0.568841 3.50893 14.1686 -8.9878 -14.9696 8.20972 4.54264 -0.911216 8.87271 -15.8926 

1.01941 1.68329 1.94684 13.3787 -11.8963 4.36674 3.50893 14.1686 -8.9878 -14.9696 8.20972 4.54264 -0.911216 8.87271 -15.8926 
1.01941 1.68329 1.94684 -3.35721 -11.8963 -0.568841 3.50893 14.1686 -8.9878 -14.9696 8.20972 4.54264 -0.911216 8.87271 -15.8926 

1.01941 1.68329 1.94684 8.18977 -11.8963 13.441 3.50893 14.1686 -8.9878 -14.9696 8.20972 4.54264 -0.911216 8.87271 -15.8926 
1.01941 1.68329 1.94684 -3.35721 -11.8963 -0.568841 3.50893 14.1686 -8.9878 -14.9696 8.20972 4.54264 -0.911216 8.87271 -15.8926 

1.01941 1.68329 1.94684 6.61956 -11.8963 4.19707 3.50893 14.1686 -8.9878 -14.9696 8.20972 4.54264 -0.911216 8.87271 -15.8926 
1.01941 1.68329 1.94684 -3.35721 -11.8963 -0.568841 3.50893 14.1686 -8.9878 -14.9696 8.20972 4.54264 -0.911216 8.87271 -15.8926 

1.01941 1.68329 1.94684 6.40398 -11.8963 15.7008 3.50893 14.1686 -8.9878 -14.9696 8.20972 4.54264 -0.911216 8.87271 -15.8926 
1.01941 1.68329 1.94684 -3.35721 -11.8963 -0.568841 3.50893 14.1686 -8.9878 -14.9696 8.20972 4.54264 -0.911216 8.87271 -15.8926 

1.01941 1.68329 1.94684 3.40793 -11.8963 15.3789 3.50893 14.1686 -8.9878 -14.9696 8.20972 4.54264 -0.911216 8.87271 -15.8926 
1.01941 1.68329 1.94684 -3.35721 -11.8963 -0.568841 3.50893 14.1686 -8.9878 -14.9696 8.20972 4.54264 -0.911216 8.87271 -15.8926 

1.01941 1.68329 1.94684 3.02663 -11.8963 11.5353 3.50893 14.1686 -8.9878 -14.9696 8.20972 4.54264 -0.911216 8.87271 -15.8926 
1.01941 1.68329 1.94684 -3.35721 -11.8963 -0.568841 3.50893 14.1686 -8.9878 -14.9696 8.20972 4.54264 -0.911216 8.87271 -15.8926 

1.01941 1.68329 1.94684 15.946 -11.8963 3.04547 3.50893 14.1686 -8.9878 -14.9696 8.20972 4.54264 -0.911216 8.87271 -15.8926 
1.01941 1.68329 1.94684 -3.35721 -11.8963 -0.568841 3.50893 14.1686 -8.9878 -14.9696 8.20972 4.54264 -0.911216 8.87271 -15.8926 

1.01941 1.68329 1.94684 12.2845 -11.8963 11.7827 3.50893 14.1686 -8.9878 -14.9696 8.20972 4.54264 -0.911216 8.87271 -15.8926 
1.01941 1.68329 1.94684 -3.35721 -11.8963 -0.568841 3.50893 14.1686 -8.9878 -14.9696 8.20972 4.54264 -0.911216 8.87271 -15.8926 

1.01941 1.68329 1.94684 3.88879 -11.8963 0.281052 3.50893 14.1686 -8.9878 -14.9696 8.20972 4.54264 -0.911216 8.87271 -15.8926 
1.01941 1.68329 1.94684 -3.35721 -11.8963 -0.568841 3.50893 14.1686 -8.9878 -14.9696 8.20972 4.54264 -0.911216 8.87271 -15.8926 

1.01941 1.68329 1.94684 0.520863 -11.8963 8.58554 3.50893 14.1686 -8.9878 -14.9696 8.20972 4.54264 -0.911216 8.87271 -15.8926 
1.01941 1.68329 1.94684 -3.35721 -11.8963 -0.568841 3.50893 14.1686 -8.9878 -14.9696 8.20972 4.54264 -0.911216 8.87271 -15.8926 

1.01941 1.68329 1.94684 6.56159 -11.8963 6.88212 3.50893 14.1686 -8.9878 -14.9696 8.20972 4.54264 -0.911216 8.87271 -15.8926 
1.01941 1.68329 1.94684 -3.35721 -11.8963 -0.568841 3.50893 14.1686 -8.9878 -14.9696 8.20972 4.54264 -0.911216 8.87271 -15.8926 

1.01941 1.68329 1.94684 4.90298 -11.8963 1.12734 3.50893 14.1686 -8.9878 -14.9696 8.20972 4.54264 -0.911216 8.87271 -15.8926 
1.01941 1.68329 1.94684 -3.35721 -11.8963 -0.568841 3.50893 14.1686 -8.9878 -14.9696 8.20972 4.54264 -0.911216 8.87271 -15.8926 

1.01941 1.68329 1.94684 7.48065 -11.8963 15.3483 3.50893 14.1686 -8.9878 -14.9696 8.20972 4.54264 -0.911216 8.87271 -15.8926 
1.01941 1.68329 1.94684 -3.35721 -11.8963 -0.568841 3.50893 14.1686 -8.9878 -14.9696 8.20972 4.54264 -0.911216 8.87271 -15.8926 

1.01941 1.68329 1.94684 0.141401 -11.8963 14.3682 3.50893 14.1686 -8.9878 -14.9696 8.20972 4.54264 -0.911216 8.87271 -15.8926 
1.01941 1.68329 1.94684 -3.35721 -11.8963 -0.568841 3.50893 14.1686 -8.9878 -14.9696 8.20972 4.54264 -0.911216 8.87271 -15.8926 

1.01941 1.68329 1.94684 8.62067 -11.8963 3.70656 3.50893 14.1686 -8.9878 -14.9696 8.20972 4.54264 -0.911216 8.87271 -15.8926 
1.01941 1.68329 1.94684 -3.35721 -11.8963 -0.568841 3.50893 14.1686 -8.9878 -14.9696 8.20972 4.54264 -0.911216 8.87271 -15.8926 

1.01941 1.68329 1.94684 4.37185 -11.8963 2.32054 3.50893 14.1686 -8.9878 -14.9696 8.20972 4.54264 -0.911216 8.87271 -15.8926 
1.01941 1.68329 1.94684 -3.35721 -11.8963 -0.568841 3.50893 14.1686 -8.9878 -14.9696 8.20972 4.54264 -0.911216 8.87271 -15.8926 

1.01941 1.68329 1.94684 10.4234 -11.8963 6.64439 3.50893 14.1686 -8.9878 -14.9696 8.20972 4.54264 -0.911216 8.87271 -15.8926 
1.01941 1.68329 1.94684 -3.35721 -11.8963 -0.568841 3.50893 14.1686 -8.9878 -14.9696 8.20972 4.54264 -0.911216 8.87271 -15.8926 

1.01941 1.68329 1.94684 15.2985 -11.8963 5.91023 3.50893 14.1686 -8.9878 -14.9696 8.20972 4.54264 -0.911216 8.87271 -15.8926 
1.01941 1.68329 1.94684 -3.35721 -11.8963 -0.568841 3.50893 14.1686 -8.9878 -14.9696 8.20972 4.54264 -0.911216 8.87271 -15.8926 

1.01941 1.68329 1.94684 6.69962 -11.8963 7.45412 3.50893 14.1686 -8.9878 -14.9696 8.20972 4.54264 -0.911216 8.87271 -15.8926 
1.01941 1.68329 1.94684 -3.35721 -11.8963 -0.568841 3.50893 14.1686 -8.9878 -14.9696 8.20972 4.54264 -0.911216 8.87271 -15.8926 

1.01941 1.68329 1.94684 4.37134 -11.8963 7.77949 3.50893 14.1686 -8.9878 -14.9696 8.20972 4.54264 -0.911216 8.87271 -15.8926 
1.01941 1.68329 1.94684 -3.35721 -11.8963 -0.568841 3.50893 14.1686 -8.9878 -14.9696 8.20972 4.54264 -0.911216 8.87271 -15.8926 

1.01941 1.68329 1.94684 1.98568 -11.8963 12.2715 3.50893 14.1686 -8.9878 -14.9696 8.20972 4.54264 -0.911216 8.87271 -15.8926 
1.01941 1.68329 1.94684 -3.35721 -11.8963 -0.568841 3.50893 14.1686 -8.9878 -14.9696 8.20972 4.54264 -0.911216 8.87271 -15.8926 

1.01941 1.68329 1.94684 7.45526 -11.8963 8.50882 3.50893 14.1686 -8.9878 -14.9696 8.20972 4.54264 -0.911216 8.87271 -15.8926 
1.01941 1.68329 1.94684 -3.35721 -11.8963 -0.568841 3.50893 14.1686 -8.9878 -14.9696 8.20972 4.54264 -0.911216 8.87271 -15.8926 

1.01941 1.68329 1.94684 6.89862 -11.8963 6.02181 3.50893 14.1686 -8.9878 -14.9696 8.20972 4.54264 -0.911216 8.87271 -15.8926 
1.01941 1.68329 1.94684 -3.35721 -11.8963 -0.568841 3.50893 14.1686 -8.9878 -14.9696 8.20972 4.54264 -0.911216 8.87271 -15.8926 

1.01941 1.68329 1.94684 4.99454 -11.8963 14.4461 3.50893 14.1686 -8.9878 -14.9696 8.20972 4.54264 -0.911216 8.87271 -15.8926 
1.01941 1.68329 1.94684 -3.35721 -11.8963 -0.568841 3.50893 14.1686 -8.9878 -14.9696 8.20972 4.54264 -0.911216 8.87271 -15.8926 

1.01941 1.68329 1.94684 4.64843 -11.8963 11.0375 3.50893 14.1686 -8.9878 -14.9696 8.20972 4.54264 -0.911216 8.87271 -15.8926 
1.01941 1.68329 1.94684 -3.35721 -11.8963 -0.568841 3.50893 14.1686 -8.9878 -14.9696 8.20972 4.54264 -0.911216 8.87271 -15.8926 

1.01941 1.68329 1.94684 13.7008 -11.8963 2.55488 3.50893 14.1686 -8.9878 -14.9696 8.20972 4.54264 -0.911216 8.87271 -15.8926 
1.01941 1.68329 1.94684 -3.35721 -11.8963 -0.568841 3.50893 14.1686 -8.9878 -14.9696 8.20972 4.54264 -0.911216 8.87271 -15.8926 

1.01941 1.68329 1.94684 14.6701 -11.8963 9.5655 3.50893 14.1686 -8.9878 -14.9696 8.20972 4.54264 -0.911216 8.87271 -15.8926 
1.01941 1.68329 1.94684 -3.35721 -11.8963 -0.568841 3.50893 14.1686 -8.9878 -14.9696 8.20972 4.54264 -0.911216 8.87271 -15.8926 

1.01941 1.68329 1.94684 12.8254 -11.8963 10.108 3.50893 14.1686 -8.9878 -14.9696 8.20972 4.54264 -0.911216 8.87271 -15.8926 
1.01941 1.68329 1.94684 -3.35721 -11.8963 -0.568841 3.50893 14.1686 -8.9878 -14.9696 8.20972 4.54264 -0.911216 8.87271 -15.8926 

1.01941 1.68329 1.94684 2.40057 -11.8963 13.8075 3.50893 14.1686 -8.9878 -14.9696 8.20972 4.54264 -0.911216 8.87271 -15.8926 
1.01941 1.68329 1.94684 -3.35721 -11.8963 -0.568841 3.50893 14.1686 -8.9878 -14.9696 8.20972 4.54264 -0.911216 8.87271 -15.8926 

1.01941 1.68329 1.94684 10.4393 -11.8963 15.8306 3.50893 14.1686 -8.9878 -14.9696 8.20972 4.54264 -0.911216 8.87271 -15.8926 
1.01941 1.68329 1.94684 -3.35721 -11.8963 -0.568841 3.50893 14.1686 -8.9878 -14.9696 8.20972 4.54264 -0.911216 8.87271 -15.8926 

1.01941 1.68329 1.94684 7.10567 -11.8963 11.55 3.50893 14.1686 -8.9878 -14.9696 8.20972 4.54264 -0.911216 8.87271 -15.8926 
1.01941 1.68329 1.94684 -3.35721 -11.8963 -0.568841 3.50893 14.1686 -8.9878 -14.9696 8.20972 4.54264 -0.911216 8.87271 -15.8926 

1.01941 1.68329 1.94684 15.9627 -11.8963 8.19699 3.50893 14.1686 -8.9878 -14.9696 8.20972 4.54264 -0.911216 8.87271 -15.8926 
1.01941 1.68329 1.94684 -3.35721 -11.8963 -0.568841 3.50893 14.1686 -8.9878 -14.9696 8.20972 4.54264 -0.911216 8.87271 -15.8926 

1.01941 1.68329 1.94684 0.280906 -11.8963 12.2806 3.50893 14.1686 -8.9878 -14.9696 8.20972 4.54264 -0.911216 8.87271 -15.8926 
1.01941 1.68329 1.94684 -3.35721 -11.8963 -0.568841 3.50893 14.1686 -8.9878 -14.9696 8.20972 4.54264 -0.911216 8.87271 -15.8926 

1.01941 1.68329 1.94684 7.22327 -11.8963 10.0754 3.50893 14.1686 -8.9878 -14.9696 8.20972 4.54264 -0.911216 8.87271 -15.8926 
1.01941 1.68329 1.94684 -3.35721 -11.8963 -0.568841 3.50893 14.1686 -8.9878 -14.9696 8.20972 4.54264 -0.911216 8.87271 -15.8926 

1.01941 1.68329 1.94684 1.21337 -11.8963 2.09278 3.50893 14.1686 -8.9878 -14.9696 8.20972 4.54264 -0.911216 8.87271 -15.8926 
1.01941 1.68329 1.94684 -3.35721 -11.8963 -0.568841 3.50893 14.1686 -8.9878 -14.9696 8.20972 4.54264 -0.911216 8.87271 -15.8926 

1.01941 1.68329 1.94684 15.8214 -11.8963 10.016 3.50893 14.1686 -8.9878 -14.9696 8.20972 4.54264 -0.911216 8.87271 -15.8926 
1.01941 1.68329 1.94684 -3.35721 -11.8963 -0.568841 3.50893 14.1686 -8.9878 -14.9696 8.20972 4.54264 -0.911216 8.87271 -15.8926 

1.01941 1.68329 1.94684 7.35277 -11.8963 0.557432 3.50893 14.1686 -8.9878 -14.9696 8.20972 4.54264 -0.911216 8.87271 -15.8926 
1.01941 1.68329 1.94684 -3.35721 -11.8963 -0.568841 3.50893 14.1686 -8.9878 -14.9696 8.20972 4.54264 -0.911216 8.87271 -15.8926 

1.01941 1.68329 1.94684 10.1561 -11.8963 7.83149 3.50893 14.1686 -8.9878 -14.9696 8.20972 4.54264 -0.911216 8.87271 -15.8926 
1.01941 1.68329 1.94684 -3.35721 -11.8963 -0.568841 3.50893 14.1686 -8.9878 -14.9696 8.20972 4.54264 -0.911216 8.87271 -15.8926 

1.01941 1.68329 1.94684 0.577349 -11.8963 3.91593 3.50893 14.1686 -8.9878 -14.9696 8.20972 4.54264 -0.911216 8.87271 -15.8926 
1.01941 1.68329 1.94684 -3.35721 -11.8963 -0.568841 3.50893 14.1686 -8.9878 -14.9696 8.20972 4.54264 -0.911216 8.87271 -15.8926 

1.01941 1.68329 1.94684 3.84946 -11.8963 4.90728 3.50893 14.1686 -8.9878 -14.9696 8.20972 4.54264 -0.911216 8.87271 -15.8926 
1.01941 1.68329 1.94684 -3.35721 -11.8963 -0.568841 3.50893 14.1686 -8.9878 -14.9696 8.20972 4.54264 -0.911216 8.87271 -15.8926 

1.01941 1.68329 1.94684 7.794 -11.8963 15.5235 3.50893 14.1686 -8.9878 -14.9696 8.20972 4.54264 -0.911216 8.87271 -15.8926 
1.01941 1.68329 1.94684 -3.35721 -11.8963 -0.568841 3.50893 14.1686 -8.9878 -14.9696 8.20972 4.54264 -0.911216 8.87271 -15.8926 

1.01941 1.68329 1.94684 5.82545 -11.8963 6.87177 3.50893 14.1686 -8.9878 -14.9696 8.20972 4.54264 -0.911216 8.87271 -15.8926 
1.01941 1.68329 1.94684 -3.35721 -11.8963 -0.568841 3.50893 14.1686 -8.9878 -14.9696 8.20972 4.54264 -0.911216 8.87271 -15.8926 

1.01941 1.68329 1.94684 0.286264 -11.8963 2.15368 3.50893 14.1686 -8.9878 -14.9696 8.20972 4.54264 -0.911216 8.87271 -15.8926 
1.01941 1.68329 1.94684 -3.35721 -11.8963 -0.568841 3.50893 14.1686 -8.9878 -14.9696 8.20972 4.54264 -0.911216 8.87271 -15.8926 

1.01941 1.68329 1.94684 15.3263 -11.8963 10.6532 3.50893 14.1686 -8.9878 -14.9696 8.20972 4.54264 -0.911216 8.87271 -15.8926 
1.01941 1.68329 1.94684 -3.35721 -11.8963 -0.568841 3.50893 14.1686 -8.9878 -14.9696 8.20972 4.54264 -0.911216 8.87271 -15.8926 

1.01941 1.68329 1.94684 15.2038 -11.8963 13.6642 3.50893 14.1686 -8.9878 -14.9696 8.20972 4.54264 -0.911216 8.87271 -15.8926 
1.01941 1.68329 1.94684 -3.35721 -11.8963 -0.568841 3.50893 14.1686 -8.9878 -14.9696 8.20972 4.54264 -0.911216 8.87271 -15.8926 

1.01941 1.68329 1.94684 3.69629 -11.8963 13.8632 3.50893 14.1686 -8.9878 -14.9696 8.20972 4.54264 -0.911216 8.87271 -15.8926 
1.01941 1.68329 1.94684 -3.35721 -11.8963 -0.568841 3.50893 14.1686 -8.9878 -14.9696 8.20972 4.54264 -0.911216 8.87271 -15.8926 

1.01941 1.68329 1.94684 8.9806 -11.8963 3.2421 3.50893 14.1686 -8.9878 -14.9696 8.20972 4.54264 -0.911216 8.87271 -15.8926 
1.01941 1.68329 1.94684 -3.35721 -11.8963 -0.568841 3.50893 14.1686 -8.9878 -14.9696 8.20972 4.54264 -0.911216 8.87271 -15.8926 

1.01941 1.68329 1.94684 0.45687 -11.8963 5.53687 3.50893 14.1686 -8.9878 -14.9696 8.20972 4.54264 -0.911216 8.87271 -15.8926 
1.01941 1.68329 1.94684 -3.35721 -11.8963 -0.568841 3.50893 14.1686 -8.9878 -14.9696 8.20972 4.54264 -0.911216 8.87271 -15.8926 

1.01941 1.68329 1.94684 15.8422 -11.8963 10.8539 3.50893 14.1686 -8.9878 -14.9696 8.20972 4.54264 -0.911216 8.87271 -15.8926 
1.01941 1.68329 1.94684 -3.35721 -11.8963 -0.568841 3.50893 14.1686 -8.9878 -14.9696 8.20972 4.54264 -0.911216 8.87271 -15.8926 

1.01941 1.68329 1.94684 1.55668 -11.8963 10.2275 3.50893 14.1686 -8.9878 -14.9696 8.20972 4.54264 -0.911216 8.87271 -15.8926 
1.01941 1.68329 1.94684 -3.35721 -11.8963 -0.568841 3.50893 14.1686 -8.9878 -14.9696 8.20972 4.54264 -0.911216 8.87271 -15.8926 

1.01941 1.68329 1.94684 13.1295 -11.8963 0.821878 3.50893 14.1686 -8.9878 -14.9696 8.20972 4.54264 -0.911216 8.87271 -15.8926 
1.01941 1.68329 1.94684 -3.35721 -11.8963 -0.568841 3.50893 14.1686 -8.9878 -14.9696 8.20972 4.54264 -0.911216 8.87271 -15.8926 

1.01941 1.68329 1.94684 15.7059 -11.8963 12.4602 3.50893 14.1686 -8.9878 -14.9696 8.20972 4.54264 -0.911216 8.87271 -15.8926 
1.01941 1.68329 1.94684 -3.35721 -11.8963 -0.568841 3.50893 14.1686 -8.9878 -14.9696 8.20972 4.54264 -0.911216 8.87271 -15.8926 

1.01941 1.68329 1.94684 3.05412 -11.8963 5.27776 3.50893 14.1686 -8.9878 -14.9696 8.20972 4.54264 -0.911216 8.87271 -15.8926 
1.01941 1.68329 1.94684 -3.35721 -11.8963 -0.568841 3.50893 14.1686 -8.9878 -14.9696 8.20972 4.54264 -0.911216 8.87271 -15.8926 

1.01941 1.68329 1.94684 4.36044 -11.8963 5.26171 3.50893 14.1686 -8.9878 -14.9696 8.20972 4.54264 -0.911216 8.87271 -15.8926 
1.01941 1.68329 1.94684 -3.35721 -11.8963 -0.568841 3.50893 14.1686 -8.9878 -14.9696 8.20972 4.54264 -0.911216 8.87271 -15.8926 

1.01941 1.68329 1.94684 12.4756 -11.8963 8.27209 3.50893 14.1686 -8.9878 -14.9696 8.20972 4.54264 -0.911216 8.87271 -15.8926 
1.01941 1.68329 1.94684 -3.35721 -11.8963 -0.568841 3.50893 14.1686 -8.9878 -14.9696 8.20972 4.54264 -0.911216 8.87271 -15.8926 

1.01941 1.68329 1.94684 4.33207 -11.8963 14.1247 3.50893 14.1686 -8.9878 -14.9696 8.20972 4.54264 -0.911216 8.87271 -15.8926 
1.01941 1.68329 1.94684 -3.35721 -11.8963 -0.568841 3.50893 14.1686 -8.9878 -14.9696 8.20972 4.54264 -0.911216 8.87271 -15.8926 

1.01941 1.68329 1.94684 7.29492 -11.8963 5.1955 3.50893 14.1686 -8.9878 -14.9696 8.20972 4.54264 -0.911216 8.87271 -15.8926 
1.01941 1.68329 1.94684 -3.35721 -11.8963 -0.568841 3.50893 14.1686 -8.9878 -14.9696 8.20972 4.54264 -0.911216 8.87271 -15.8926 

1.01941 1.68329 1.94684 11.3395 -11.8963 1.09706 3.50893 14.1686 -8.9878 -14.9696 8.20972 4.54264 -0.911216 8.87271 -15.8926 
1.01941 1.68329 1.94684 -3.35721 -11.8963 -0.568841 3.50893 14.1686 -8.9878 -14.9696 8.20972 4.54264 -0.911216 8.87271 -15.8926 

1.01941 1.68329 1.94684 11.0563 -11.8963 2.94343 3.50893 14.1686 -8.9878 -14.9696 8.20972 4.54264 -0.911216 8.87271 -15.8926 
1.01941 1.68329 1.94684 -3.35721 -11.8963 -0.568841 3.50893 14.1686 -8.9878 -14.9696 8.20972 4.54264 -0.911216 8.87271 -15.8926 

1.01941 1.68329 1.94684 3.32904 -11.8963 6.95307 3.50893 14.1686 -8.9878 -14.9696 8.20972 4.54264 -0.911216 8.87271 -15.8926 
1.01941 1.68329 1.94684 -3.35721 -11.8963 -0.568841 3.50893 14.1686 -8.9878 -14.9696 8.20972 4.54264 -0.911216 8.87271 -15.8926 

1.01941 1.68329 1.94684 2.47519 -11.8963 1.77285 3.50893 14.1686 -8.9878 -14.9696 8.20972 4.54264 -0.911216 8.87271 -15.8926 
1.01941 1.68329 1.94684 -3.35721 -11.8963 -0.568841 3.50893 14.1686 -8.9878 -14.9696 8.20972 4.54264 -0.911216 8.87271 -15.8926 

1.01941 1.68329 1.94684 10.9735 -11.8963 11.2673 3.50893 14.1686 -8.9878 -14.9696 8.20972 4.54264 -0.911216 8.87271 -15.8926 
1.01941 1.68329 1.94684 -3.35721 -11.8963 -0.568841 3.50893 14.1686 -8.9878 -14.9696 8.20972 4.54264 -0.911216 8.87271 -15.8926 

1.01941 1.68329 1.94684 3.28233 -11.8963 8.69839 3.50893 14.1686 -8.9878 -14.9696 8.20972 4.54264 -0.911216 8.87271 -15.8926 
1.01941 1.68329 1.94684 -3.35721 -11.8963 -0.568841 3.50893 14.1686 -8.9878 -14.9696 8.20972 4.54264 -0.911216 8.87271 -15.8926 

1.01941 1.68329 1.94684 12.5567 -11.8963 1.32232 3.50893 14.1686 -8.9878 -14.9696 8.20972 4.54264 -0.911216 8.87271 -15.8926 
1.01941 1.68329 1.94684 -3.35721 -11.8963 -0.568841 3.50893 14.1686 -8.9878 -14.9696 8.20972 4.54264 -0.911216 8.87271 -15.8926 

1.01941 1.68329 1.94684 8.34423 -11.8963 2.28168 3.50893 14.1686 -8.9878 -14.9696 8.20972 4.54264 -0.911216 8.87271 -15.8926 
1.01941 1.68329 1.94684 -3.35721 -11.8963 -0.568841 3.50893 14.1686 -8.9878 -14.9696 8.20972 4.54264 -0.911216 8.87271 -15.8926 

1.01941 1.68329 1.94684 9.96122 -11.8963 14.3069 3.50893 14.1686 -8.9878 -14.9696 8.20972 4.54264 -0.911216 8.87271 -15.8926 
1.01941 1.68329 1.94684 -3.35721 -11.8963 -0.568841 3.50893 14.1686 -8.9878 -14.9696 8.20972 4.54264 -0.911216 8.87271 -15.8926 

