0 25.9797 5.73376 91.9891
173.218 166.728 0.206916 0.407115 0.170402 0.120141 9.63546 3.3429
1 26.0691 8.38705 125.432
177.539 165.778 0.235306 0.419202 0.0824386 0.0874162 9.24824 3.61919
2 26.3386 9.34209 142.472
163.384 161.636 0.281724 0.398545 0.0559342 0.104155 9.18225 3.75725
3 26.3386 10.9445 160.287
163.384 161.636 0.281724 0.398545 0.0559342 0.104155 9.18225 3.75725
4 27.1468 11.7056 173.362
182.35 158.176 0.197706 0.281595 0.111042 0.0480889 9.17319 4.31421
5 27.1468 12.3018 163.709
182.35 158.176 0.197706 0.281595 0.111042 0.0480889 9.17319 4.31421
6 27.1468 13.4958 165.197
182.35 158.176 0.197706 0.281595 0.111042 0.0480889 9.17319 4.31421
7 27.1468 13.3456 167.921
182.35 158.176 0.197706 0.281595 0.111042 0.0480889 9.17319 4.31421
8 27.1468 14.5158 164.82
182.35 158.176 0.197706 0.281595 0.111042 0.0480889 9.17319 4.31421
9 27.1468 15.6225 151.969
182.35 158.176 0.197706 0.281595 0.111042 0.0480889 9.17319 4.31421
10 27.523 16.915 135.504
181.25 153.32 0.256962 0.319883 0 0.017893 7.58717 5.78554
11 28.1807 16.8633 145.53
197.058 165.982 0.214305 0.236662 0.180381 0.129895 8.75566 4.0164
12 28.1807 16.3327 153.613
197.058 165.982 0.214305 0.236662 0.180381 0.129895 8.75566 4.0164
13 28.1807 19.3635 129.495
197.058 165.982 0.214305 0.236662 0.180381 0.129895 8.75566 4.0164
14 28.1807 20.1267 119.238
197.058 165.982 0.214305 0.236662 0.180381 0.129895 8.75566 4.0164
15 28.1807 22.0012 92.6413
197.058 165.982 0.214305 0.236662 0.180381 0.129895 8.75566 4.0164
16 28.1807 21.7634 94.1379
197.058 165.982 0.214305 0.236662 0.180381 0.129895 8.75566 4.0164
17 28.1807 22.9811 66.6656
197.058 165.982 0.214305 0.236662 0.180381 0.129895 8.75566 4.0164
18 28.1931 22.9393 67.1427
196.227 164.851 0.216297 0.237584 0.192053 0.128817 8.66776 3.97497
19 28.1931 23.4743 56.6958
196.227 164.851 0.216297 0.237584 0.192053 0.128817 8.66776 3.97497
20 28.1931 23.8687 56.2277
196.227 164.851 0.216297 0.237584 0.192053 0.128817 8.66776 3.97497
21 28.3717 23.8377 56.7759
183.904 154.406 0.14094 0.127812 0.136413 0.300022 4.48627 2.85757
22 28.3717 21.104 90.9736
183.904 154.406 0.14094 0.127812 0.136413 0.300022 4.48627 2.85757
23 28.3717 21.1667 81.2145
183.904 154.406 0.14094 0.127812 0.136413 0.300022 4.48627 2.85757
24 28.3717 21.7996 91.1913
183.904 154.406 0.14094 0.127812 0.136413 0.300022 4.48627 2.85757
25 28.3717 20.2397 114.01
183.904 154.406 0.14094 0.127812 0.136413 0.300022 4.48627 2.85757
26 28.3717 19.7366 114.826
183.904 154.406 0.14094 0.127812 0.136413 0.300022 4.48627 2.85757
27 28.3717 19.248 109.356
183.904 154.406 0.14094 0.127812 0.136413 0.300022 4.48627 2.85757
28 28.3717 22.0827 77.7874
183.904 154.406 0.14094 0.127812 0.136413 0.300022 4.48627 2.85757
29 28.6822 22.7868 69.4539
188.968 152.732 0.182251 0.110059 0.122956 0.270834 5.06125 2.57534
30 28.6822 22.0134 81.1183
188.968 152.732 0.182251 0.110059 0.122956 0.270834 5.06125 2.57534
31 28.6822 18.4638 131.795
188.968 152.732 0.182251 0.110059 0.122956 0.270834 5.06125 2.57534
32 28.6822 18.4023 112.087
188.968 152.732 0.182251 0.110059 0.122956 0.270834 5.06125 2.57534
33 28.6822 22.1783 67.9615
188.968 152.732 0.182251 0.110059 0.122956 0.270834 5.06125 2.57534
34 28.6822 23.1293 48.1096
188.968 152.732 0.182251 0.110059 0.122956 0.270834 5.06125 2.57534
35 28.6822 22.5771 53.1038
188.968 152.732 0.182251 0.110059 0.122956 0.270834 5.06125 2.57534
36 28.6822 24.9108 11.9655
188.968 152.732 0.182251 0.110059 0.122956 0.270834 5.06125 2.57534
37 28.6822 24.9473 16.5743
188.968 152.732 0.182251 0.110059 0.122956 0.270834 5.06125 2.57534
38 28.6822 22.0437 56.6591
188.968 152.732 0.182251 0.110059 0.122956 0.270834 5.06125 2.57534
39 28.6822 23.0037 32.4201
188.968 152.732 0.182251 0.110059 0.122956 0.270834 5.06125 2.57534
40 28.6822 22.0976 60.5805
188.968 152.732 0.182251 0.110059 0.122956 0.270834 5.06125 2.57534
41 28.6822 23.6529 39.4571
188.968 152.732 0.182251 0.110059 0.122956 0.270834 5.06125 2.57534
42 28.6822 23.7871 40.5648
188.968 152.732 0.182251 0.110059 0.122956 0.270834 5.06125 2.57534
43 28.6822 23.3397 41.5966
188.968 152.732 0.182251 0.110059 0.122956 0.270834 5.06125 2.57534
44 28.6822 22.1579 54.5214
188.968 152.732 0.182251 0.110059 0.122956 0.270834 5.06125 2.57534
45 28.6822 21.3958 70.3969
188.968 152.732 0.182251 0.110059 0.122956 0.270834 5.06125 2.57534
46 28.7311 22.5752 49.0015
188.868 152.459 0.18537 0.104535 0.119598 0.270528 5.08052 2.55431
47 28.9587 21.8942 76.4771
185.039 163.795 0.112056 0.137333 0.162896 0.200966 4.19231 2.76715
48 28.9587 22.0821 73.4599
185.039 163.795 0.112056 0.137333 0.162896 0.200966 4.19231 2.76715
49 28.9587 20.6011 84.2401
185.039 163.795 0.112056 0.137333 0.162896 0.200966 4.19231 2.76715
50 28.9587 23.2552 36.8124
185.039 163.795 0.112056 0.137333 0.162896 0.200966 4.19231 2.76715
51 28.9587 21.6943 55.1533
185.039 163.795 0.112056 0.137333 0.162896 0.200966 4.19231 2.76715
52 28.9587 22.3143 45.9548
185.039 163.795 0.112056 0.137333 0.162896 0.200966 4.19231 2.76715
53 28.9587 21.6956 53.3306
185.039 163.795 0.112056 0.137333 0.162896 0.200966 4.19231 2.76715
54 28.9587 20.7166 44.4764
185.039 163.795 0.112056 0.137333 0.162896 0.200966 4.19231 2.76715
55 28.9587 22.9086 21.4171
185.039 163.795 0.112056 0.137333 0.162896 0.200966 4.19231 2.76715
56 29.0818 22.6855 31.0182
181.111 162.84 0.127809 0.142024 0.108066 0.22094 3.98858 2.75114
57 29.1139 23.7499 16.5115
181.176 162.757 0.127045 0.141842 0.111087 0.220025 3.96336 2.75206
58 29.1139 23.9244 14.2998
181.176 162.757 0.127045 0.141842 0.111087 0.220025 3.96336 2.75206
59 29.1139 22.9193 33.1693
181.176 162.757 0.127045 0.141842 0.111087 0.220025 3.96336 2.75206
60 29.1139 23.0268 56.9213
181.176 162.757 0.127045 0.141842 0.111087 0.220025 3.96336 2.75206
61 29.1139 21.8946 71.1676
181.176 162.757 0.127045 0.141842 0.111087 0.220025 3.96336 2.75206
62 29.1139 22.6304 42.915
181.176 162.757 0.127045 0.141842 0.111087 0.220025 3.96336 2.75206
63 29.1139 23.3851 37.4661
181.176 162.757 0.127045 0.141842 0.111087 0.220025 3.96336 2.75206
64 29.1139 20.8056 80.7748
181.176 162.757 0.127045 0.141842 0.111087 0.220025 3.96336 2.75206
65 29.1139 23.8588 30.5492
181.176 162.757 0.127045 0.141842 0.111087 0.220025 3.96336 2.75206
66 29.1769 23.6238 43.4594
180.458 162.286 0.116623 0.127319 0.122087 0.224453 3.85529 2.73583
67 29.1769 23.2943 63.5296
180.458 162.286 0.116623 0.127319 0.122087 0.224453 3.85529 2.73583
68 29.1769 20.443 98.7717
180.458 162.286 0.116623 0.127319 0.122087 0.224453 3.85529 2.73583
69 29.1769 19.4877 108.994
180.458 162.286 0.116623 0.127319 0.122087 0.224453 3.85529 2.73583
70 29.1769 19.3859 114.653
180.458 162.286 0.116623 0.127319 0.122087 0.224453 3.85529 2.73583
71 29.1769 20.5453 91.4485
180.458 162.286 0.116623 0.127319 0.122087 0.224453 3.85529 2.73583
72 29.1769 21.2991 65.6788
180.458 162.286 0.116623 0.127319 0.122087 0.224453 3.85529 2.73583
73 29.1769 22.736 65.998
180.458 162.286 0.116623 0.127319 0.122087 0.224453 3.85529 2.73583
74 29.1769 23.3391 76.0134
180.458 162.286 0.116623 0.127319 0.122087 0.224453 3.85529 2.73583
75 29.1769 21.9367 81.9784
180.458 162.286 0.116623 0.127319 0.122087 0.224453 3.85529 2.73583
76 29.1769 20.0729 84.0515
180.458 162.286 0.116623 0.127319 0.122087 0.224453 3.85529 2.73583
77 29.2866 22.0822 66.7606
181.542 162.096 0.11776 0.1324 0.118792 0.224765 3.90098 2.72237
78 29.2866 21.4915 63.4659
181.542 162.096 0.11776 0.1324 0.118792 0.224765 3.90098 2.72237
79 29.2866 22.3169 55.9416
181.542 162.096 0.11776 0.1324 0.118792 0.224765 3.90098 2.72237
80 29.2866 19.3219 108.438
181.542 162.096 0.11776 0.1324 0.118792 0.224765 3.90098 2.72237
81 29.2866 18.7669 108.353
181.542 162.096 0.11776 0.1324 0.118792 0.224765 3.90098 2.72237
82 29.346 20.2577 101.155
181.987 161.714 0.117052 0.129383 0.119884 0.224651 3.90553 2.72433
83 29.346 19.4051 110.999
181.987 161.714 0.117052 0.129383 0.119884 0.224651 3.90553 2.72433
84 29.346 19.3512 97.8095
181.987 161.714 0.117052 0.129383 0.119884 0.224651 3.90553 2.72433
85 29.346 21.2074 73.4623
181.987 161.714 0.117052 0.129383 0.119884 0.224651 3.90553 2.72433
86 29.346 20.8103 65.9966
181.987 161.714 0.117052 0.129383 0.119884 0.224651 3.90553 2.72433
87 29.346 19.7546 83.4173
181.987 161.714 0.117052 0.129383 0.119884 0.224651 3.90553 2.72433
88 29.346 23.6138 42.3371
181.987 161.714 0.117052 0.129383 0.119884 0.224651 3.90553 2.72433
89 29.346 22.2993 68.9297
181.987 161.714 0.117052 0.129383 0.119884 0.224651 3.90553 2.72433
90 29.3467 18.0372 105.623
181.982 161.687 0.11678 0.12918 0.12013 0.225093 3.90563 2.72296
91 29.3467 19.965 84.552
181.982 161.687 0.11678 0.12918 0.12013 0.225093 3.90563 2.72296
92 29.3726 21.8218 63.5049
181.991 161.691 0.11686 0.12921 0.12013 0.225052 3.90583 2.72386
93 29.3726 22.6428 71.0075
181.991 161.691 0.11686 0.12921 0.12013 0.225052 3.90583 2.72386
94 29.3726 19.3989 90.9537
181.991 161.691 0.11686 0.12921 0.12013 0.225052 3.90583 2.72386
95 29.3726 20.4603 81.9718
181.991 161.691 0.11686 0.12921 0.12013 0.225052 3.90583 2.72386
96 29.3726 21.0824 73.0529
181.991 161.691 0.11686 0.12921 0.12013 0.225052 3.90583 2.72386
97 29.3726 21.8493 73.9421
181.991 161.691 0.11686 0.12921 0.12013 0.225052 3.90583 2.72386
98 29.3726 21.1001 98.7799
181.991 161.691 0.11686 0.12921 0.12013 0.225052 3.90583 2.72386
99 29.3726 19.6389 115.001
181.991 161.691 0.11686 0.12921 0.12013 0.225052 3.90583 2.72386
100 29.3726 18.5671 129.628
181.991 161.691 0.11686 0.12921 0.12013 0.225052 3.90583 2.72386
