0 13.8926 3.83221 8.68138
110.724 126.716 0.257255 0.24716 0.126512 0.014763 9.86933 4.22604
1 21.6422 4.87392 20.9347
132.064 118.19 0.343268 0.39717 0 0 10 4.49688
2 21.6422 6.29902 31.8455
132.064 118.19 0.343268 0.39717 0 0 10 4.49688
3 21.6422 7.35627 40.893
132.064 118.19 0.343268 0.39717 0 0 10 4.49688
4 21.6422 9.18195 59.8007
132.064 118.19 0.343268 0.39717 0 0 10 4.49688
5 21.6422 10.2706 68.0853
132.064 118.19 0.343268 0.39717 0 0 10 4.49688
6 21.6422 11.4402 61.3682
132.064 118.19 0.343268 0.39717 0 0 10 4.49688
7 21.6422 11.7278 63.512
132.064 118.19 0.343268 0.39717 0 0 10 4.49688
8 21.9585 12.2267 55.2038
105.66 116.218 0.366396 0.381476 0.065647 0 9.95759 4.84997
9 21.9585 12.1336 65.3274
105.66 116.218 0.366396 0.381476 0.065647 0 9.95759 4.84997
10 22.2096 12.7151 63.0041
112.421 104.021 0.358499 0.431916 0 0 8.65063 4.50436
11 22.2096 13.2056 56.3373
112.421 104.021 0.358499 0.431916 0 0 8.65063 4.50436
12 22.2096 13.1274 48.4883
112.421 104.021 0.358499 0.431916 0 0 8.65063 4.50436
13 22.5365 12.5941 49.8482
100.723 104.391 0.353498 0.313866 0 0.143695 9.32452 4.24375
14 23.3485 13.277 49.8445
100 105.885 0.395813 0.342738 0.00643728 0.0271148 9.45307 4.55306
15 23.3485 12.046 51.0857
100 105.885 0.395813 0.342738 0.00643728 0.0271148 9.45307 4.55306
16 23.3485 12.9149 59.1939
100 105.885 0.395813 0.342738 0.00643728 0.0271148 9.45307 4.55306
17 23.3485 12.6105 55.1355
100 105.885 0.395813 0.342738 0.00643728 0.0271148 9.45307 4.55306
18 23.3485 14.4378 57.5546
100 105.885 0.395813 0.342738 0.00643728 0.0271148 9.45307 4.55306
19 23.3485 13.8354 58.6071
100 105.885 0.395813 0.342738 0.00643728 0.0271148 9.45307 4.55306
20 23.3485 14.6058 62.7559
100 105.885 0.395813 0.342738 0.00643728 0.0271148 9.45307 4.55306
21 23.3485 15.5085 61.383
100 105.885 0.395813 0.342738 0.00643728 0.0271148 9.45307 4.55306
22 23.3485 15.1954 70.7756
100 105.885 0.395813 0.342738 0.00643728 0.0271148 9.45307 4.55306
23 23.3485 15.2407 56.1825
100 105.885 0.395813 0.342738 0.00643728 0.0271148 9.45307 4.55306
24 23.3485 16.254 55.7966
100 105.885 0.395813 0.342738 0.00643728 0.0271148 9.45307 4.55306
25 23.3485 16.7212 47.7306
100 105.885 0.395813 0.342738 0.00643728 0.0271148 9.45307 4.55306
26 23.3485 16.5887 49.9656
100 105.885 0.395813 0.342738 0.00643728 0.0271148 9.45307 4.55306
27 23.3485 15.7648 55.9998
100 105.885 0.395813 0.342738 0.00643728 0.0271148 9.45307 4.55306
28 23.3485 15.4693 58.6743
100 105.885 0.395813 0.342738 0.00643728 0.0271148 9.45307 4.55306
29 23.3485 15.1733 63.3117
100 105.885 0.395813 0.342738 0.00643728 0.0271148 9.45307 4.55306
30 23.3485 14.2084 58.2136
100 105.885 0.395813 0.342738 0.00643728 0.0271148 9.45307 4.55306
31 23.3485 15.062 56.4446
100 105.885 0.395813 0.342738 0.00643728 0.0271148 9.45307 4.55306
32 23.3485 14.1028 59.5363
100 105.885 0.395813 0.342738 0.00643728 0.0271148 9.45307 4.55306
33 23.3485 14.9131 58.4089
100 105.885 0.395813 0.342738 0.00643728 0.0271148 9.45307 4.55306
34 23.3485 12.5996 63.6773
100 105.885 0.395813 0.342738 0.00643728 0.0271148 9.45307 4.55306
35 23.3485 13.5343 67.104
100 105.885 0.395813 0.342738 0.00643728 0.0271148 9.45307 4.55306
36 23.3485 14.7341 74.534
100 105.885 0.395813 0.342738 0.00643728 0.0271148 9.45307 4.55306
37 23.3485 15.0502 60.295
100 105.885 0.395813 0.342738 0.00643728 0.0271148 9.45307 4.55306
38 23.4783 15.7073 50.7835
101.018 105.425 0.395006 0.383164 0.00903838 0 9.41748 4.318
39 23.4783 16.4495 40.4874
101.018 105.425 0.395006 0.383164 0.00903838 0 9.41748 4.318
40 23.6914 16.5596 42.7645
102.967 103.876 0.387189 0.380727 0.00672932 0 9.67844 4.38199
41 23.6914 15.5939 51.9524
102.967 103.876 0.387189 0.380727 0.00672932 0 9.67844 4.38199
42 23.6914 14.6158 59.154
102.967 103.876 0.387189 0.380727 0.00672932 0 9.67844 4.38199
43 23.9039 15.1935 57.6645
100 104.477 0.405413 0.36918 0 0.00526013 9.81221 4.27744
44 23.9039 14.6643 54.1853
100 104.477 0.405413 0.36918 0 0.00526013 9.81221 4.27744
45 23.9039 14.3319 71.9311
100 104.477 0.405413 0.36918 0 0.00526013 9.81221 4.27744
46 23.9039 15.4163 72.9515
100 104.477 0.405413 0.36918 0 0.00526013 9.81221 4.27744
47 23.9039 15.5151 75.2936
100 104.477 0.405413 0.36918 0 0.00526013 9.81221 4.27744
48 23.9039 14.781 67.5974
100 104.477 0.405413 0.36918 0 0.00526013 9.81221 4.27744
49 23.9039 14.4568 63.4748
100 104.477 0.405413 0.36918 0 0.00526013 9.81221 4.27744
50 23.9039 14.1862 76.803
100 104.477 0.405413 0.36918 0 0.00526013 9.81221 4.27744
51 23.9039 14.3027 73.7653
100 104.477 0.405413 0.36918 0 0.00526013 9.81221 4.27744
52 23.9039 15.3246 65.4202
100 104.477 0.405413 0.36918 0 0.00526013 9.81221 4.27744
53 23.9039 15.6596 59.8969
100 104.477 0.405413 0.36918 0 0.00526013 9.81221 4.27744
54 23.9039 14.9418 54.9969
100 104.477 0.405413 0.36918 0 0.00526013 9.81221 4.27744
55 23.9039 14.3618 59.0897
100 104.477 0.405413 0.36918 0 0.00526013 9.81221 4.27744
56 23.9039 16.0763 57.2737
100 104.477 0.405413 0.36918 0 0.00526013 9.81221 4.27744
57 23.9039 14.5781 74.0905
100 104.477 0.405413 0.36918 0 0.00526013 9.81221 4.27744
58 23.9039 15.2336 72.1703
100 104.477 0.405413 0.36918 0 0.00526013 9.81221 4.27744
59 23.9039 15.41 67.3765
100 104.477 0.405413 0.36918 0 0.00526013 9.81221 4.27744
60 23.9039 13.2821 70.6171
100 104.477 0.405413 0.36918 0 0.00526013 9.81221 4.27744
61 23.9039 14.5977 74.8073
100 104.477 0.405413 0.36918 0 0.00526013 9.81221 4.27744
62 23.9039 14.9714 62.2118
100 104.477 0.405413 0.36918 0 0.00526013 9.81221 4.27744
63 23.9039 13.7075 64.2517
100 104.477 0.405413 0.36918 0 0.00526013 9.81221 4.27744
64 23.9039 14.432 63.9903
100 104.477 0.405413 0.36918 0 0.00526013 9.81221 4.27744
65 23.9039 13.2404 58.1058
100 104.477 0.405413 0.36918 0 0.00526013 9.81221 4.27744
66 23.9039 14.6154 61.2147
100 104.477 0.405413 0.36918 0 0.00526013 9.81221 4.27744
67 23.9039 14.4 62.0105
100 104.477 0.405413 0.36918 0 0.00526013 9.81221 4.27744
68 23.9039 15.0042 64.144
100 104.477 0.405413 0.36918 0 0.00526013 9.81221 4.27744
69 23.9039 14.3515 54.1676
100 104.477 0.405413 0.36918 0 0.00526013 9.81221 4.27744
70 23.9039 15.3272 56.0383
100 104.477 0.405413 0.36918 0 0.00526013 9.81221 4.27744
71 23.912 15.1515 63.016
100 100 0.413393 0.36342 0 0 10 4.0341
72 23.912 15.7233 62.5982
100 100 0.413393 0.36342 0 0 10 4.0341
73 23.912 15.1729 72.7986
100 100 0.413393 0.36342 0 0 10 4.0341
74 23.912 14.9433 61.6476
100 100 0.413393 0.36342 0 0 10 4.0341
75 23.912 14.4175 61.2804
100 100 0.413393 0.36342 0 0 10 4.0341
76 23.912 14.1074 63.8933
100 100 0.413393 0.36342 0 0 10 4.0341
77 23.912 12.2014 48.7282
100 100 0.413393 0.36342 0 0 10 4.0341
78 23.912 12.7124 58.4305
100 100 0.413393 0.36342 0 0 10 4.0341
79 23.9248 13.3278 59.5544
100.19 100.354 0.411288 0.365892 0 0 10 4.01247
80 23.9248 12.9565 72.1729
100.19 100.354 0.411288 0.365892 0 0 10 4.01247
81 23.9248 13.8123 78.1421
100.19 100.354 0.411288 0.365892 0 0 10 4.01247
82 23.9248 15.0813 74.7995
100.19 100.354 0.411288 0.365892 0 0 10 4.01247
83 23.9248 13.0859 62.2293
100.19 100.354 0.411288 0.365892 0 0 10 4.01247
84 23.9248 13.9687 62.8807
100.19 100.354 0.411288 0.365892 0 0 10 4.01247
85 23.9248 13.3063 76.7149
100.19 100.354 0.411288 0.365892 0 0 10 4.01247
86 23.9254 13.9646 77.0979
100 100 0.412019 0.366475 0 0 10 4.64281
87 23.9254 12.7488 77.1954
100 100 0.412019 0.366475 0 0 10 4.64281
88 23.9254 11.731 83.9592
100 100 0.412019 0.366475 0 0 10 4.64281
89 23.9264 11.8027 78.8824
100.147 100.296 0.410721 0.36509 0.000153137 0.000171199 9.99316 4.00441
90 23.9264 12.2854 84.0989
100.147 100.296 0.410721 0.36509 0.000153137 0.000171199 9.99316 4.00441
91 23.9264 11.4788 82.5843
100.147 100.296 0.410721 0.36509 0.000153137 0.000171199 9.99316 4.00441
92 23.9264 11.0941 77.9788
100.147 100.296 0.410721 0.36509 0.000153137 0.000171199 9.99316 4.00441
93 23.9264 12.8678 79.6268
100.147 100.296 0.410721 0.36509 0.000153137 0.000171199 9.99316 4.00441
94 23.9264 12.7153 74.8385
100.147 100.296 0.410721 0.36509 0.000153137 0.000171199 9.99316 4.00441
95 23.9264 11.5658 74.8655
100.147 100.296 0.410721 0.36509 0.000153137 0.000171199 9.99316 4.00441
96 23.9264 12.1364 73.8117
100.147 100.296 0.410721 0.36509 0.000153137 0.000171199 9.99316 4.00441
97 23.9264 14.2836 81.338
100.147 100.296 0.410721 0.36509 0.000153137 0.000171199 9.99316 4.00441
98 23.9264 13.6332 77.128
100.147 100.296 0.410721 0.36509 0.000153137 0.000171199 9.99316 4.00441
99 23.9264 14.2996 74.2492
100.147 100.296 0.410721 0.36509 0.000153137 0.000171199 9.99316 4.00441
100 23.9264 13.212 72.3593
100.147 100.296 0.410721 0.36509 0.000153137 0.000171199 9.99316 4.00441
