0 0 0 0 0 0 0 0 0 0 0 0 0 0 0 0 0 0 0 0 0 0 0 0 0 0 0 0 0 0 0 0 0 0 0 0 0 0 0 0 0 0 0 0 0 0 0 0 0 0 0 0 0 0 0 0 0 0 0 0 0 0 0 0 0 0 0 0 0 0 0 0 0 0 0 0 0 0 0 0 0 0 0 0 0 0 0 0 0 0 0 0 0 0 0 0 0 0 0 0 
0 0 0 0 0 0 0 0 0 0 0 0 0 0 0 0 0 0 0 0 0 0 0 0 0 0 0 0 0 0 0 0 0 0 0 0 0 0 0 0 0 0 0 0 0 0 0 0 0 0 0 0 0 0 0 0 0 0 0 0 0 0 0 0 0 0 0 0 0 0 0 0 0 0 0 0 0 0 0 0 0 0 0 0 0 4 1 4 3 8 11 12 1 0 0 0 0 0 0 0 
0 0 0 0 0 0 0 0 0 0 0 0 0 0 0 0 0 0 0 0 0 0 0 0 0 0 0 0 0 0 0 0 0 0 0 0 0 0 0 0 0 0 0 0 0 0 0 0 0 0 0 0 0 0 0 0 0 0 0 0 0 0 0 0 0 0 0 0 0 1 2 2 2 4 4 6 7 6 8 9 6 7 14 10 16 23 25 24 25 25 25 25 2 0 0 0 0 0 0 0 
0 0 0 0 0 0 0 0 0 0 0 0 0 0 0 0 0 0 0 0 0 0 0 0 0 0 0 0 0 0 0 0 0 0 0 0 0 0 0 0 0 0 0 0 0 0 0 0 0 0 0 0 1 0 2 2 4 3 4 3 4 5 6 6 8 5 9 9 7 7 11 13 13 8 11 10 9 12 12 7 20 22 25 25 25 25 25 25 25 25 25 18 0 0 0 0 0 0 0 0 
0 0 0 25 0 0 0 0 0 0 0 0 1 3 1 0 0 0 0 0 0 0 0 0 0 0 0 0 2 0 2 5 6 1 4 3 1 6 3 7 7 2 4 3 6 5 5 6 6 5 6 6 5 6 5 8 9 8 8 9 8 11 7 9 10 12 10 14 11 14 13 13 11 8 14 22 21 24 24 25 25 25 25 25 25 25 25 25 25 25 21 1 0 0 0 0 0 0 0 0 
0 0 20 25 25 0 0 0 0 0 0 4 2 1 6 3 3 2 7 4 4 4 4 6 2 4 4 6 5 8 5 4 8 4 5 7 7 7 6 5 4 5 7 6 9 9 12 12 8 11 11 11 11 12 8 9 9 9 11 13 13 14 13 11 12 14 2 2 11 10 18 20 21 25 24 24 25 25 25 25 25 25 25 25 25 25 25 25 25 23 11 0 0 0 0 0 0 0 0 0 
0 5 23 25 25 25 0 0 0 0 0 5 8 4 7 9 8 10 5 10 8 6 12 6 8 7 9 8 10 10 8 11 11 17 9 13 12 9 13 10 13 7 17 11 16 8 11 9 10 8 11 13 12 11 11 14 13 14 12 14 13 7 14 9 12 17 17 22 18 25 24 25 25 25 25 25 25 25 25 25 25 25 25 25 25 25 25 25 25 13 1 0 0 0 0 0 0 0 0 0 
0 11 24 25 25 25 0 0 0 0 0 6 13 8 10 9 16 11 8 10 15 14 13 11 14 14 15 12 8 13 15 10 15 11 8 8 11 11 8 15 10 15 11 12 12 9 16 15 15 11 9 12 12 15 15 3 9 10 15 18 16 21 25 22 21 24 25 23 25 25 25 25 25 25 25 25 25 25 25 25 25 25 25 25 25 25 25 25 21 12 0 0 0 0 0 0 0 0 0 0 
0 19 25 25 25 25 25 0 0 0 0 0 10 10 9 14 11 9 15 13 14 16 15 13 14 14 12 10 18 10 8 15 18 18 11 11 12 10 10 12 11 15 17 11 13 13 15 15 15 7 7 12 14 11 16 17 18 22 20 20 20 25 25 24 24 25 25 25 25 25 25 25 25 25 25 25 25 25 25 25 25 25 25 25 25 25 25 21 11 9 0 0 0 0 0 0 0 0 0 0 
0 20 25 25 25 25 25 25 0 0 0 10 11 7 16 11 10 15 13 14 10 10 13 16 18 13 8 17 14 11 16 17 17 9 10 10 11 16 14 14 12 14 17 15 8 18 14 16 17 16 15 20 18 19 23 18 22 24 24 22 24 25 25 25 24 25 25 25 25 25 25 25 25 25 25 25 25 25 25 25 25 25 25 25 25 25 24 19 10 5 0 0 0 0 0 0 0 0 0 0 
0 20 25 25 25 25 25 25 25 0 8 6 5 14 12 14 16 11 10 11 11 10 13 10 15 16 8 12 15 18 11 8 17 10 18 17 16 16 16 15 16 15 14 18 19 21 19 23 23 22 23 21 23 25 25 25 25 25 25 25 24 24 25 25 25 25 25 25 25 25 25 25 25 25 25 25 25 25 25 25 25 25 25 25 25 25 20 15 10 0 0 0 0 0 0 0 0 0 0 0 
0 20 25 25 25 25 25 25 25 15 11 13 15 13 9 10 13 13 15 16 16 16 13 13 11 15 17 16 9 11 19 10 16 13 18 21 18 19 19 18 22 21 23 20 21 21 23 22 24 25 25 24 24 23 25 25 25 24 24 25 25 24 25 25 25 25 25 25 25 25 25 25 25 25 25 25 25 25 25 25 25 25 25 25 25 19 19 14 5 0 0 0 0 0 0 0 0 0 0 0 
0 19 25 25 25 25 25 25 25 15 10 11 12 13 12 15 9 11 11 11 11 12 18 18 12 21 15 14 19 18 18 22 21 18 19 21 21 20 23 24 24 23 23 20 24 25 25 25 22 25 24 25 25 24 24 25 25 25 25 25 25 25 25 25 25 25 25 25 25 25 25 25 25 25 25 25 25 25 25 25 25 25 25 25 24 20 16 9 3 0 0 0 0 0 0 0 0 0 0 0 
0 19 24 25 23 20 21 20 17 18 16 17 20 17 18 15 15 19 19 20 16 16 21 19 22 23 21 20 23 22 20 22 24 23 23 21 23 19 23 25 23 25 25 25 22 25 25 25 25 25 24 24 25 25 25 25 25 25 25 25 25 25 25 25 25 25 25 25 25 25 25 25 25 25 25 25 25 25 25 25 25 25 25 25 21 15 12 5 0 0 0 0 0 0 0 0 0 0 0 0 
0 23 21 20 23 22 20 21 24 19 22 22 24 22 20 19 19 20 20 20 22 23 17 20 23 20 19 23 24 23 25 23 23 23 21 22 24 25 25 25 25 24 24 25 25 25 25 24 25 25 25 25 25 25 25 25 25 25 25 25 25 25 25 25 25 25 25 25 25 25 25 25 25 25 25 25 25 25 25 25 25 25 25 23 16 17 10 5 0 0 0 0 0 0 0 0 0 0 0 0 
0 24 21 19 24 21 23 20 25 24 22 20 22 24 18 24 19 19 20 20 21 17 24 23 24 25 23 25 22 20 20 23 22 25 25 25 25 25 23 25 25 25 25 25 24 25 25 25 25 25 25 25 25 25 25 25 25 25 25 25 25 25 25 25 25 25 25 25 25 25 25 25 25 25 25 25 25 25 25 25 25 25 21 20 18 14 7 5 0 0 0 0 0 0 0 0 0 0 0 0 
0 19 22 22 24 21 25 20 21 16 18 19 21 17 23 24 23 23 25 25 25 24 22 23 24 22 22 21 25 25 25 25 24 23 23 23 25 25 25 25 25 22 24 25 25 25 25 25 25 25 25 25 25 25 25 25 25 25 25 25 25 25 25 25 25 25 25 25 25 25 25 25 25 25 25 25 25 25 25 25 25 24 24 13 14 13 3 1 0 0 0 0 0 0 0 0 0 0 0 0 
0 22 25 25 24 25 21 24 22 25 25 25 25 25 25 24 23 23 23 21 23 20 19 21 23 25 25 25 25 24 23 23 24 25 25 25 25 24 24 25 25 25 25 25 25 25 25 25 25 25 25 25 25 25 25 25 25 25 25 25 25 25 25 25 25 25 25 25 25 25 25 25 25 25 25 25 25 25 25 25 25 24 16 16 16 10 4 0 0 0 0 0 0 0 0 0 0 0 0 0 
0 14 24 25 25 22 25 25 25 21 20 21 23 20 24 24 24 22 22 25 25 25 25 25 25 21 21 23 23 25 25 25 25 25 24 23 24 25 25 25 25 25 25 25 25 25 25 25 25 25 25 25 25 25 25 25 25 25 25 25 25 25 25 25 25 25 25 25 25 25 25 25 25 25 25 25 25 25 25 25 24 20 20 15 12 5 2 0 0 0 0 0 0 0 0 0 0 0 0 0 
0 8 24 22 24 25 23 22 25 25 25 25 25 25 25 25 25 25 25 25 24 22 22 24 23 25 25 25 25 25 25 22 24 25 25 25 25 25 25 25 25 25 25 25 25 25 25 25 25 25 25 25 25 25 25 25 25 25 25 25 25 25 25 25 25 25 25 25 25 25 25 25 25 25 25 25 25 25 25 25 21 17 11 9 8 8 0 0 0 0 0 0 0 0 0 0 0 0 0 0 
0 0 22 25 23 24 25 24 23 23 24 23 24 22 23 22 22 23 24 24 25 25 25 25 25 25 25 24 24 23 25 25 25 25 25 25 25 25 25 25 25 25 25 25 25 25 25 25 25 25 25 25 25 25 25 25 25 25 25 25 25 25 25 25 25 25 25 25 25 25 25 25 25 25 25 25 25 25 25 23 22 16 11 12 9 1 2 0 0 0 0 0 0 0 0 0 0 0 0 0 
0 0 23 25 23 21 24 25 25 25 25 24 23 25 25 24 23 25 25 25 25 25 25 25 23 24 24 25 25 25 25 25 25 25 25 25 25 25 25 25 25 25 25 25 25 25 25 25 25 25 25 25 25 25 25 25 25 25 25 25 25 25 25 25 25 25 25 25 25 25 25 25 25 25 25 25 25 25 24 18 22 14 14 12 3 2 0 0 0 0 0 0 0 0 0 0 0 0 0 0 
0 0 25 25 25 25 25 24 23 25 25 25 25 25 25 25 25 25 25 25 23 24 24 25 25 25 25 25 25 25 23 25 25 25 25 25 25 25 25 25 25 25 25 25 25 25 25 25 25 25 25 25 25 25 25 25 25 25 25 25 25 25 25 25 25 25 25 25 25 25 25 25 25 25 25 25 25 25 22 19 16 16 9 9 4 1 0 0 0 0 0 0 0 0 0 0 0 0 0 0 
0 0 24 24 25 25 24 25 21 24 23 24 25 25 25 23 21 25 25 23 25 25 25 25 25 25 25 25 25 25 25 25 25 25 25 25 25 25 25 25 25 25 25 25 25 25 25 25 25 25 25 25 25 25 25 25 25 25 25 25 25 25 25 25 25 25 25 25 25 25 25 25 25 25 25 25 25 24 18 15 13 10 7 7 6 1 0 0 0 0 0 0 0 0 0 0 0 0 0 0 
0 0 19 22 25 25 25 25 23 23 23 23 21 21 23 24 22 25 25 25 25 25 25 25 25 25 25 25 25 25 25 25 25 25 25 25 25 25 25 25 25 25 25 25 25 25 25 25 25 25 25 25 25 25 25 25 25 25 25 25 25 25 25 25 25 25 25 25 25 25 25 25 25 25 25 25 23 21 18 19 14 8 12 6 3 0 0 0 0 0 0 0 0 0 0 0 0 0 0 0 
0 0 22 24 25 25 25 25 25 25 25 25 25 25 25 25 25 25 25 25 25 25 25 25 25 25 25 25 25 25 25 25 25 25 25 25 25 25 25 25 25 25 25 25 25 25 25 25 25 25 25 25 25 25 25 25 25 25 25 25 25 25 25 25 25 25 25 25 25 25 25 25 25 25 25 25 21 17 17 15 16 13 8 6 2 0 0 0 0 0 0 0 0 0 0 0 0 0 0 0 
0 0 15 25 25 25 25 25 25 25 25 25 25 25 25 25 25 25 25 25 25 25 25 25 25 25 25 25 25 25 25 25 25 25 25 25 25 25 25 25 25 25 25 25 25 25 25 25 25 25 25 25 25 25 25 25 25 25 25 25 25 25 25 25 25 25 25 25 25 25 25 25 25 25 25 22 16 19 15 13 13 11 6 2 1 0 0 0 0 0 0 0 0 0 0 0 0 0 0 0 
0 0 13 20 25 25 25 25 25 25 25 25 25 23 24 25 25 25 25 25 25 25 25 25 24 25 25 25 25 25 25 25 25 25 25 25 25 25 25 25 25 25 25 25 25 25 25 25 25 25 25 25 25 25 25 25 25 25 25 25 25 25 25 25 25 25 25 25 25 25 25 25 25 25 23 17 19 17 18 13 10 9 4 7 0 0 0 0 0 0 0 0 0 0 0 0 0 0 0 0 
0 0 4 21 25 25 24 24 23 25 25 24 23 22 25 25 25 25 25 25 25 25 25 25 25 25 25 25 25 25 25 25 25 25 25 25 25 25 25 25 25 25 25 25 25 25 25 25 25 25 25 25 25 25 25 25 25 25 25 25 25 25 25 25 25 25 25 25 25 25 25 25 25 24 23 19 14 19 17 14 9 7 3 3 0 0 0 0 0 0 0 0 0 0 0 0 0 0 0 0 
0 0 6 24 25 25 23 22 25 24 25 25 25 25 25 25 25 25 25 25 25 25 25 25 25 25 25 25 25 25 25 25 25 25 25 25 25 25 25 25 25 25 25 25 25 25 25 25 25 25 25 25 25 25 25 25 25 25 25 25 25 25 25 25 25 25 25 25 25 25 25 25 22 21 23 17 18 17 12 10 6 8 4 1 0 0 0 0 0 0 0 0 0 0 0 0 0 0 0 0 
0 0 0 21 23 25 25 23 23 25 25 25 25 25 25 25 25 25 24 25 25 25 25 25 25 25 25 25 25 25 25 25 25 25 25 25 25 25 25 25 25 25 25 25 25 25 25 25 25 25 25 25 25 25 25 25 25 25 25 25 25 25 25 25 25 25 25 25 25 25 25 25 25 21 21 16 17 11 6 13 5 6 3 2 0 0 0 0 0 0 0 0 0 0 0 0 0 0 0 0 
0 0 1 22 19 24 23 24 25 25 25 25 25 25 25 25 25 25 25 25 25 25 25 25 25 25 25 25 25 25 25 25 25 25 25 25 25 25 25 25 25 25 25 25 25 25 25 25 25 25 25 25 25 25 25 25 25 25 25 25 25 25 25 25 25 25 25 25 25 25 25 25 24 19 16 12 16 13 12 7 10 3 4 0 0 0 0 0 0 0 0 0 0 0 0 0 0 0 0 0 
0 0 1 17 21 25 24 24 25 25 25 25 25 25 25 25 25 25 25 25 25 25 25 25 25 25 25 25 25 25 25 25 25 25 25 25 25 25 25 25 25 25 25 25 25 25 25 25 25 25 25 25 25 25 25 25 25 25 25 25 25 25 25 25 25 25 25 25 25 25 25 22 22 24 22 17 13 9 11 8 4 4 0 0 0 0 0 0 0 0 0 0 0 0 0 0 0 0 0 0 
0 0 0 19 16 25 24 24 25 25 25 25 25 25 25 25 25 25 25 25 25 25 25 25 25 25 25 25 25 25 25 25 25 25 25 25 25 25 25 25 25 25 25 25 25 25 25 25 25 25 25 25 25 25 25 25 25 25 25 25 25 25 25 25 25 25 25 25 25 25 22 23 22 24 14 17 14 12 7 7 7 3 0 0 0 0 0 0 0 0 0 0 0 0 0 0 0 0 0 0 
0 0 0 11 19 25 22 24 25 25 25 25 25 25 25 25 25 25 25 25 25 25 25 25 25 25 25 25 25 25 25 25 25 25 25 25 25 25 25 25 25 25 25 25 25 25 25 25 25 25 25 25 25 25 25 25 25 25 25 25 25 25 25 25 25 25 25 25 25 24 22 21 16 19 17 15 9 10 10 7 6 2 1 0 0 0 0 0 0 0 0 0 0 0 0 0 0 0 0 0 
0 0 0 18 24 25 24 25 25 25 25 24 24 25 25 25 25 25 25 25 25 25 25 25 25 25 25 25 25 25 25 25 25 25 25 25 25 25 25 25 25 25 25 25 25 25 25 25 25 25 25 25 25 25 25 25 25 25 25 25 25 25 25 25 25 25 25 25 25 23 23 21 18 14 13 10 10 8 6 6 4 1 0 0 0 0 0 0 0 0 0 0 0 0 0 0 0 0 0 0 
0 0 0 12 24 23 25 25 25 25 24 25 25 25 25 25 25 25 25 25 25 25 25 25 25 25 25 25 25 25 25 25 25 25 25 25 25 25 25 25 25 25 25 25 25 25 25 25 25 25 25 25 25 25 25 25 25 25 25 25 25 25 25 25 25 25 25 25 22 21 18 19 19 14 15 16 13 8 10 3 4 2 0 0 0 0 0 0 0 0 0 0 0 0 0 0 0 0 0 0 
0 0 0 18 24 20 24 21 25 25 24 24 25 25 25 25 25 25 25 25 25 25 25 25 25 25 25 25 25 25 25 25 25 25 25 25 25 25 25 25 25 25 25 25 25 25 25 25 25 25 25 25 25 25 25 25 25 25 25 25 25 25 25 25 25 25 25 24 22 20 21 20 13 14 11 11 9 6 5 4 2 1 0 0 0 0 0 0 0 0 0 0 0 0 0 0 0 0 0 0 
0 0 0 16 23 22 25 24 25 25 22 25 25 25 25 25 25 25 25 25 25 25 25 25 25 25 25 25 25 25 25 25 25 25 25 25 25 25 25 25 25 25 25 25 25 25 25 25 25 25 25 25 25 25 25 25 25 25 25 25 25 25 25 25 25 25 25 23 20 18 14 10 14 14 14 10 11 8 7 3 1 0 0 0 0 0 0 0 0 0 0 0 0 0 0 0 0 0 0 0 
0 0 0 5 21 21 25 25 25 25 24 25 25 25 25 25 25 25 25 25 25 25 25 25 25 25 25 25 25 25 25 25 25 25 25 25 25 25 25 25 25 25 25 25 25 25 25 25 25 25 25 25 25 25 25 25 25 25 25 25 25 25 25 25 25 25 22 24 18 19 18 19 10 14 6 10 8 6 4 6 0 0 0 0 0 0 0 0 0 0 0 0 0 0 0 0 0 0 0 0 
0 0 0 0 24 19 25 24 25 24 24 25 25 22 25 25 25 25 25 25 25 25 25 25 25 25 25 25 25 25 25 25 25 25 25 25 25 25 25 25 25 25 25 25 25 25 25 25 25 25 25 25 25 25 25 25 25 25 25 25 25 25 25 25 25 22 23 23 17 19 18 14 11 14 13 5 9 5 3 1 2 0 0 0 0 0 0 0 0 0 0 0 0 0 0 0 0 0 0 0 
0 0 0 0 14 23 25 23 25 24 25 25 25 25 25 25 25 25 25 25 25 25 25 25 25 25 25 25 25 25 25 25 25 25 25 25 25 25 25 25 25 25 25 25 25 25 25 25 25 25 25 25 25 25 25 25 25 25 25 25 25 25 25 25 25 23 23 20 14 17 13 14 12 14 6 11 9 6 3 4 2 0 0 0 0 0 0 0 0 0 0 0 0 0 0 0 0 0 0 0 
0 0 0 6 18 22 25 24 25 22 25 25 24 25 25 25 25 25 25 25 25 25 25 25 25 25 25 25 25 25 25 25 25 25 25 25 25 25 25 25 25 25 25 25 25 25 25 25 25 25 25 25 25 25 25 25 25 25 25 25 25 25 25 25 25 17 16 18 18 18 16 15 10 11 6 6 4 3 3 4 0 0 0 0 0 0 0 0 0 0 0 0 0 0 0 0 0 0 0 0 
0 0 0 5 20 24 25 23 25 22 25 25 25 25 25 25 25 25 25 25 25 25 25 25 25 25 25 25 25 25 25 25 25 25 25 25 25 25 25 25 25 25 25 25 25 25 25 25 25 25 25 25 25 25 25 25 25 25 25 25 25 25 24 24 25 19 15 21 15 18 12 12 10 12 9 7 6 4 1 1 0 0 0 0 0 0 0 0 0 0 0 0 0 0 0 0 0 0 0 0 
0 0 0 4 14 24 22 21 25 22 25 25 25 25 25 25 25 25 25 25 25 25 25 25 25 25 25 25 25 25 25 25 25 25 25 25 25 25 25 25 25 25 25 25 25 25 25 25 25 25 25 25 25 25 25 25 25 25 25 25 25 25 25 20 23 24 17 15 16 13 10 14 9 9 8 4 5 3 1 0 0 0 0 0 0 0 0 0 0 0 0 0 0 0 0 0 0 0 0 0 
0 0 0 7 20 23 18 23 25 23 25 25 25 25 25 25 25 25 25 25 25 25 25 25 25 25 25 25 25 25 25 25 25 25 25 25 25 25 25 25 25 25 25 25 25 25 25 25 25 25 25 25 25 25 25 25 25 25 25 25 25 24 24 21 21 19 17 18 17 15 16 17 10 10 11 7 6 4 3 3 0 0 0 0 0 0 0 0 0 0 0 0 0 0 0 0 0 0 0 0 
0 0 0 6 17 19 17 23 25 23 25 25 25 25 25 25 25 25 25 25 25 25 25 25 25 25 25 25 25 25 25 25 25 25 25 25 25 25 25 25 25 25 25 25 25 25 25 25 25 25 25 25 25 25 25 25 25 25 25 25 25 22 23 18 16 17 18 14 18 10 10 9 12 9 5 6 4 3 3 1 0 0 0 0 0 0 0 0 0 0 0 0 0 0 0 0 0 0 0 0 
0 0 0 4 19 22 17 24 25 24 25 24 25 25 25 25 25 25 25 25 25 25 25 25 25 25 25 25 25 25 25 25 25 25 25 25 25 25 25 25 25 25 25 25 25 25 25 25 25 25 25 25 25 25 25 25 25 25 25 25 22 23 22 19 20 16 13 16 12 11 15 13 9 6 7 4 3 1 0 0 0 0 0 0 0 0 0 0 0 0 0 0 0 0 0 0 0 0 0 0 
0 0 0 1 6 19 22 22 25 22 25 25 25 25 24 25 25 25 25 25 25 25 25 25 25 25 25 25 25 25 25 25 25 25 25 25 25 25 25 25 25 25 25 25 25 25 25 25 25 25 25 25 25 25 25 25 25 25 25 25 22 20 20 20 19 10 16 11 12 11 7 13 9 4 6 8 2 1 0 0 0 0 0 0 0 0 0 0 0 0 0 0 0 0 0 0 0 0 0 0 
0 0 0 1 0 22 21 24 25 19 25 25 25 25 25 25 25 25 25 25 25 25 25 25 25 25 25 25 25 25 25 25 25 25 25 25 25 25 25 25 25 25 25 25 25 25 25 25 25 25 25 25 25 25 25 25 25 25 24 22 18 23 21 21 18 16 16 15 13 7 7 11 5 3 5 2 3 2 0 0 0 0 0 0 0 0 0 0 0 0 0 0 0 0 0 0 0 0 0 0 
0 0 0 0 0 15 23 25 25 23 25 25 25 25 25 25 25 25 25 25 25 25 25 25 25 25 25 25 25 25 25 25 25 25 25 25 25 25 25 25 25 25 25 25 25 25 25 25 25 25 25 25 25 25 25 25 25 25 22 23 21 20 22 19 15 18 16 6 11 14 7 7 2 7 6 6 2 1 0 0 0 0 0 0 0 0 0 0 0 0 0 0 0 0 0 0 0 0 0 0 
0 0 0 0 14 21 24 25 25 23 25 23 25 25 25 25 25 25 25 25 25 25 25 25 25 25 25 25 25 25 25 25 25 25 25 25 25 25 25 25 25 25 25 25 25 25 25 25 25 25 25 25 25 25 25 25 25 25 23 21 22 18 15 18 21 21 16 8 16 6 11 6 6 4 5 3 2 0 0 0 0 0 0 0 0 0 0 0 0 0 0 0 0 0 0 0 0 0 0 0 
0 0 0 0 15 15 23 25 25 25 25 25 25 25 25 25 25 25 25 25 25 25 25 25 25 25 25 25 25 25 25 25 25 25 25 25 25 25 25 25 25 25 25 25 25 25 25 25 25 25 25 25 25 25 25 25 25 23 21 22 20 17 14 19 9 10 13 13 11 6 5 6 7 5 4 3 1 0 0 0 0 0 0 0 0 0 0 0 0 0 0 0 0 0 0 0 0 0 0 0 
0 0 0 0 9 19 23 24 24 25 25 23 25 25 25 25 25 25 25 25 25 25 25 25 25 25 25 25 25 25 25 25 25 25 25 25 25 25 25 25 25 25 25 25 25 25 25 25 25 25 25 25 25 25 25 25 22 19 23 24 25 19 10 13 18 7 7 8 11 6 7 12 6 4 4 2 1 0 0 0 0 0 0 0 0 0 0 0 0 0 0 0 0 0 0 0 0 0 0 0 
0 0 0 0 11 21 20 24 25 24 25 23 25 25 25 25 25 25 25 25 25 25 25 25 25 25 25 25 25 25 25 25 25 25 25 25 25 25 25 25 25 25 25 25 25 25 25 25 25 25 25 25 25 25 25 25 20 22 22 14 22 16 20 16 13 13 13 13 5 9 5 4 4 4 4 3 1 0 0 0 0 0 0 0 0 0 0 0 0 0 0 0 0 0 0 0 0 0 0 0 
0 0 0 0 15 17 22 24 24 24 25 25 25 25 25 25 25 25 25 25 25 25 25 25 25 25 25 25 25 25 25 25 25 25 25 25 25 25 25 25 25 25 25 25 25 25 25 25 25 25 25 25 25 25 25 23 24 22 19 13 19 15 17 16 15 4 16 7 11 6 5 8 5 1 0 1 0 0 0 0 0 0 0 0 0 0 0 0 0 0 0 0 0 0 0 0 0 0 0 0 
0 0 0 0 13 13 22 24 24 23 25 25 25 25 25 25 25 25 25 25 25 25 25 25 25 25 25 25 25 25 25 25 25 25 25 25 25 25 25 25 25 25 25 25 25 25 25 25 25 25 25 25 25 23 23 25 16 19 15 21 17 15 15 12 11 8 14 13 8 7 8 6 3 3 1 1 0 0 0 0 0 0 0 0 0 0 0 0 0 0 0 0 0 0 0 0 0 0 0 0 
0 0 0 0 10 11 21 20 24 25 25 25 25 25 25 25 25 25 25 25 25 25 25 25 25 25 25 25 25 25 25 25 25 25 25 25 25 25 25 25 25 25 25 25 25 25 25 25 25 25 25 25 25 24 22 19 21 17 17 16 16 9 12 12 8 9 14 7 7 5 5 6 2 1 1 0 0 0 0 0 0 0 0 0 0 0 0 0 0 0 0 0 0 0 0 0 0 0 0 0 
0 0 0 0 15 1 18 23 22 25 25 25 25 25 25 25 25 25 25 25 25 25 25 25 25 25 25 25 25 25 25 25 25 25 25 25 25 25 25 25 25 25 25 25 25 25 25 25 25 25 25 25 23 23 20 17 23 18 15 11 17 18 17 11 9 13 14 12 7 4 3 1 3 3 0 0 0 0 0 0 0 0 0 0 0 0 0 0 0 0 0 0 0 0 0 0 0 0 0 0 
0 0 0 0 12 0 16 25 24 23 25 25 23 25 25 25 25 25 25 25 25 25 25 25 25 25 25 25 25 25 25 25 25 25 25 25 25 25 25 25 25 25 25 25 25 25 25 25 25 25 25 23 22 24 19 22 13 12 21 17 12 8 12 9 9 5 9 6 5 10 3 3 4 0 0 0 0 0 0 0 0 0 0 0 0 0 0 0 0 0 0 0 0 0 0 0 0 0 0 0 
0 0 0 0 11 9 21 23 23 25 25 25 25 25 25 25 25 25 25 25 25 25 25 25 25 25 25 25 25 25 25 25 25 25 25 25 25 25 25 25 25 25 25 25 25 25 25 25 25 25 24 23 23 20 22 19 17 19 13 16 12 9 10 10 15 10 7 8 5 7 1 5 1 1 0 0 0 0 0 0 0 0 0 0 0 0 0 0 0 0 0 0 0 0 0 0 0 0 0 0 
0 0 0 0 9 15 17 22 23 24 25 25 24 25 25 25 25 25 25 25 25 25 25 25 25 25 25 25 25 25 25 25 25 25 25 25 25 25 25 25 25 25 25 25 25 25 25 25 25 25 23 21 19 20 19 15 17 12 18 15 13 13 4 9 7 5 6 8 5 3 1 2 0 0 0 0 0 0 0 0 0 0 0 0 0 0 0 0 0 0 0 0 0 0 0 0 0 0 0 0 
0 0 0 0 12 13 22 24 25 24 25 25 25 25 25 25 25 25 25 25 25 25 25 25 25 25 25 25 25 25 25 25 25 25 25 25 25 25 25 25 25 25 25 25 25 25 25 25 25 24 20 21 20 22 14 16 13 14 17 14 7 13 9 8 3 2 6 3 3 1 3 1 0 0 0 0 0 0 0 0 0 0 0 0 0 0 0 0 0 0 0 0 0 0 0 0 0 0 0 0 
0 0 0 0 9 12 18 18 25 25 25 25 25 25 25 25 25 25 25 25 25 25 25 25 25 25 25 25 25 25 25 25 25 25 25 25 25 25 25 25 25 25 25 25 25 25 25 25 23 23 19 21 19 20 20 15 12 14 11 12 11 9 8 5 12 4 4 7 4 0 1 1 0 0 0 0 0 0 0 0 0 0 0 0 0 0 0 0 0 0 0 0 0 0 0 0 0 0 0 0 
0 0 0 0 9 17 20 20 25 25 25 25 25 25 25 25 25 25 25 25 25 25 25 25 25 25 25 25 25 25 25 25 25 25 25 25 25 25 25 25 25 25 25 25 25 25 25 22 23 19 20 21 16 18 19 16 9 9 14 9 7 10 8 4 4 7 3 1 3 4 0 0 0 0 0 0 0 0 0 0 0 0 0 0 0 0 0 0 0 0 0 0 0 0 0 0 0 0 0 0 
0 0 0 0 6 9 13 19 24 25 25 25 25 25 25 25 25 25 25 25 25 25 25 25 25 25 25 25 25 25 25 25 25 25 25 25 25 25 25 25 25 25 25 25 25 25 23 24 20 21 19 20 17 18 16 15 9 10 11 11 9 5 8 2 11 8 5 6 1 3 0 0 0 0 0 0 0 0 0 0 0 0 0 0 0 0 0 0 0 0 0 0 0 0 0 0 0 0 0 0 
0 0 0 0 14 14 13 24 24 25 25 25 25 25 25 25 25 25 25 25 25 25 25 25 25 25 25 25 25 25 25 25 25 25 25 25 25 25 25 25 25 25 25 25 25 25 23 22 21 19 13 16 13 12 10 10 10 9 11 11 7 11 6 5 5 3 5 1 1 0 0 0 0 0 0 0 0 0 0 0 0 0 0 0 0 0 0 0 0 0 0 0 0 0 0 0 0 0 0 0 
0 0 0 0 5 14 7 20 25 25 25 25 25 25 25 25 25 25 25 25 25 25 25 25 25 25 25 25 25 25 25 25 25 25 25 25 25 25 25 25 25 25 25 25 24 20 22 19 22 21 16 17 13 12 17 8 11 14 11 10 1 5 4 4 4 1 4 3 0 0 0 0 0 0 0 0 0 0 0 0 0 0 0 0 0 0 0 0 0 0 0 0 0 0 0 0 0 0 0 0 
0 0 0 0 4 14 18 16 21 25 25 25 25 25 25 25 25 25 25 25 25 25 25 25 25 25 25 25 25 25 25 25 25 25 25 25 25 25 25 25 25 25 25 24 24 21 22 23 14 15 14 15 10 13 13 10 6 9 7 8 6 6 4 2 2 1 0 1 0 0 0 0 0 0 0 0 0 0 0 0 0 0 0 0 0 0 0 0 0 0 0 0 0 0 0 0 0 0 0 0 
0 0 0 0 11 15 18 18 22 25 25 25 25 25 25 25 25 25 25 25 25 25 25 25 25 25 25 25 25 25 25 25 25 25 25 25 25 25 25 25 25 25 25 21 21 19 22 17 19 12 12 15 15 11 12 13 6 7 8 9 3 4 2 3 2 1 0 0 0 0 0 0 0 0 0 0 0 0 0 0 0 0 0 0 0 0 0 0 0 0 0 0 0 0 0 0 0 0 0 0 
0 0 0 0 4 13 15 16 20 25 24 25 25 25 25 25 25 25 25 25 25 25 25 25 25 25 25 25 25 25 25 25 25 25 25 25 25 25 25 25 25 23 22 22 21 21 20 18 18 14 18 12 15 8 11 9 9 3 4 5 3 3 2 0 0 0 0 0 0 0 0 0 0 0 0 0 0 0 0 0 0 0 0 0 0 0 0 0 0 0 0 0 0 0 0 0 0 0 0 0 
0 0 0 0 5 16 15 19 21 25 25 25 25 25 25 25 25 25 25 25 25 25 25 25 25 25 25 25 25 25 25 25 25 25 25 25 25 25 25 25 25 24 23 21 17 21 21 20 11 15 9 18 10 8 9 6 7 10 9 1 1 3 2 1 0 0 0 0 0 0 0 0 0 0 0 0 0 0 0 0 0 0 0 0 0 0 0 0 0 0 0 0 0 0 0 0 0 0 0 0 
0 0 0 0 5 10 20 18 22 25 25 25 25 25 25 25 25 25 25 25 25 25 25 25 25 25 25 25 25 25 25 25 25 25 25 25 25 25 25 25 22 21 21 19 18 16 16 10 14 12 6 16 9 10 4 9 8 3 7 3 2 0 3 0 0 0 0 0 0 0 0 0 0 0 0 0 0 0 0 0 0 0 0 0 0 0 0 0 0 0 0 0 0 0 0 0 0 0 0 0 
0 0 0 0 6 16 20 16 19 25 25 25 25 25 25 25 25 25 25 25 25 25 25 25 25 25 25 25 25 25 25 25 25 25 25 25 25 25 22 24 20 18 21 15 18 14 13 14 10 12 7 9 9 7 7 1 2 5 1 1 3 0 0 0 0 0 0 0 0 0 0 0 0 0 0 0 0 0 0 0 0 0 0 0 0 0 0 0 0 0 0 0 0 0 0 0 0 0 0 0 
0 0 0 0 3 16 22 19 24 25 24 25 25 25 25 25 25 25 25 25 25 25 25 25 25 25 25 25 25 25 25 25 25 25 25 25 25 25 23 23 21 22 17 15 11 16 15 8 12 9 11 15 8 7 8 5 5 2 2 0 0 0 0 0 0 0 0 0 0 0 0 0 0 0 0 0 0 0 0 0 0 0 0 0 0 0 0 0 0 0 0 0 0 0 0 0 0 0 0 0 
0 0 0 0 5 13 15 20 22 25 24 25 25 25 25 25 25 25 25 25 25 25 25 25 25 25 25 25 25 25 25 25 25 25 25 25 24 21 20 22 13 21 17 13 15 13 16 12 9 8 7 11 3 3 1 1 1 3 1 0 0 0 0 0 0 0 0 0 0 0 0 0 0 0 0 0 0 0 0 0 0 0 0 0 0 0 0 0 0 0 0 0 0 0 0 0 0 0 0 0 
0 0 0 0 4 14 18 20 21 25 25 25 25 25 25 25 25 25 25 25 25 25 25 25 25 25 25 25 25 25 25 25 25 25 25 25 25 23 20 16 18 14 13 8 13 12 6 8 10 10 7 5 3 4 3 3 1 0 0 0 0 0 0 0 0 0 0 0 0 0 0 0 0 0 0 0 0 0 0 0 0 0 0 0 0 0 0 0 0 0 0 0 0 0 0 0 0 0 0 0 
0 0 0 0 2 18 20 20 17 25 24 25 25 25 25 25 25 25 25 25 25 25 25 25 25 25 25 25 25 25 25 25 25 25 25 24 20 20 21 18 13 17 17 12 12 9 5 7 9 8 3 0 2 3 1 0 0 0 0 0 0 0 0 0 0 0 0 0 0 0 0 0 0 0 0 0 0 0 0 0 0 0 0 0 0 0 0 0 0 0 0 0 0 0 0 0 0 0 0 0 
0 0 0 0 7 16 18 20 21 25 25 25 25 25 25 25 25 25 25 25 25 25 25 25 25 25 25 25 25 25 25 25 25 24 21 23 21 15 17 15 18 10 12 10 7 7 10 3 2 6 4 2 5 1 0 0 0 0 0 0 0 0 0 0 0 0 0 0 0 0 0 0 0 0 0 0 0 0 0 0 0 0 0 0 0 0 0 0 0 0 0 0 0 0 0 0 0 0 0 0 
0 0 0 0 7 17 14 17 23 25 25 25 25 25 25 25 25 25 25 25 25 25 25 25 25 25 25 25 25 25 25 25 25 21 20 15 17 15 13 13 12 13 14 11 9 4 7 5 3 4 2 1 0 0 0 0 0 0 0 0 0 0 0 0 0 0 0 0 0 0 0 0 0 0 0 0 0 0 0 0 0 0 0 0 0 0 0 0 0 0 0 0 0 0 0 0 0 0 0 0 
0 0 0 0 25 25 22 15 15 25 25 25 25 25 25 25 25 25 25 25 25 25 25 25 25 25 25 25 25 25 25 25 24 21 18 15 17 14 16 8 17 12 7 11 1 5 0 4 2 0 0 0 0 0 0 0 0 0 0 0 0 0 0 0 0 0 0 0 0 0 0 0 0 0 0 0 0 0 0 0 0 0 0 0 0 0 0 0 0 0 0 0 0 0 0 0 0 0 0 0 
0 0 0 25 25 25 25 21 20 25 25 25 25 25 25 25 25 25 25 25 25 25 25 25 25 25 25 25 25 25 25 19 20 19 17 12 11 12 9 6 5 6 7 8 5 4 2 0 1 0 0 0 0 0 0 0 0 0 0 0 0 0 0 0 0 0 0 0 0 0 0 0 0 0 0 0 1 3 4 0 5 3 2 7 1 0 0 0 0 0 0 0 0 0 0 0 0 0 0 0 
0 0 0 25 25 25 25 19 21 25 25 25 25 25 25 25 25 25 25 25 25 25 25 25 25 25 25 25 25 25 23 21 22 18 15 17 14 9 11 9 4 7 2 1 2 2 0 0 0 0 0 0 0 0 0 0 0 0 0 0 0 0 0 0 0 0 0 0 0 0 0 0 0 0 2 1 5 1 3 2 3 9 2 2 6 6 3 2 4 0 0 0 0 0 0 0 0 0 0 0 
0 0 0 25 25 25 25 23 17 25 25 25 25 25 25 25 25 25 25 25 25 25 25 25 25 25 25 25 22 19 21 21 15 13 10 12 9 9 10 5 9 4 0 2 0 0 0 0 0 0 0 0 0 0 0 0 0 0 0 0 0 0 0 0 0 0 0 0 0 0 1 3 0 1 6 2 1 3 2 2 3 0 4 2 3 4 2 3 5 1 0 0 1 0 0 0 0 0 0 0 
0 0 0 25 25 25 25 18 18 23 25 25 25 25 25 25 25 25 25 25 25 25 25 25 25 25 25 22 22 21 18 12 16 12 15 9 12 6 4 2 3 2 1 0 0 0 0 0 0 0 0 0 0 0 0 0 0 0 0 0 0 0 0 0 0 0 0 0 0 0 1 1 1 0 1 0 2 2 3 2 1 4 5 3 1 4 1 1 1 2 2 2 0 0 0 0 0 0 0 0 
0 0 0 25 25 25 25 25 19 23 25 25 25 25 25 25 25 25 25 25 25 25 25 25 25 25 24 21 25 17 19 12 17 10 4 9 4 5 2 1 1 0 0 0 0 0 0 0 0 0 0 0 0 0 0 0 0 0 0 0 0 0 0 0 0 0 0 1 0 1 0 0 0 1 1 2 0 0 2 2 3 3 3 5 3 4 2 1 0 4 1 2 0 0 0 0 0 0 0 0 
0 0 0 0 25 25 25 25 19 25 25 25 25 25 25 25 25 25 25 25 25 25 25 25 25 24 20 21 15 13 14 6 8 4 6 1 5 1 0 0 0 0 0 0 0 0 0 0 0 0 0 0 0 0 0 0 0 0 0 0 0 0 0 0 0 0 0 0 0 0 0 3 0 0 0 1 0 0 0 0 0 0 0 5 1 4 1 1 2 2 3 2 1 0 0 0 0 0 0 0 
0 0 0 0 25 25 25 25 25 25 25 25 25 25 25 25 25 25 25 25 25 25 25 25 21 20 14 13 12 14 8 8 5 5 4 1 0 0 0 0 0 0 0 0 0 0 0 0 0 0 0 0 0 0 0 0 0 0 0 0 0 0 0 0 0 0 0 0 0 0 0 0 0 0 0 0 1 0 0 2 0 1 1 0 0 5 4 3 2 2 2 2 0 0 0 0 0 0 0 0 
0 0 0 0 25 25 25 25 25 25 25 25 25 25 25 25 25 25 25 25 25 25 25 21 22 15 15 12 9 6 7 4 3 3 0 0 0 0 0 0 0 0 0 0 0 0 0 0 0 0 0 0 0 0 0 0 0 0 0 0 0 0 0 0 0 0 0 0 0 0 0 0 0 0 0 0 0 0 0 0 0 1 0 2 1 4 1 6 4 1 2 1 0 0 0 0 0 0 0 0 
0 0 0 0 25 25 25 0 25 25 25 25 25 25 25 25 25 25 25 25 25 24 20 18 19 11 13 11 5 6 4 1 1 0 0 0 0 0 0 0 0 0 0 0 0 0 0 0 0 0 0 0 0 0 0 0 0 0 0 0 0 0 0 0 0 0 0 0 0 0 0 0 0 0 0 0 0 0 0 0 0 0 0 0 0 4 2 0 3 0 3 0 0 0 0 0 0 0 0 0 
0 0 0 0 25 25 25 25 25 24 25 25 25 25 25 25 25 25 25 25 20 19 18 10 10 8 15 6 2 1 0 0 0 0 0 0 0 0 0 0 0 0 0 0 0 0 0 0 0 0 0 0 0 0 0 0 0 0 0 0 0 0 0 0 0 0 0 0 0 0 0 0 0 0 0 0 0 0 0 0 0 0 0 0 0 0 4 7 2 2 2 0 0 0 0 0 0 0 0 0 
0 0 0 0 25 25 25 25 25 25 25 25 25 25 25 25 25 25 25 19 19 19 16 8 7 2 4 3 0 0 0 0 0 0 0 0 0 0 0 0 0 0 0 0 0 0 0 0 0 0 0 0 0 0 0 0 0 0 0 0 0 0 0 0 0 0 0 0 0 0 0 0 0 0 0 0 0 0 0 0 0 0 0 0 0 0 5 1 2 3 1 0 0 0 0 0 0 0 0 0 
0 0 0 0 25 25 25 25 25 25 25 25 25 25 25 25 25 25 20 11 10 10 7 4 6 0 0 0 0 0 0 0 0 0 0 0 0 0 0 0 0 0 0 0 0 0 0 0 0 0 0 0 0 0 0 0 0 0 0 0 0 0 0 0 0 0 0 0 0 0 0 0 0 0 0 0 0 0 0 0 0 0 0 0 0 0 1 2 0 3 0 0 0 0 0 0 0 0 0 0 
0 0 0 0 0 25 25 25 25 25 25 25 25 25 25 25 25 23 14 14 8 8 3 1 0 0 0 0 0 0 0 0 0 0 0 0 0 0 0 0 0 0 0 0 0 0 0 0 0 0 0 0 0 0 0 0 0 0 0 0 0 0 0 0 0 0 0 0 0 0 0 0 0 0 0 0 0 0 0 0 0 0 0 0 0 0 0 11 5 0 0 0 0 0 0 0 0 0 0 0 
0 0 0 0 0 25 25 25 25 25 25 25 25 25 25 23 18 12 12 3 2 0 0 0 0 0 0 0 0 0 0 0 0 0 0 0 0 0 0 0 0 0 0 0 0 0 0 0 0 0 0 0 0 0 0 0 0 0 0 0 0 0 0 0 0 0 0 0 0 0 0 0 0 0 0 0 0 0 0 0 0 0 0 0 0 0 0 0 0 0 0 0 0 0 0 0 0 0 0 0 
0 0 0 0 0 25 25 25 25 25 25 25 25 25 21 14 10 5 2 0 0 0 0 0 0 0 0 0 0 0 0 0 0 0 0 0 0 0 0 0 0 0 0 0 0 0 0 0 0 0 0 0 0 0 0 0 0 0 0 0 0 0 0 0 0 0 0 0 0 0 0 0 0 0 0 0 0 0 0 0 0 0 0 0 0 0 0 0 0 0 0 0 0 0 0 0 0 0 0 0 
0 0 0 0 0 25 25 25 25 25 25 25 25 21 9 10 1 0 0 0 0 0 0 0 0 0 0 0 0 0 0 0 0 0 0 0 0 0 0 0 0 0 0 0 0 0 0 0 0 0 0 0 0 0 0 0 0 0 0 0 0 0 0 0 0 0 0 0 0 0 0 0 0 0 0 0 0 0 0 0 0 0 0 0 0 0 0 0 0 0 0 0 0 0 0 0 0 0 0 0 
0 0 0 0 0 0 24 25 25 25 25 25 18 8 1 0 0 0 0 0 0 0 0 0 0 0 0 0 0 0 0 0 0 0 0 0 0 0 0 0 0 0 0 0 0 0 0 0 0 0 0 0 0 0 0 0 0 0 0 0 0 0 0 0 0 0 0 0 0 0 0 0 0 0 0 0 0 0 0 0 0 0 0 0 0 0 0 0 0 0 0 0 0 0 0 0 0 0 0 0 
0 0 0 0 0 0 15 17 13 25 24 12 1 0 0 0 0 0 0 0 0 0 0 0 0 0 0 0 0 0 0 0 0 0 0 0 0 0 0 0 0 0 0 0 0 0 0 0 0 0 0 0 0 0 0 0 0 0 0 0 0 0 0 0 0 0 0 0 0 0 0 0 0 0 0 0 0 0 0 0 0 0 0 0 0 0 0 0 0 0 0 0 0 0 0 0 0 0 0 0 
0 0 0 0 0 0 0 0 0 10 0 0 0 0 0 0 0 0 0 0 0 0 0 0 0 0 0 0 0 0 0 0 0 0 0 0 0 0 0 0 0 0 0 0 0 0 0 0 0 0 0 0 0 0 0 0 0 0 0 0 0 0 0 0 0 0 0 0 0 0 0 0 0 0 0 0 0 0 0 0 0 0 0 0 0 0 0 0 0 0 0 0 0 0 0 0 0 0 0 0 
