0 18.8275 1.45172 20.5647
166.063 104.56 0.0938877 0.080132 0.42278 0.499966 2.8063 1.75405
1 23.0673 3.06168 43.3012
167.963 102.873 0.0739407 0.0740499 0.404249 0.506581 2.77066 1.91027
2 26.6308 6.75351 84.9019
125.301 135.357 0.0934777 0.288328 0 0.0363501 3.44089 1.21161
3 26.6308 8.94254 119.648
125.301 135.357 0.0934777 0.288328 0 0.0363501 3.44089 1.21161
4 26.6308 9.17652 115.776
125.301 135.357 0.0934777 0.288328 0 0.0363501 3.44089 1.21161
5 26.6308 10.8021 129.624
125.301 135.357 0.0934777 0.288328 0 0.0363501 3.44089 1.21161
6 26.6308 9.21693 139.129
125.301 135.357 0.0934777 0.288328 0 0.0363501 3.44089 1.21161
7 26.7382 11.3513 161.724
122.8 136.571 0.0887441 0.259646 0 0.0418316 3.49291 1.31178
8 26.8275 10.8581 151.48
123.287 136.596 0.0693915 0.266009 0.028211 0.0343357 3.65961 1.41152
9 26.8275 10.2757 137.656
123.287 136.596 0.0693915 0.266009 0.028211 0.0343357 3.65961 1.41152
10 26.8275 11.2736 147.349
123.287 136.596 0.0693915 0.266009 0.028211 0.0343357 3.65961 1.41152
11 26.8543 13.6809 146.14
119.523 137.1 0.0762151 0.267201 0.0312761 0.0105901 3.62126 1.45834
12 26.8543 14.7464 147.299
119.523 137.1 0.0762151 0.267201 0.0312761 0.0105901 3.62126 1.45834
13 27.1086 16.4223 142.557
119.336 136.973 0.0803294 0.233521 0.0613141 0 4.02878 1.66495
14 27.1086 17.6344 130.749
119.336 136.973 0.0803294 0.233521 0.0613141 0 4.02878 1.66495
15 27.1086 14.9567 163.264
119.336 136.973 0.0803294 0.233521 0.0613141 0 4.02878 1.66495
16 27.9448 15.7818 160.254
100 124.817 0.0633138 0.11098 0.0835106 0.0590816 4.94296 2.15367
17 27.9448 17.3439 146.066
100 124.817 0.0633138 0.11098 0.0835106 0.0590816 4.94296 2.15367
18 29.9968 19.2386 120.584
100.572 125.64 0.0785888 0.0884156 0.0592929 0.0542744 5.07723 2.20331
19 29.9968 19.3178 119.634
100.572 125.64 0.0785888 0.0884156 0.0592929 0.0542744 5.07723 2.20331
20 29.9968 17.9926 140.056
100.572 125.64 0.0785888 0.0884156 0.0592929 0.0542744 5.07723 2.20331
21 30.6749 20.6625 97.401
100.343 124.103 0.119235 0.0826032 0.0177076 0.0628608 5.30253 1.85852
22 30.963 17.9034 133.191
101.138 121.906 0.0806333 0.133945 0.0296261 0.0656429 4.68343 2.56164
23 30.963 16.5177 124.759
101.138 121.906 0.0806333 0.133945 0.0296261 0.0656429 4.68343 2.56164
24 30.963 16.3191 153.919
101.138 121.906 0.0806333 0.133945 0.0296261 0.0656429 4.68343 2.56164
25 30.963 16.371 146.203
101.138 121.906 0.0806333 0.133945 0.0296261 0.0656429 4.68343 2.56164
26 30.963 15.1581 149.359
101.138 121.906 0.0806333 0.133945 0.0296261 0.0656429 4.68343 2.56164
27 30.963 16.6297 168.119
101.138 121.906 0.0806333 0.133945 0.0296261 0.0656429 4.68343 2.56164
28 30.9922 19.0545 140.433
100 123.74 0.120324 0.0803597 0.0166805 0.0644164 5.28065 1.84827
29 30.9922 20.2867 134.556
100 123.74 0.120324 0.0803597 0.0166805 0.0644164 5.28065 1.84827
30 30.9922 20.3418 117.602
100 123.74 0.120324 0.0803597 0.0166805 0.0644164 5.28065 1.84827
31 31.794 17.6721 147.707
101.197 121.772 0.081274 0.131032 0.0302361 0.0655046 4.6721 2.57621
32 33.1644 17.5587 169.59
100.306 119.834 0.0861007 0.137808 0.0404128 0.0646859 4.79942 2.65593
33 33.1644 18.2171 145.661
100.306 119.834 0.0861007 0.137808 0.0404128 0.0646859 4.79942 2.65593
34 33.1644 14.1964 175.64
100.306 119.834 0.0861007 0.137808 0.0404128 0.0646859 4.79942 2.65593
35 33.1644 15.4604 161.392
100.306 119.834 0.0861007 0.137808 0.0404128 0.0646859 4.79942 2.65593
36 33.1644 19.4304 139.389
100.306 119.834 0.0861007 0.137808 0.0404128 0.0646859 4.79942 2.65593
37 33.1644 14.7272 165.523
100.306 119.834 0.0861007 0.137808 0.0404128 0.0646859 4.79942 2.65593
38 33.1644 16.2633 154.63
100.306 119.834 0.0861007 0.137808 0.0404128 0.0646859 4.79942 2.65593
39 33.1644 15.9209 167.262
100.306 119.834 0.0861007 0.137808 0.0404128 0.0646859 4.79942 2.65593
40 33.1644 17.8618 167.581
100.306 119.834 0.0861007 0.137808 0.0404128 0.0646859 4.79942 2.65593
41 33.1644 16.2028 175.974
100.306 119.834 0.0861007 0.137808 0.0404128 0.0646859 4.79942 2.65593
42 33.1644 15.9366 148.188
100.306 119.834 0.0861007 0.137808 0.0404128 0.0646859 4.79942 2.65593
43 33.1644 17.2347 155.325
100.306 119.834 0.0861007 0.137808 0.0404128 0.0646859 4.79942 2.65593
44 33.1644 15.4872 171.941
100.306 119.834 0.0861007 0.137808 0.0404128 0.0646859 4.79942 2.65593
45 33.1644 17.094 170.013
100.306 119.834 0.0861007 0.137808 0.0404128 0.0646859 4.79942 2.65593
46 33.1644 14.8109 141.544
100.306 119.834 0.0861007 0.137808 0.0404128 0.0646859 4.79942 2.65593
47 33.1644 16.8679 146.638
100.306 119.834 0.0861007 0.137808 0.0404128 0.0646859 4.79942 2.65593
48 33.1644 19.282 116.479
100.306 119.834 0.0861007 0.137808 0.0404128 0.0646859 4.79942 2.65593
49 33.9655 18.8834 141.348
104.917 116.044 0.184712 0.155296 0 0.0272199 7.14111 2.84451
50 33.9655 21.4337 138.652
104.917 116.044 0.184712 0.155296 0 0.0272199 7.14111 2.84451
51 33.9655 21.678 112.883
104.917 116.044 0.184712 0.155296 0 0.0272199 7.14111 2.84451
52 33.9655 21.8604 130.841
104.917 116.044 0.184712 0.155296 0 0.0272199 7.14111 2.84451
53 33.9655 21.0587 131.103
104.917 116.044 0.184712 0.155296 0 0.0272199 7.14111 2.84451
54 33.9655 20.8984 140.322
104.917 116.044 0.184712 0.155296 0 0.0272199 7.14111 2.84451
55 34.1171 21.59 140.314
105.276 116.4 0.185751 0.153827 0.00373974 0.0197564 7.18843 2.79271
56 34.1171 22.3556 114.402
105.276 116.4 0.185751 0.153827 0.00373974 0.0197564 7.18843 2.79271
57 34.1171 20.6515 137.308
105.276 116.4 0.185751 0.153827 0.00373974 0.0197564 7.18843 2.79271
58 35.8466 21.9281 108.606
106.504 116.712 0.203682 0.166012 0.011419 0.0271303 7.33726 2.93121
59 35.8466 19.2999 156.895
106.504 116.712 0.203682 0.166012 0.011419 0.0271303 7.33726 2.93121
60 35.8466 18.2623 165.562
106.504 116.712 0.203682 0.166012 0.011419 0.0271303 7.33726 2.93121
61 35.8466 17.8616 141.629
106.504 116.712 0.203682 0.166012 0.011419 0.0271303 7.33726 2.93121
62 35.8466 18.5299 152.779
106.504 116.712 0.203682 0.166012 0.011419 0.0271303 7.33726 2.93121
63 35.8466 19.3032 182.839
106.504 116.712 0.203682 0.166012 0.011419 0.0271303 7.33726 2.93121
64 35.8466 18.8285 168.133
106.504 116.712 0.203682 0.166012 0.011419 0.0271303 7.33726 2.93121
65 35.8466 21.3056 144.729
106.504 116.712 0.203682 0.166012 0.011419 0.0271303 7.33726 2.93121
66 35.8466 16.8464 169.459
106.504 116.712 0.203682 0.166012 0.011419 0.0271303 7.33726 2.93121
67 35.8466 19.422 152.642
106.504 116.712 0.203682 0.166012 0.011419 0.0271303 7.33726 2.93121
68 35.8466 18.9302 153.468
106.504 116.712 0.203682 0.166012 0.011419 0.0271303 7.33726 2.93121
69 35.8466 17.3135 169.195
106.504 116.712 0.203682 0.166012 0.011419 0.0271303 7.33726 2.93121
70 36.9955 19.4408 151.471
106.903 117.242 0.206934 0.168954 0.00798737 0.0329738 7.36271 3.0796
71 36.9955 21.3401 124.713
106.903 117.242 0.206934 0.168954 0.00798737 0.0329738 7.36271 3.0796
72 36.9955 22.1243 106
106.903 117.242 0.206934 0.168954 0.00798737 0.0329738 7.36271 3.0796
73 36.9955 21.0617 124.096
106.903 117.242 0.206934 0.168954 0.00798737 0.0329738 7.36271 3.0796
74 36.9955 19.2255 157.1
106.903 117.242 0.206934 0.168954 0.00798737 0.0329738 7.36271 3.0796
75 36.9955 19.0914 135.761
106.903 117.242 0.206934 0.168954 0.00798737 0.0329738 7.36271 3.0796
76 36.9955 20.2522 144.421
106.903 117.242 0.206934 0.168954 0.00798737 0.0329738 7.36271 3.0796
77 36.9955 20.2733 153.364
106.903 117.242 0.206934 0.168954 0.00798737 0.0329738 7.36271 3.0796
78 36.9955 19.4788 174.81
106.903 117.242 0.206934 0.168954 0.00798737 0.0329738 7.36271 3.0796
79 36.9955 21.9266 138.767
106.903 117.242 0.206934 0.168954 0.00798737 0.0329738 7.36271 3.0796
80 36.9955 21.031 140.385
106.903 117.242 0.206934 0.168954 0.00798737 0.0329738 7.36271 3.0796
81 36.9955 19.7122 128.996
106.903 117.242 0.206934 0.168954 0.00798737 0.0329738 7.36271 3.0796
82 36.9955 19.5706 146.96
106.903 117.242 0.206934 0.168954 0.00798737 0.0329738 7.36271 3.0796
83 36.9955 17.2097 142.006
106.903 117.242 0.206934 0.168954 0.00798737 0.0329738 7.36271 3.0796
84 36.9955 19.2124 130.814
106.903 117.242 0.206934 0.168954 0.00798737 0.0329738 7.36271 3.0796
85 36.9955 19.6094 144.871
106.903 117.242 0.206934 0.168954 0.00798737 0.0329738 7.36271 3.0796
86 36.9955 17.4839 146.392
106.903 117.242 0.206934 0.168954 0.00798737 0.0329738 7.36271 3.0796
87 36.9955 20.8781 140.161
106.903 117.242 0.206934 0.168954 0.00798737 0.0329738 7.36271 3.0796
88 36.9955 18.1368 177.124
106.903 117.242 0.206934 0.168954 0.00798737 0.0329738 7.36271 3.0796
89 36.9955 21.7656 116.966
106.903 117.242 0.206934 0.168954 0.00798737 0.0329738 7.36271 3.0796
90 36.9955 19.7873 130.83
106.903 117.242 0.206934 0.168954 0.00798737 0.0329738 7.36271 3.0796
91 36.9955 19.3766 136.63
106.903 117.242 0.206934 0.168954 0.00798737 0.0329738 7.36271 3.0796
92 36.9955 19.0065 114.061
106.903 117.242 0.206934 0.168954 0.00798737 0.0329738 7.36271 3.0796
93 36.9955 21.1335 106.48
106.903 117.242 0.206934 0.168954 0.00798737 0.0329738 7.36271 3.0796
94 36.9955 19.5937 132.437
106.903 117.242 0.206934 0.168954 0.00798737 0.0329738 7.36271 3.0796
95 36.9955 18.4003 137.578
106.903 117.242 0.206934 0.168954 0.00798737 0.0329738 7.36271 3.0796
96 36.9955 20.1271 137.515
106.903 117.242 0.206934 0.168954 0.00798737 0.0329738 7.36271 3.0796
97 36.9955 20.626 133.16
106.903 117.242 0.206934 0.168954 0.00798737 0.0329738 7.36271 3.0796
98 36.9955 20.3472 113.669
106.903 117.242 0.206934 0.168954 0.00798737 0.0329738 7.36271 3.0796
99 36.9955 21.4197 101.826
106.903 117.242 0.206934 0.168954 0.00798737 0.0329738 7.36271 3.0796
100 36.9955 21.1636 109.387
106.903 117.242 0.206934 0.168954 0.00798737 0.0329738 7.36271 3.0796
