0 4.2318 0.59293 1.15094
109.015 157.804 0.0204068 0.208977 0.222877 0.470587 7.43208 5.41622
1 5.21992 0.984715 2.29021
109.227 157.011 0.0205299 0.124763 0.25135 0.548449 7.46757 6.04235
2 5.32947 1.44189 3.55117
102.925 163.153 0.0407422 0.165814 0.268261 0.596426 7.54115 6.51392
3 5.79098 1.89716 4.23785
107.885 158.704 0.063695 0.199537 0.266017 0.550009 7.27012 6.72758
4 5.79098 1.98029 4.81426
107.885 158.704 0.063695 0.199537 0.266017 0.550009 7.27012 6.72758
5 5.94461 2.69843 5.9188
110.518 159.227 0.0501967 0.194253 0.267582 0.552507 7.40763 6.77074
6 5.9732 2.9177 5.69081
107.405 161.099 0.0148704 0.225604 0.297311 0.553841 7.23687 6.30544
7 5.9732 2.84724 4.55595
107.405 161.099 0.0148704 0.225604 0.297311 0.553841 7.23687 6.30544
8 5.9732 2.63193 4.26942
107.405 161.099 0.0148704 0.225604 0.297311 0.553841 7.23687 6.30544
9 5.9732 3.08429 4.56967
107.405 161.099 0.0148704 0.225604 0.297311 0.553841 7.23687 6.30544
10 5.9732 3.01279 4.70358
107.405 161.099 0.0148704 0.225604 0.297311 0.553841 7.23687 6.30544
11 5.9732 3.26897 4.30166
107.405 161.099 0.0148704 0.225604 0.297311 0.553841 7.23687 6.30544
12 5.9732 3.57633 3.80035
107.405 161.099 0.0148704 0.225604 0.297311 0.553841 7.23687 6.30544
13 5.9732 3.37919 4.15373
107.405 161.099 0.0148704 0.225604 0.297311 0.553841 7.23687 6.30544
14 7.08361 3.77596 4.7536
116.942 163.473 0.257624 0.130929 0.0354746 0.372676 4.03784 4.05866
15 7.08361 3.53153 3.02442
116.942 163.473 0.257624 0.130929 0.0354746 0.372676 4.03784 4.05866
16 7.24306 3.60591 5.09946
120.018 171.219 0.236645 0.0565793 0.1249 0.346666 3.71265 3.554
17 7.24306 4.13455 5.01233
120.018 171.219 0.236645 0.0565793 0.1249 0.346666 3.71265 3.554
18 8.75605 4.39986 6.22788
108.126 166.125 0.155708 0.0766136 0.217052 0.25693 5.21327 3.66739
19 8.9959 4.40509 7.86341
115.966 154.995 0.235085 0.0700116 0.0813981 0.253713 4.07775 4.24858
20 8.9959 4.57981 8.57539
115.966 154.995 0.235085 0.0700116 0.0813981 0.253713 4.07775 4.24858
21 9.27483 4.18638 9.30802
115.993 149.172 0 0.21314 0.346063 0.00832883 9.79516 6.33412
22 9.27483 5.45226 8.2563
115.993 149.172 0 0.21314 0.346063 0.00832883 9.79516 6.33412
23 10.4157 5.57064 11.0599
116.027 160.72 0.382389 0.151594 0.0798664 0.160483 3.09393 5.44933
24 10.4157 5.59561 9.76888
116.027 160.72 0.382389 0.151594 0.0798664 0.160483 3.09393 5.44933
25 10.4157 5.05826 12.4552
116.027 160.72 0.382389 0.151594 0.0798664 0.160483 3.09393 5.44933
26 10.4174 5.19368 12.9396
116.407 160.766 0.379015 0.153269 0.0790281 0.163038 3.1185 5.46401
27 15.5821 6.07666 13.8812
114.217 164.498 0.341274 0.137803 0.058964 0.153418 2.99181 5.12447
28 15.5821 6.2588 13.6305
114.217 164.498 0.341274 0.137803 0.058964 0.153418 2.99181 5.12447
29 18.1527 8.17889 24.4096
125.582 158.078 0.379094 0.0807058 0 0.200004 2.05863 5.82645
30 18.213 9.0323 33.2597
112.55 168.685 0.356328 0.210963 0.034093 0.0255702 1.70177 6.36277
31 18.213 9.21006 32.7944
112.55 168.685 0.356328 0.210963 0.034093 0.0255702 1.70177 6.36277
32 18.213 10.1445 37.0849
112.55 168.685 0.356328 0.210963 0.034093 0.0255702 1.70177 6.36277
33 18.213 8.85022 30.423
112.55 168.685 0.356328 0.210963 0.034093 0.0255702 1.70177 6.36277
34 18.213 8.82876 32.7755
112.55 168.685 0.356328 0.210963 0.034093 0.0255702 1.70177 6.36277
35 18.213 8.51594 34.828
112.55 168.685 0.356328 0.210963 0.034093 0.0255702 1.70177 6.36277
36 18.7331 8.98282 34.2131
126.854 159.166 0.363629 0.0886454 0 0.18693 2.19133 6.12862
37 18.7331 9.07949 33.0432
126.854 159.166 0.363629 0.0886454 0 0.18693 2.19133 6.12862
38 18.7331 8.4416 33.6333
126.854 159.166 0.363629 0.0886454 0 0.18693 2.19133 6.12862
39 18.7377 9.83426 36.549
126.931 159.163 0.363363 0.0879916 0 0.187523 2.18847 6.14823
40 18.7377 8.35379 35.4195
126.931 159.163 0.363363 0.0879916 0 0.187523 2.18847 6.14823
41 18.7377 8.46206 38.8318
126.931 159.163 0.363363 0.0879916 0 0.187523 2.18847 6.14823
42 18.7377 8.41846 35.4967
126.931 159.163 0.363363 0.0879916 0 0.187523 2.18847 6.14823
43 18.7377 7.9864 37.2354
126.931 159.163 0.363363 0.0879916 0 0.187523 2.18847 6.14823
44 18.7377 8.33621 41.2934
126.931 159.163 0.363363 0.0879916 0 0.187523 2.18847 6.14823
45 19.4111 8.13597 42.7256
129.201 144.313 0.352083 0.0626808 0 0.215187 2.21081 5.62438
46 19.4111 8.68605 32.9965
129.201 144.313 0.352083 0.0626808 0 0.215187 2.21081 5.62438
47 19.4111 10.4098 24.8009
129.201 144.313 0.352083 0.0626808 0 0.215187 2.21081 5.62438
48 19.4111 10.2242 25.5977
129.201 144.313 0.352083 0.0626808 0 0.215187 2.21081 5.62438
49 19.4111 10.4554 31.5319
129.201 144.313 0.352083 0.0626808 0 0.215187 2.21081 5.62438
50 19.4111 10.824 36.1156
129.201 144.313 0.352083 0.0626808 0 0.215187 2.21081 5.62438
51 19.4111 10.8726 39.656
129.201 144.313 0.352083 0.0626808 0 0.215187 2.21081 5.62438
52 19.4111 9.53069 44.8301
129.201 144.313 0.352083 0.0626808 0 0.215187 2.21081 5.62438
53 19.4111 10.1389 47.4658
129.201 144.313 0.352083 0.0626808 0 0.215187 2.21081 5.62438
54 19.4111 9.6968 50.2094
129.201 144.313 0.352083 0.0626808 0 0.215187 2.21081 5.62438
55 19.4111 10.0613 49.9617
129.201 144.313 0.352083 0.0626808 0 0.215187 2.21081 5.62438
56 19.4111 9.84831 41.5421
129.201 144.313 0.352083 0.0626808 0 0.215187 2.21081 5.62438
57 19.4111 10.522 50.607
129.201 144.313 0.352083 0.0626808 0 0.215187 2.21081 5.62438
58 19.4111 10.2318 42.4927
129.201 144.313 0.352083 0.0626808 0 0.215187 2.21081 5.62438
59 19.4111 10.1403 39.3545
129.201 144.313 0.352083 0.0626808 0 0.215187 2.21081 5.62438
60 19.4111 11.5617 33.4207
129.201 144.313 0.352083 0.0626808 0 0.215187 2.21081 5.62438
61 19.4111 10.9613 35.016
129.201 144.313 0.352083 0.0626808 0 0.215187 2.21081 5.62438
62 19.4364 11.0385 40.1224
129.279 144.256 0.351684 0.0633152 0.000183774 0.213623 2.19723 5.62634
63 19.4364 11.1997 33.5154
129.279 144.256 0.351684 0.0633152 0.000183774 0.213623 2.19723 5.62634
64 19.4364 10.4634 37.8245
129.279 144.256 0.351684 0.0633152 0.000183774 0.213623 2.19723 5.62634
65 19.4364 10.5098 35.613
129.279 144.256 0.351684 0.0633152 0.000183774 0.213623 2.19723 5.62634
66 19.4364 10.3382 38.419
129.279 144.256 0.351684 0.0633152 0.000183774 0.213623 2.19723 5.62634
67 19.4364 8.33781 42.8055
129.279 144.256 0.351684 0.0633152 0.000183774 0.213623 2.19723 5.62634
68 19.4364 8.50791 44.3846
129.279 144.256 0.351684 0.0633152 0.000183774 0.213623 2.19723 5.62634
69 19.4364 10.4185 44.2383
129.279 144.256 0.351684 0.0633152 0.000183774 0.213623 2.19723 5.62634
70 19.4364 10.2613 45.7247
129.279 144.256 0.351684 0.0633152 0.000183774 0.213623 2.19723 5.62634
71 19.4364 11.4375 40.2384
129.279 144.256 0.351684 0.0633152 0.000183774 0.213623 2.19723 5.62634
72 19.4364 11.007 43.6392
129.279 144.256 0.351684 0.0633152 0.000183774 0.213623 2.19723 5.62634
73 19.4377 10.7491 45.0678
128.716 143.275 0.361707 0.0903231 0 0.152081 2.10425 5.45508
74 19.4377 11.0336 42.0635
128.716 143.275 0.361707 0.0903231 0 0.152081 2.10425 5.45508
75 19.4377 8.7237 37.8599
128.716 143.275 0.361707 0.0903231 0 0.152081 2.10425 5.45508
76 19.4377 9.73965 42.3897
128.716 143.275 0.361707 0.0903231 0 0.152081 2.10425 5.45508
77 19.4377 9.61967 42.9426
128.716 143.275 0.361707 0.0903231 0 0.152081 2.10425 5.45508
78 19.5673 9.75974 47.0311
128.896 144.021 0.356334 0.0912834 0.01967 0.132773 1.6298 5.27226
79 19.5673 10.5504 37.8854
128.896 144.021 0.356334 0.0912834 0.01967 0.132773 1.6298 5.27226
80 19.5673 10.2149 32.3973
128.896 144.021 0.356334 0.0912834 0.01967 0.132773 1.6298 5.27226
81 19.5673 9.72354 39.9797
128.896 144.021 0.356334 0.0912834 0.01967 0.132773 1.6298 5.27226
82 19.5673 10.6081 33.9397
128.896 144.021 0.356334 0.0912834 0.01967 0.132773 1.6298 5.27226
83 19.5673 9.2324 40.7533
128.896 144.021 0.356334 0.0912834 0.01967 0.132773 1.6298 5.27226
84 19.5673 10.6483 37.74
128.896 144.021 0.356334 0.0912834 0.01967 0.132773 1.6298 5.27226
85 19.5673 11.1421 36.7699
128.896 144.021 0.356334 0.0912834 0.01967 0.132773 1.6298 5.27226
86 19.5673 10.8733 35.5685
128.896 144.021 0.356334 0.0912834 0.01967 0.132773 1.6298 5.27226
87 19.5673 9.70141 36.4293
128.896 144.021 0.356334 0.0912834 0.01967 0.132773 1.6298 5.27226
88 19.5673 9.78103 35.6425
128.896 144.021 0.356334 0.0912834 0.01967 0.132773 1.6298 5.27226
89 19.5673 8.89363 46.4105
128.896 144.021 0.356334 0.0912834 0.01967 0.132773 1.6298 5.27226
90 19.5673 8.67478 46.312
128.896 144.021 0.356334 0.0912834 0.01967 0.132773 1.6298 5.27226
91 19.5673 9.5824 46.0709
128.896 144.021 0.356334 0.0912834 0.01967 0.132773 1.6298 5.27226
92 19.6317 9.72201 51.7101
131.196 142.582 0.36298 0.100695 0.00479236 0.121976 1.27948 5.12473
93 19.6317 9.45289 41.6278
131.196 142.582 0.36298 0.100695 0.00479236 0.121976 1.27948 5.12473
94 19.6382 9.02018 47.321
128.508 144.019 0.355074 0.0869653 0.022908 0.133657 1.63785 5.29611
95 19.6382 10.5149 38.0407
128.508 144.019 0.355074 0.0869653 0.022908 0.133657 1.63785 5.29611
96 19.6881 10.3019 40.9119
128.695 143.549 0.357408 0.089317 0.0149314 0.130368 1.68047 5.2121
97 19.6881 10.7683 37.7361
128.695 143.549 0.357408 0.089317 0.0149314 0.130368 1.68047 5.2121
98 19.6881 12.5331 29.8125
128.695 143.549 0.357408 0.089317 0.0149314 0.130368 1.68047 5.2121
99 19.6881 11.3111 32.6736
128.695 143.549 0.357408 0.089317 0.0149314 0.130368 1.68047 5.2121
100 19.6881 10.0729 36.8961
128.695 143.549 0.357408 0.089317 0.0149314 0.130368 1.68047 5.2121
