0 25.87 1.40069 21.5695
136.93 166.1 0.162612 0.250839 0.0271562 0.435949 8.18034 6.69903
1 25.87 3.3096 50.6102
136.93 166.1 0.162612 0.250839 0.0271562 0.435949 8.18034 6.69903
2 25.87 5.02714 84.359
136.93 166.1 0.162612 0.250839 0.0271562 0.435949 8.18034 6.69903
3 25.87 6.69563 107.771
136.93 166.1 0.162612 0.250839 0.0271562 0.435949 8.18034 6.69903
4 26.0026 8.80448 127.696
137.977 165.603 0.196234 0.254636 0 0.421335 8.13322 6.45846
5 26.3922 9.42033 133.435
135.3 155.62 0.227847 0.218993 0 0.509739 7.12899 5.67878
6 26.692 9.97938 139.287
136.989 167.404 0.215382 0.243762 0 0.391953 8.03313 6.76783
7 26.9378 11.5349 147.373
139.975 178.306 0.204497 0.202685 0.0730199 0.321337 7.61193 7.36046
8 26.9378 13.0494 136.419
139.975 178.306 0.204497 0.202685 0.0730199 0.321337 7.61193 7.36046
9 26.9378 14.5081 148.019
139.975 178.306 0.204497 0.202685 0.0730199 0.321337 7.61193 7.36046
10 26.9461 13.9629 141.327
124.145 151.349 0.221047 0.271173 0.000923675 0.426277 9.1203 5.96405
11 27.0233 14.3296 149.868
145.404 169.855 0.219794 0.17308 0 0.286932 10 6.5371
12 28.7228 15.209 148.037
130.971 164.812 0.235908 0.158566 0 0.162252 8.24086 7.08587
13 28.7228 15.2437 153.106
130.971 164.812 0.235908 0.158566 0 0.162252 8.24086 7.08587
14 28.7228 16.9726 139.76
130.971 164.812 0.235908 0.158566 0 0.162252 8.24086 7.08587
15 28.7228 17.4279 135.048
130.971 164.812 0.235908 0.158566 0 0.162252 8.24086 7.08587
16 28.7228 18.4677 124.888
130.971 164.812 0.235908 0.158566 0 0.162252 8.24086 7.08587
17 28.7228 18.5207 106.184
130.971 164.812 0.235908 0.158566 0 0.162252 8.24086 7.08587
18 28.7228 19.1389 100.076
130.971 164.812 0.235908 0.158566 0 0.162252 8.24086 7.08587
19 28.8225 19.7455 103.798
133.889 157.103 0.227546 0.228775 0 0.144881 7.94048 6.27166
20 29.7773 19.0336 109.554
122.254 163.734 0.237241 0.167615 0 0.119556 8.16558 7.16771
21 29.7773 19.259 105.099
122.254 163.734 0.237241 0.167615 0 0.119556 8.16558 7.16771
22 29.7773 19.2498 112.159
122.254 163.734 0.237241 0.167615 0 0.119556 8.16558 7.16771
23 29.7773 19.9755 104.791
122.254 163.734 0.237241 0.167615 0 0.119556 8.16558 7.16771
24 31.4733 20.4045 89.829
133.648 157.878 0.22807 0.218806 0 0.138496 7.9935 6.30032
25 31.4733 21.2814 77.7942
133.648 157.878 0.22807 0.218806 0 0.138496 7.9935 6.30032
26 31.4733 21.7881 71.6531
133.648 157.878 0.22807 0.218806 0 0.138496 7.9935 6.30032
27 31.4733 21.1665 80.6903
133.648 157.878 0.22807 0.218806 0 0.138496 7.9935 6.30032
28 31.4733 22.1846 65.7143
133.648 157.878 0.22807 0.218806 0 0.138496 7.9935 6.30032
29 31.4733 21.7049 88.3857
133.648 157.878 0.22807 0.218806 0 0.138496 7.9935 6.30032
30 31.4733 20.637 94.0705
133.648 157.878 0.22807 0.218806 0 0.138496 7.9935 6.30032
31 31.4733 21.6454 85.1364
133.648 157.878 0.22807 0.218806 0 0.138496 7.9935 6.30032
32 31.4733 22.2259 78.3314
133.648 157.878 0.22807 0.218806 0 0.138496 7.9935 6.30032
33 31.9088 22.494 89.5914
134.087 157.662 0.231929 0.2208 0.00230432 0.139488 7.98381 6.2395
34 31.9088 23.4472 58.6718
134.087 157.662 0.231929 0.2208 0.00230432 0.139488 7.98381 6.2395
35 31.9088 22.2844 77.5349
134.087 157.662 0.231929 0.2208 0.00230432 0.139488 7.98381 6.2395
36 31.9088 21.632 89.0983
134.087 157.662 0.231929 0.2208 0.00230432 0.139488 7.98381 6.2395
37 33.3755 22.3613 74.388
134.699 157.177 0.237395 0.220541 0.00539248 0.146455 7.88855 6.26876
38 33.3755 22.2667 71.5456
134.699 157.177 0.237395 0.220541 0.00539248 0.146455 7.88855 6.26876
39 33.3755 21.4236 90.7921
134.699 157.177 0.237395 0.220541 0.00539248 0.146455 7.88855 6.26876
40 33.7966 21.6651 90.812
137.507 160.356 0.227429 0.189351 0.0307687 0.221098 8.07352 5.5396
41 33.7966 22.015 90.0263
137.507 160.356 0.227429 0.189351 0.0307687 0.221098 8.07352 5.5396
42 33.7966 23.1952 81.0936
137.507 160.356 0.227429 0.189351 0.0307687 0.221098 8.07352 5.5396
43 33.7966 22.6597 75.6113
137.507 160.356 0.227429 0.189351 0.0307687 0.221098 8.07352 5.5396
44 33.7966 22.7033 84.566
137.507 160.356 0.227429 0.189351 0.0307687 0.221098 8.07352 5.5396
45 33.7966 21.4446 106.082
137.507 160.356 0.227429 0.189351 0.0307687 0.221098 8.07352 5.5396
46 33.7966 21.6988 106.641
137.507 160.356 0.227429 0.189351 0.0307687 0.221098 8.07352 5.5396
47 33.7966 22.1646 89.1771
137.507 160.356 0.227429 0.189351 0.0307687 0.221098 8.07352 5.5396
48 33.7966 21.7548 101.19
137.507 160.356 0.227429 0.189351 0.0307687 0.221098 8.07352 5.5396
49 33.7966 20.3785 104.043
137.507 160.356 0.227429 0.189351 0.0307687 0.221098 8.07352 5.5396
50 33.7966 21.8005 92.1069
137.507 160.356 0.227429 0.189351 0.0307687 0.221098 8.07352 5.5396
51 33.7966 23.1371 61.4344
137.507 160.356 0.227429 0.189351 0.0307687 0.221098 8.07352 5.5396
52 33.7966 22.425 77.6881
137.507 160.356 0.227429 0.189351 0.0307687 0.221098 8.07352 5.5396
53 33.7966 20.0505 110.096
137.507 160.356 0.227429 0.189351 0.0307687 0.221098 8.07352 5.5396
54 33.7966 22.9042 73.9657
137.507 160.356 0.227429 0.189351 0.0307687 0.221098 8.07352 5.5396
55 33.7966 22.5782 74.764
137.507 160.356 0.227429 0.189351 0.0307687 0.221098 8.07352 5.5396
56 33.7966 21.4721 97.9064
137.507 160.356 0.227429 0.189351 0.0307687 0.221098 8.07352 5.5396
57 33.7966 22.0497 100.29
137.507 160.356 0.227429 0.189351 0.0307687 0.221098 8.07352 5.5396
58 33.7966 21.5434 106.412
137.507 160.356 0.227429 0.189351 0.0307687 0.221098 8.07352 5.5396
59 33.7966 21.6946 101.127
137.507 160.356 0.227429 0.189351 0.0307687 0.221098 8.07352 5.5396
60 33.7966 19.9254 123.338
137.507 160.356 0.227429 0.189351 0.0307687 0.221098 8.07352 5.5396
61 33.7966 18.2996 126.394
137.507 160.356 0.227429 0.189351 0.0307687 0.221098 8.07352 5.5396
62 33.7966 20.1088 111.815
137.507 160.356 0.227429 0.189351 0.0307687 0.221098 8.07352 5.5396
63 33.7966 20.7932 108.79
137.507 160.356 0.227429 0.189351 0.0307687 0.221098 8.07352 5.5396
64 33.7966 21.6757 100.752
137.507 160.356 0.227429 0.189351 0.0307687 0.221098 8.07352 5.5396
65 33.7966 21.1481 104.32
137.507 160.356 0.227429 0.189351 0.0307687 0.221098 8.07352 5.5396
66 33.7966 21.2757 108.924
137.507 160.356 0.227429 0.189351 0.0307687 0.221098 8.07352 5.5396
67 33.7966 22.3372 100.638
137.507 160.356 0.227429 0.189351 0.0307687 0.221098 8.07352 5.5396
68 33.7966 23.3219 88.2611
137.507 160.356 0.227429 0.189351 0.0307687 0.221098 8.07352 5.5396
69 33.7966 23.1777 88.1089
137.507 160.356 0.227429 0.189351 0.0307687 0.221098 8.07352 5.5396
70 33.7966 21.7723 115.283
137.507 160.356 0.227429 0.189351 0.0307687 0.221098 8.07352 5.5396
71 33.7966 21.5091 99.8543
137.507 160.356 0.227429 0.189351 0.0307687 0.221098 8.07352 5.5396
72 33.7966 21.5733 100.193
137.507 160.356 0.227429 0.189351 0.0307687 0.221098 8.07352 5.5396
73 33.7966 21.0319 90.8738
137.507 160.356 0.227429 0.189351 0.0307687 0.221098 8.07352 5.5396
74 33.7966 21.5922 79.2691
137.507 160.356 0.227429 0.189351 0.0307687 0.221098 8.07352 5.5396
75 33.7966 20.9622 116.557
137.507 160.356 0.227429 0.189351 0.0307687 0.221098 8.07352 5.5396
76 33.7966 19.7079 136.231
137.507 160.356 0.227429 0.189351 0.0307687 0.221098 8.07352 5.5396
77 33.7966 20.1305 137.137
137.507 160.356 0.227429 0.189351 0.0307687 0.221098 8.07352 5.5396
78 33.7966 19.9789 120.679
137.507 160.356 0.227429 0.189351 0.0307687 0.221098 8.07352 5.5396
79 33.7966 21.9605 102.576
137.507 160.356 0.227429 0.189351 0.0307687 0.221098 8.07352 5.5396
80 33.7966 20.0933 133.469
137.507 160.356 0.227429 0.189351 0.0307687 0.221098 8.07352 5.5396
81 33.7966 20.4733 122.604
137.507 160.356 0.227429 0.189351 0.0307687 0.221098 8.07352 5.5396
82 33.7966 21.4514 101.977
137.507 160.356 0.227429 0.189351 0.0307687 0.221098 8.07352 5.5396
83 33.7966 21.5833 100.313
137.507 160.356 0.227429 0.189351 0.0307687 0.221098 8.07352 5.5396
84 33.7966 20.8287 114.205
137.507 160.356 0.227429 0.189351 0.0307687 0.221098 8.07352 5.5396
85 33.7966 21.5479 98.9324
137.507 160.356 0.227429 0.189351 0.0307687 0.221098 8.07352 5.5396
86 33.7966 21.534 99.8747
137.507 160.356 0.227429 0.189351 0.0307687 0.221098 8.07352 5.5396
87 33.7966 21.7652 93.0529
137.507 160.356 0.227429 0.189351 0.0307687 0.221098 8.07352 5.5396
88 33.7966 22.9672 87.8388
137.507 160.356 0.227429 0.189351 0.0307687 0.221098 8.07352 5.5396
89 33.7966 21.4346 92.9447
137.507 160.356 0.227429 0.189351 0.0307687 0.221098 8.07352 5.5396
90 33.7966 21.1068 104.154
137.507 160.356 0.227429 0.189351 0.0307687 0.221098 8.07352 5.5396
91 33.7966 21.6597 98.0606
137.507 160.356 0.227429 0.189351 0.0307687 0.221098 8.07352 5.5396
92 33.7966 21.2932 96.8417
137.507 160.356 0.227429 0.189351 0.0307687 0.221098 8.07352 5.5396
93 33.7966 22.4917 84.3815
137.507 160.356 0.227429 0.189351 0.0307687 0.221098 8.07352 5.5396
94 33.7966 21.0866 89.6981
137.507 160.356 0.227429 0.189351 0.0307687 0.221098 8.07352 5.5396
95 33.7966 22.6647 86.1869
137.507 160.356 0.227429 0.189351 0.0307687 0.221098 8.07352 5.5396
96 33.7966 20.8245 107.161
137.507 160.356 0.227429 0.189351 0.0307687 0.221098 8.07352 5.5396
97 33.7966 21.2879 100.08
137.507 160.356 0.227429 0.189351 0.0307687 0.221098 8.07352 5.5396
98 33.7966 21.3268 101.506
137.507 160.356 0.227429 0.189351 0.0307687 0.221098 8.07352 5.5396
99 33.7966 21.302 92.9251
137.507 160.356 0.227429 0.189351 0.0307687 0.221098 8.07352 5.5396
100 33.7966 20.9426 99.5149
137.507 160.356 0.227429 0.189351 0.0307687 0.221098 8.07352 5.5396
