0 1.54503 0.170168 0.108554
167.176 174.407 0.300124 0.097727 0.501585 0.627194 3.15623 3.93057
1 1.54503 0.254085 0.199747
167.176 174.407 0.300124 0.097727 0.501585 0.627194 3.15623 3.93057
2 1.61999 0.405944 0.356941
174.448 180.627 0.357001 0 0.48335 0.677393 0.477052 4.3044
3 1.62843 0.404692 0.370356
174.476 180.607 0.356215 0 0.482514 0.678691 0.478063 4.29681
4 2.95577 0.415903 0.573443
161.133 187.991 0.179363 0.126583 0.498287 0.572099 3.47556 4.56132
5 2.95618 0.568044 0.88124
162.041 187.868 0.171524 0.132172 0.514886 0.57401 3.48314 4.69597
6 5.75699 0.921273 2.40079
163.018 166.518 0.115965 0.122954 0.545619 0.572212 3.10924 5.6418
7 5.75699 1.20181 3.52687
163.018 166.518 0.115965 0.122954 0.545619 0.572212 3.10924 5.6418
8 7.31235 2.04549 6.61193
164.358 190.591 0.167522 0.079642 0.36956 0.541071 3.63623 3.29032
9 10.6227 2.78241 10.0066
164.04 189.513 0.126821 0.0221501 0.340669 0.523055 3.99702 3.05441
10 10.6227 3.15069 10.8902
164.04 189.513 0.126821 0.0221501 0.340669 0.523055 3.99702 3.05441
11 10.6227 3.81566 11.7125
164.04 189.513 0.126821 0.0221501 0.340669 0.523055 3.99702 3.05441
12 11.5559 4.52493 14.6234
164.517 176.569 0.134841 0 0.356686 0.579965 4.66341 2.15106
13 11.5559 5.64335 17.4559
164.517 176.569 0.134841 0 0.356686 0.579965 4.66341 2.15106
14 14.2488 5.96813 24.2694
159.507 180.272 0.103349 0 0.512101 0.436357 4.0565 0.88646
15 14.2488 6.09082 22.4743
159.507 180.272 0.103349 0 0.512101 0.436357 4.0565 0.88646
16 14.2916 6.69424 29.0394
167.959 160.953 0.158874 0.0274717 0.162983 0.314221 1.89898 1.98099
17 14.2916 6.69703 23.2126
167.959 160.953 0.158874 0.0274717 0.162983 0.314221 1.89898 1.98099
18 14.3508 7.11261 24.5313
170.69 158.033 0.141401 0.0534163 0.17424 0.340855 1.9986 2.20029
19 14.4334 7.6074 24.5369
167.701 160.068 0.0917039 0.051878 0.136954 0.331143 1.39466 1.46804
20 14.4334 8.68836 25.7396
167.701 160.068 0.0917039 0.051878 0.136954 0.331143 1.39466 1.46804
21 14.4334 8.0554 26.9977
167.701 160.068 0.0917039 0.051878 0.136954 0.331143 1.39466 1.46804
22 14.51 8.26973 28.7489
138.806 147.199 0.0796076 0 0.312152 0.431917 4.50879 2.83832
23 14.8131 8.099 28.3735
161.915 150.436 0.0368941 0.0527048 0.0433396 0.305882 0.564853 2.97455
24 14.8131 9.28574 28.1433
161.915 150.436 0.0368941 0.0527048 0.0433396 0.305882 0.564853 2.97455
25 14.8131 9.43531 23.3475
161.915 150.436 0.0368941 0.0527048 0.0433396 0.305882 0.564853 2.97455
26 14.8131 9.06183 24.9846
161.915 150.436 0.0368941 0.0527048 0.0433396 0.305882 0.564853 2.97455
27 14.8131 7.79285 34.0594
161.915 150.436 0.0368941 0.0527048 0.0433396 0.305882 0.564853 2.97455
28 14.8131 8.98447 34.0364
161.915 150.436 0.0368941 0.0527048 0.0433396 0.305882 0.564853 2.97455
29 14.9091 10.7641 22.3641
145.527 143.508 0.0216379 0.0581782 0.385429 0.415544 3.43212 2.20658
30 14.9529 9.73693 23.6144
144.424 150.865 0.119459 0.00893722 0.265444 0.453498 4.04015 1.05271
31 15.0362 11.1318 22.3304
145.466 150.206 0.0348078 0.07511 0.38553 0.318966 3.50299 1.98904
32 15.0362 10.7387 26.2952
145.466 150.206 0.0348078 0.07511 0.38553 0.318966 3.50299 1.98904
33 15.0362 10.7484 24.7707
145.466 150.206 0.0348078 0.07511 0.38553 0.318966 3.50299 1.98904
34 15.2595 10.8906 26.6372
147.184 151.848 0.0891298 0.0404676 0.257528 0.415031 4.07592 1.15205
35 15.2862 9.57053 30.9059
146.948 151.886 0.0893208 0.038782 0.258199 0.415341 4.10108 1.1512
36 15.2862 9.8816 28.0032
146.948 151.886 0.0893208 0.038782 0.258199 0.415341 4.10108 1.1512
37 17.0912 11.7334 26.9657
127.226 168.738 0.438545 0 0.224574 0.484852 5.04678 1.23742
38 17.1049 11.4644 24.7709
126.299 173.17 0.449408 0 0.21025 0.490308 5.91049 1.18153
39 18.5403 9.91762 32.122
125.367 169.85 0.423948 0 0.224229 0.475003 5.52166 1.58044
40 18.5403 9.66689 39.918
125.367 169.85 0.423948 0 0.224229 0.475003 5.52166 1.58044
41 18.5403 8.06522 49.0934
125.367 169.85 0.423948 0 0.224229 0.475003 5.52166 1.58044
42 18.5403 8.91708 43.5439
125.367 169.85 0.423948 0 0.224229 0.475003 5.52166 1.58044
43 18.5403 6.72073 42.8943
125.367 169.85 0.423948 0 0.224229 0.475003 5.52166 1.58044
44 19.9411 6.86102 52.7049
110.853 167.73 0.425221 0 0.168217 0.538793 5.84718 1.52393
45 21.3182 9.80297 64.4895
135.868 145.932 0.383511 0 0.378919 0.516706 6.47312 0
46 21.3641 8.88511 60.5568
105.172 163.971 0.414804 0 0.162723 0.551987 5.6857 1.68042
47 21.3641 8.78436 67.0714
105.172 163.971 0.414804 0 0.162723 0.551987 5.6857 1.68042
48 22.8493 8.79007 66.3137
135.136 147.158 0.376407 0.00242342 0.384203 0.522387 6.42438 0.0112886
49 22.8493 9.3557 50.4118
135.136 147.158 0.376407 0.00242342 0.384203 0.522387 6.42438 0.0112886
50 22.8493 7.84883 51.8384
135.136 147.158 0.376407 0.00242342 0.384203 0.522387 6.42438 0.0112886
51 24.2026 8.58166 77.7127
132.537 142.144 0.390025 0.000687531 0.24313 0.61519 5.42899 0.168644
52 24.2026 8.87274 77.075
132.537 142.144 0.390025 0.000687531 0.24313 0.61519 5.42899 0.168644
53 24.2026 7.75335 68.5345
132.537 142.144 0.390025 0.000687531 0.24313 0.61519 5.42899 0.168644
54 24.2026 7.42166 89.6949
132.537 142.144 0.390025 0.000687531 0.24313 0.61519 5.42899 0.168644
55 24.2026 6.59334 66.8484
132.537 142.144 0.390025 0.000687531 0.24313 0.61519 5.42899 0.168644
56 24.2026 7.5885 70.366
132.537 142.144 0.390025 0.000687531 0.24313 0.61519 5.42899 0.168644
57 24.2026 9.14219 66.8728
132.537 142.144 0.390025 0.000687531 0.24313 0.61519 5.42899 0.168644
58 24.2026 7.47931 59.8679
132.537 142.144 0.390025 0.000687531 0.24313 0.61519 5.42899 0.168644
59 24.2026 7.79369 62.8578
132.537 142.144 0.390025 0.000687531 0.24313 0.61519 5.42899 0.168644
60 24.2026 8.24239 66.065
132.537 142.144 0.390025 0.000687531 0.24313 0.61519 5.42899 0.168644
61 24.2026 8.3332 77.4759
132.537 142.144 0.390025 0.000687531 0.24313 0.61519 5.42899 0.168644
62 24.2026 11.3794 75.7694
132.537 142.144 0.390025 0.000687531 0.24313 0.61519 5.42899 0.168644
63 24.2445 11.8205 88.8902
132.443 141.887 0.39053 0.00146753 0.243656 0.613632 5.42193 0.172836
64 24.2445 10.6814 77.7961
132.443 141.887 0.39053 0.00146753 0.243656 0.613632 5.42193 0.172836
65 24.2445 8.15806 85.0507
132.443 141.887 0.39053 0.00146753 0.243656 0.613632 5.42193 0.172836
66 24.2445 6.44751 71.6717
132.443 141.887 0.39053 0.00146753 0.243656 0.613632 5.42193 0.172836
67 24.2445 7.20175 78.7499
132.443 141.887 0.39053 0.00146753 0.243656 0.613632 5.42193 0.172836
68 24.2445 6.54355 79.7747
132.443 141.887 0.39053 0.00146753 0.243656 0.613632 5.42193 0.172836
69 24.2445 5.69484 64.4016
132.443 141.887 0.39053 0.00146753 0.243656 0.613632 5.42193 0.172836
70 24.2445 7.82774 83.4869
132.443 141.887 0.39053 0.00146753 0.243656 0.613632 5.42193 0.172836
71 24.2445 7.06726 75.4784
132.443 141.887 0.39053 0.00146753 0.243656 0.613632 5.42193 0.172836
72 24.2445 7.02251 69.8132
132.443 141.887 0.39053 0.00146753 0.243656 0.613632 5.42193 0.172836
73 24.2445 9.0366 90.5585
132.443 141.887 0.39053 0.00146753 0.243656 0.613632 5.42193 0.172836
74 24.2445 8.79961 77.8533
132.443 141.887 0.39053 0.00146753 0.243656 0.613632 5.42193 0.172836
75 24.2445 9.34652 83.2227
132.443 141.887 0.39053 0.00146753 0.243656 0.613632 5.42193 0.172836
76 24.2445 9.09102 95.0226
132.443 141.887 0.39053 0.00146753 0.243656 0.613632 5.42193 0.172836
77 24.2445 9.77036 77.0455
132.443 141.887 0.39053 0.00146753 0.243656 0.613632 5.42193 0.172836
78 25.6284 7.38591 80.6643
115.609 141.393 0.372746 0 0.266532 0.707475 5.62067 0.44623
79 25.6284 8.26504 84.0094
115.609 141.393 0.372746 0 0.266532 0.707475 5.62067 0.44623
80 25.6523 8.08343 95.4431
115.787 139.259 0.360384 0 0.274856 0.708842 5.76586 0.456582
81 25.6523 9.18731 94.0872
115.787 139.259 0.360384 0 0.274856 0.708842 5.76586 0.456582
82 25.6523 10.1138 100.77
115.787 139.259 0.360384 0 0.274856 0.708842 5.76586 0.456582
83 25.6523 9.77742 79.4109
115.787 139.259 0.360384 0 0.274856 0.708842 5.76586 0.456582
84 25.6523 7.06779 67.5677
115.787 139.259 0.360384 0 0.274856 0.708842 5.76586 0.456582
85 25.6626 10.6492 92.5778
123.747 151.777 0.369224 0 0.126686 0.546947 6.43662 1.66632
86 25.6626 10.8351 91.4987
123.747 151.777 0.369224 0 0.126686 0.546947 6.43662 1.66632
87 25.6626 10.7802 86.3373
123.747 151.777 0.369224 0 0.126686 0.546947 6.43662 1.66632
88 25.6626 9.2004 75.5189
123.747 151.777 0.369224 0 0.126686 0.546947 6.43662 1.66632
89 25.6626 12.3711 69.7492
123.747 151.777 0.369224 0 0.126686 0.546947 6.43662 1.66632
90 25.7403 14.1964 78.6324
100 156.579 0.349213 0 0.0998695 0.621852 5.44539 1.26621
91 25.7403 11.8431 82.5275
100 156.579 0.349213 0 0.0998695 0.621852 5.44539 1.26621
92 25.741 12.0762 81.9522
100.136 156.541 0.349945 0 0.100237 0.625538 5.45045 1.27275
93 25.8128 8.85271 84.1143
100 165.891 0.342639 0 0.0708369 0.623967 5.2323 1.24318
94 25.8128 9.76517 74.5746
100 165.891 0.342639 0 0.0708369 0.623967 5.2323 1.24318
95 25.8128 8.66295 64.9243
100 165.891 0.342639 0 0.0708369 0.623967 5.2323 1.24318
96 25.8128 8.5176 82.2535
100 165.891 0.342639 0 0.0708369 0.623967 5.2323 1.24318
97 25.8128 8.16106 87.511
100 165.891 0.342639 0 0.0708369 0.623967 5.2323 1.24318
98 25.8128 7.22383 93.8372
100 165.891 0.342639 0 0.0708369 0.623967 5.2323 1.24318
99 25.8128 8.72167 98.7464
100 165.891 0.342639 0 0.0708369 0.623967 5.2323 1.24318
100 25.8128 6.8983 73.5343
100 165.891 0.342639 0 0.0708369 0.623967 5.2323 1.24318
