0 26.3041 2.42788 41.0968
163.524 126.048 0.165707 0.21006 0.25237 0.336792 3.45123 4.62767
1 26.5669 3.73974 60.7314
185.756 122.571 0.0305679 0.272715 0.365958 0.267325 2.53153 4.16431
2 26.5676 6.32713 95.0594
185.645 122.622 0.0309527 0.272408 0.366499 0.267497 2.53126 4.16471
3 27.489 6.7914 108.35
111.506 193.727 0.226905 0 0.121093 0.45812 8.6133 4.80568
4 27.489 8.21574 128.448
111.506 193.727 0.226905 0 0.121093 0.45812 8.6133 4.80568
5 27.489 9.29008 124.686
111.506 193.727 0.226905 0 0.121093 0.45812 8.6133 4.80568
6 27.9768 10.7577 134.655
111.329 194.138 0.224292 0 0.121155 0.463111 8.54633 4.85993
7 27.9768 10.353 121.878
111.329 194.138 0.224292 0 0.121155 0.463111 8.54633 4.85993
8 29.0811 14.1382 144.057
118.387 200 0.232876 0 0.121323 0.457283 7.36432 5.16914
9 29.0811 12.4913 137.982
118.387 200 0.232876 0 0.121323 0.457283 7.36432 5.16914
10 29.0811 14.1088 141.265
118.387 200 0.232876 0 0.121323 0.457283 7.36432 5.16914
11 29.0811 15.4926 131.668
118.387 200 0.232876 0 0.121323 0.457283 7.36432 5.16914
12 29.0811 16.3512 126.421
118.387 200 0.232876 0 0.121323 0.457283 7.36432 5.16914
13 29.0811 14.1531 121.34
118.387 200 0.232876 0 0.121323 0.457283 7.36432 5.16914
14 29.4638 15.237 132.681
120.465 200 0.23204 0 0.105842 0.450014 7.34339 5.19026
15 29.4638 15.4579 118.521
120.465 200 0.23204 0 0.105842 0.450014 7.34339 5.19026
16 29.4638 15.7382 109.453
120.465 200 0.23204 0 0.105842 0.450014 7.34339 5.19026
17 29.4638 17.3256 109.133
120.465 200 0.23204 0 0.105842 0.450014 7.34339 5.19026
18 29.4638 17.7612 101.122
120.465 200 0.23204 0 0.105842 0.450014 7.34339 5.19026
19 29.5632 18.3277 101.615
117.854 199.264 0.22749 0 0.0669967 0.490335 7.25662 4.23188
20 29.5632 19.6078 88.8937
117.854 199.264 0.22749 0 0.0669967 0.490335 7.25662 4.23188
21 29.5632 19.4804 95.5712
117.854 199.264 0.22749 0 0.0669967 0.490335 7.25662 4.23188
22 29.5632 20.0751 76.8294
117.854 199.264 0.22749 0 0.0669967 0.490335 7.25662 4.23188
23 29.642 19.8473 72.0834
119.168 196.982 0.224665 0 0.0960646 0.473721 7.49938 5.16612
24 29.642 20.0301 73.6236
119.168 196.982 0.224665 0 0.0960646 0.473721 7.49938 5.16612
25 29.642 19.5004 74.1516
119.168 196.982 0.224665 0 0.0960646 0.473721 7.49938 5.16612
26 30.1961 21.0133 67.8785
119.472 195.484 0.230028 0 0.0786056 0.474346 7.23353 4.92233
27 31.8198 20.5144 72.7884
117.597 200 0.231455 0 0.0627768 0.509685 7.21977 4.23935
28 31.8198 19.1618 105.53
117.597 200 0.231455 0 0.0627768 0.509685 7.21977 4.23935
29 31.8198 19.7973 78.6938
117.597 200 0.231455 0 0.0627768 0.509685 7.21977 4.23935
30 31.8198 19.3253 78.1849
117.597 200 0.231455 0 0.0627768 0.509685 7.21977 4.23935
31 31.8198 20.5808 76.5934
117.597 200 0.231455 0 0.0627768 0.509685 7.21977 4.23935
32 31.8198 19.6157 87.381
117.597 200 0.231455 0 0.0627768 0.509685 7.21977 4.23935
33 31.8198 19.1736 82.0323
117.597 200 0.231455 0 0.0627768 0.509685 7.21977 4.23935
34 31.8198 19.6004 98.0996
117.597 200 0.231455 0 0.0627768 0.509685 7.21977 4.23935
35 31.8198 18.9236 79.497
117.597 200 0.231455 0 0.0627768 0.509685 7.21977 4.23935
36 31.8198 17.7919 110.626
117.597 200 0.231455 0 0.0627768 0.509685 7.21977 4.23935
37 31.8198 17.5039 110.456
117.597 200 0.231455 0 0.0627768 0.509685 7.21977 4.23935
38 31.8198 16.8795 132.689
117.597 200 0.231455 0 0.0627768 0.509685 7.21977 4.23935
39 31.8198 17.6558 123.333
117.597 200 0.231455 0 0.0627768 0.509685 7.21977 4.23935
40 31.8198 18.018 113.546
117.597 200 0.231455 0 0.0627768 0.509685 7.21977 4.23935
41 31.8198 18.5819 126.302
117.597 200 0.231455 0 0.0627768 0.509685 7.21977 4.23935
42 31.8198 17.448 127.255
117.597 200 0.231455 0 0.0627768 0.509685 7.21977 4.23935
43 31.8198 16.9871 127.603
117.597 200 0.231455 0 0.0627768 0.509685 7.21977 4.23935
44 31.8198 16.1752 136.881
117.597 200 0.231455 0 0.0627768 0.509685 7.21977 4.23935
45 31.8198 17.8773 108.101
117.597 200 0.231455 0 0.0627768 0.509685 7.21977 4.23935
46 31.8198 17.1485 120.812
117.597 200 0.231455 0 0.0627768 0.509685 7.21977 4.23935
47 31.8198 18.8059 108.862
117.597 200 0.231455 0 0.0627768 0.509685 7.21977 4.23935
48 31.8198 19.0109 107.009
117.597 200 0.231455 0 0.0627768 0.509685 7.21977 4.23935
49 31.8198 18.727 98.2725
117.597 200 0.231455 0 0.0627768 0.509685 7.21977 4.23935
50 31.8198 18.7351 108.16
117.597 200 0.231455 0 0.0627768 0.509685 7.21977 4.23935
51 31.8198 18.9647 101.679
117.597 200 0.231455 0 0.0627768 0.509685 7.21977 4.23935
52 31.8198 18.7063 89.6404
117.597 200 0.231455 0 0.0627768 0.509685 7.21977 4.23935
53 31.8198 16.1724 120.739
117.597 200 0.231455 0 0.0627768 0.509685 7.21977 4.23935
54 31.8198 17.4914 141.739
117.597 200 0.231455 0 0.0627768 0.509685 7.21977 4.23935
55 31.8198 17.682 112.407
117.597 200 0.231455 0 0.0627768 0.509685 7.21977 4.23935
56 31.8198 19.6737 103.739
117.597 200 0.231455 0 0.0627768 0.509685 7.21977 4.23935
57 31.8198 19.3502 84.1773
117.597 200 0.231455 0 0.0627768 0.509685 7.21977 4.23935
58 31.8198 20.5289 83.488
117.597 200 0.231455 0 0.0627768 0.509685 7.21977 4.23935
59 31.8198 18.5434 124.777
117.597 200 0.231455 0 0.0627768 0.509685 7.21977 4.23935
60 31.8198 17.6998 117.178
117.597 200 0.231455 0 0.0627768 0.509685 7.21977 4.23935
61 31.8198 18.1296 113.502
117.597 200 0.231455 0 0.0627768 0.509685 7.21977 4.23935
62 31.8198 18.9708 103.284
117.597 200 0.231455 0 0.0627768 0.509685 7.21977 4.23935
63 31.8198 19.3499 95.11
117.597 200 0.231455 0 0.0627768 0.509685 7.21977 4.23935
64 31.8198 20.5386 81.8909
117.597 200 0.231455 0 0.0627768 0.509685 7.21977 4.23935
65 31.8198 19.2826 92.7772
117.597 200 0.231455 0 0.0627768 0.509685 7.21977 4.23935
66 31.8198 18.6336 94.3028
117.597 200 0.231455 0 0.0627768 0.509685 7.21977 4.23935
67 31.8198 19.1032 115.468
117.597 200 0.231455 0 0.0627768 0.509685 7.21977 4.23935
68 31.8198 19.9574 104.01
117.597 200 0.231455 0 0.0627768 0.509685 7.21977 4.23935
69 31.8198 19.8514 108.701
117.597 200 0.231455 0 0.0627768 0.509685 7.21977 4.23935
70 31.8198 18.8774 118.06
117.597 200 0.231455 0 0.0627768 0.509685 7.21977 4.23935
71 31.8198 20.5819 100.308
117.597 200 0.231455 0 0.0627768 0.509685 7.21977 4.23935
72 31.8198 19.7862 102.791
117.597 200 0.231455 0 0.0627768 0.509685 7.21977 4.23935
73 31.8198 18.5018 90.894
117.597 200 0.231455 0 0.0627768 0.509685 7.21977 4.23935
74 31.8198 18.0522 115.293
117.597 200 0.231455 0 0.0627768 0.509685 7.21977 4.23935
75 31.8198 16.8494 123.697
117.597 200 0.231455 0 0.0627768 0.509685 7.21977 4.23935
76 31.8198 18.253 114.856
117.597 200 0.231455 0 0.0627768 0.509685 7.21977 4.23935
77 31.8198 17.2073 132.498
117.597 200 0.231455 0 0.0627768 0.509685 7.21977 4.23935
78 31.8198 16.9114 115.111
117.597 200 0.231455 0 0.0627768 0.509685 7.21977 4.23935
79 31.8198 18.8199 93.861
117.597 200 0.231455 0 0.0627768 0.509685 7.21977 4.23935
80 31.8198 19.9535 79.5972
117.597 200 0.231455 0 0.0627768 0.509685 7.21977 4.23935
81 32.2625 20.4856 79.1212
117.551 199.644 0.231897 0.000476823 0.0620278 0.508621 7.22172 4.23895
82 32.2625 19.6809 96.3207
117.551 199.644 0.231897 0.000476823 0.0620278 0.508621 7.22172 4.23895
83 32.2625 19.1423 103.827
117.551 199.644 0.231897 0.000476823 0.0620278 0.508621 7.22172 4.23895
84 32.2625 20.1974 79.8658
117.551 199.644 0.231897 0.000476823 0.0620278 0.508621 7.22172 4.23895
85 32.2625 19.329 83.8137
117.551 199.644 0.231897 0.000476823 0.0620278 0.508621 7.22172 4.23895
86 32.2625 21.0413 65.4176
117.551 199.644 0.231897 0.000476823 0.0620278 0.508621 7.22172 4.23895
87 32.2625 21.308 65.3732
117.551 199.644 0.231897 0.000476823 0.0620278 0.508621 7.22172 4.23895
88 32.2625 19.2068 100.285
117.551 199.644 0.231897 0.000476823 0.0620278 0.508621 7.22172 4.23895
89 32.2625 17.8158 106.745
117.551 199.644 0.231897 0.000476823 0.0620278 0.508621 7.22172 4.23895
90 32.2625 18.1595 101.116
117.551 199.644 0.231897 0.000476823 0.0620278 0.508621 7.22172 4.23895
91 32.2625 18.0284 114.575
117.551 199.644 0.231897 0.000476823 0.0620278 0.508621 7.22172 4.23895
92 32.2625 16.959 128.326
117.551 199.644 0.231897 0.000476823 0.0620278 0.508621 7.22172 4.23895
93 32.2625 18.3285 122.564
117.551 199.644 0.231897 0.000476823 0.0620278 0.508621 7.22172 4.23895
94 32.2625 18.6266 107.757
117.551 199.644 0.231897 0.000476823 0.0620278 0.508621 7.22172 4.23895
95 32.2625 17.794 115.838
117.551 199.644 0.231897 0.000476823 0.0620278 0.508621 7.22172 4.23895
96 32.2625 19.1255 101.128
117.551 199.644 0.231897 0.000476823 0.0620278 0.508621 7.22172 4.23895
97 32.2625 18.0644 110.93
117.551 199.644 0.231897 0.000476823 0.0620278 0.508621 7.22172 4.23895
98 32.2625 18.5627 120.104
117.551 199.644 0.231897 0.000476823 0.0620278 0.508621 7.22172 4.23895
99 32.2625 18.4834 126.172
117.551 199.644 0.231897 0.000476823 0.0620278 0.508621 7.22172 4.23895
100 32.2625 18.0434 123.763
117.551 199.644 0.231897 0.000476823 0.0620278 0.508621 7.22172 4.23895
