0 30.8595 7.16166 72.9727
107.081 149.523 0.232996 0.311558 0.71541 0.171822 8.17792 8.41487
1 30.8595 10.315 109.321
107.081 149.523 0.232996 0.311558 0.71541 0.171822 8.17792 8.41487
2 30.8595 11.4438 116.058
107.081 149.523 0.232996 0.311558 0.71541 0.171822 8.17792 8.41487
3 30.9817 16.1433 127.498
181.466 157.367 0.362103 0.0482925 0.59794 0.466193 8.02797 3.77627
4 34.8488 18.4152 167.382
183.125 157.807 0.370316 0.0223199 0.571874 0.417058 7.78539 3.93479
5 34.9847 18.1834 160.654
135.635 121.01 0.388416 0.352474 0.255454 0.0962383 6.50425 5.83527
6 35.8371 20.2957 138.964
183.856 158.04 0.38061 0 0.556549 0.416417 7.96306 3.65193
7 40.2015 20.2441 175.586
134.067 124.658 0.414357 0.25876 0.239871 0.0567787 6.0541 6.14803
8 40.6518 21.635 191.179
133.723 124.473 0.411818 0.258771 0.236973 0.0624348 6.08655 6.15466
9 41.505 25.6514 177.681
135.569 125.152 0.428012 0.226514 0.20118 0.0630099 5.90362 5.8464
10 46.2842 28.0047 200.529
129.076 114.857 0.398981 0.239059 0.166955 0.022781 5.55279 5.99672
11 51.2311 28.1993 210.765
139.464 124.652 0.36853 0.208698 0.204331 0.113456 5.67858 6.42858
12 51.2311 29.9055 234.977
139.464 124.652 0.36853 0.208698 0.204331 0.113456 5.67858 6.42858
13 53.1072 35.1458 246.147
140.222 124.437 0.345344 0.199109 0.215374 0.130513 5.60802 6.04961
14 53.3766 33.3748 279.511
140.186 124.399 0.345492 0.199138 0.215404 0.130341 5.60783 6.04973
15 55.3241 32.1836 339.444
127.604 114.968 0.351932 0.192262 0.0576411 0.206131 7.05708 7.01583
16 55.6842 35.4791 287.07
125.392 114.793 0.330639 0.181966 0.0475561 0.193447 7.05038 7.08319
17 55.6842 34.6681 287.329
125.392 114.793 0.330639 0.181966 0.0475561 0.193447 7.05038 7.08319
18 55.6842 32.9954 290.118
125.392 114.793 0.330639 0.181966 0.0475561 0.193447 7.05038 7.08319
19 55.6842 31.9634 297.018
125.392 114.793 0.330639 0.181966 0.0475561 0.193447 7.05038 7.08319
20 55.6842 33.2003 245.985
125.392 114.793 0.330639 0.181966 0.0475561 0.193447 7.05038 7.08319
21 55.6842 30.141 268.272
125.392 114.793 0.330639 0.181966 0.0475561 0.193447 7.05038 7.08319
22 55.6842 30.5162 337.929
125.392 114.793 0.330639 0.181966 0.0475561 0.193447 7.05038 7.08319
23 55.6842 30.5323 372.347
125.392 114.793 0.330639 0.181966 0.0475561 0.193447 7.05038 7.08319
24 55.6842 32.1614 381.926
125.392 114.793 0.330639 0.181966 0.0475561 0.193447 7.05038 7.08319
25 55.6842 35.8002 325.398
125.392 114.793 0.330639 0.181966 0.0475561 0.193447 7.05038 7.08319
26 55.6842 35.8365 303.25
125.392 114.793 0.330639 0.181966 0.0475561 0.193447 7.05038 7.08319
27 55.6842 37.7285 309.872
125.392 114.793 0.330639 0.181966 0.0475561 0.193447 7.05038 7.08319
28 55.6842 37.8468 289.266
125.392 114.793 0.330639 0.181966 0.0475561 0.193447 7.05038 7.08319
29 55.6842 41.0057 213.064
125.392 114.793 0.330639 0.181966 0.0475561 0.193447 7.05038 7.08319
30 55.7299 36.316 262.128
124.331 115.392 0.332071 0.16591 0.0833643 0.230792 7.05178 7.12681
31 56.2142 38.5892 232.25
126.662 117.006 0.353596 0.176888 0.0479239 0.222282 7.52926 7.04231
32 56.2142 37.7123 285.487
126.662 117.006 0.353596 0.176888 0.0479239 0.222282 7.52926 7.04231
33 56.8605 36.9074 324.678
124.838 115.133 0.364986 0.180792 0.0440504 0.220451 7.66031 6.9341
34 56.8605 37.1372 300.078
124.838 115.133 0.364986 0.180792 0.0440504 0.220451 7.66031 6.9341
35 56.8605 34.5821 210.627
124.838 115.133 0.364986 0.180792 0.0440504 0.220451 7.66031 6.9341
36 56.8605 34.8957 214.527
124.838 115.133 0.364986 0.180792 0.0440504 0.220451 7.66031 6.9341
37 56.8605 37.91 193.779
124.838 115.133 0.364986 0.180792 0.0440504 0.220451 7.66031 6.9341
38 56.8605 35.32 340.595
124.838 115.133 0.364986 0.180792 0.0440504 0.220451 7.66031 6.9341
39 56.8605 39.2935 284.859
124.838 115.133 0.364986 0.180792 0.0440504 0.220451 7.66031 6.9341
40 56.8605 41.6289 258.884
124.838 115.133 0.364986 0.180792 0.0440504 0.220451 7.66031 6.9341
41 56.8605 42.1953 165.254
124.838 115.133 0.364986 0.180792 0.0440504 0.220451 7.66031 6.9341
42 57.1385 40.3682 225.752
122.396 128.509 0.32365 0.174084 0.0223376 0.159425 7.89955 7.52339
43 57.4321 40.2916 253.437
125.115 117.066 0.355185 0.242389 0.0921725 0.102601 8.25782 6.44149
44 57.4321 42.2654 262.73
125.115 117.066 0.355185 0.242389 0.0921725 0.102601 8.25782 6.44149
45 57.573 43.8245 212.079
124.93 118.389 0.371603 0.260057 0.0879595 0.101722 8.11765 6.59822
46 57.573 43.1985 205.614
124.93 118.389 0.371603 0.260057 0.0879595 0.101722 8.11765 6.59822
47 57.573 42.3248 281.456
124.93 118.389 0.371603 0.260057 0.0879595 0.101722 8.11765 6.59822
48 57.573 38.4395 287.235
124.93 118.389 0.371603 0.260057 0.0879595 0.101722 8.11765 6.59822
49 57.573 39.9006 321.233
124.93 118.389 0.371603 0.260057 0.0879595 0.101722 8.11765 6.59822
50 59.5624 42.9401 287.912
119.081 100 0.374744 0.356098 0 0.0163179 7.09353 6.14044
51 59.5624 42.2888 283.783
119.081 100 0.374744 0.356098 0 0.0163179 7.09353 6.14044
52 59.5624 39.4667 271.123
119.081 100 0.374744 0.356098 0 0.0163179 7.09353 6.14044
53 59.5624 43.7725 234.835
119.081 100 0.374744 0.356098 0 0.0163179 7.09353 6.14044
54 59.5624 42.1026 244.906
119.081 100 0.374744 0.356098 0 0.0163179 7.09353 6.14044
55 59.5624 43.1707 210.752
119.081 100 0.374744 0.356098 0 0.0163179 7.09353 6.14044
56 60.4593 42.3918 221.521
118.104 104.539 0.366075 0.338001 0.00129563 0.0243889 6.56827 4.54142
57 60.4593 38.7126 245.826
118.104 104.539 0.366075 0.338001 0.00129563 0.0243889 6.56827 4.54142
58 60.4593 43.479 212.757
118.104 104.539 0.366075 0.338001 0.00129563 0.0243889 6.56827 4.54142
59 60.4593 40.8789 281.82
118.104 104.539 0.366075 0.338001 0.00129563 0.0243889 6.56827 4.54142
60 60.4593 41.3286 240.845
118.104 104.539 0.366075 0.338001 0.00129563 0.0243889 6.56827 4.54142
61 60.4593 39.0504 297.932
118.104 104.539 0.366075 0.338001 0.00129563 0.0243889 6.56827 4.54142
62 60.4593 42.1081 195.25
118.104 104.539 0.366075 0.338001 0.00129563 0.0243889 6.56827 4.54142
63 60.4593 40.4342 269.512
118.104 104.539 0.366075 0.338001 0.00129563 0.0243889 6.56827 4.54142
64 60.4593 38.8676 338.832
118.104 104.539 0.366075 0.338001 0.00129563 0.0243889 6.56827 4.54142
65 60.4593 34.8 285.245
118.104 104.539 0.366075 0.338001 0.00129563 0.0243889 6.56827 4.54142
66 60.4593 36.7211 335.181
118.104 104.539 0.366075 0.338001 0.00129563 0.0243889 6.56827 4.54142
67 60.4593 39.6607 278.697
118.104 104.539 0.366075 0.338001 0.00129563 0.0243889 6.56827 4.54142
68 60.4593 40.7705 250.041
118.104 104.539 0.366075 0.338001 0.00129563 0.0243889 6.56827 4.54142
69 60.4593 46.0366 171.301
118.104 104.539 0.366075 0.338001 0.00129563 0.0243889 6.56827 4.54142
70 60.4593 43.4184 200.69
118.104 104.539 0.366075 0.338001 0.00129563 0.0243889 6.56827 4.54142
71 60.4593 41.4274 447.286
118.104 104.539 0.366075 0.338001 0.00129563 0.0243889 6.56827 4.54142
72 61.9137 44.012 362.608
138.213 102.208 0.305935 0.298125 0 0 6.50691 1.52542
73 61.9137 43.748 355.078
138.213 102.208 0.305935 0.298125 0 0 6.50691 1.52542
74 61.9137 41.1015 328.892
138.213 102.208 0.305935 0.298125 0 0 6.50691 1.52542
75 61.9137 38.4173 367.785
138.213 102.208 0.305935 0.298125 0 0 6.50691 1.52542
76 61.9137 39.1471 334.357
138.213 102.208 0.305935 0.298125 0 0 6.50691 1.52542
77 61.9137 42.4049 298.943
138.213 102.208 0.305935 0.298125 0 0 6.50691 1.52542
78 61.9137 38.9043 354.6
138.213 102.208 0.305935 0.298125 0 0 6.50691 1.52542
79 61.9137 37.612 422.201
138.213 102.208 0.305935 0.298125 0 0 6.50691 1.52542
80 61.9137 40.0956 420.494
138.213 102.208 0.305935 0.298125 0 0 6.50691 1.52542
81 61.9137 40.5695 350.533
138.213 102.208 0.305935 0.298125 0 0 6.50691 1.52542
82 61.9137 41.9398 312.422
138.213 102.208 0.305935 0.298125 0 0 6.50691 1.52542
83 61.9137 39.2517 317.258
138.213 102.208 0.305935 0.298125 0 0 6.50691 1.52542
84 61.9137 41.3135 362.132
138.213 102.208 0.305935 0.298125 0 0 6.50691 1.52542
85 61.9137 41.4084 371.189
138.213 102.208 0.305935 0.298125 0 0 6.50691 1.52542
86 61.9137 45.2963 261.751
138.213 102.208 0.305935 0.298125 0 0 6.50691 1.52542
87 61.9137 44.0103 196.567
138.213 102.208 0.305935 0.298125 0 0 6.50691 1.52542
88 61.9137 43.7824 280.2
138.213 102.208 0.305935 0.298125 0 0 6.50691 1.52542
89 61.9137 43.527 264.529
138.213 102.208 0.305935 0.298125 0 0 6.50691 1.52542
90 61.9137 42.0616 304.893
138.213 102.208 0.305935 0.298125 0 0 6.50691 1.52542
91 61.9137 40.9477 257.733
138.213 102.208 0.305935 0.298125 0 0 6.50691 1.52542
92 61.9137 41.7015 291.562
138.213 102.208 0.305935 0.298125 0 0 6.50691 1.52542
93 61.9137 39.9152 358.881
138.213 102.208 0.305935 0.298125 0 0 6.50691 1.52542
94 61.9137 36.0814 300.673
138.213 102.208 0.305935 0.298125 0 0 6.50691 1.52542
95 61.9137 37.7103 312.048
138.213 102.208 0.305935 0.298125 0 0 6.50691 1.52542
96 61.9137 36.8879 301.712
138.213 102.208 0.305935 0.298125 0 0 6.50691 1.52542
97 61.9137 37.3227 371.491
138.213 102.208 0.305935 0.298125 0 0 6.50691 1.52542
98 61.9137 41.3513 279.766
138.213 102.208 0.305935 0.298125 0 0 6.50691 1.52542
99 61.9137 41.9739 211.905
138.213 102.208 0.305935 0.298125 0 0 6.50691 1.52542
100 61.9137 38.352 345.269
138.213 102.208 0.305935 0.298125 0 0 6.50691 1.52542
