0 23.653 3.00078 30.9071
166.28 110.462 0.274286 0.00178863 0.98701 0.0173393 9.58947 0.156601
1 23.653 4.20641 40.8651
166.28 110.462 0.274286 0.00178863 0.98701 0.0173393 9.58947 0.156601
2 23.653 6.28947 58.1483
166.28 110.462 0.274286 0.00178863 0.98701 0.0173393 9.58947 0.156601
3 23.653 8.29065 81.1794
166.28 110.462 0.274286 0.00178863 0.98701 0.0173393 9.58947 0.156601
4 23.7252 8.79539 75.2042
167.642 110.022 0.332068 0.0782775 0.997443 0 9.9395 1.96416
5 23.7252 9.30571 76.4134
167.642 110.022 0.332068 0.0782775 0.997443 0 9.9395 1.96416
6 23.7252 9.84718 72.4793
167.642 110.022 0.332068 0.0782775 0.997443 0 9.9395 1.96416
7 24.0991 11.0045 77.6729
162.989 113.381 0.301405 0.0108768 1 0.00173059 9.97382 1.50791
8 24.0991 11.6778 83.5126
162.989 113.381 0.301405 0.0108768 1 0.00173059 9.97382 1.50791
9 25.1707 10.1989 70.8854
166.445 110.236 0.323635 0.0574866 0.98785 0 10 2.00218
10 25.1707 10.597 72.2106
166.445 110.236 0.323635 0.0574866 0.98785 0 10 2.00218
11 25.1707 13.0824 85.0388
166.445 110.236 0.323635 0.0574866 0.98785 0 10 2.00218
12 25.77 15.1022 87.6651
162.928 124.059 0.244341 0.093258 0.951567 0.00358585 9.77043 1.03016
13 27.43 15.6151 90.2705
170.392 118.089 0.195254 0.143215 1 0.0902608 10 1.4743
14 27.504 18.5812 75.5943
200 123.361 0.259414 0.195302 0.969367 0.358746 8.56487 5.75143
15 27.675 20.7582 58.1811
164.978 119.035 0.247833 0.132111 0.98926 0.00509908 9.79205 1.96801
16 27.675 18.2183 80.4121
164.978 119.035 0.247833 0.132111 0.98926 0.00509908 9.79205 1.96801
17 28.6358 19.1419 77.7937
168.499 119.608 0.204446 0.196801 0.953199 0.0066276 10 2.12913
18 29.0616 19.7094 83.201
168.219 129.846 0.115161 0.265445 0.933051 0 8.87827 4.05691
19 29.0616 20.8912 59.3386
168.219 129.846 0.115161 0.265445 0.933051 0 8.87827 4.05691
20 29.0616 21.8124 57.2648
168.219 129.846 0.115161 0.265445 0.933051 0 8.87827 4.05691
21 29.518 21.4657 69.0378
168.463 133.064 0.127239 0.27472 0.932538 0.0414987 8.84365 3.76334
22 29.518 21.8844 76.229
168.463 133.064 0.127239 0.27472 0.932538 0.0414987 8.84365 3.76334
23 29.518 21.6264 72.2616
168.463 133.064 0.127239 0.27472 0.932538 0.0414987 8.84365 3.76334
24 29.518 22.8743 41.7679
168.463 133.064 0.127239 0.27472 0.932538 0.0414987 8.84365 3.76334
25 29.518 21.971 53.5708
168.463 133.064 0.127239 0.27472 0.932538 0.0414987 8.84365 3.76334
26 29.5887 22.8873 54.1857
168.898 127.863 0.132349 0.278988 0.941916 0.0192875 8.76939 4.06525
27 29.7669 21.9816 77.2357
154.023 121.816 0.130208 0.206427 0.688817 0 9.62105 2.21012
28 30.6995 23.9686 52.2283
153.916 122.211 0.140955 0.236625 0.699072 0 9.41166 2.278
29 30.6995 24.0839 51.0671
153.916 122.211 0.140955 0.236625 0.699072 0 9.41166 2.278
30 30.6995 22.811 70.4477
153.916 122.211 0.140955 0.236625 0.699072 0 9.41166 2.278
31 37.7242 25.2861 57.857
146.537 119.553 0.105728 0.162045 0.382262 0.154688 10 2.62095
32 37.984 26.4282 41.3794
154.695 102.282 0.0674838 0.166221 0.401942 0.278545 10 2.09835
33 38.9357 28.5446 41.6854
147.096 123.694 0.0511303 0.303724 0.35892 0.119453 10 2.2171
34 38.9357 29.45 40.2057
147.096 123.694 0.0511303 0.303724 0.35892 0.119453 10 2.2171
35 38.9357 28.4787 49.0149
147.096 123.694 0.0511303 0.303724 0.35892 0.119453 10 2.2171
36 38.9357 28.4366 47.2299
147.096 123.694 0.0511303 0.303724 0.35892 0.119453 10 2.2171
37 40.0563 29.3356 49.4976
143.486 101.977 0.0148193 0.264762 0.281654 0.232303 10 3.08434
38 40.0563 30.82 44.0858
143.486 101.977 0.0148193 0.264762 0.281654 0.232303 10 3.08434
39 40.0563 28.979 77.0385
143.486 101.977 0.0148193 0.264762 0.281654 0.232303 10 3.08434
40 40.0563 28.5835 91.7663
143.486 101.977 0.0148193 0.264762 0.281654 0.232303 10 3.08434
41 40.4971 27.1941 97.879
142.386 103.294 0.076937 0.209986 0.294527 0.293372 9.84586 2.40742
42 41.796 29.7207 123.821
157.763 110.35 0.126162 0.226017 0.21601 0.279022 9.75076 2.88006
43 42.5177 30.8981 106.155
158.094 111.752 0.117603 0.229442 0.216007 0.281613 9.96013 2.70546
44 42.5177 30.9531 78.1285
158.094 111.752 0.117603 0.229442 0.216007 0.281613 9.96013 2.70546
45 42.5245 32.7803 65.7703
160.743 108.936 0.116181 0.23482 0.211435 0.281618 9.80043 2.66813
46 42.5245 31.119 123.207
160.743 108.936 0.116181 0.23482 0.211435 0.281618 9.80043 2.66813
47 43.103 33.4947 78.0945
153.747 100 0.163269 0.228536 0.144903 0.278582 10 2.00452
48 43.103 32.454 69.855
153.747 100 0.163269 0.228536 0.144903 0.278582 10 2.00452
49 43.2041 32.3156 126.334
148.106 109.925 0.152402 0.19698 0.153326 0.279645 9.07204 2.21064
50 43.2041 34.4258 86.121
148.106 109.925 0.152402 0.19698 0.153326 0.279645 9.07204 2.21064
51 43.2041 34.2325 72.6277
148.106 109.925 0.152402 0.19698 0.153326 0.279645 9.07204 2.21064
52 43.2041 30.8653 137.194
148.106 109.925 0.152402 0.19698 0.153326 0.279645 9.07204 2.21064
53 43.2846 29.7858 166.641
148.145 111.028 0.140225 0.208519 0.151394 0.275459 9.06732 2.10162
54 43.2846 31.0006 170.453
148.145 111.028 0.140225 0.208519 0.151394 0.275459 9.06732 2.10162
55 43.2846 33.0203 70.0179
148.145 111.028 0.140225 0.208519 0.151394 0.275459 9.06732 2.10162
56 43.2846 34.5024 72.9679
148.145 111.028 0.140225 0.208519 0.151394 0.275459 9.06732 2.10162
57 43.2846 31.942 170.231
148.145 111.028 0.140225 0.208519 0.151394 0.275459 9.06732 2.10162
58 43.2846 29.6266 216.968
148.145 111.028 0.140225 0.208519 0.151394 0.275459 9.06732 2.10162
59 43.2846 31.2498 155.012
148.145 111.028 0.140225 0.208519 0.151394 0.275459 9.06732 2.10162
60 43.2846 31.8038 140.08
148.145 111.028 0.140225 0.208519 0.151394 0.275459 9.06732 2.10162
61 43.2846 29.4098 157.291
148.145 111.028 0.140225 0.208519 0.151394 0.275459 9.06732 2.10162
62 43.2846 30.6834 127.645
148.145 111.028 0.140225 0.208519 0.151394 0.275459 9.06732 2.10162
63 43.2846 32.1895 138.722
148.145 111.028 0.140225 0.208519 0.151394 0.275459 9.06732 2.10162
64 43.6747 32.7847 148.906
150.764 110.638 0.138532 0.211492 0.159528 0.309415 8.98016 2.25927
65 43.826 32.5978 129.002
156.824 100 0.176658 0.207962 0.116622 0.30427 7.79788 2.50145
66 43.826 34.6004 116.786
156.824 100 0.176658 0.207962 0.116622 0.30427 7.79788 2.50145
67 43.826 36.2046 58.5123
156.824 100 0.176658 0.207962 0.116622 0.30427 7.79788 2.50145
68 43.826 36.6504 31.8071
156.824 100 0.176658 0.207962 0.116622 0.30427 7.79788 2.50145
69 43.826 36.9722 35.8314
156.824 100 0.176658 0.207962 0.116622 0.30427 7.79788 2.50145
70 43.826 36.1491 30.4369
156.824 100 0.176658 0.207962 0.116622 0.30427 7.79788 2.50145
71 43.826 35.6852 73.5182
156.824 100 0.176658 0.207962 0.116622 0.30427 7.79788 2.50145
72 43.826 34.0813 91.0762
156.824 100 0.176658 0.207962 0.116622 0.30427 7.79788 2.50145
73 43.826 32.5896 153.362
156.824 100 0.176658 0.207962 0.116622 0.30427 7.79788 2.50145
74 43.826 31.8153 136.825
156.824 100 0.176658 0.207962 0.116622 0.30427 7.79788 2.50145
75 43.826 34.0452 95.6179
156.824 100 0.176658 0.207962 0.116622 0.30427 7.79788 2.50145
76 43.826 33.7066 159.275
156.824 100 0.176658 0.207962 0.116622 0.30427 7.79788 2.50145
77 43.826 33.1563 134.334
156.824 100 0.176658 0.207962 0.116622 0.30427 7.79788 2.50145
78 43.826 31.9904 132.998
156.824 100 0.176658 0.207962 0.116622 0.30427 7.79788 2.50145
79 43.826 32.2994 126.735
156.824 100 0.176658 0.207962 0.116622 0.30427 7.79788 2.50145
80 43.826 34.1024 96.8158
156.824 100 0.176658 0.207962 0.116622 0.30427 7.79788 2.50145
81 44.5227 37.038 53.9539
171.211 103.432 0.252844 0.183318 0.0538396 0.243678 9.4768 4.40026
82 44.5227 36.3967 52.168
171.211 103.432 0.252844 0.183318 0.0538396 0.243678 9.4768 4.40026
83 44.5645 35.4762 86.1682
168.917 104.704 0.266425 0.196318 0 0.229167 9.93564 4.26164
84 44.5645 36.2637 48.8199
168.917 104.704 0.266425 0.196318 0 0.229167 9.93564 4.26164
85 44.5645 32.2312 117.625
168.917 104.704 0.266425 0.196318 0 0.229167 9.93564 4.26164
86 44.9191 32.9787 120.002
169.515 102.176 0.288916 0.167491 0.00492546 0.25308 9.32786 3.61707
87 45.0524 34.3754 119.673
168.208 104.426 0.275923 0.148127 0 0.265707 8.91539 3.51347
88 45.0524 33.8815 130.001
168.208 104.426 0.275923 0.148127 0 0.265707 8.91539 3.51347
89 45.081 34.1385 139.558
167.02 105.514 0.268224 0.145461 0.0113512 0.276117 8.79723 3.6098
90 45.081 34.0792 105.659
167.02 105.514 0.268224 0.145461 0.0113512 0.276117 8.79723 3.6098
91 45.081 33.925 120.707
167.02 105.514 0.268224 0.145461 0.0113512 0.276117 8.79723 3.6098
92 45.2487 32.9535 159.488
166.794 105.339 0.26794 0.144002 0.00206362 0.274522 8.82024 3.59991
93 45.2487 33.3387 138.03
166.794 105.339 0.26794 0.144002 0.00206362 0.274522 8.82024 3.59991
94 45.2487 36.1702 93.5428
166.794 105.339 0.26794 0.144002 0.00206362 0.274522 8.82024 3.59991
95 45.2487 32.4689 137.25
166.794 105.339 0.26794 0.144002 0.00206362 0.274522 8.82024 3.59991
96 45.2487 34.3217 97.9234
166.794 105.339 0.26794 0.144002 0.00206362 0.274522 8.82024 3.59991
97 45.2487 36.3523 104.613
166.794 105.339 0.26794 0.144002 0.00206362 0.274522 8.82024 3.59991
98 45.2487 37.4047 50.0553
166.794 105.339 0.26794 0.144002 0.00206362 0.274522 8.82024 3.59991
99 45.2487 37.3307 47.5739
166.794 105.339 0.26794 0.144002 0.00206362 0.274522 8.82024 3.59991
100 45.2487 33.8873 143.785
166.794 105.339 0.26794 0.144002 0.00206362 0.274522 8.82024 3.59991
