0 26.993 2.16407 28.1484
134.633 143.467 0.277516 0.283136 0.0144128 0.0927678 7.44536 2.63774
1 26.993 3.38991 48.6433
134.633 143.467 0.277516 0.283136 0.0144128 0.0927678 7.44536 2.63774
2 26.993 4.07769 64.6687
134.633 143.467 0.277516 0.283136 0.0144128 0.0927678 7.44536 2.63774
3 26.993 5.43125 83.8801
134.633 143.467 0.277516 0.283136 0.0144128 0.0927678 7.44536 2.63774
4 26.993 7.95903 115.054
134.633 143.467 0.277516 0.283136 0.0144128 0.0927678 7.44536 2.63774
5 29.2909 9.06823 132.329
121.934 153.355 0.217445 0.175492 0 0.0879064 5.8194 2.83591
6 30.8447 11.084 154.005
122.971 159.396 0.220307 0.188381 0.0493407 0.0929562 6.04678 3.45272
7 31.3195 13.577 158.128
121.838 155.26 0.23931 0.174933 0.0150242 0.100021 5.99999 2.83703
8 31.3195 14.4863 150.443
121.838 155.26 0.23931 0.174933 0.0150242 0.100021 5.99999 2.83703
9 31.3195 15.232 141.994
121.838 155.26 0.23931 0.174933 0.0150242 0.100021 5.99999 2.83703
10 31.3195 16.0317 151.062
121.838 155.26 0.23931 0.174933 0.0150242 0.100021 5.99999 2.83703
11 31.3195 17.1107 160.706
121.838 155.26 0.23931 0.174933 0.0150242 0.100021 5.99999 2.83703
12 31.6928 19.4739 138.04
117.952 157.149 0.240499 0.160256 0 0.140308 6.09135 2.93028
13 31.6928 19.675 129.389
117.952 157.149 0.240499 0.160256 0 0.140308 6.09135 2.93028
14 31.6928 19.6247 117.098
117.952 157.149 0.240499 0.160256 0 0.140308 6.09135 2.93028
15 31.6928 20.3676 105.858
117.952 157.149 0.240499 0.160256 0 0.140308 6.09135 2.93028
16 31.6928 19.3267 125.237
117.952 157.149 0.240499 0.160256 0 0.140308 6.09135 2.93028
17 31.6928 20.6866 118.47
117.952 157.149 0.240499 0.160256 0 0.140308 6.09135 2.93028
18 31.6928 19.547 135.602
117.952 157.149 0.240499 0.160256 0 0.140308 6.09135 2.93028
19 31.7887 20.6244 111.612
124.844 143.457 0.236836 0.216489 0.0468859 0.0826745 6.24243 2.93068
20 31.7887 20.6918 103.95
124.844 143.457 0.236836 0.216489 0.0468859 0.0826745 6.24243 2.93068
21 31.7887 19.7289 135.175
124.844 143.457 0.236836 0.216489 0.0468859 0.0826745 6.24243 2.93068
22 32.1636 21.1249 115.781
111.74 155.619 0.242561 0.151484 0 0.0522703 7.12225 2.20509
23 32.1636 22.3856 91.123
111.74 155.619 0.242561 0.151484 0 0.0522703 7.12225 2.20509
24 32.1636 20.1866 116.395
111.74 155.619 0.242561 0.151484 0 0.0522703 7.12225 2.20509
25 32.1636 21.1762 99.375
111.74 155.619 0.242561 0.151484 0 0.0522703 7.12225 2.20509
26 32.1636 21.3418 101.893
111.74 155.619 0.242561 0.151484 0 0.0522703 7.12225 2.20509
27 32.1636 21.1937 94.5852
111.74 155.619 0.242561 0.151484 0 0.0522703 7.12225 2.20509
28 32.1636 20.0799 94.8719
111.74 155.619 0.242561 0.151484 0 0.0522703 7.12225 2.20509
29 32.2929 21.1624 93.9517
111.775 155.625 0.242422 0.150304 0 0.0527522 7.11582 2.20822
30 32.2981 21.7539 96.8047
111.735 155.647 0.242389 0.151459 0.000318726 0.0526428 7.12277 2.20688
31 33.463 20.3142 122.064
100 140.391 0.218348 0.166679 0.0277447 0.214881 8.89538 3.163
32 33.463 20.8575 104.12
100 140.391 0.218348 0.166679 0.0277447 0.214881 8.89538 3.163
33 33.463 21.7227 104.981
100 140.391 0.218348 0.166679 0.0277447 0.214881 8.89538 3.163
34 33.463 20.3174 108.724
100 140.391 0.218348 0.166679 0.0277447 0.214881 8.89538 3.163
35 33.463 20.842 114.163
100 140.391 0.218348 0.166679 0.0277447 0.214881 8.89538 3.163
36 33.463 20.4415 106.758
100 140.391 0.218348 0.166679 0.0277447 0.214881 8.89538 3.163
37 33.463 20.0069 114.705
100 140.391 0.218348 0.166679 0.0277447 0.214881 8.89538 3.163
38 33.463 20.1187 117.353
100 140.391 0.218348 0.166679 0.0277447 0.214881 8.89538 3.163
39 33.463 21.7956 94.3052
100 140.391 0.218348 0.166679 0.0277447 0.214881 8.89538 3.163
40 34.2916 22.0103 89.5685
102.554 140.087 0.215031 0.167731 0.0551034 0.230802 8.91697 3.32866
41 34.2916 20.5476 105.752
102.554 140.087 0.215031 0.167731 0.0551034 0.230802 8.91697 3.32866
42 34.2916 22.5763 83.7348
102.554 140.087 0.215031 0.167731 0.0551034 0.230802 8.91697 3.32866
43 34.2916 21.9132 90.2417
102.554 140.087 0.215031 0.167731 0.0551034 0.230802 8.91697 3.32866
44 34.2916 21.2858 101.222
102.554 140.087 0.215031 0.167731 0.0551034 0.230802 8.91697 3.32866
45 34.2916 21.4009 91.2223
102.554 140.087 0.215031 0.167731 0.0551034 0.230802 8.91697 3.32866
46 34.2916 20.8143 106.171
102.554 140.087 0.215031 0.167731 0.0551034 0.230802 8.91697 3.32866
47 34.2916 22.2534 81.5058
102.554 140.087 0.215031 0.167731 0.0551034 0.230802 8.91697 3.32866
48 34.2916 22.0965 90.2624
102.554 140.087 0.215031 0.167731 0.0551034 0.230802 8.91697 3.32866
49 34.2916 22.4347 94.8582
102.554 140.087 0.215031 0.167731 0.0551034 0.230802 8.91697 3.32866
50 34.2916 21.3126 99.8549
102.554 140.087 0.215031 0.167731 0.0551034 0.230802 8.91697 3.32866
51 34.3899 22.56 92.2338
145.883 154.584 0.196404 0.251594 0.0177321 0.0158406 5.0891 3.18375
52 34.7387 22.2886 96.149
146.206 154.068 0.197591 0.24811 0.0226442 0.0162874 5.08907 3.13904
53 34.7387 23.0164 80.499
146.206 154.068 0.197591 0.24811 0.0226442 0.0162874 5.08907 3.13904
54 34.7387 23.6103 76.1538
146.206 154.068 0.197591 0.24811 0.0226442 0.0162874 5.08907 3.13904
55 34.7387 21.9754 112.638
146.206 154.068 0.197591 0.24811 0.0226442 0.0162874 5.08907 3.13904
56 34.7387 21.5512 124.041
146.206 154.068 0.197591 0.24811 0.0226442 0.0162874 5.08907 3.13904
57 34.7387 21.7097 109.176
146.206 154.068 0.197591 0.24811 0.0226442 0.0162874 5.08907 3.13904
58 34.7387 21.9512 116.79
146.206 154.068 0.197591 0.24811 0.0226442 0.0162874 5.08907 3.13904
59 34.7387 21.0846 115.031
146.206 154.068 0.197591 0.24811 0.0226442 0.0162874 5.08907 3.13904
60 34.7977 20.7299 121.361
146.231 154.265 0.196352 0.250086 0.0219194 0.0157994 5.10621 3.11645
61 34.7977 21.4281 109.313
146.231 154.265 0.196352 0.250086 0.0219194 0.0157994 5.10621 3.11645
62 34.7977 20.8502 112.302
146.231 154.265 0.196352 0.250086 0.0219194 0.0157994 5.10621 3.11645
63 34.7977 19.6862 122.319
146.231 154.265 0.196352 0.250086 0.0219194 0.0157994 5.10621 3.11645
64 34.7977 19.83 127.549
146.231 154.265 0.196352 0.250086 0.0219194 0.0157994 5.10621 3.11645
65 34.7977 19.8132 131.915
146.231 154.265 0.196352 0.250086 0.0219194 0.0157994 5.10621 3.11645
66 34.7977 20.6669 122.663
146.231 154.265 0.196352 0.250086 0.0219194 0.0157994 5.10621 3.11645
67 34.7977 20.9497 138.421
146.231 154.265 0.196352 0.250086 0.0219194 0.0157994 5.10621 3.11645
68 34.7977 20.0509 130.523
146.231 154.265 0.196352 0.250086 0.0219194 0.0157994 5.10621 3.11645
69 34.7977 21.5879 109.082
146.231 154.265 0.196352 0.250086 0.0219194 0.0157994 5.10621 3.11645
70 34.7977 22.2292 100.428
146.231 154.265 0.196352 0.250086 0.0219194 0.0157994 5.10621 3.11645
71 34.7977 21.4095 109.513
146.231 154.265 0.196352 0.250086 0.0219194 0.0157994 5.10621 3.11645
72 34.7977 21.2961 122.634
146.231 154.265 0.196352 0.250086 0.0219194 0.0157994 5.10621 3.11645
73 34.7977 21.8554 112.874
146.231 154.265 0.196352 0.250086 0.0219194 0.0157994 5.10621 3.11645
74 34.7977 22.7409 87.1003
146.231 154.265 0.196352 0.250086 0.0219194 0.0157994 5.10621 3.11645
75 34.7977 22.5001 93.1491
146.231 154.265 0.196352 0.250086 0.0219194 0.0157994 5.10621 3.11645
76 34.7977 22.1878 105.211
146.231 154.265 0.196352 0.250086 0.0219194 0.0157994 5.10621 3.11645
77 34.7977 22.448 98.9216
146.231 154.265 0.196352 0.250086 0.0219194 0.0157994 5.10621 3.11645
78 34.7977 22.4616 107.464
146.231 154.265 0.196352 0.250086 0.0219194 0.0157994 5.10621 3.11645
79 34.7977 22.0256 115.632
146.231 154.265 0.196352 0.250086 0.0219194 0.0157994 5.10621 3.11645
80 34.7977 23.537 91.0881
146.231 154.265 0.196352 0.250086 0.0219194 0.0157994 5.10621 3.11645
81 34.7977 23.3783 87.021
146.231 154.265 0.196352 0.250086 0.0219194 0.0157994 5.10621 3.11645
82 34.7977 23.7058 91.3521
146.231 154.265 0.196352 0.250086 0.0219194 0.0157994 5.10621 3.11645
83 34.7977 22.6222 108.711
146.231 154.265 0.196352 0.250086 0.0219194 0.0157994 5.10621 3.11645
84 34.7977 22.0435 116.134
146.231 154.265 0.196352 0.250086 0.0219194 0.0157994 5.10621 3.11645
85 34.7977 22.8419 101.108
146.231 154.265 0.196352 0.250086 0.0219194 0.0157994 5.10621 3.11645
86 34.7977 24.1468 75.864
146.231 154.265 0.196352 0.250086 0.0219194 0.0157994 5.10621 3.11645
87 34.7977 22.8177 81.9022
146.231 154.265 0.196352 0.250086 0.0219194 0.0157994 5.10621 3.11645
88 34.7977 22.6292 95.6788
146.231 154.265 0.196352 0.250086 0.0219194 0.0157994 5.10621 3.11645
89 34.7977 23.6299 87.1636
146.231 154.265 0.196352 0.250086 0.0219194 0.0157994 5.10621 3.11645
90 34.7977 23.1677 88.19
146.231 154.265 0.196352 0.250086 0.0219194 0.0157994 5.10621 3.11645
91 34.7977 20.6214 131.921
146.231 154.265 0.196352 0.250086 0.0219194 0.0157994 5.10621 3.11645
92 34.7977 20.6359 140.755
146.231 154.265 0.196352 0.250086 0.0219194 0.0157994 5.10621 3.11645
93 34.7977 21.8856 121.676
146.231 154.265 0.196352 0.250086 0.0219194 0.0157994 5.10621 3.11645
94 34.7977 22.5614 125.086
146.231 154.265 0.196352 0.250086 0.0219194 0.0157994 5.10621 3.11645
95 34.7977 22.9293 97.631
146.231 154.265 0.196352 0.250086 0.0219194 0.0157994 5.10621 3.11645
96 35.1281 23.1822 100.992
136.952 162.821 0.208049 0.307587 0 0 5.04303 4.07499
97 35.1281 22.7212 97.2286
136.952 162.821 0.208049 0.307587 0 0 5.04303 4.07499
98 35.1281 23.2797 88.2812
136.952 162.821 0.208049 0.307587 0 0 5.04303 4.07499
99 35.1281 22.4991 101.558
136.952 162.821 0.208049 0.307587 0 0 5.04303 4.07499
100 35.1281 22.8816 88.4858
136.952 162.821 0.208049 0.307587 0 0 5.04303 4.07499
