0 25.893 3.31834 62.1537
106.731 184.476 0.15604 0.13384 0.395072 0.717817 1.56623 9.91875
1 26.0317 5.84096 108.273
141.375 183.795 0.101236 0.210778 0.384622 0.453518 2.56222 5.67214
2 26.2774 6.79418 107.322
142.243 179.974 0.0681762 0.164802 0.394947 0.458521 2.48269 5.84782
3 26.2774 6.10653 107.168
142.243 179.974 0.0681762 0.164802 0.394947 0.458521 2.48269 5.84782
4 26.2774 7.91949 129.532
142.243 179.974 0.0681762 0.164802 0.394947 0.458521 2.48269 5.84782
5 26.285 9.42642 137.524
142.197 180.324 0.0667399 0.16462 0.393843 0.457313 2.51246 5.86911
6 26.285 11.7943 142.483
142.197 180.324 0.0667399 0.16462 0.393843 0.457313 2.51246 5.86911
7 26.3215 13.5434 156.272
142.548 184.696 0.0486453 0.175866 0.443627 0.430478 2.82426 6.31229
8 26.3406 14.5817 137.449
140.728 181.286 0.0614918 0.154831 0.385663 0.459052 2.16955 6.17079
9 26.3406 14.6997 129.772
140.728 181.286 0.0614918 0.154831 0.385663 0.459052 2.16955 6.17079
10 26.3406 14.8671 133.401
140.728 181.286 0.0614918 0.154831 0.385663 0.459052 2.16955 6.17079
11 26.3659 13.7857 128.134
142.368 184.96 0.0385061 0.173943 0.4379 0.42803 2.88677 6.31166
12 26.3659 14.8669 123.46
142.368 184.96 0.0385061 0.173943 0.4379 0.42803 2.88677 6.31166
13 26.3659 14.9553 116.787
142.368 184.96 0.0385061 0.173943 0.4379 0.42803 2.88677 6.31166
14 26.3659 15.8351 97.3985
142.368 184.96 0.0385061 0.173943 0.4379 0.42803 2.88677 6.31166
15 26.3659 17.803 97.0822
142.368 184.96 0.0385061 0.173943 0.4379 0.42803 2.88677 6.31166
16 26.8394 16.7534 112.832
122.895 182.084 0.0119111 0.366535 0.459219 0 2.39367 9.14278
17 26.8394 17.3457 106.369
122.895 182.084 0.0119111 0.366535 0.459219 0 2.39367 9.14278
18 26.8394 18.908 101.117
122.895 182.084 0.0119111 0.366535 0.459219 0 2.39367 9.14278
19 26.8394 17.6586 100.748
122.895 182.084 0.0119111 0.366535 0.459219 0 2.39367 9.14278
20 26.8611 20.1796 88.1995
121.579 183.304 0.00320379 0.361999 0.459415 0 2.37708 8.97293
21 26.9959 20.3942 85.9198
122.258 182.947 0.00620426 0.359469 0.457197 0.00191681 2.42424 8.99162
22 26.9959 21.1817 65.5902
122.258 182.947 0.00620426 0.359469 0.457197 0.00191681 2.42424 8.99162
23 26.9959 19.8931 91.8932
122.258 182.947 0.00620426 0.359469 0.457197 0.00191681 2.42424 8.99162
24 26.9959 19.7635 86.9945
122.258 182.947 0.00620426 0.359469 0.457197 0.00191681 2.42424 8.99162
25 26.9959 22.3078 66.1617
122.258 182.947 0.00620426 0.359469 0.457197 0.00191681 2.42424 8.99162
26 29.9408 19.98 100.72
122.786 178.139 0.00167606 0.308603 0.398115 0 2.90136 9.59209
27 29.9408 20.3577 81.6765
122.786 178.139 0.00167606 0.308603 0.398115 0 2.90136 9.59209
28 29.9408 18.6566 131.263
122.786 178.139 0.00167606 0.308603 0.398115 0 2.90136 9.59209
29 29.9408 20.8617 82.1031
122.786 178.139 0.00167606 0.308603 0.398115 0 2.90136 9.59209
30 29.9408 18.8909 113.213
122.786 178.139 0.00167606 0.308603 0.398115 0 2.90136 9.59209
31 29.9408 20.9408 93.8341
122.786 178.139 0.00167606 0.308603 0.398115 0 2.90136 9.59209
32 29.9408 19.9708 94.2334
122.786 178.139 0.00167606 0.308603 0.398115 0 2.90136 9.59209
33 29.9408 18.2729 104.448
122.786 178.139 0.00167606 0.308603 0.398115 0 2.90136 9.59209
34 29.9408 20.2282 92.3573
122.786 178.139 0.00167606 0.308603 0.398115 0 2.90136 9.59209
35 30.8298 21.379 87.1072
123.689 178.453 0.000886892 0.307422 0.404559 0.000797068 2.91067 9.6309
36 30.8298 22.0882 71.2123
123.689 178.453 0.000886892 0.307422 0.404559 0.000797068 2.91067 9.6309
37 30.8298 20.0284 96.9261
123.689 178.453 0.000886892 0.307422 0.404559 0.000797068 2.91067 9.6309
38 30.8298 21.7497 79.7536
123.689 178.453 0.000886892 0.307422 0.404559 0.000797068 2.91067 9.6309
39 30.8298 21.7292 82.5859
123.689 178.453 0.000886892 0.307422 0.404559 0.000797068 2.91067 9.6309
40 30.8298 17.4245 95.8068
123.689 178.453 0.000886892 0.307422 0.404559 0.000797068 2.91067 9.6309
41 30.8298 21.0027 79.7071
123.689 178.453 0.000886892 0.307422 0.404559 0.000797068 2.91067 9.6309
42 30.8298 18.4041 108.615
123.689 178.453 0.000886892 0.307422 0.404559 0.000797068 2.91067 9.6309
43 30.8298 17.3256 127.57
123.689 178.453 0.000886892 0.307422 0.404559 0.000797068 2.91067 9.6309
44 30.8298 17.0673 120.216
123.689 178.453 0.000886892 0.307422 0.404559 0.000797068 2.91067 9.6309
45 30.8298 17.8256 124.801
123.689 178.453 0.000886892 0.307422 0.404559 0.000797068 2.91067 9.6309
46 30.8298 18.7668 132.032
123.689 178.453 0.000886892 0.307422 0.404559 0.000797068 2.91067 9.6309
47 30.8298 19.3513 109.627
123.689 178.453 0.000886892 0.307422 0.404559 0.000797068 2.91067 9.6309
48 30.8298 18.0219 127.739
123.689 178.453 0.000886892 0.307422 0.404559 0.000797068 2.91067 9.6309
49 30.8298 22.9388 84.9597
123.689 178.453 0.000886892 0.307422 0.404559 0.000797068 2.91067 9.6309
50 30.8298 22.3685 80.6708
123.689 178.453 0.000886892 0.307422 0.404559 0.000797068 2.91067 9.6309
51 30.8298 22.3828 78.135
123.689 178.453 0.000886892 0.307422 0.404559 0.000797068 2.91067 9.6309
52 30.8298 23.0939 85.2651
123.689 178.453 0.000886892 0.307422 0.404559 0.000797068 2.91067 9.6309
53 30.8298 20.8067 86.9173
123.689 178.453 0.000886892 0.307422 0.404559 0.000797068 2.91067 9.6309
54 30.8298 19.0838 98.8907
123.689 178.453 0.000886892 0.307422 0.404559 0.000797068 2.91067 9.6309
55 30.8298 20.4809 71.8178
123.689 178.453 0.000886892 0.307422 0.404559 0.000797068 2.91067 9.6309
56 30.8298 21.0589 80.3327
123.689 178.453 0.000886892 0.307422 0.404559 0.000797068 2.91067 9.6309
57 30.8298 24.2216 55.4303
123.689 178.453 0.000886892 0.307422 0.404559 0.000797068 2.91067 9.6309
58 30.8298 21.0762 101.849
123.689 178.453 0.000886892 0.307422 0.404559 0.000797068 2.91067 9.6309
59 30.8298 16.0553 103.931
123.689 178.453 0.000886892 0.307422 0.404559 0.000797068 2.91067 9.6309
60 30.8298 19.2794 103.551
123.689 178.453 0.000886892 0.307422 0.404559 0.000797068 2.91067 9.6309
61 30.8298 20.1653 108.68
123.689 178.453 0.000886892 0.307422 0.404559 0.000797068 2.91067 9.6309
62 30.8298 21.8664 80.269
123.689 178.453 0.000886892 0.307422 0.404559 0.000797068 2.91067 9.6309
63 30.8298 22.5718 67.2104
123.689 178.453 0.000886892 0.307422 0.404559 0.000797068 2.91067 9.6309
64 30.8298 21.9941 79.335
123.689 178.453 0.000886892 0.307422 0.404559 0.000797068 2.91067 9.6309
65 30.8298 21.1408 89.1475
123.689 178.453 0.000886892 0.307422 0.404559 0.000797068 2.91067 9.6309
66 30.8298 19.504 105.54
123.689 178.453 0.000886892 0.307422 0.404559 0.000797068 2.91067 9.6309
67 30.8298 22.3376 97.2525
123.689 178.453 0.000886892 0.307422 0.404559 0.000797068 2.91067 9.6309
68 30.8298 22.2407 72.3847
123.689 178.453 0.000886892 0.307422 0.404559 0.000797068 2.91067 9.6309
69 30.8298 21.1297 74.9559
123.689 178.453 0.000886892 0.307422 0.404559 0.000797068 2.91067 9.6309
70 30.8298 22.26 72.8475
123.689 178.453 0.000886892 0.307422 0.404559 0.000797068 2.91067 9.6309
71 30.8298 20.0611 116.223
123.689 178.453 0.000886892 0.307422 0.404559 0.000797068 2.91067 9.6309
72 30.8298 20.4127 90.7027
123.689 178.453 0.000886892 0.307422 0.404559 0.000797068 2.91067 9.6309
73 30.8298 18.0291 122.452
123.689 178.453 0.000886892 0.307422 0.404559 0.000797068 2.91067 9.6309
74 30.8298 20.6636 103.06
123.689 178.453 0.000886892 0.307422 0.404559 0.000797068 2.91067 9.6309
75 30.8298 20.7195 102.624
123.689 178.453 0.000886892 0.307422 0.404559 0.000797068 2.91067 9.6309
76 31.0066 24.1892 61.8708
123.782 178.584 0.00105142 0.306275 0.404592 0 2.9854 9.62618
77 31.0066 21.2392 88.2021
123.782 178.584 0.00105142 0.306275 0.404592 0 2.9854 9.62618
78 31.0066 20.1177 100.807
123.782 178.584 0.00105142 0.306275 0.404592 0 2.9854 9.62618
79 31.0066 21.6388 83.7851
123.782 178.584 0.00105142 0.306275 0.404592 0 2.9854 9.62618
80 31.0066 21.3918 83.0893
123.782 178.584 0.00105142 0.306275 0.404592 0 2.9854 9.62618
81 31.0066 21.0941 83.5219
123.782 178.584 0.00105142 0.306275 0.404592 0 2.9854 9.62618
82 31.0066 18.4712 110.32
123.782 178.584 0.00105142 0.306275 0.404592 0 2.9854 9.62618
83 31.0066 20.2724 97.0158
123.782 178.584 0.00105142 0.306275 0.404592 0 2.9854 9.62618
84 31.0066 20.2873 113.169
123.782 178.584 0.00105142 0.306275 0.404592 0 2.9854 9.62618
85 31.0066 18.5265 130.862
123.782 178.584 0.00105142 0.306275 0.404592 0 2.9854 9.62618
86 31.0066 20.0032 113.411
123.782 178.584 0.00105142 0.306275 0.404592 0 2.9854 9.62618
87 31.0066 20.9741 98.593
123.782 178.584 0.00105142 0.306275 0.404592 0 2.9854 9.62618
88 31.0066 20.9114 92.6771
123.782 178.584 0.00105142 0.306275 0.404592 0 2.9854 9.62618
89 31.0066 23.0495 72.1239
123.782 178.584 0.00105142 0.306275 0.404592 0 2.9854 9.62618
90 31.0066 21.5876 71.0321
123.782 178.584 0.00105142 0.306275 0.404592 0 2.9854 9.62618
91 31.0066 19.259 115.218
123.782 178.584 0.00105142 0.306275 0.404592 0 2.9854 9.62618
92 31.0066 19.7226 106.257
123.782 178.584 0.00105142 0.306275 0.404592 0 2.9854 9.62618
93 31.0066 20.3253 103.819
123.782 178.584 0.00105142 0.306275 0.404592 0 2.9854 9.62618
94 31.0066 19.5847 115.469
123.782 178.584 0.00105142 0.306275 0.404592 0 2.9854 9.62618
95 31.0066 16.2885 141.619
123.782 178.584 0.00105142 0.306275 0.404592 0 2.9854 9.62618
96 31.0066 17.2532 128.897
123.782 178.584 0.00105142 0.306275 0.404592 0 2.9854 9.62618
97 31.0066 19.3898 111.193
123.782 178.584 0.00105142 0.306275 0.404592 0 2.9854 9.62618
98 31.0066 18.1333 124.199
123.782 178.584 0.00105142 0.306275 0.404592 0 2.9854 9.62618
99 31.0066 15.8092 135.136
123.782 178.584 0.00105142 0.306275 0.404592 0 2.9854 9.62618
100 31.0066 19.6476 118.953
123.782 178.584 0.00105142 0.306275 0.404592 0 2.9854 9.62618
