0 7.17676 1.08701 3.83808
161.531 160.038 0.46037 0.0586581 0.128832 0.511792 4.81236 2.98689
1 8.58045 1.58726 6.62987
163.338 157.306 0.451109 0.0602939 0.140384 0.480664 4.83948 2.99413
2 8.58045 1.73904 6.77011
163.338 157.306 0.451109 0.0602939 0.140384 0.480664 4.83948 2.99413
3 8.58045 2.0943 7.63075
163.338 157.306 0.451109 0.0602939 0.140384 0.480664 4.83948 2.99413
4 8.58045 2.30652 9.30319
163.338 157.306 0.451109 0.0602939 0.140384 0.480664 4.83948 2.99413
5 8.58045 2.38169 8.62652
163.338 157.306 0.451109 0.0602939 0.140384 0.480664 4.83948 2.99413
6 8.58045 2.94832 9.31815
163.338 157.306 0.451109 0.0602939 0.140384 0.480664 4.83948 2.99413
7 11.4615 3.81082 15.6926
159.043 158.047 0.3519 0.0438686 0.155961 0.492781 4.64528 3.32879
8 11.4641 3.68033 17.6731
159.113 158.207 0.356101 0.0461719 0.155766 0.498791 4.629 3.33654
9 11.4697 5.3915 21.6624
161.5 156.55 0.407082 0.0759195 0.0326308 0.47484 5.09821 3.52807
10 14.2942 4.32311 18.6246
154.72 163.638 0.355528 0 0.146623 0.486272 4.08034 3.19392
11 14.2942 5.18253 21.7282
154.72 163.638 0.355528 0 0.146623 0.486272 4.08034 3.19392
12 14.2942 5.82207 22.1596
154.72 163.638 0.355528 0 0.146623 0.486272 4.08034 3.19392
13 14.2965 6.10587 26.465
154.554 163.668 0.355898 6.115e-05 0.145847 0.482947 4.07165 3.22273
14 17.1955 6.96922 29.5653
127.685 154.148 0.30285 0 0.0992693 0.546522 4.45203 2.96699
15 17.2109 7.46856 33.2252
127.595 154.134 0.303469 0.000597774 0.0988862 0.545577 4.45368 2.96412
16 17.2109 8.18727 38.9208
127.595 154.134 0.303469 0.000597774 0.0988862 0.545577 4.45368 2.96412
17 17.2175 8.98671 37.1399
126.934 154.576 0.301076 0 0.0417127 0.556888 4.53496 2.81203
18 17.2175 8.26425 35.9576
126.934 154.576 0.301076 0 0.0417127 0.556888 4.53496 2.81203
19 17.2268 8.97434 38.9939
122.862 149.623 0.339034 0 0 0.597562 5.06571 2.89037
20 17.2989 9.99082 41.3227
124.391 141.544 0.305188 0 0 0.584399 4.82328 2.99777
21 17.3561 10.6998 34.1685
134.291 154.258 0.303562 0 0 0.565013 4.71949 3.35489
22 17.3561 9.64125 37.1771
134.291 154.258 0.303562 0 0 0.565013 4.71949 3.35489
23 17.4517 10.1679 36.4346
133.153 156.293 0.26977 0 0 0.55213 4.57953 3.39316
24 17.4517 10.8224 34.6814
133.153 156.293 0.26977 0 0 0.55213 4.57953 3.39316
25 17.4517 11.4509 30.854
133.153 156.293 0.26977 0 0 0.55213 4.57953 3.39316
26 17.4517 10.1635 32.0437
133.153 156.293 0.26977 0 0 0.55213 4.57953 3.39316
27 17.4517 9.57715 31.2664
133.153 156.293 0.26977 0 0 0.55213 4.57953 3.39316
28 17.4517 10.2978 28.4601
133.153 156.293 0.26977 0 0 0.55213 4.57953 3.39316
29 17.4517 9.87149 42.2578
133.153 156.293 0.26977 0 0 0.55213 4.57953 3.39316
30 17.5381 10.2944 41.1848
138.647 155.432 0.242436 0 0.000785016 0.514903 4.5164 3.54839
31 17.5381 9.31965 35.6595
138.647 155.432 0.242436 0 0.000785016 0.514903 4.5164 3.54839
32 17.5381 7.80059 32.35
138.647 155.432 0.242436 0 0.000785016 0.514903 4.5164 3.54839
33 17.5381 8.8115 34.7072
138.647 155.432 0.242436 0 0.000785016 0.514903 4.5164 3.54839
34 17.5381 9.94993 47.586
138.647 155.432 0.242436 0 0.000785016 0.514903 4.5164 3.54839
35 17.5381 10.8044 45.9238
138.647 155.432 0.242436 0 0.000785016 0.514903 4.5164 3.54839
36 17.5381 9.93509 48.7894
138.647 155.432 0.242436 0 0.000785016 0.514903 4.5164 3.54839
37 17.5381 9.60001 45.4158
138.647 155.432 0.242436 0 0.000785016 0.514903 4.5164 3.54839
38 17.5381 8.95805 37.8098
138.647 155.432 0.242436 0 0.000785016 0.514903 4.5164 3.54839
39 17.5381 11.2483 34.543
138.647 155.432 0.242436 0 0.000785016 0.514903 4.5164 3.54839
40 17.5381 11.7299 37.7727
138.647 155.432 0.242436 0 0.000785016 0.514903 4.5164 3.54839
41 17.5678 10.3949 30.4083
144.167 154.405 0.227575 0 0 0.482321 4.28769 3.8871
42 17.5678 9.04362 41.1666
144.167 154.405 0.227575 0 0 0.482321 4.28769 3.8871
43 17.5678 9.08897 29.6048
144.167 154.405 0.227575 0 0 0.482321 4.28769 3.8871
44 17.5707 8.6084 33.0889
145.668 154.264 0.239089 0 0 0.490451 4.30447 3.95675
45 17.5707 9.62787 35.6906
145.668 154.264 0.239089 0 0 0.490451 4.30447 3.95675
46 17.5707 10.1341 44.0077
145.668 154.264 0.239089 0 0 0.490451 4.30447 3.95675
47 17.5707 8.90779 33.1097
145.668 154.264 0.239089 0 0 0.490451 4.30447 3.95675
48 17.5707 8.40351 30.0375
145.668 154.264 0.239089 0 0 0.490451 4.30447 3.95675
49 17.5707 7.89598 30.8906
145.668 154.264 0.239089 0 0 0.490451 4.30447 3.95675
50 17.5707 9.36006 40.2315
145.668 154.264 0.239089 0 0 0.490451 4.30447 3.95675
51 17.5765 9.06901 44.5803
144.877 158.799 0.234794 0 0 0.485924 4.92431 4.06338
52 17.5765 9.82795 42.1887
144.877 158.799 0.234794 0 0 0.485924 4.92431 4.06338
53 17.5765 8.09475 36.3461
144.877 158.799 0.234794 0 0 0.485924 4.92431 4.06338
54 17.5765 7.74305 36.0201
144.877 158.799 0.234794 0 0 0.485924 4.92431 4.06338
55 17.5765 7.70602 40.5302
144.877 158.799 0.234794 0 0 0.485924 4.92431 4.06338
56 17.5765 8.78436 43.8388
144.877 158.799 0.234794 0 0 0.485924 4.92431 4.06338
57 17.5765 8.71188 39.5556
144.877 158.799 0.234794 0 0 0.485924 4.92431 4.06338
58 17.5765 9.91091 43.7567
144.877 158.799 0.234794 0 0 0.485924 4.92431 4.06338
59 17.5765 9.56565 39.7599
144.877 158.799 0.234794 0 0 0.485924 4.92431 4.06338
60 17.5765 10.4925 45.1858
144.877 158.799 0.234794 0 0 0.485924 4.92431 4.06338
61 17.5765 10.0804 38.031
144.877 158.799 0.234794 0 0 0.485924 4.92431 4.06338
62 17.5765 10.3467 32.2343
144.877 158.799 0.234794 0 0 0.485924 4.92431 4.06338
63 17.5765 11.6323 27.6493
144.877 158.799 0.234794 0 0 0.485924 4.92431 4.06338
64 17.5765 11.1436 26.1875
144.877 158.799 0.234794 0 0 0.485924 4.92431 4.06338
65 17.5765 10.7447 24.2951
144.877 158.799 0.234794 0 0 0.485924 4.92431 4.06338
66 17.5765 11.0617 24.0551
144.877 158.799 0.234794 0 0 0.485924 4.92431 4.06338
67 17.5765 9.8358 32.7673
144.877 158.799 0.234794 0 0 0.485924 4.92431 4.06338
68 17.5765 10.6087 33.778
144.877 158.799 0.234794 0 0 0.485924 4.92431 4.06338
69 17.5765 10.7843 34.3336
144.877 158.799 0.234794 0 0 0.485924 4.92431 4.06338
70 17.5765 10.9959 34.6257
144.877 158.799 0.234794 0 0 0.485924 4.92431 4.06338
71 17.5765 10.2089 30.6143
144.877 158.799 0.234794 0 0 0.485924 4.92431 4.06338
72 17.5765 11.1268 29.6278
144.877 158.799 0.234794 0 0 0.485924 4.92431 4.06338
73 17.5765 11.7353 23.6848
144.877 158.799 0.234794 0 0 0.485924 4.92431 4.06338
74 17.5765 10.5458 29.9203
144.877 158.799 0.234794 0 0 0.485924 4.92431 4.06338
75 17.5765 10.5406 30.5183
144.877 158.799 0.234794 0 0 0.485924 4.92431 4.06338
76 17.5765 9.35683 37.2257
144.877 158.799 0.234794 0 0 0.485924 4.92431 4.06338
77 17.5765 10.112 39.6196
144.877 158.799 0.234794 0 0 0.485924 4.92431 4.06338
78 17.5765 10.3467 32.6046
144.877 158.799 0.234794 0 0 0.485924 4.92431 4.06338
79 17.5765 9.24223 45.9128
144.877 158.799 0.234794 0 0 0.485924 4.92431 4.06338
80 17.5765 9.25051 40.2304
144.877 158.799 0.234794 0 0 0.485924 4.92431 4.06338
81 17.5765 9.77219 42.1288
144.877 158.799 0.234794 0 0 0.485924 4.92431 4.06338
82 17.5765 10.6952 35.7205
144.877 158.799 0.234794 0 0 0.485924 4.92431 4.06338
83 17.5765 10.3874 31.7216
144.877 158.799 0.234794 0 0 0.485924 4.92431 4.06338
84 17.5765 10.4391 26.3656
144.877 158.799 0.234794 0 0 0.485924 4.92431 4.06338
85 17.5765 8.25978 33.862
144.877 158.799 0.234794 0 0 0.485924 4.92431 4.06338
86 20.3046 9.76632 39.6896
126.934 199.191 0.281026 0 0 0.454132 4.20572 4.21521
87 20.3525 10.5028 40.7276
122.084 200 0.250588 0 0 0.482976 3.9167 3.99129
88 20.362 11.0136 45.2717
117.447 198.057 0.242901 0 0 0.500141 4.16044 4.05478
89 20.362 11.5424 51.911
117.447 198.057 0.242901 0 0 0.500141 4.16044 4.05478
90 20.362 11.4004 48.2746
117.447 198.057 0.242901 0 0 0.500141 4.16044 4.05478
91 20.362 11.4712 40.6544
117.447 198.057 0.242901 0 0 0.500141 4.16044 4.05478
92 20.362 11.1499 37.3982
117.447 198.057 0.242901 0 0 0.500141 4.16044 4.05478
93 20.362 10.0326 38.3316
117.447 198.057 0.242901 0 0 0.500141 4.16044 4.05478
94 20.362 9.09813 45.0282
117.447 198.057 0.242901 0 0 0.500141 4.16044 4.05478
95 20.362 10.0481 49.1439
117.447 198.057 0.242901 0 0 0.500141 4.16044 4.05478
96 20.362 12.3407 43.743
117.447 198.057 0.242901 0 0 0.500141 4.16044 4.05478
97 20.3869 12.6162 40.5273
123.268 200 0.254521 0 0.00959694 0.456531 3.97483 4.2635
98 20.3869 13.2501 28.3446
123.268 200 0.254521 0 0.00959694 0.456531 3.97483 4.2635
99 20.3869 12.0283 26.8752
123.268 200 0.254521 0 0.00959694 0.456531 3.97483 4.2635
100 20.3869 10.9088 41.4217
123.268 200 0.254521 0 0.00959694 0.456531 3.97483 4.2635
