0 5.88562 1.74411 3.3973
195.412 187.92 0.718251 0.272388 0.22034 0.31668 9.599 7.06601
1 5.88825 2.31657 4.332
194.606 192.219 0.687089 0.329984 0.236473 0.341118 9.64568 6.64119
2 7.33402 2.83907 5.72688
194.583 183.341 0.330278 0.1678 0 0.196358 0.880118 5.91076
3 8.6837 2.96159 7.12744
200 184.874 0.446915 0.0935266 0.0596392 0.192667 0.647945 6.43751
4 8.6837 3.48068 7.46631
200 184.874 0.446915 0.0935266 0.0596392 0.192667 0.647945 6.43751
5 8.69377 3.94388 8.05903
188.89 176.228 0.295255 0.0552417 0.0285352 0.162124 0.917429 6.1928
6 8.72624 4.72907 9.78046
197.92 180.409 0.290094 0.0832574 0.0180046 0.145412 1.03976 5.57469
7 8.74767 4.95866 9.92561
175.714 175.501 0.243648 0.160802 0.121242 0.0924551 2.79339 6.92073
8 8.74767 5.69978 8.727
175.714 175.501 0.243648 0.160802 0.121242 0.0924551 2.79339 6.92073
9 8.74797 5.93495 6.36113
174.583 174.317 0.276936 0.227717 0.040984 0.0660164 2.56724 7.31998
10 8.78205 6.39728 5.82423
172.658 175.312 0.224197 0.158076 0.0935839 0.0595874 2.78001 7.1143
11 8.78205 6.46154 4.53434
172.658 175.312 0.224197 0.158076 0.0935839 0.0595874 2.78001 7.1143
12 8.79104 6.75135 4.30515
172.924 173.631 0.318504 0.254386 0.0302331 0.0654574 2.96576 7.3907
13 10.0663 6.68587 4.28027
168.848 172.727 0.302721 0.153267 0.0807367 0.0207874 2.51231 7.28918
14 10.0663 6.34488 5.63541
168.848 172.727 0.302721 0.153267 0.0807367 0.0207874 2.51231 7.28918
15 10.0663 6.73949 6.14788
168.848 172.727 0.302721 0.153267 0.0807367 0.0207874 2.51231 7.28918
16 10.2379 6.46397 5.38776
176.778 176.324 0.315353 0.183103 0.00889297 0.12942 2.50545 7.1349
17 10.2379 7.08297 4.57122
176.778 176.324 0.315353 0.183103 0.00889297 0.12942 2.50545 7.1349
18 10.2379 7.09627 4.88315
176.778 176.324 0.315353 0.183103 0.00889297 0.12942 2.50545 7.1349
19 10.2379 6.97824 4.47937
176.778 176.324 0.315353 0.183103 0.00889297 0.12942 2.50545 7.1349
20 10.2379 7.32899 5.85589
176.778 176.324 0.315353 0.183103 0.00889297 0.12942 2.50545 7.1349
21 10.2379 7.14727 7.19633
176.778 176.324 0.315353 0.183103 0.00889297 0.12942 2.50545 7.1349
22 11.41 7.1852 7.76363
177.875 165.116 0.406654 0.107767 0.00434742 0.00122597 3.32508 9.01148
23 11.41 7.58175 6.45656
177.875 165.116 0.406654 0.107767 0.00434742 0.00122597 3.32508 9.01148
24 12.8242 8.04268 8.27807
168.563 164.809 0.348182 0.0238568 0 0.080086 2.64045 9.28992
25 12.8355 8.1407 9.23035
159.589 162.466 0.342934 0.102198 0 0 0.0874742 8.73928
26 12.8355 8.11148 10.1143
159.589 162.466 0.342934 0.102198 0 0 0.0874742 8.73928
27 12.8443 8.51001 10.0883
158.043 163.188 0.317958 0.117416 0.00932694 0 0.491052 8.64793
28 12.8443 8.47484 8.13179
158.043 163.188 0.317958 0.117416 0.00932694 0 0.491052 8.64793
29 12.8447 8.9228 8.56621
161.751 164.298 0.351785 0.116311 0 0.0138365 0.165918 8.55162
30 12.8447 9.21132 7.60994
161.751 164.298 0.351785 0.116311 0 0.0138365 0.165918 8.55162
31 12.8447 9.36802 5.7985
161.751 164.298 0.351785 0.116311 0 0.0138365 0.165918 8.55162
32 12.8447 9.20729 6.08422
161.751 164.298 0.351785 0.116311 0 0.0138365 0.165918 8.55162
33 12.8447 9.31256 7.85495
161.751 164.298 0.351785 0.116311 0 0.0138365 0.165918 8.55162
34 12.8447 8.74516 6.73628
161.751 164.298 0.351785 0.116311 0 0.0138365 0.165918 8.55162
35 12.8447 8.56725 6.54523
161.751 164.298 0.351785 0.116311 0 0.0138365 0.165918 8.55162
36 12.8449 8.11769 8.13345
137.272 150.617 0.36638 0.112426 0 0 0.731143 8.23882
37 12.8453 8.62529 8.74573
136.922 149.392 0.359361 0.109322 0.0055261 0 0.640217 8.26844
38 14.2905 9.48168 9.00372
125.728 146.628 0.37966 0.116317 0 0 1.22304 7.61395
39 17.2294 9.37791 10.761
119.125 149.376 0.424432 0.178917 0 0 1.32205 8.07485
40 17.2294 10.1436 12.4372
119.125 149.376 0.424432 0.178917 0 0 1.32205 8.07485
41 17.2294 9.98429 15.1415
119.125 149.376 0.424432 0.178917 0 0 1.32205 8.07485
42 17.2294 10.3939 15.8356
119.125 149.376 0.424432 0.178917 0 0 1.32205 8.07485
43 17.2782 10.6841 17.1171
118.627 150.474 0.428522 0.154446 0 0.0103812 1.39605 8.14365
44 17.2782 10.3947 16.0656
118.627 150.474 0.428522 0.154446 0 0.0103812 1.39605 8.14365
45 18.6402 10.798 23.765
117.61 147.772 0.428872 0.193969 0.0294312 0.00569734 1.47623 8.38066
46 18.6402 11.302 20.509
117.61 147.772 0.428872 0.193969 0.0294312 0.00569734 1.47623 8.38066
47 18.6402 11.6932 22.1207
117.61 147.772 0.428872 0.193969 0.0294312 0.00569734 1.47623 8.38066
48 18.6402 12.7692 21.6253
117.61 147.772 0.428872 0.193969 0.0294312 0.00569734 1.47623 8.38066
49 18.6439 12.5017 19.3514
102.888 156.436 0.392326 0.0814107 0.0377562 0.0956315 1.5735 7.74918
50 18.6439 12.3286 17.6965
102.888 156.436 0.392326 0.0814107 0.0377562 0.0956315 1.5735 7.74918
51 18.713 12.5423 18.1438
101.437 152.175 0.393293 0.0500717 0 0.175868 0.577956 6.84157
52 18.713 12.1523 21.9331
101.437 152.175 0.393293 0.0500717 0 0.175868 0.577956 6.84157
53 18.713 12.0528 22.2358
101.437 152.175 0.393293 0.0500717 0 0.175868 0.577956 6.84157
54 18.7172 12.1101 23.2489
101.33 152.283 0.393239 0.052771 0 0.176448 0.578348 6.83941
55 18.7172 12.2928 25.4402
101.33 152.283 0.393239 0.052771 0 0.176448 0.578348 6.83941
56 18.7765 13.2137 21.8868
103.313 154.538 0.39984 0.101305 0 0.163385 1.01224 7.00889
57 18.7765 13.6728 20.7505
103.313 154.538 0.39984 0.101305 0 0.163385 1.01224 7.00889
58 18.7765 12.822 21.3321
103.313 154.538 0.39984 0.101305 0 0.163385 1.01224 7.00889
59 18.7765 13.0524 18.5625
103.313 154.538 0.39984 0.101305 0 0.163385 1.01224 7.00889
60 18.7765 13.1693 20.4169
103.313 154.538 0.39984 0.101305 0 0.163385 1.01224 7.00889
61 18.7765 13.6737 17.2733
103.313 154.538 0.39984 0.101305 0 0.163385 1.01224 7.00889
62 18.7765 13.6713 14.2951
103.313 154.538 0.39984 0.101305 0 0.163385 1.01224 7.00889
63 18.7765 12.7203 18.6166
103.313 154.538 0.39984 0.101305 0 0.163385 1.01224 7.00889
64 18.7893 12.8912 20.4483
100.95 152.817 0.389539 0.0589733 0 0.206782 0.766761 6.8893
65 18.7893 12.5478 18.5774
100.95 152.817 0.389539 0.0589733 0 0.206782 0.766761 6.8893
66 18.7893 13.1605 15.3865
100.95 152.817 0.389539 0.0589733 0 0.206782 0.766761 6.8893
67 18.7893 13.2929 16.5279
100.95 152.817 0.389539 0.0589733 0 0.206782 0.766761 6.8893
68 18.7893 12.7051 24.7073
100.95 152.817 0.389539 0.0589733 0 0.206782 0.766761 6.8893
69 18.7893 13.0534 22.0907
100.95 152.817 0.389539 0.0589733 0 0.206782 0.766761 6.8893
70 18.7974 11.9116 30.6998
101.127 152.74 0.389544 0.0631964 0 0.204826 0.800967 6.90358
71 18.7974 11.3973 26.4406
101.127 152.74 0.389544 0.0631964 0 0.204826 0.800967 6.90358
72 18.7974 12.0786 24.926
101.127 152.74 0.389544 0.0631964 0 0.204826 0.800967 6.90358
73 18.7974 11.2203 30.0597
101.127 152.74 0.389544 0.0631964 0 0.204826 0.800967 6.90358
74 18.7974 12.3193 25.8599
101.127 152.74 0.389544 0.0631964 0 0.204826 0.800967 6.90358
75 18.7974 12.659 26.233
101.127 152.74 0.389544 0.0631964 0 0.204826 0.800967 6.90358
76 18.7974 13.3338 19.8449
101.127 152.74 0.389544 0.0631964 0 0.204826 0.800967 6.90358
77 18.8298 12.87 18.7719
100.229 153.068 0.389784 0.0709891 0 0.219774 0.7712 6.97828
78 18.8415 13.0946 20.6298
100.735 151.833 0.395078 0.084468 0 0.227244 0.716018 6.94306
79 18.8415 12.3016 22.0966
100.735 151.833 0.395078 0.084468 0 0.227244 0.716018 6.94306
80 18.8415 11.7315 26.8765
100.735 151.833 0.395078 0.084468 0 0.227244 0.716018 6.94306
81 18.8415 11.8503 25.4467
100.735 151.833 0.395078 0.084468 0 0.227244 0.716018 6.94306
82 18.8415 11.501 30.5575
100.735 151.833 0.395078 0.084468 0 0.227244 0.716018 6.94306
83 20.0115 11.8565 27.0263
100 146.015 0.385379 0 0.0287942 0.166279 0.93216 7.39682
84 20.0585 12.2474 30.3992
100 144.815 0.388722 0.0558427 0.0264395 0.145969 1.25321 8.45497
85 20.0585 12.7006 24.733
100 144.815 0.388722 0.0558427 0.0264395 0.145969 1.25321 8.45497
86 20.0585 12.7406 23.3091
100 144.815 0.388722 0.0558427 0.0264395 0.145969 1.25321 8.45497
87 20.0585 12.2263 24.4056
100 144.815 0.388722 0.0558427 0.0264395 0.145969 1.25321 8.45497
88 20.0585 12.4056 26.3822
100 144.815 0.388722 0.0558427 0.0264395 0.145969 1.25321 8.45497
89 20.0585 12.409 21.7441
100 144.815 0.388722 0.0558427 0.0264395 0.145969 1.25321 8.45497
90 20.0585 13.0833 20.6512
100 144.815 0.388722 0.0558427 0.0264395 0.145969 1.25321 8.45497
91 20.0585 12.3909 24.5516
100 144.815 0.388722 0.0558427 0.0264395 0.145969 1.25321 8.45497
92 20.1147 12.7374 24.7112
100 147.393 0.379971 0.019099 0 0.184526 0.969091 7.40146
93 20.1147 12.1177 27.7181
100 147.393 0.379971 0.019099 0 0.184526 0.969091 7.40146
94 20.1147 11.7063 31.1655
100 147.393 0.379971 0.019099 0 0.184526 0.969091 7.40146
95 20.1147 11.2424 29.6732
100 147.393 0.379971 0.019099 0 0.184526 0.969091 7.40146
96 20.1147 11.2994 26.9793
100 147.393 0.379971 0.019099 0 0.184526 0.969091 7.40146
97 20.1147 11.8812 35.3341
100 147.393 0.379971 0.019099 0 0.184526 0.969091 7.40146
98 20.1147 12.8472 29.7765
100 147.393 0.379971 0.019099 0 0.184526 0.969091 7.40146
99 20.1147 14.2648 14.9202
100 147.393 0.379971 0.019099 0 0.184526 0.969091 7.40146
100 20.1147 13.2186 27.3967
100 147.393 0.379971 0.019099 0 0.184526 0.969091 7.40146
