0 16.4801 4.76522 30.1407
179.124 160.974 0.551023 0.00941001 0.689903 0.254514 9.06233 0.731014
1 16.4801 5.81457 40.5001
179.124 160.974 0.551023 0.00941001 0.689903 0.254514 9.06233 0.731014
2 23.1892 7.15865 55.3052
141.782 123.505 0.53852 0 0.106997 0.350869 5.66728 4.91992
3 23.1892 8.93372 63.4653
141.782 123.505 0.53852 0 0.106997 0.350869 5.66728 4.91992
4 23.1892 9.73996 69.9599
141.782 123.505 0.53852 0 0.106997 0.350869 5.66728 4.91992
5 23.1892 11.0919 76.5491
141.782 123.505 0.53852 0 0.106997 0.350869 5.66728 4.91992
6 33.2541 14.9508 100.827
135.143 120.403 0.487579 0 0.108067 0.305204 5.23809 5.39319
7 33.2541 15.2367 108.229
135.143 120.403 0.487579 0 0.108067 0.305204 5.23809 5.39319
8 33.2541 17.0818 105.933
135.143 120.403 0.487579 0 0.108067 0.305204 5.23809 5.39319
9 40.6023 18.5069 136.293
134.914 117.677 0.492881 0.00345036 0.030057 0.312322 5.26131 5.13238
10 41.0618 21.9653 174.945
138.369 120.824 0.442477 0.0331242 0.0665534 0.343285 4.98564 5.22452
11 43.268 22.9961 214.55
129.531 123.11 0.466032 0.0315763 0.0633244 0.316216 5.63405 3.75743
12 46.1312 25.1594 224.803
123.522 100 0.380559 0 0.0905068 0.363948 5.55349 6.02556
13 46.1312 25.1431 208.182
123.522 100 0.380559 0 0.0905068 0.363948 5.55349 6.02556
14 46.1312 25.9222 184.076
123.522 100 0.380559 0 0.0905068 0.363948 5.55349 6.02556
15 48.2994 26.8808 187.562
122.098 115.042 0.410945 0.087093 0.0267907 0.343198 5.68056 3.44731
16 48.2994 29.6363 197.998
122.098 115.042 0.410945 0.087093 0.0267907 0.343198 5.68056 3.44731
17 48.9016 28.9154 241.583
124.649 100 0.403516 0.0239264 0.0610337 0.349806 5.70154 6.14512
18 51.3102 30.7713 229.825
131.322 112.819 0.284402 0.158332 0.182763 0.224646 5.26165 3.64852
19 51.3102 34.1178 248.266
131.322 112.819 0.284402 0.158332 0.182763 0.224646 5.26165 3.64852
20 51.7196 30.2601 264.491
129.393 113.538 0.260759 0.161812 0.189805 0.22323 5.38552 3.471
21 51.7196 32.7118 245.847
129.393 113.538 0.260759 0.161812 0.189805 0.22323 5.38552 3.471
22 51.7196 33.4938 259.662
129.393 113.538 0.260759 0.161812 0.189805 0.22323 5.38552 3.471
23 51.7196 33.1185 229.584
129.393 113.538 0.260759 0.161812 0.189805 0.22323 5.38552 3.471
24 51.7196 33.6909 209.558
129.393 113.538 0.260759 0.161812 0.189805 0.22323 5.38552 3.471
25 52.8588 36.079 251.889
122.662 122.645 0.412183 0.188189 0 0.147346 4.03856 3.07137
26 52.8588 33.4069 273.192
122.662 122.645 0.412183 0.188189 0 0.147346 4.03856 3.07137
27 52.8588 31.9861 274.199
122.662 122.645 0.412183 0.188189 0 0.147346 4.03856 3.07137
28 52.866 30.3748 356.895
123.042 122.497 0.41276 0.19032 0.000926132 0.148464 4.05903 3.07954
29 53.6922 28.8541 343.472
126.122 109.541 0.337031 0.188509 0.0968088 0.173253 5.93388 3.74572
30 54.8981 32.765 384.538
123.275 118.048 0.391319 0.20151 0.00732612 0.151246 4.5652 2.36735
31 56.3409 31.9161 317.064
124.831 120.988 0.376597 0.191197 0.00563425 0.130705 4.75676 2.26235
32 56.3409 36.7446 315.547
124.831 120.988 0.376597 0.191197 0.00563425 0.130705 4.75676 2.26235
33 56.3409 38.3761 326.104
124.831 120.988 0.376597 0.191197 0.00563425 0.130705 4.75676 2.26235
34 56.3409 39.0531 221.86
124.831 120.988 0.376597 0.191197 0.00563425 0.130705 4.75676 2.26235
35 57.6356 37.5158 270.89
126.549 120.496 0.372556 0.201685 0 0.145746 4.61762 2.12923
36 57.6356 35.9186 247.745
126.549 120.496 0.372556 0.201685 0 0.145746 4.61762 2.12923
37 57.6356 35.9477 280.968
126.549 120.496 0.372556 0.201685 0 0.145746 4.61762 2.12923
38 57.6356 35.5566 330.578
126.549 120.496 0.372556 0.201685 0 0.145746 4.61762 2.12923
39 58.5226 34.982 414.484
129.659 123.124 0.329508 0.215953 0 0.142051 5.16424 2.58768
40 58.5226 36.8038 351.154
129.659 123.124 0.329508 0.215953 0 0.142051 5.16424 2.58768
41 59.315 35.0932 301.77
126.8 119.497 0.341341 0.236097 0 0.0853308 4.88578 2.45018
42 59.315 29.7806 373.836
126.8 119.497 0.341341 0.236097 0 0.0853308 4.88578 2.45018
43 59.315 30.5993 335.342
126.8 119.497 0.341341 0.236097 0 0.0853308 4.88578 2.45018
44 59.315 34.5303 359.708
126.8 119.497 0.341341 0.236097 0 0.0853308 4.88578 2.45018
45 59.3592 32.853 494.422
132.017 138.478 0.331645 0.219344 0.0376056 0.107825 4.67412 0.737341
46 60.7404 33.697 395.125
126.766 118.647 0.336987 0.21917 0.0114371 0.110615 4.93502 2.57632
47 60.7404 34.5897 393.392
126.766 118.647 0.336987 0.21917 0.0114371 0.110615 4.93502 2.57632
48 60.7404 36.2675 388.334
126.766 118.647 0.336987 0.21917 0.0114371 0.110615 4.93502 2.57632
49 60.7404 36.2041 345.97
126.766 118.647 0.336987 0.21917 0.0114371 0.110615 4.93502 2.57632
50 60.7404 33.3536 415.255
126.766 118.647 0.336987 0.21917 0.0114371 0.110615 4.93502 2.57632
51 60.7404 32.9051 389.578
126.766 118.647 0.336987 0.21917 0.0114371 0.110615 4.93502 2.57632
52 60.7404 32.4232 354.643
126.766 118.647 0.336987 0.21917 0.0114371 0.110615 4.93502 2.57632
53 60.7404 36.1404 330.221
126.766 118.647 0.336987 0.21917 0.0114371 0.110615 4.93502 2.57632
54 60.7404 37.0171 333.578
126.766 118.647 0.336987 0.21917 0.0114371 0.110615 4.93502 2.57632
55 60.7404 38.6616 325.477
126.766 118.647 0.336987 0.21917 0.0114371 0.110615 4.93502 2.57632
56 60.7404 36.4204 305.142
126.766 118.647 0.336987 0.21917 0.0114371 0.110615 4.93502 2.57632
57 60.7404 35.3478 281.891
126.766 118.647 0.336987 0.21917 0.0114371 0.110615 4.93502 2.57632
58 60.7404 35.9867 279.639
126.766 118.647 0.336987 0.21917 0.0114371 0.110615 4.93502 2.57632
59 60.7404 36.8784 348.599
126.766 118.647 0.336987 0.21917 0.0114371 0.110615 4.93502 2.57632
60 60.7404 35.862 368.587
126.766 118.647 0.336987 0.21917 0.0114371 0.110615 4.93502 2.57632
61 60.7404 34.9516 449.276
126.766 118.647 0.336987 0.21917 0.0114371 0.110615 4.93502 2.57632
62 60.7404 36.6588 400.236
126.766 118.647 0.336987 0.21917 0.0114371 0.110615 4.93502 2.57632
63 60.7404 41.0246 348.125
126.766 118.647 0.336987 0.21917 0.0114371 0.110615 4.93502 2.57632
64 60.7404 41.8787 274.249
126.766 118.647 0.336987 0.21917 0.0114371 0.110615 4.93502 2.57632
65 60.7404 40.9918 252.028
126.766 118.647 0.336987 0.21917 0.0114371 0.110615 4.93502 2.57632
66 60.7404 44.3158 201.015
126.766 118.647 0.336987 0.21917 0.0114371 0.110615 4.93502 2.57632
67 60.7404 46.5357 158.994
126.766 118.647 0.336987 0.21917 0.0114371 0.110615 4.93502 2.57632
68 60.7404 43.8796 175.928
126.766 118.647 0.336987 0.21917 0.0114371 0.110615 4.93502 2.57632
69 60.7404 40.7822 286.618
126.766 118.647 0.336987 0.21917 0.0114371 0.110615 4.93502 2.57632
70 60.7404 36.3699 435.059
126.766 118.647 0.336987 0.21917 0.0114371 0.110615 4.93502 2.57632
71 60.9586 35.6868 440.313
108.385 140.28 0.30905 0.239986 0.0325175 0 3.9422 0.10626
72 60.9586 31.5851 413.951
108.385 140.28 0.30905 0.239986 0.0325175 0 3.9422 0.10626
73 62.1465 35.6949 390.679
112.143 140.6 0.278336 0.230349 0.0326366 0 3.74249 0
74 62.1465 36.5185 410.94
112.143 140.6 0.278336 0.230349 0.0326366 0 3.74249 0
75 62.1465 34.9449 424.579
112.143 140.6 0.278336 0.230349 0.0326366 0 3.74249 0
76 62.1465 34.1436 437.525
112.143 140.6 0.278336 0.230349 0.0326366 0 3.74249 0
77 62.1465 36.3668 443.53
112.143 140.6 0.278336 0.230349 0.0326366 0 3.74249 0
78 62.1465 36.6667 408.734
112.143 140.6 0.278336 0.230349 0.0326366 0 3.74249 0
79 62.6952 38.3343 415.955
116.53 160.282 0.303335 0.215469 0.005076 0 3.58715 0
80 62.6952 38.6821 390.172
116.53 160.282 0.303335 0.215469 0.005076 0 3.58715 0
81 62.6952 39.5952 379.834
116.53 160.282 0.303335 0.215469 0.005076 0 3.58715 0
82 62.6952 39.5687 322.312
116.53 160.282 0.303335 0.215469 0.005076 0 3.58715 0
83 62.6952 41.1426 302.629
116.53 160.282 0.303335 0.215469 0.005076 0 3.58715 0
84 62.6952 39.3717 267.138
116.53 160.282 0.303335 0.215469 0.005076 0 3.58715 0
85 62.6952 41.0152 278.391
116.53 160.282 0.303335 0.215469 0.005076 0 3.58715 0
86 62.6952 41.6454 296.602
116.53 160.282 0.303335 0.215469 0.005076 0 3.58715 0
87 62.6952 39.2828 299.362
116.53 160.282 0.303335 0.215469 0.005076 0 3.58715 0
88 62.6952 38.4022 255.503
116.53 160.282 0.303335 0.215469 0.005076 0 3.58715 0
89 62.6952 37.0012 374.237
116.53 160.282 0.303335 0.215469 0.005076 0 3.58715 0
90 62.6952 37.7678 373.362
116.53 160.282 0.303335 0.215469 0.005076 0 3.58715 0
91 62.6952 41.4856 319.767
116.53 160.282 0.303335 0.215469 0.005076 0 3.58715 0
92 62.6952 40.0795 210.073
116.53 160.282 0.303335 0.215469 0.005076 0 3.58715 0
93 62.6952 38.7169 353.991
116.53 160.282 0.303335 0.215469 0.005076 0 3.58715 0
94 62.6952 39.1548 400.499
116.53 160.282 0.303335 0.215469 0.005076 0 3.58715 0
95 62.6952 35.5465 376.323
116.53 160.282 0.303335 0.215469 0.005076 0 3.58715 0
96 62.6952 33.3333 486.069
116.53 160.282 0.303335 0.215469 0.005076 0 3.58715 0
97 62.6952 32.6833 335.914
116.53 160.282 0.303335 0.215469 0.005076 0 3.58715 0
98 62.9609 33.0235 336.857
114.083 154.807 0.349724 0.280931 0 0.00417366 4.78167 0
99 62.9609 31.1588 341.85
114.083 154.807 0.349724 0.280931 0 0.00417366 4.78167 0
100 62.9629 33.6643 391.184
114.091 154.789 0.349805 0.28077 9.82338e-06 0.00416147 4.7811 0
