0 2.59939 0.545046 0.521855
139.422 161.007 0.714773 0.0600355 0.670811 0.0687888 7.32745 8.79288
1 3.10658 0.669312 0.749612
139.787 160.214 0.713747 0.0557404 0.673271 0.0760016 7.34474 8.82534
2 3.64019 1.05451 1.26704
144.245 166.342 0.679894 0.0462884 0.708625 0.101324 6.44244 9.31971
3 3.64019 1.21452 1.69757
144.245 166.342 0.679894 0.0462884 0.708625 0.101324 6.44244 9.31971
4 3.64019 1.60168 2.13907
144.245 166.342 0.679894 0.0462884 0.708625 0.101324 6.44244 9.31971
5 3.64019 1.78752 1.94948
144.245 166.342 0.679894 0.0462884 0.708625 0.101324 6.44244 9.31971
6 4.15582 2.07755 1.82868
144.783 167.294 0.65215 0.0301935 0.673622 0.108885 6.57793 8.85445
7 6.76305 2.48981 3.34553
136.792 170.295 0.565396 0 0.684039 0.200185 5.24903 8.57298
8 6.80271 2.66929 4.58465
144.049 177.594 0.547353 0.0328797 0.772225 0.129639 6.39963 8.24139
9 7.41218 3.28015 6.35953
139.814 167.58 0.551766 0 0.642149 0.229997 5.1677 8.36783
10 7.8853 3.66656 6.62978
170.808 179.989 0.452206 0.0529725 0.789966 0.171384 7.47654 8.89223
11 7.8853 3.75077 7.82282
170.808 179.989 0.452206 0.0529725 0.789966 0.171384 7.47654 8.89223
12 7.8853 4.37502 8.75771
170.808 179.989 0.452206 0.0529725 0.789966 0.171384 7.47654 8.89223
13 8.29442 4.95005 8.22344
150.559 187.199 0.545732 0.115363 0.649847 0.0756296 6.73818 8.09654
14 8.29442 4.9913 8.33559
150.559 187.199 0.545732 0.115363 0.649847 0.0756296 6.73818 8.09654
15 8.29442 5.01841 7.53936
150.559 187.199 0.545732 0.115363 0.649847 0.0756296 6.73818 8.09654
16 8.83798 5.14961 7.2653
142.266 152.581 0.422126 0.179029 0.438751 0.0524405 6.85059 10
17 8.83798 4.76762 7.387
142.266 152.581 0.422126 0.179029 0.438751 0.0524405 6.85059 10
18 8.83798 4.78009 8.29706
142.266 152.581 0.422126 0.179029 0.438751 0.0524405 6.85059 10
19 8.83798 5.12943 8.22739
142.266 152.581 0.422126 0.179029 0.438751 0.0524405 6.85059 10
20 8.83798 5.01351 8.61394
142.266 152.581 0.422126 0.179029 0.438751 0.0524405 6.85059 10
21 8.92486 4.5552 8.64291
143.979 153.245 0.375748 0.18464 0.442485 0.0631835 7.12863 9.77794
22 8.92486 4.89361 8.29614
143.979 153.245 0.375748 0.18464 0.442485 0.0631835 7.12863 9.77794
23 9.35024 5.19094 8.98674
145.309 163.234 0.380283 0.146513 0.418381 0.0346519 5.66611 8.92432
24 10.2245 5.20182 9.4344
151.183 173.201 0.346322 0.0403777 0.150922 0.32548 6.01509 9.89892
25 12.0356 5.44663 11.5367
142.703 167.717 0.370994 0.0610684 0.115243 0.266213 4.72676 10
26 12.0356 5.4158 11.6053
142.703 167.717 0.370994 0.0610684 0.115243 0.266213 4.72676 10
27 12.0356 6.43807 10.4351
142.703 167.717 0.370994 0.0610684 0.115243 0.266213 4.72676 10
28 12.0356 6.49143 12.2571
142.703 167.717 0.370994 0.0610684 0.115243 0.266213 4.72676 10
29 12.0356 5.98759 13.829
142.703 167.717 0.370994 0.0610684 0.115243 0.266213 4.72676 10
30 12.5594 5.83831 13.3061
143.112 167.632 0.36651 0.0584372 0.10952 0.262058 4.75247 10
31 12.5594 6.3302 20.7206
143.112 167.632 0.36651 0.0584372 0.10952 0.262058 4.75247 10
32 12.5748 6.84442 20.997
132.086 159.884 0.346539 0.00986622 0.130705 0.224817 5.7445 9.44132
33 12.6384 7.18186 21.2804
139.866 171.815 0.368984 0 0 0.283639 6.89736 9.21869
34 12.6384 6.95651 22.8842
139.866 171.815 0.368984 0 0 0.283639 6.89736 9.21869
35 12.6384 6.62712 22.7629
139.866 171.815 0.368984 0 0 0.283639 6.89736 9.21869
36 12.6384 6.03342 20.0702
139.866 171.815 0.368984 0 0 0.283639 6.89736 9.21869
37 13.0368 6.78837 26.219
147.267 178.253 0.367124 0 0 0.244201 6.55174 8.83376
38 13.0368 7.47059 23.9379
147.267 178.253 0.367124 0 0 0.244201 6.55174 8.83376
39 13.0368 7.72543 19.6745
147.267 178.253 0.367124 0 0 0.244201 6.55174 8.83376
40 13.0368 7.97842 19.9923
147.267 178.253 0.367124 0 0 0.244201 6.55174 8.83376
41 13.0368 7.39486 23.3502
147.267 178.253 0.367124 0 0 0.244201 6.55174 8.83376
42 13.0368 7.25977 18.3916
147.267 178.253 0.367124 0 0 0.244201 6.55174 8.83376
43 13.0368 6.32449 19.3378
147.267 178.253 0.367124 0 0 0.244201 6.55174 8.83376
44 13.0368 6.6009 26.0731
147.267 178.253 0.367124 0 0 0.244201 6.55174 8.83376
45 13.0368 7.75932 23.38
147.267 178.253 0.367124 0 0 0.244201 6.55174 8.83376
46 13.0368 8.79758 18.6639
147.267 178.253 0.367124 0 0 0.244201 6.55174 8.83376
47 13.0368 8.16945 21.6989
147.267 178.253 0.367124 0 0 0.244201 6.55174 8.83376
48 13.4764 7.02451 25.3341
125.584 171.266 0.470544 0.144055 0 0.129617 7.82847 9.29471
49 13.97 8.12942 24.3833
125.811 172.769 0.450608 0.124777 0.00294502 0.131186 7.33523 10
50 14.0288 8.65108 24.9639
114.577 167.618 0.426694 0.130987 0 0.184407 8.56752 10
51 14.0311 9.10281 21.0073
113.77 165.888 0.438838 0.137953 0.0140342 0.19127 8.51738 10
52 14.0311 8.48789 20.9568
113.77 165.888 0.438838 0.137953 0.0140342 0.19127 8.51738 10
53 14.114 7.86316 28.426
108.796 162.984 0.450005 0.175325 0 0.0758806 8.20501 10
54 14.114 7.91865 29.2579
108.796 162.984 0.450005 0.175325 0 0.0758806 8.20501 10
55 14.114 8.46623 30.0635
108.796 162.984 0.450005 0.175325 0 0.0758806 8.20501 10
56 14.5171 8.28854 33.43
110.734 178.104 0.413545 0.101237 0 0.128296 7.34184 9.30259
57 14.5171 8.12042 31.062
110.734 178.104 0.413545 0.101237 0 0.128296 7.34184 9.30259
58 14.5171 7.70792 37.2473
110.734 178.104 0.413545 0.101237 0 0.128296 7.34184 9.30259
59 15.573 7.74951 34.7904
105.085 156.09 0.387117 0.190636 0 0.0570885 8.36612 10
60 15.573 9.3617 32.3524
105.085 156.09 0.387117 0.190636 0 0.0570885 8.36612 10
61 15.573 8.39477 32.0539
105.085 156.09 0.387117 0.190636 0 0.0570885 8.36612 10
62 15.573 7.47389 31.5187
105.085 156.09 0.387117 0.190636 0 0.0570885 8.36612 10
63 15.5767 7.46299 28.1761
104.535 155.932 0.386633 0.189735 0.00186757 0.0584321 8.4038 10
64 15.581 8.13778 29.9427
102.838 155.022 0.38393 0.175279 0 0.0684929 8.27467 10
65 15.581 8.35126 28.7367
102.838 155.022 0.38393 0.175279 0 0.0684929 8.27467 10
66 15.581 8.90129 33.9103
102.838 155.022 0.38393 0.175279 0 0.0684929 8.27467 10
67 15.5905 9.99515 23.1148
102.48 153.313 0.381308 0.172612 0 0.0352255 8.5791 9.33158
68 15.5905 9.61086 26.231
102.48 153.313 0.381308 0.172612 0 0.0352255 8.5791 9.33158
69 15.5905 9.49366 30.3664
102.48 153.313 0.381308 0.172612 0 0.0352255 8.5791 9.33158
70 15.5905 8.06051 30.6409
102.48 153.313 0.381308 0.172612 0 0.0352255 8.5791 9.33158
71 15.5905 9.30842 21.7792
102.48 153.313 0.381308 0.172612 0 0.0352255 8.5791 9.33158
72 15.6189 9.48004 26.2965
101.546 153.044 0.420952 0.0933606 0 0.116911 9.12365 9.69098
73 15.6189 10.0562 26.4654
101.546 153.044 0.420952 0.0933606 0 0.116911 9.12365 9.69098
74 15.6189 7.79664 28.507
101.546 153.044 0.420952 0.0933606 0 0.116911 9.12365 9.69098
75 15.6189 7.95034 33.6111
101.546 153.044 0.420952 0.0933606 0 0.116911 9.12365 9.69098
76 15.6189 7.79436 33.6306
101.546 153.044 0.420952 0.0933606 0 0.116911 9.12365 9.69098
77 15.6189 8.59917 34.4902
101.546 153.044 0.420952 0.0933606 0 0.116911 9.12365 9.69098
78 15.6189 8.48197 30.1425
101.546 153.044 0.420952 0.0933606 0 0.116911 9.12365 9.69098
79 15.655 9.03027 34.2786
100 152.756 0.408564 0.105087 0 0.118257 9.19433 9.62805
80 15.655 10.0181 29.522
100 152.756 0.408564 0.105087 0 0.118257 9.19433 9.62805
81 15.655 9.80029 30.8135
100 152.756 0.408564 0.105087 0 0.118257 9.19433 9.62805
82 15.655 9.4311 31.676
100 152.756 0.408564 0.105087 0 0.118257 9.19433 9.62805
83 15.655 9.87743 30.0737
100 152.756 0.408564 0.105087 0 0.118257 9.19433 9.62805
84 15.659 9.81588 27.4488
101.397 153.247 0.414612 0.101592 0.00801259 0.129049 9.03003 9.48339
85 15.659 9.46412 25.8757
101.397 153.247 0.414612 0.101592 0.00801259 0.129049 9.03003 9.48339
86 15.6596 9.29783 28.8279
100 176.613 0.412041 0.0595376 0 0.179147 10 10
87 15.6596 9.24311 36.8709
100 176.613 0.412041 0.0595376 0 0.179147 10 10
88 15.6596 8.34831 35.8271
100 176.613 0.412041 0.0595376 0 0.179147 10 10
89 15.6596 8.9795 29.1134
100 176.613 0.412041 0.0595376 0 0.179147 10 10
90 15.6596 10.0764 28.2214
100 176.613 0.412041 0.0595376 0 0.179147 10 10
91 15.6596 9.82193 30.4809
100 176.613 0.412041 0.0595376 0 0.179147 10 10
92 15.6596 9.40668 29.3748
100 176.613 0.412041 0.0595376 0 0.179147 10 10
93 15.6596 10.4507 23.258
100 176.613 0.412041 0.0595376 0 0.179147 10 10
94 15.6596 9.70452 28.7007
100 176.613 0.412041 0.0595376 0 0.179147 10 10
95 15.6596 9.14126 29.168
100 176.613 0.412041 0.0595376 0 0.179147 10 10
96 15.6596 9.2415 32.5173
100 176.613 0.412041 0.0595376 0 0.179147 10 10
97 15.6988 10.0119 31.4417
101.683 149.045 0.410831 0.112802 0 0.145381 9.4632 9.50757
98 15.6988 10.7361 26.1474
101.683 149.045 0.410831 0.112802 0 0.145381 9.4632 9.50757
99 15.6988 11.0722 22.3138
101.683 149.045 0.410831 0.112802 0 0.145381 9.4632 9.50757
100 15.6988 11.625 21.8621
101.683 149.045 0.410831 0.112802 0 0.145381 9.4632 9.50757
