0 14.303 1.80553 15.6963
113.008 155.389 0.00323847 0.197283 0.850871 0.579057 0.38109 6.07604
1 15.9127 2.81345 26.4519
113.256 156.308 0.030646 0.210719 0.854204 0.587054 0.605029 6.49626
2 17.3404 3.66768 35.5807
112.933 155.939 0.0326661 0.176374 0.853624 0.599025 0.00777534 5.77312
3 17.3404 5.09153 45.8757
112.933 155.939 0.0326661 0.176374 0.853624 0.599025 0.00777534 5.77312
4 23.0432 6.16749 54.8441
112.858 155.434 0.0230938 0.175337 0.851266 0.596846 0 5.74814
5 23.0432 4.48102 40.3443
112.858 155.434 0.0230938 0.175337 0.851266 0.596846 0 5.74814
6 23.1424 8.48779 75.3128
110.588 148.001 0.0237163 0.0417222 0.844123 0.593571 0 5.57889
7 23.1424 8.63957 69.9775
110.588 148.001 0.0237163 0.0417222 0.844123 0.593571 0 5.57889
8 23.1424 9.55206 79.7746
110.588 148.001 0.0237163 0.0417222 0.844123 0.593571 0 5.57889
9 23.3337 9.55725 76.2475
146.911 133.838 0.0573616 0.0280577 0.475421 0.586369 3.95668 3.32916
10 23.6291 9.91622 75.7462
143.63 129.538 0.0477771 0.062881 0.507391 0.538445 3.97588 2.91673
11 23.6424 10.6557 87.5526
143.635 129.54 0.0477691 0.0628896 0.507401 0.538428 3.97539 2.91758
12 23.6424 12.4137 81.9619
143.635 129.54 0.0477691 0.0628896 0.507401 0.538428 3.97539 2.91758
13 24.7053 13.2935 75.6423
149.645 134.773 0.0802371 0.0312308 0.509918 0.58127 3.70202 3.11105
14 25.755 12.4807 88.2497
124.771 137.279 0.108264 0.100288 0.643752 0.39125 1.17012 4.05643
15 25.755 11.98 77.52
124.771 137.279 0.108264 0.100288 0.643752 0.39125 1.17012 4.05643
16 25.7551 12.4949 81.1763
124.363 136.929 0.115304 0.10308 0.637806 0.390262 1.21394 4.05395
17 25.9282 14.6931 93.4591
161.04 124.478 0.125869 0.0192664 0.372522 0.603414 2.0416 2.99947
18 25.9282 15.811 93.7682
161.04 124.478 0.125869 0.0192664 0.372522 0.603414 2.0416 2.99947
19 25.9727 17.5421 104.805
157.714 124.841 0.122834 0.0374615 0.439742 0.636437 1.9936 3.0631
20 25.9727 15.6128 83.6747
157.714 124.841 0.122834 0.0374615 0.439742 0.636437 1.9936 3.0631
21 26.075 15.8597 108.047
160.162 122.649 0.0897932 0.0445414 0.434275 0.619752 1.99438 3.11608
22 26.075 17.3819 90.3502
160.162 122.649 0.0897932 0.0445414 0.434275 0.619752 1.99438 3.11608
23 26.0828 15.0267 118.378
168.594 136.597 0.120052 0.0859363 0.444307 0.651472 2.62382 3.59606
24 26.1558 18.0287 100.142
154.036 139.024 0.103839 0.0442763 0.359072 0.627497 2.8573 4.09034
25 26.1558 17.8753 91.7518
154.036 139.024 0.103839 0.0442763 0.359072 0.627497 2.8573 4.09034
26 26.2659 14.8924 117.141
151.785 140.905 0.0913133 0.0686327 0.354672 0.636667 2.87771 3.98752
27 26.3222 17.7932 83.4047
159.663 140.167 0.0883214 0.0585376 0.338493 0.577517 3.04858 4.191
28 26.3222 17.8249 67.3088
159.663 140.167 0.0883214 0.0585376 0.338493 0.577517 3.04858 4.191
29 26.3222 18.3835 92.1133
159.663 140.167 0.0883214 0.0585376 0.338493 0.577517 3.04858 4.191
30 26.3222 19.1816 82.0664
159.663 140.167 0.0883214 0.0585376 0.338493 0.577517 3.04858 4.191
31 26.3494 17.4652 103.538
147.983 136.692 0.100547 0.0917732 0.287982 0.687083 3.74475 3.27264
32 26.6601 16.0056 116.418
147.509 138.207 0.0980404 0.0738106 0.302368 0.665208 3.67019 3.28479
33 26.6601 17.3349 120.593
147.509 138.207 0.0980404 0.0738106 0.302368 0.665208 3.67019 3.28479
34 26.6601 17.6438 131.244
147.509 138.207 0.0980404 0.0738106 0.302368 0.665208 3.67019 3.28479
35 26.6601 17.2001 121.616
147.509 138.207 0.0980404 0.0738106 0.302368 0.665208 3.67019 3.28479
36 26.6601 18.6954 80.026
147.509 138.207 0.0980404 0.0738106 0.302368 0.665208 3.67019 3.28479
37 26.6601 18.2963 98.8999
147.509 138.207 0.0980404 0.0738106 0.302368 0.665208 3.67019 3.28479
38 26.7976 18.488 94.7255
146.219 138.696 0.0908453 0.0687036 0.290335 0.638883 4.03605 3.00323
39 26.7976 18.3136 106.861
146.219 138.696 0.0908453 0.0687036 0.290335 0.638883 4.03605 3.00323
40 26.7976 16.2651 114.432
146.219 138.696 0.0908453 0.0687036 0.290335 0.638883 4.03605 3.00323
41 26.7976 16.6024 114.823
146.219 138.696 0.0908453 0.0687036 0.290335 0.638883 4.03605 3.00323
42 26.7976 16.5942 99.1139
146.219 138.696 0.0908453 0.0687036 0.290335 0.638883 4.03605 3.00323
43 26.7976 17.9353 95.7005
146.219 138.696 0.0908453 0.0687036 0.290335 0.638883 4.03605 3.00323
44 26.7976 15.6456 117.924
146.219 138.696 0.0908453 0.0687036 0.290335 0.638883 4.03605 3.00323
45 26.7976 15.4737 122.232
146.219 138.696 0.0908453 0.0687036 0.290335 0.638883 4.03605 3.00323
46 27.1082 16.125 117.461
150.641 132.275 0.1212 0.114346 0.22975 0.521994 4.27152 3.92917
47 27.1082 14.7323 115.34
150.641 132.275 0.1212 0.114346 0.22975 0.521994 4.27152 3.92917
48 27.1082 17.96 110.831
150.641 132.275 0.1212 0.114346 0.22975 0.521994 4.27152 3.92917
49 27.1134 18.6712 116.984
154.289 121.434 0.11393 0.0783061 0.226701 0.501644 4.70959 4.53626
50 27.1134 17.4914 108.579
154.289 121.434 0.11393 0.0783061 0.226701 0.501644 4.70959 4.53626
51 27.1134 18.5674 85.0544
154.289 121.434 0.11393 0.0783061 0.226701 0.501644 4.70959 4.53626
52 27.1134 17.4122 86.8169
154.289 121.434 0.11393 0.0783061 0.226701 0.501644 4.70959 4.53626
53 27.1134 16.5564 109.326
154.289 121.434 0.11393 0.0783061 0.226701 0.501644 4.70959 4.53626
54 27.1134 17.1271 106.064
154.289 121.434 0.11393 0.0783061 0.226701 0.501644 4.70959 4.53626
55 27.1605 15.2554 125.341
163.778 124.732 0.121476 0.0437965 0.319564 0.484524 5.07582 2.18534
56 29.6358 16.9838 136.833
175.511 125.284 0.136468 0.0152239 0.125984 0.549159 6.31693 1.70003
57 29.6358 17.3079 132.849
175.511 125.284 0.136468 0.0152239 0.125984 0.549159 6.31693 1.70003
58 29.6358 16.4387 117.45
175.511 125.284 0.136468 0.0152239 0.125984 0.549159 6.31693 1.70003
59 29.6358 14.7329 133
175.511 125.284 0.136468 0.0152239 0.125984 0.549159 6.31693 1.70003
60 29.6358 15.8206 128.664
175.511 125.284 0.136468 0.0152239 0.125984 0.549159 6.31693 1.70003
61 29.6358 16.6126 135.895
175.511 125.284 0.136468 0.0152239 0.125984 0.549159 6.31693 1.70003
62 29.6358 18.2255 125.67
175.511 125.284 0.136468 0.0152239 0.125984 0.549159 6.31693 1.70003
63 29.6358 18.2595 122.611
175.511 125.284 0.136468 0.0152239 0.125984 0.549159 6.31693 1.70003
64 29.6358 19.268 120.66
175.511 125.284 0.136468 0.0152239 0.125984 0.549159 6.31693 1.70003
65 29.6358 20.5101 111.052
175.511 125.284 0.136468 0.0152239 0.125984 0.549159 6.31693 1.70003
66 29.6358 18.3943 100.544
175.511 125.284 0.136468 0.0152239 0.125984 0.549159 6.31693 1.70003
67 29.9888 18.1737 137.033
176.989 116.696 0.176556 0.0421579 0.093288 0.444183 6.57013 2.12158
68 29.9888 18.2299 118.616
176.989 116.696 0.176556 0.0421579 0.093288 0.444183 6.57013 2.12158
69 29.9888 19.3031 99.7244
176.989 116.696 0.176556 0.0421579 0.093288 0.444183 6.57013 2.12158
70 29.9888 17.8 122.158
176.989 116.696 0.176556 0.0421579 0.093288 0.444183 6.57013 2.12158
71 29.9888 16.1705 129.216
176.989 116.696 0.176556 0.0421579 0.093288 0.444183 6.57013 2.12158
72 29.9888 17.6534 112.541
176.989 116.696 0.176556 0.0421579 0.093288 0.444183 6.57013 2.12158
73 29.9888 16.2855 128.267
176.989 116.696 0.176556 0.0421579 0.093288 0.444183 6.57013 2.12158
74 29.9888 16.8674 122.084
176.989 116.696 0.176556 0.0421579 0.093288 0.444183 6.57013 2.12158
75 29.9888 16.1596 136.709
176.989 116.696 0.176556 0.0421579 0.093288 0.444183 6.57013 2.12158
76 29.9888 17.8543 115.153
176.989 116.696 0.176556 0.0421579 0.093288 0.444183 6.57013 2.12158
77 29.9888 18.6632 110.886
176.989 116.696 0.176556 0.0421579 0.093288 0.444183 6.57013 2.12158
78 29.9888 18.8247 94.9091
176.989 116.696 0.176556 0.0421579 0.093288 0.444183 6.57013 2.12158
79 29.9888 19.8973 95.0848
176.989 116.696 0.176556 0.0421579 0.093288 0.444183 6.57013 2.12158
80 29.9888 18.6467 110.909
176.989 116.696 0.176556 0.0421579 0.093288 0.444183 6.57013 2.12158
81 29.9888 18.7733 109.178
176.989 116.696 0.176556 0.0421579 0.093288 0.444183 6.57013 2.12158
82 29.9888 19.7357 101.86
176.989 116.696 0.176556 0.0421579 0.093288 0.444183 6.57013 2.12158
83 29.9888 19.413 86.6519
176.989 116.696 0.176556 0.0421579 0.093288 0.444183 6.57013 2.12158
84 29.9888 20.2474 90.4876
176.989 116.696 0.176556 0.0421579 0.093288 0.444183 6.57013 2.12158
85 29.9888 21.3362 77.9982
176.989 116.696 0.176556 0.0421579 0.093288 0.444183 6.57013 2.12158
86 29.9888 21.0814 67.3259
176.989 116.696 0.176556 0.0421579 0.093288 0.444183 6.57013 2.12158
87 29.9888 19.7126 95.2033
176.989 116.696 0.176556 0.0421579 0.093288 0.444183 6.57013 2.12158
88 29.9888 19.1715 107.627
176.989 116.696 0.176556 0.0421579 0.093288 0.444183 6.57013 2.12158
89 29.9888 21.5922 63.895
176.989 116.696 0.176556 0.0421579 0.093288 0.444183 6.57013 2.12158
90 29.9888 22.098 80.9963
176.989 116.696 0.176556 0.0421579 0.093288 0.444183 6.57013 2.12158
91 29.9888 22.7886 79.6749
176.989 116.696 0.176556 0.0421579 0.093288 0.444183 6.57013 2.12158
92 29.9888 22.8505 71.4334
176.989 116.696 0.176556 0.0421579 0.093288 0.444183 6.57013 2.12158
93 29.9888 19.9968 117.718
176.989 116.696 0.176556 0.0421579 0.093288 0.444183 6.57013 2.12158
94 29.9888 22.0959 99.8957
176.989 116.696 0.176556 0.0421579 0.093288 0.444183 6.57013 2.12158
95 29.9888 20.9339 79.7114
176.989 116.696 0.176556 0.0421579 0.093288 0.444183 6.57013 2.12158
96 29.9888 19.8608 104.369
176.989 116.696 0.176556 0.0421579 0.093288 0.444183 6.57013 2.12158
97 29.9888 20.0914 101.649
176.989 116.696 0.176556 0.0421579 0.093288 0.444183 6.57013 2.12158
98 29.9888 20.8574 93.2126
176.989 116.696 0.176556 0.0421579 0.093288 0.444183 6.57013 2.12158
99 29.9888 20.1712 93.9915
176.989 116.696 0.176556 0.0421579 0.093288 0.444183 6.57013 2.12158
100 29.9888 20.0014 96.7439
176.989 116.696 0.176556 0.0421579 0.093288 0.444183 6.57013 2.12158
