0 19.2137 4.3693 21.3564
102.858 125.15 0.278431 0.384049 0.0427625 0.096365 2.88435 9.53314
1 19.539 5.81338 33.2962
100 118.269 0.225619 0.412409 0.0429031 0.0980276 2.16781 9.12315
2 20.1556 7.46657 49.8049
105.815 131.079 0.302702 0.44026 0.0450337 0.109229 3.08859 10
3 20.1556 8.57592 55.8342
105.815 131.079 0.302702 0.44026 0.0450337 0.109229 3.08859 10
4 20.6157 10.3855 53.315
107.489 133.105 0.310646 0.46887 0.00351667 0.0731547 2.57035 10
5 20.6157 11.7167 53.48
107.489 133.105 0.310646 0.46887 0.00351667 0.0731547 2.57035 10
6 20.7371 11.9588 55.765
104.961 126.12 0.336034 0.40208 0.065735 0.139726 2.76351 10
7 20.7371 12.9835 50.4707
104.961 126.12 0.336034 0.40208 0.065735 0.139726 2.76351 10
8 20.7371 11.1498 46.936
104.961 126.12 0.336034 0.40208 0.065735 0.139726 2.76351 10
9 20.7371 12.0317 43.1409
104.961 126.12 0.336034 0.40208 0.065735 0.139726 2.76351 10
10 20.782 12.804 48.2023
114.278 132.289 0.354201 0.436534 0.0538592 0 2.52134 9.6442
11 21.9512 13.1158 54.5712
105.613 130.132 0.346314 0.391819 0.00347836 0.00114232 2.5419 10
12 21.9512 13.1704 46.3229
105.613 130.132 0.346314 0.391819 0.00347836 0.00114232 2.5419 10
13 21.9512 14.0703 43.8629
105.613 130.132 0.346314 0.391819 0.00347836 0.00114232 2.5419 10
14 21.9512 14.1018 50.8917
105.613 130.132 0.346314 0.391819 0.00347836 0.00114232 2.5419 10
15 21.9512 14.4469 38.2898
105.613 130.132 0.346314 0.391819 0.00347836 0.00114232 2.5419 10
16 22.119 15.0761 46.5724
104.596 100 0.302696 0.528792 0 0 1.67887 8.55817
17 22.119 16.2773 34.9794
104.596 100 0.302696 0.528792 0 0 1.67887 8.55817
18 22.1844 16.3586 43.0677
107.166 100 0.325339 0.510094 0.0103477 0 1.41551 8.81386
19 22.1844 16.2022 29.4033
107.166 100 0.325339 0.510094 0.0103477 0 1.41551 8.81386
20 22.1844 16.622 24.0605
107.166 100 0.325339 0.510094 0.0103477 0 1.41551 8.81386
21 22.1844 16.5327 20.4278
107.166 100 0.325339 0.510094 0.0103477 0 1.41551 8.81386
22 22.1844 15.8359 28.9363
107.166 100 0.325339 0.510094 0.0103477 0 1.41551 8.81386
23 22.1844 16.4265 25.5953
107.166 100 0.325339 0.510094 0.0103477 0 1.41551 8.81386
24 22.3603 16.2533 30.3462
104.781 100 0.340231 0.448793 0 0 1.78659 9.21967
25 22.3603 14.2224 39.3088
104.781 100 0.340231 0.448793 0 0 1.78659 9.21967
26 22.3603 15.0246 41.1276
104.781 100 0.340231 0.448793 0 0 1.78659 9.21967
27 22.3603 15.4099 43.7111
104.781 100 0.340231 0.448793 0 0 1.78659 9.21967
28 22.3603 16.1147 38.0978
104.781 100 0.340231 0.448793 0 0 1.78659 9.21967
29 22.8646 16.8581 37.314
104.763 100.11 0.343548 0.45145 0 0 1.7938 9.21333
30 23.0968 17.5933 44.9839
100 100 0.386197 0.363839 0 0 0 9.876
31 23.0968 16.6861 56.808
100 100 0.386197 0.363839 0 0 0 9.876
32 23.0968 17.0442 46.8666
100 100 0.386197 0.363839 0 0 0 9.876
33 23.0968 16.2727 40.5657
100 100 0.386197 0.363839 0 0 0 9.876
34 23.1061 16.4914 40.4694
100.197 100 0.383334 0.364722 0 0.00293603 0 9.83684
35 23.1822 15.303 68.1275
100 100 0.37563 0.357686 0 0 0 9.85453
36 23.1822 15.7655 53.3978
100 100 0.37563 0.357686 0 0 0 9.85453
37 23.1822 17.0442 44.67
100 100 0.37563 0.357686 0 0 0 9.85453
38 23.1822 16.4004 46.2316
100 100 0.37563 0.357686 0 0 0 9.85453
39 23.1822 15.4421 58.4643
100 100 0.37563 0.357686 0 0 0 9.85453
40 23.1822 15.7326 48.4264
100 100 0.37563 0.357686 0 0 0 9.85453
41 23.1822 16.2757 53.7799
100 100 0.37563 0.357686 0 0 0 9.85453
42 23.1865 16.6011 48.1316
100.051 100 0.375498 0.35713 0.000837684 0 0.00179535 9.85325
43 23.29 17.1228 45.275
100.349 100.743 0.378681 0.348593 0 0 0 9.86024
44 23.29 15.5133 55.247
100.349 100.743 0.378681 0.348593 0 0 0 9.86024
45 23.29 16.2529 49.9928
100.349 100.743 0.378681 0.348593 0 0 0 9.86024
46 23.4316 15.7953 55.6691
100.972 101.042 0.372292 0.339432 0.0197437 0 0 9.84303
47 23.4316 17.4038 43.7221
100.972 101.042 0.372292 0.339432 0.0197437 0 0 9.84303
48 23.4316 17.2606 43.6408
100.972 101.042 0.372292 0.339432 0.0197437 0 0 9.84303
49 23.4316 17.4526 40.6714
100.972 101.042 0.372292 0.339432 0.0197437 0 0 9.84303
50 23.4559 18.9294 20.986
101.003 101.123 0.372685 0.338697 0.0202908 0 0 9.84951
51 23.4559 18.6453 30.2643
101.003 101.123 0.372685 0.338697 0.0202908 0 0 9.84951
52 23.4559 18.2105 38.2951
101.003 101.123 0.372685 0.338697 0.0202908 0 0 9.84951
53 23.4559 17.0905 35.6414
101.003 101.123 0.372685 0.338697 0.0202908 0 0 9.84951
54 23.4559 16.7303 41.9833
101.003 101.123 0.372685 0.338697 0.0202908 0 0 9.84951
55 23.4559 17.2468 47.5881
101.003 101.123 0.372685 0.338697 0.0202908 0 0 9.84951
56 23.4559 17.5624 42.5316
101.003 101.123 0.372685 0.338697 0.0202908 0 0 9.84951
57 23.4559 17.1591 43.5367
101.003 101.123 0.372685 0.338697 0.0202908 0 0 9.84951
58 23.4559 17.6075 37.0192
101.003 101.123 0.372685 0.338697 0.0202908 0 0 9.84951
59 24.7233 18.6886 29.9632
101.018 111.875 0.51347 0.316236 0 0 0.719062 9.16447
60 24.7233 19.4518 17.1093
101.018 111.875 0.51347 0.316236 0 0 0.719062 9.16447
61 24.7233 18.866 26.8692
101.018 111.875 0.51347 0.316236 0 0 0.719062 9.16447
62 24.7233 19.2177 22.2893
101.018 111.875 0.51347 0.316236 0 0 0.719062 9.16447
63 24.7233 17.5858 29.9656
101.018 111.875 0.51347 0.316236 0 0 0.719062 9.16447
64 24.7233 17.3396 31.4032
101.018 111.875 0.51347 0.316236 0 0 0.719062 9.16447
65 24.7233 16.7198 42.2321
101.018 111.875 0.51347 0.316236 0 0 0.719062 9.16447
66 24.7561 16.6783 41.3021
100 107.637 0.494252 0.335355 0.0041909 0 1.04392 8.91123
67 24.7561 16.4505 38.9475
100 107.637 0.494252 0.335355 0.0041909 0 1.04392 8.91123
68 24.7561 16.6971 48.0861
100 107.637 0.494252 0.335355 0.0041909 0 1.04392 8.91123
69 24.7562 16.4238 52.1939
100.057 107.601 0.493908 0.341683 0.00639638 0 1.01571 8.88876
70 24.7723 15.2641 55.7644
100 106.649 0.490119 0.340275 0 0 1.05597 9.03107
71 25.1917 15.9314 51.5109
102.281 100 0.522222 0.287292 0 0 1.85942 9.37961
72 25.1917 15.8268 47.2119
102.281 100 0.522222 0.287292 0 0 1.85942 9.37961
73 25.1917 16.1085 43.4305
102.281 100 0.522222 0.287292 0 0 1.85942 9.37961
74 25.1917 16.2308 52.5972
102.281 100 0.522222 0.287292 0 0 1.85942 9.37961
75 25.1917 15.9678 41.4382
102.281 100 0.522222 0.287292 0 0 1.85942 9.37961
76 25.1917 16.0382 50.5645
102.281 100 0.522222 0.287292 0 0 1.85942 9.37961
77 25.1917 14.0769 64.8481
102.281 100 0.522222 0.287292 0 0 1.85942 9.37961
78 25.1917 14.2883 58.5491
102.281 100 0.522222 0.287292 0 0 1.85942 9.37961
79 25.1917 13.8279 55.8398
102.281 100 0.522222 0.287292 0 0 1.85942 9.37961
80 25.1917 14.8285 62.7728
102.281 100 0.522222 0.287292 0 0 1.85942 9.37961
81 25.1917 14.7949 61.25
102.281 100 0.522222 0.287292 0 0 1.85942 9.37961
82 25.1917 15.1851 60.5284
102.281 100 0.522222 0.287292 0 0 1.85942 9.37961
83 25.1917 16.7333 54.178
102.281 100 0.522222 0.287292 0 0 1.85942 9.37961
84 25.1917 16.8702 46.9385
102.281 100 0.522222 0.287292 0 0 1.85942 9.37961
85 25.1917 15.5977 44.4799
102.281 100 0.522222 0.287292 0 0 1.85942 9.37961
86 25.1917 15.8782 52.0545
102.281 100 0.522222 0.287292 0 0 1.85942 9.37961
87 25.1917 16.0115 54.6796
102.281 100 0.522222 0.287292 0 0 1.85942 9.37961
88 25.1917 14.7247 49.7824
102.281 100 0.522222 0.287292 0 0 1.85942 9.37961
89 25.1917 15.4879 56.6615
102.281 100 0.522222 0.287292 0 0 1.85942 9.37961
90 25.1917 14.0489 53.1275
102.281 100 0.522222 0.287292 0 0 1.85942 9.37961
91 25.1917 14.0826 65.3229
102.281 100 0.522222 0.287292 0 0 1.85942 9.37961
92 25.1917 15.2424 58.7518
102.281 100 0.522222 0.287292 0 0 1.85942 9.37961
93 25.1917 15.6147 62.7699
102.281 100 0.522222 0.287292 0 0 1.85942 9.37961
94 25.1917 15.4431 55.4471
102.281 100 0.522222 0.287292 0 0 1.85942 9.37961
95 25.1917 15.8732 49.4306
102.281 100 0.522222 0.287292 0 0 1.85942 9.37961
96 25.1917 15.0554 53.6123
102.281 100 0.522222 0.287292 0 0 1.85942 9.37961
97 25.1917 15.6125 45.0879
102.281 100 0.522222 0.287292 0 0 1.85942 9.37961
98 25.1917 14.9008 46.4698
102.281 100 0.522222 0.287292 0 0 1.85942 9.37961
99 25.1917 14.4978 63.12
102.281 100 0.522222 0.287292 0 0 1.85942 9.37961
100 25.1917 15.3222 63.6002
102.281 100 0.522222 0.287292 0 0 1.85942 9.37961
