0 25.921 4.26422 73.2298
175.098 117.485 0.0766794 0.300243 0.681613 0.0205312 2.18091 4.84875
1 25.9332 6.80858 113.722
176.172 117.031 0.0516664 0.287402 0.685669 0.0262794 2.20504 5.04399
2 26.2757 9.48448 138.582
145.109 151.447 0.129932 0.358414 0.0743008 0.155772 8.57033 5.0345
3 26.3075 11.1853 143.523
148.469 146.944 0.13108 0.321294 0 0.155498 7.42929 4.68723
4 26.3075 13.2181 162.717
148.469 146.944 0.13108 0.321294 0 0.155498 7.42929 4.68723
5 26.7417 15.0499 161.302
146.883 155.402 0.117643 0.260143 0 0.144554 8.19748 4.85942
6 26.7417 17.1585 154.064
146.883 155.402 0.117643 0.260143 0 0.144554 8.19748 4.85942
7 26.8438 17.151 137.671
145.686 156.952 0.130977 0.259654 0.0954377 0.240181 6.69899 5.67296
8 27.5763 17.885 142.458
140.304 138.329 0.0940814 0.308644 0.159647 0.0169578 8.62978 4.76012
9 27.5763 18.4827 121.978
140.304 138.329 0.0940814 0.308644 0.159647 0.0169578 8.62978 4.76012
10 27.5763 20.0706 106.495
140.304 138.329 0.0940814 0.308644 0.159647 0.0169578 8.62978 4.76012
11 27.6615 20.4926 94.2426
131.526 118.844 0.0422005 0.273065 0.240144 0.0406423 10 3.92438
12 27.6615 21.4392 71.2376
131.526 118.844 0.0422005 0.273065 0.240144 0.0406423 10 3.92438
13 27.6615 22.5457 54.771
131.526 118.844 0.0422005 0.273065 0.240144 0.0406423 10 3.92438
14 27.6615 21.8321 72.5001
131.526 118.844 0.0422005 0.273065 0.240144 0.0406423 10 3.92438
15 27.6615 20.6513 92.4256
131.526 118.844 0.0422005 0.273065 0.240144 0.0406423 10 3.92438
16 27.6615 20.3109 90.4609
131.526 118.844 0.0422005 0.273065 0.240144 0.0406423 10 3.92438
17 27.6615 24.018 53.8755
131.526 118.844 0.0422005 0.273065 0.240144 0.0406423 10 3.92438
18 27.7131 23.1925 49.0041
132.067 117.081 0.0444392 0.266174 0.232587 0.0427797 10 4.04734
19 27.7131 23.1596 58.4852
132.067 117.081 0.0444392 0.266174 0.232587 0.0427797 10 4.04734
20 27.7444 23.9004 39.5659
136.098 119.915 0.0216302 0.30289 0.24687 0 8.61006 4.16175
21 27.7444 22.6032 69.1856
136.098 119.915 0.0216302 0.30289 0.24687 0 8.61006 4.16175
22 27.7444 21.3628 67.4572
136.098 119.915 0.0216302 0.30289 0.24687 0 8.61006 4.16175
23 27.7444 22.0588 68.0679
136.098 119.915 0.0216302 0.30289 0.24687 0 8.61006 4.16175
24 27.8119 23.4402 39.0375
140.118 110.222 0.0240577 0.280556 0.278777 0.0584706 9.79434 4.57777
25 27.8597 22.549 51.8088
136.303 110.999 0.0258152 0.279308 0.2702 0.037952 9.71867 4.52812
26 27.8597 22.5686 42.3538
136.303 110.999 0.0258152 0.279308 0.2702 0.037952 9.71867 4.52812
27 27.898 24.8226 21.5422
143.741 115.432 0.230236 0.320199 0.0276056 0 9.627 5.12139
28 28.2682 24.6354 32.0223
142.902 114.917 0.223417 0.331308 0.0211833 0.00134426 9.56594 5.10249
29 28.2682 24.8734 30.6003
142.902 114.917 0.223417 0.331308 0.0211833 0.00134426 9.56594 5.10249
30 28.2682 25.5686 16.7644
142.902 114.917 0.223417 0.331308 0.0211833 0.00134426 9.56594 5.10249
31 28.2682 24.8269 31.0583
142.902 114.917 0.223417 0.331308 0.0211833 0.00134426 9.56594 5.10249
32 28.2682 24.0197 44.1207
142.902 114.917 0.223417 0.331308 0.0211833 0.00134426 9.56594 5.10249
33 28.2682 25.8572 17.2043
142.902 114.917 0.223417 0.331308 0.0211833 0.00134426 9.56594 5.10249
34 28.2682 26.4438 1.30095
142.902 114.917 0.223417 0.331308 0.0211833 0.00134426 9.56594 5.10249
35 28.2682 25.7023 16.869
142.902 114.917 0.223417 0.331308 0.0211833 0.00134426 9.56594 5.10249
36 28.3859 26.6621 0.791992
142.23 113.673 0.228811 0.325415 0.0190119 0.0115772 9.50634 5.13601
37 28.3859 23.7765 54.4607
142.23 113.673 0.228811 0.325415 0.0190119 0.0115772 9.50634 5.13601
38 28.4162 25.3946 29.4691
142.863 114.034 0.227083 0.329539 0.0142457 0 9.34202 5.16908
39 28.4162 25.4009 27.0028
142.863 114.034 0.227083 0.329539 0.0142457 0 9.34202 5.16908
40 28.4162 24.5961 29.7833
142.863 114.034 0.227083 0.329539 0.0142457 0 9.34202 5.16908
41 28.4162 23.9762 49.9671
142.863 114.034 0.227083 0.329539 0.0142457 0 9.34202 5.16908
42 28.4162 24.4773 42.1328
142.863 114.034 0.227083 0.329539 0.0142457 0 9.34202 5.16908
43 28.4162 25.0611 20.3529
142.863 114.034 0.227083 0.329539 0.0142457 0 9.34202 5.16908
44 28.4162 25.4283 15.2603
142.863 114.034 0.227083 0.329539 0.0142457 0 9.34202 5.16908
45 28.4162 24.5968 18.9056
142.863 114.034 0.227083 0.329539 0.0142457 0 9.34202 5.16908
46 28.4162 24.1963 47.1151
142.863 114.034 0.227083 0.329539 0.0142457 0 9.34202 5.16908
47 28.4162 24.0892 44.3744
142.863 114.034 0.227083 0.329539 0.0142457 0 9.34202 5.16908
48 28.4162 23.0186 80.5469
142.863 114.034 0.227083 0.329539 0.0142457 0 9.34202 5.16908
49 28.4162 25.0243 32.0572
142.863 114.034 0.227083 0.329539 0.0142457 0 9.34202 5.16908
50 28.4162 24.9025 29.5796
142.863 114.034 0.227083 0.329539 0.0142457 0 9.34202 5.16908
51 28.557 24.9323 35.5323
141.797 112.177 0.229711 0.322646 0.0123019 0.0129268 9.40941 5.21141
52 28.557 25.7013 5.5257
141.797 112.177 0.229711 0.322646 0.0123019 0.0129268 9.40941 5.21141
53 28.557 25.6989 5.65831
141.797 112.177 0.229711 0.322646 0.0123019 0.0129268 9.40941 5.21141
54 28.557 26.3048 1.64288
141.797 112.177 0.229711 0.322646 0.0123019 0.0129268 9.40941 5.21141
55 28.557 26.4359 0.684387
141.797 112.177 0.229711 0.322646 0.0123019 0.0129268 9.40941 5.21141
56 28.557 25.7111 17.3216
141.797 112.177 0.229711 0.322646 0.0123019 0.0129268 9.40941 5.21141
57 28.557 23.8967 38.8058
141.797 112.177 0.229711 0.322646 0.0123019 0.0129268 9.40941 5.21141
58 28.557 23.8623 55.1689
141.797 112.177 0.229711 0.322646 0.0123019 0.0129268 9.40941 5.21141
59 28.557 24.3713 31.702
141.797 112.177 0.229711 0.322646 0.0123019 0.0129268 9.40941 5.21141
60 28.557 24.5788 32.7519
141.797 112.177 0.229711 0.322646 0.0123019 0.0129268 9.40941 5.21141
61 28.557 25.8606 5.56435
141.797 112.177 0.229711 0.322646 0.0123019 0.0129268 9.40941 5.21141
62 28.557 24.8987 34.9294
141.797 112.177 0.229711 0.322646 0.0123019 0.0129268 9.40941 5.21141
63 28.557 24.5154 39.1971
141.797 112.177 0.229711 0.322646 0.0123019 0.0129268 9.40941 5.21141
64 28.6079 25.0322 36.485
141.751 112.219 0.229854 0.320978 0.0106606 0.0128322 9.40255 5.21952
65 28.7115 24.1095 49.258
145.352 111.244 0.229017 0.323587 0 0.0181952 9.74726 5.27535
66 28.7115 23.6807 60.0828
145.352 111.244 0.229017 0.323587 0 0.0181952 9.74726 5.27535
67 28.7115 23.3774 51.0325
145.352 111.244 0.229017 0.323587 0 0.0181952 9.74726 5.27535
68 28.7115 24.8659 36.5471
145.352 111.244 0.229017 0.323587 0 0.0181952 9.74726 5.27535
69 28.7115 24.909 37.2648
145.352 111.244 0.229017 0.323587 0 0.0181952 9.74726 5.27535
70 28.7115 24.4481 38.2778
145.352 111.244 0.229017 0.323587 0 0.0181952 9.74726 5.27535
71 28.7115 24.1011 39.348
145.352 111.244 0.229017 0.323587 0 0.0181952 9.74726 5.27535
72 28.7115 24.3734 38.8041
145.352 111.244 0.229017 0.323587 0 0.0181952 9.74726 5.27535
73 28.7115 24.6337 37.8227
145.352 111.244 0.229017 0.323587 0 0.0181952 9.74726 5.27535
74 28.7115 24.0609 48.7096
145.352 111.244 0.229017 0.323587 0 0.0181952 9.74726 5.27535
75 28.7115 23.8526 65.4683
145.352 111.244 0.229017 0.323587 0 0.0181952 9.74726 5.27535
76 28.7115 23.5987 68.7701
145.352 111.244 0.229017 0.323587 0 0.0181952 9.74726 5.27535
77 28.7115 23.5274 70.3669
145.352 111.244 0.229017 0.323587 0 0.0181952 9.74726 5.27535
78 28.7115 22.8623 83.4703
145.352 111.244 0.229017 0.323587 0 0.0181952 9.74726 5.27535
79 28.7115 23.7283 67.4224
145.352 111.244 0.229017 0.323587 0 0.0181952 9.74726 5.27535
80 28.7115 23.4627 66.7501
145.352 111.244 0.229017 0.323587 0 0.0181952 9.74726 5.27535
81 28.7115 22.5609 77.5854
145.352 111.244 0.229017 0.323587 0 0.0181952 9.74726 5.27535
82 28.7115 22.946 78.2555
145.352 111.244 0.229017 0.323587 0 0.0181952 9.74726 5.27535
83 28.7115 24.0967 57.4895
145.352 111.244 0.229017 0.323587 0 0.0181952 9.74726 5.27535
84 28.7115 24.1519 57.4114
145.352 111.244 0.229017 0.323587 0 0.0181952 9.74726 5.27535
85 28.7115 25.5088 25.6868
145.352 111.244 0.229017 0.323587 0 0.0181952 9.74726 5.27535
86 28.7115 25.3923 25.5229
145.352 111.244 0.229017 0.323587 0 0.0181952 9.74726 5.27535
87 28.7115 25.4051 25.8309
145.352 111.244 0.229017 0.323587 0 0.0181952 9.74726 5.27535
88 28.7115 25.3493 26.0569
145.352 111.244 0.229017 0.323587 0 0.0181952 9.74726 5.27535
89 28.7115 25.1785 25.3472
145.352 111.244 0.229017 0.323587 0 0.0181952 9.74726 5.27535
90 28.7371 25.5798 26.3798
144.569 109.925 0.225737 0.313674 0 0.00976478 9.73425 5.19509
91 28.7371 24.4574 41.7594
144.569 109.925 0.225737 0.313674 0 0.00976478 9.73425 5.19509
92 28.7371 24.7772 33.4378
144.569 109.925 0.225737 0.313674 0 0.00976478 9.73425 5.19509
93 28.7371 23.8888 41.8207
144.569 109.925 0.225737 0.313674 0 0.00976478 9.73425 5.19509
94 28.7371 24.1573 46.8413
144.569 109.925 0.225737 0.313674 0 0.00976478 9.73425 5.19509
95 28.7371 24.7468 29.5259
144.569 109.925 0.225737 0.313674 0 0.00976478 9.73425 5.19509
96 28.7371 23.5054 58.436
144.569 109.925 0.225737 0.313674 0 0.00976478 9.73425 5.19509
97 28.8796 24.091 57.5049
144.665 110.018 0.227063 0.313672 0 0.0138387 9.73095 5.16024
98 28.9035 23.205 66.5306
143.9 109.121 0.229717 0.314065 0.00180094 0.0151073 9.74606 5.06695
99 28.9035 24.0616 57.3282
143.9 109.121 0.229717 0.314065 0.00180094 0.0151073 9.74606 5.06695
100 28.9035 24.1838 46.1046
143.9 109.121 0.229717 0.314065 0.00180094 0.0151073 9.74606 5.06695
