0 5.80602 0.519811 1.42496
143.588 115.346 0.552116 0.102105 0.57884 0.0868136 2.32281 4.06496
1 5.80602 0.813096 2.12333
143.588 115.346 0.552116 0.102105 0.57884 0.0868136 2.32281 4.06496
2 7.37554 1.33843 4.44776
118.263 200 0.412381 0.310622 0 0 8.72679 8.44887
3 7.37554 1.56531 4.90492
118.263 200 0.412381 0.310622 0 0 8.72679 8.44887
4 7.37554 1.8402 5.21379
118.263 200 0.412381 0.310622 0 0 8.72679 8.44887
5 7.37554 2.51822 7.07496
118.263 200 0.412381 0.310622 0 0 8.72679 8.44887
6 7.37554 2.96631 7.38941
118.263 200 0.412381 0.310622 0 0 8.72679 8.44887
7 7.37554 3.42698 7.27426
118.263 200 0.412381 0.310622 0 0 8.72679 8.44887
8 8.39984 3.72391 7.6475
117.15 200 0.457485 0.262969 0.0827103 0.00358686 10 7.16347
9 8.39984 4.46714 9.26071
117.15 200 0.457485 0.262969 0.0827103 0.00358686 10 7.16347
10 8.39984 4.27988 8.82919
117.15 200 0.457485 0.262969 0.0827103 0.00358686 10 7.16347
11 8.40569 4.35854 8.80477
115.785 196.852 0.449256 0.269938 0.0866699 0 9.67157 6.92024
12 8.40569 4.44602 9.06076
115.785 196.852 0.449256 0.269938 0.0866699 0 9.67157 6.92024
13 8.40569 3.89267 8.31404
115.785 196.852 0.449256 0.269938 0.0866699 0 9.67157 6.92024
14 8.40569 4.29456 8.50643
115.785 196.852 0.449256 0.269938 0.0866699 0 9.67157 6.92024
15 8.42669 5.14454 7.90127
117.204 200 0.449653 0.253378 0.0871824 0.00227122 9.75468 7.37222
16 9.3793 4.85585 10.2524
104.247 200 0.466435 0.219287 0 0.0919879 10 5.28306
17 9.3793 4.39166 11.1832
104.247 200 0.466435 0.219287 0 0.0919879 10 5.28306
18 9.38794 4.45362 12.2125
100 193.316 0.472839 0.235594 0.000937643 0.0185781 9.62171 9.51013
19 9.38794 4.48778 11.0519
100 193.316 0.472839 0.235594 0.000937643 0.0185781 9.62171 9.51013
20 9.38794 4.41513 12.7957
100 193.316 0.472839 0.235594 0.000937643 0.0185781 9.62171 9.51013
21 9.38794 4.63532 12.9854
100 193.316 0.472839 0.235594 0.000937643 0.0185781 9.62171 9.51013
22 9.38794 4.71269 13.0806
100 193.316 0.472839 0.235594 0.000937643 0.0185781 9.62171 9.51013
23 9.38794 4.99817 12.3266
100 193.316 0.472839 0.235594 0.000937643 0.0185781 9.62171 9.51013
24 9.38794 5.26136 12.4188
100 193.316 0.472839 0.235594 0.000937643 0.0185781 9.62171 9.51013
25 9.38794 4.59337 13.619
100 193.316 0.472839 0.235594 0.000937643 0.0185781 9.62171 9.51013
26 9.43293 5.25458 15.146
100 197.576 0.44261 0.204301 0 0.0772646 10 5.00169
27 9.43293 4.82335 14.5348
100 197.576 0.44261 0.204301 0 0.0772646 10 5.00169
28 9.43293 5.02898 12.3596
100 197.576 0.44261 0.204301 0 0.0772646 10 5.00169
29 9.43293 4.96549 12.6356
100 197.576 0.44261 0.204301 0 0.0772646 10 5.00169
30 9.43293 4.81744 12.5255
100 197.576 0.44261 0.204301 0 0.0772646 10 5.00169
31 9.43293 5.19942 12.6003
100 197.576 0.44261 0.204301 0 0.0772646 10 5.00169
32 9.43293 5.20225 13.2642
100 197.576 0.44261 0.204301 0 0.0772646 10 5.00169
33 9.84848 5.24875 12.8189
100 188.813 0.50498 0.247793 0 0.037473 10 6.06505
34 9.84848 5.16555 12.0258
100 188.813 0.50498 0.247793 0 0.037473 10 6.06505
35 9.84848 5.12185 12.1787
100 188.813 0.50498 0.247793 0 0.037473 10 6.06505
36 9.84848 5.41404 12.7327
100 188.813 0.50498 0.247793 0 0.037473 10 6.06505
37 9.84848 5.6245 11.9534
100 188.813 0.50498 0.247793 0 0.037473 10 6.06505
38 9.84848 5.85547 11.0684
100 188.813 0.50498 0.247793 0 0.037473 10 6.06505
39 9.84848 5.73086 9.73315
100 188.813 0.50498 0.247793 0 0.037473 10 6.06505
40 9.84848 5.80051 9.36327
100 188.813 0.50498 0.247793 0 0.037473 10 6.06505
41 9.84848 5.10396 11.9995
100 188.813 0.50498 0.247793 0 0.037473 10 6.06505
42 9.84848 4.99101 12.1732
100 188.813 0.50498 0.247793 0 0.037473 10 6.06505
43 9.85053 5.112 12.9761
100 187.819 0.504082 0.260658 0 0.0264807 9.99044 6.23249
44 9.85053 5.89476 9.94838
100 187.819 0.504082 0.260658 0 0.0264807 9.99044 6.23249
45 9.85053 4.84383 13.0998
100 187.819 0.504082 0.260658 0 0.0264807 9.99044 6.23249
46 9.85053 5.18559 12.4798
100 187.819 0.504082 0.260658 0 0.0264807 9.99044 6.23249
47 9.85053 4.54659 13.5316
100 187.819 0.504082 0.260658 0 0.0264807 9.99044 6.23249
48 9.85561 4.62058 16.1994
100 192.786 0.492226 0.245017 0 0.0687992 10 6.67307
49 9.85561 5.02516 14.3905
100 192.786 0.492226 0.245017 0 0.0687992 10 6.67307
50 9.85561 4.55861 14.135
100 192.786 0.492226 0.245017 0 0.0687992 10 6.67307
51 9.85561 5.16948 13.9029
100 192.786 0.492226 0.245017 0 0.0687992 10 6.67307
52 9.85561 5.20592 14.4327
100 192.786 0.492226 0.245017 0 0.0687992 10 6.67307
53 9.85561 4.96812 12.7198
100 192.786 0.492226 0.245017 0 0.0687992 10 6.67307
54 9.85904 5.15533 15.8855
100.072 193.009 0.490666 0.244434 0 0.0688556 10 6.73024
55 9.85904 4.99431 13.7085
100.072 193.009 0.490666 0.244434 0 0.0688556 10 6.73024
56 9.85904 4.82238 13.7243
100.072 193.009 0.490666 0.244434 0 0.0688556 10 6.73024
57 9.85904 4.37233 12.4054
100.072 193.009 0.490666 0.244434 0 0.0688556 10 6.73024
58 9.85904 4.98409 13.8471
100.072 193.009 0.490666 0.244434 0 0.0688556 10 6.73024
59 9.85904 5.41087 12.2006
100.072 193.009 0.490666 0.244434 0 0.0688556 10 6.73024
60 9.85904 5.1512 13.566
100.072 193.009 0.490666 0.244434 0 0.0688556 10 6.73024
61 9.85904 5.33054 11.9843
100.072 193.009 0.490666 0.244434 0 0.0688556 10 6.73024
62 9.85904 5.04314 13.0588
100.072 193.009 0.490666 0.244434 0 0.0688556 10 6.73024
63 9.85904 4.95163 12.8752
100.072 193.009 0.490666 0.244434 0 0.0688556 10 6.73024
64 9.85904 4.58041 12.853
100.072 193.009 0.490666 0.244434 0 0.0688556 10 6.73024
65 9.85904 4.89606 11.7894
100.072 193.009 0.490666 0.244434 0 0.0688556 10 6.73024
66 9.85904 4.98735 13.1566
100.072 193.009 0.490666 0.244434 0 0.0688556 10 6.73024
67 9.85904 5.31603 12.9964
100.072 193.009 0.490666 0.244434 0 0.0688556 10 6.73024
68 9.85904 4.73825 13.272
100.072 193.009 0.490666 0.244434 0 0.0688556 10 6.73024
69 9.85904 5.18353 13.1982
100.072 193.009 0.490666 0.244434 0 0.0688556 10 6.73024
70 9.85904 5.42791 12.7644
100.072 193.009 0.490666 0.244434 0 0.0688556 10 6.73024
71 9.85904 5.11042 16.0708
100.072 193.009 0.490666 0.244434 0 0.0688556 10 6.73024
72 9.85904 5.7313 14.9372
100.072 193.009 0.490666 0.244434 0 0.0688556 10 6.73024
73 9.85904 4.36199 10.501
100.072 193.009 0.490666 0.244434 0 0.0688556 10 6.73024
74 9.85904 4.51728 11.6159
100.072 193.009 0.490666 0.244434 0 0.0688556 10 6.73024
75 9.85904 4.1453 11.7199
100.072 193.009 0.490666 0.244434 0 0.0688556 10 6.73024
76 9.85904 4.76422 15.5926
100.072 193.009 0.490666 0.244434 0 0.0688556 10 6.73024
77 9.85904 4.93102 15.3966
100.072 193.009 0.490666 0.244434 0 0.0688556 10 6.73024
78 9.85904 4.98598 13.9396
100.072 193.009 0.490666 0.244434 0 0.0688556 10 6.73024
79 9.85904 5.17869 13.4691
100.072 193.009 0.490666 0.244434 0 0.0688556 10 6.73024
80 9.85904 5.51869 13.4763
100.072 193.009 0.490666 0.244434 0 0.0688556 10 6.73024
81 9.85904 4.3691 13.3249
100.072 193.009 0.490666 0.244434 0 0.0688556 10 6.73024
82 9.85904 4.50007 15.5323
100.072 193.009 0.490666 0.244434 0 0.0688556 10 6.73024
83 9.85904 4.26744 15.6065
100.072 193.009 0.490666 0.244434 0 0.0688556 10 6.73024
84 9.85904 4.63143 12.3106
100.072 193.009 0.490666 0.244434 0 0.0688556 10 6.73024
85 9.85904 5.09202 13.4171
100.072 193.009 0.490666 0.244434 0 0.0688556 10 6.73024
86 9.85904 3.97773 13.0726
100.072 193.009 0.490666 0.244434 0 0.0688556 10 6.73024
87 9.85904 4.17932 14.0348
100.072 193.009 0.490666 0.244434 0 0.0688556 10 6.73024
88 9.85904 5.37665 14.2263
100.072 193.009 0.490666 0.244434 0 0.0688556 10 6.73024
89 9.85904 5.02731 15.1458
100.072 193.009 0.490666 0.244434 0 0.0688556 10 6.73024
90 9.85904 5.29769 13.7613
100.072 193.009 0.490666 0.244434 0 0.0688556 10 6.73024
91 9.85904 5.33971 10.9055
100.072 193.009 0.490666 0.244434 0 0.0688556 10 6.73024
92 9.85904 5.20671 15.0373
100.072 193.009 0.490666 0.244434 0 0.0688556 10 6.73024
93 9.85904 4.58103 13.6022
100.072 193.009 0.490666 0.244434 0 0.0688556 10 6.73024
94 9.85904 4.55732 14.0389
100.072 193.009 0.490666 0.244434 0 0.0688556 10 6.73024
95 9.85904 4.98786 11.731
100.072 193.009 0.490666 0.244434 0 0.0688556 10 6.73024
96 9.85975 4.4678 12.2355
100 192.944 0.490343 0.245013 0 0.0699673 9.98555 6.68105
97 9.85975 5.03768 11.5196
100 192.944 0.490343 0.245013 0 0.0699673 9.98555 6.68105
98 9.86368 4.79724 12.8692
100.554 193.199 0.485351 0.238467 0.00955406 0.0702914 9.83136 6.66895
99 9.86368 4.49625 12.2911
100.554 193.199 0.485351 0.238467 0.00955406 0.0702914 9.83136 6.66895
100 9.86368 4.20869 12.783
100.554 193.199 0.485351 0.238467 0.00955406 0.0702914 9.83136 6.66895
