0 37.4711 7.05415 103.814
127.879 143.013 0.379814 0.216122 0.329735 0.202662 6.04852 4.16983
1 37.4711 9.75078 140.603
127.879 143.013 0.379814 0.216122 0.329735 0.202662 6.04852 4.16983
2 37.4711 12.2577 175.541
127.879 143.013 0.379814 0.216122 0.329735 0.202662 6.04852 4.16983
3 38.9715 15.1084 222.218
123.908 146.706 0.357558 0.0650319 0.356856 0.105532 5.62573 5.10959
4 42.3247 18.8717 262.158
137.877 143.992 0.365335 0.193656 0.184442 0.349015 6.88546 4.78428
5 46.3124 21.2627 282.853
100.322 148.978 0.197113 0.18066 0.309737 0.109819 6.31691 3.40829
6 46.3124 22.7991 266.455
100.322 148.978 0.197113 0.18066 0.309737 0.109819 6.31691 3.40829
7 46.3124 25.4345 271.252
100.322 148.978 0.197113 0.18066 0.309737 0.109819 6.31691 3.40829
8 46.6878 27.3976 302.59
182.047 120.527 0.271854 0.224828 0.085359 0.139914 0.0176218 5.98515
9 48.58 28.5666 299.883
100 147.488 0.217702 0.198329 0.332378 0.0945716 6.29747 3.65034
10 48.735 30.5988 284.061
180.43 124.815 0.265689 0.25754 0.117972 0.0757828 0.296032 6.73386
11 48.735 30.159 248.214
180.43 124.815 0.265689 0.25754 0.117972 0.0757828 0.296032 6.73386
12 48.735 28.2783 231.726
180.43 124.815 0.265689 0.25754 0.117972 0.0757828 0.296032 6.73386
13 48.735 30.4521 259.723
180.43 124.815 0.265689 0.25754 0.117972 0.0757828 0.296032 6.73386
14 48.735 29.9506 276.206
180.43 124.815 0.265689 0.25754 0.117972 0.0757828 0.296032 6.73386
15 54.6151 30.3341 296.619
108.988 163.52 0.292659 0.230757 0.160404 0.107107 7.16803 2.7748
16 54.6151 32.3956 267.227
108.988 163.52 0.292659 0.230757 0.160404 0.107107 7.16803 2.7748
17 54.6151 34.1389 282.429
108.988 163.52 0.292659 0.230757 0.160404 0.107107 7.16803 2.7748
18 54.6151 33.7811 240.17
108.988 163.52 0.292659 0.230757 0.160404 0.107107 7.16803 2.7748
19 54.9946 32.4602 273.806
104.633 162.893 0.343833 0.276127 0.0606049 0.100884 7.34341 3.01812
20 54.9946 34.1099 335.234
104.633 162.893 0.343833 0.276127 0.0606049 0.100884 7.34341 3.01812
21 54.9946 33.7684 292.364
104.633 162.893 0.343833 0.276127 0.0606049 0.100884 7.34341 3.01812
22 56.3021 36.69 272.423
105.567 161.965 0.346057 0.271246 0.0681016 0.0944391 7.2614 3.0834
23 57.7711 39.094 274.068
107.704 163.471 0.325629 0.251083 0.0968859 0.0733686 7.31196 3.24763
24 57.7711 38.7845 264.274
107.704 163.471 0.325629 0.251083 0.0968859 0.0733686 7.31196 3.24763
25 57.7711 39.4022 297.128
107.704 163.471 0.325629 0.251083 0.0968859 0.0733686 7.31196 3.24763
26 57.7711 38.4922 302.736
107.704 163.471 0.325629 0.251083 0.0968859 0.0733686 7.31196 3.24763
27 58.162 37.568 296.038
107.919 162.956 0.317452 0.253593 0.0947964 0.0675353 7.23265 3.32329
28 60.8747 41.7557 303.283
100 159.291 0.32375 0.260468 0 0.0443955 6.30428 2.46727
29 60.8747 42.0362 359.552
100 159.291 0.32375 0.260468 0 0.0443955 6.30428 2.46727
30 60.8747 44.7829 266.857
100 159.291 0.32375 0.260468 0 0.0443955 6.30428 2.46727
31 60.8747 45.825 216.733
100 159.291 0.32375 0.260468 0 0.0443955 6.30428 2.46727
32 60.8747 44.6902 216.097
100 159.291 0.32375 0.260468 0 0.0443955 6.30428 2.46727
33 60.8747 45.2076 222.429
100 159.291 0.32375 0.260468 0 0.0443955 6.30428 2.46727
34 60.8747 44.643 198.151
100 159.291 0.32375 0.260468 0 0.0443955 6.30428 2.46727
35 60.8747 44.7041 203.794
100 159.291 0.32375 0.260468 0 0.0443955 6.30428 2.46727
36 61.4581 42.4714 282.745
100 159.608 0.328427 0.261621 0.00172753 0.0544517 5.73989 2.40931
37 61.4581 41.5134 331.411
100 159.608 0.328427 0.261621 0.00172753 0.0544517 5.73989 2.40931
38 63.1365 43.7153 315.833
106.123 147.56 0.330667 0.32106 0 0 8.1349 2.3605
39 63.1365 40.9235 321.058
106.123 147.56 0.330667 0.32106 0 0 8.1349 2.3605
40 63.1365 40.5146 291.786
106.123 147.56 0.330667 0.32106 0 0 8.1349 2.3605
41 63.1365 42.7689 232.055
106.123 147.56 0.330667 0.32106 0 0 8.1349 2.3605
42 63.1365 42.628 226.059
106.123 147.56 0.330667 0.32106 0 0 8.1349 2.3605
43 63.1365 42.4801 258.591
106.123 147.56 0.330667 0.32106 0 0 8.1349 2.3605
44 63.1365 46.8308 171.153
106.123 147.56 0.330667 0.32106 0 0 8.1349 2.3605
45 63.1365 44.0334 291.245
106.123 147.56 0.330667 0.32106 0 0 8.1349 2.3605
46 63.1365 41.7308 259.193
106.123 147.56 0.330667 0.32106 0 0 8.1349 2.3605
47 63.1602 39.5425 346.492
105.958 147.532 0.327009 0.318556 0.0151646 0 8.08896 2.32587
48 63.1602 41.4139 348.531
105.958 147.532 0.327009 0.318556 0.0151646 0 8.08896 2.32587
49 63.1602 40.4101 311.55
105.958 147.532 0.327009 0.318556 0.0151646 0 8.08896 2.32587
50 63.1602 39.3623 334.165
105.958 147.532 0.327009 0.318556 0.0151646 0 8.08896 2.32587
51 63.1602 38.7363 315.805
105.958 147.532 0.327009 0.318556 0.0151646 0 8.08896 2.32587
52 63.1766 38.4175 414.049
105.943 147.369 0.328593 0.318152 0.0150414 4.67937e-05 8.1089 2.31172
53 63.1766 38.9711 421.487
105.943 147.369 0.328593 0.318152 0.0150414 4.67937e-05 8.1089 2.31172
54 63.1766 37.3385 346.722
105.943 147.369 0.328593 0.318152 0.0150414 4.67937e-05 8.1089 2.31172
55 63.1766 39.3644 338.68
105.943 147.369 0.328593 0.318152 0.0150414 4.67937e-05 8.1089 2.31172
56 63.1766 37.8725 389.613
105.943 147.369 0.328593 0.318152 0.0150414 4.67937e-05 8.1089 2.31172
57 63.1766 37.5911 382.201
105.943 147.369 0.328593 0.318152 0.0150414 4.67937e-05 8.1089 2.31172
58 63.1766 39.8897 402.851
105.943 147.369 0.328593 0.318152 0.0150414 4.67937e-05 8.1089 2.31172
59 63.1766 40.1741 256.362
105.943 147.369 0.328593 0.318152 0.0150414 4.67937e-05 8.1089 2.31172
60 63.1766 42.6287 229.38
105.943 147.369 0.328593 0.318152 0.0150414 4.67937e-05 8.1089 2.31172
61 63.1766 41.3737 269.475
105.943 147.369 0.328593 0.318152 0.0150414 4.67937e-05 8.1089 2.31172
62 63.1766 40.5641 316.683
105.943 147.369 0.328593 0.318152 0.0150414 4.67937e-05 8.1089 2.31172
63 63.1766 41.7009 333.318
105.943 147.369 0.328593 0.318152 0.0150414 4.67937e-05 8.1089 2.31172
64 63.1766 42.8834 346.265
105.943 147.369 0.328593 0.318152 0.0150414 4.67937e-05 8.1089 2.31172
65 63.1766 41.056 260.764
105.943 147.369 0.328593 0.318152 0.0150414 4.67937e-05 8.1089 2.31172
66 63.1766 40.5473 349.865
105.943 147.369 0.328593 0.318152 0.0150414 4.67937e-05 8.1089 2.31172
67 63.1766 44.9201 307.402
105.943 147.369 0.328593 0.318152 0.0150414 4.67937e-05 8.1089 2.31172
68 63.1766 39.8314 359.725
105.943 147.369 0.328593 0.318152 0.0150414 4.67937e-05 8.1089 2.31172
69 63.1766 41.6596 347.342
105.943 147.369 0.328593 0.318152 0.0150414 4.67937e-05 8.1089 2.31172
70 63.1766 40.7904 344.337
105.943 147.369 0.328593 0.318152 0.0150414 4.67937e-05 8.1089 2.31172
71 63.1766 42.2112 325.646
105.943 147.369 0.328593 0.318152 0.0150414 4.67937e-05 8.1089 2.31172
72 63.1766 34.7398 403.633
105.943 147.369 0.328593 0.318152 0.0150414 4.67937e-05 8.1089 2.31172
73 63.1766 38.2458 407.744
105.943 147.369 0.328593 0.318152 0.0150414 4.67937e-05 8.1089 2.31172
74 63.1766 40.4521 344.784
105.943 147.369 0.328593 0.318152 0.0150414 4.67937e-05 8.1089 2.31172
75 63.1766 40.8718 329.018
105.943 147.369 0.328593 0.318152 0.0150414 4.67937e-05 8.1089 2.31172
76 63.1766 35.5514 355.166
105.943 147.369 0.328593 0.318152 0.0150414 4.67937e-05 8.1089 2.31172
77 63.1766 35.5635 348.017
105.943 147.369 0.328593 0.318152 0.0150414 4.67937e-05 8.1089 2.31172
78 63.1766 36.6373 390.866
105.943 147.369 0.328593 0.318152 0.0150414 4.67937e-05 8.1089 2.31172
79 63.1766 39.332 433.913
105.943 147.369 0.328593 0.318152 0.0150414 4.67937e-05 8.1089 2.31172
80 63.1766 40.9028 407.508
105.943 147.369 0.328593 0.318152 0.0150414 4.67937e-05 8.1089 2.31172
81 63.1766 37.5647 402.689
105.943 147.369 0.328593 0.318152 0.0150414 4.67937e-05 8.1089 2.31172
82 63.1879 39.8913 422.164
105.852 147.369 0.326892 0.312326 0.0157236 0.00182637 8.08292 2.33288
83 63.1879 44.0521 368.623
105.852 147.369 0.326892 0.312326 0.0157236 0.00182637 8.08292 2.33288
84 63.1879 47.0337 296.929
105.852 147.369 0.326892 0.312326 0.0157236 0.00182637 8.08292 2.33288
85 63.1879 39.7848 375.609
105.852 147.369 0.326892 0.312326 0.0157236 0.00182637 8.08292 2.33288
86 63.1879 43.3792 305.931
105.852 147.369 0.326892 0.312326 0.0157236 0.00182637 8.08292 2.33288
87 63.1879 43.1231 278.617
105.852 147.369 0.326892 0.312326 0.0157236 0.00182637 8.08292 2.33288
88 63.1879 41.5155 289.042
105.852 147.369 0.326892 0.312326 0.0157236 0.00182637 8.08292 2.33288
89 63.1879 40.8513 349.13
105.852 147.369 0.326892 0.312326 0.0157236 0.00182637 8.08292 2.33288
90 63.1879 38.2973 280.415
105.852 147.369 0.326892 0.312326 0.0157236 0.00182637 8.08292 2.33288
91 63.1879 41.6633 327.437
105.852 147.369 0.326892 0.312326 0.0157236 0.00182637 8.08292 2.33288
92 63.2174 38.3907 427.189
106.014 147.785 0.3278 0.312215 0.0074754 0 8.10989 2.31006
93 63.2174 39.2476 459.798
106.014 147.785 0.3278 0.312215 0.0074754 0 8.10989 2.31006
94 63.2174 40.5611 432.931
106.014 147.785 0.3278 0.312215 0.0074754 0 8.10989 2.31006
95 63.2174 39.9841 446.298
106.014 147.785 0.3278 0.312215 0.0074754 0 8.10989 2.31006
96 63.2174 40.1677 390.981
106.014 147.785 0.3278 0.312215 0.0074754 0 8.10989 2.31006
97 63.2174 36.5152 444.139
106.014 147.785 0.3278 0.312215 0.0074754 0 8.10989 2.31006
98 63.2174 39.4517 409.656
106.014 147.785 0.3278 0.312215 0.0074754 0 8.10989 2.31006
99 63.2174 39.1634 354.192
106.014 147.785 0.3278 0.312215 0.0074754 0 8.10989 2.31006
100 63.2174 36.6008 362.136
106.014 147.785 0.3278 0.312215 0.0074754 0 8.10989 2.31006
