0 12.1601 3.93833 12.8765
170.736 128.011 0.33143 0.19862 0.70427 0.0674611 6.48258 1.35159
1 12.1601 4.72841 15.8652
170.736 128.011 0.33143 0.19862 0.70427 0.0674611 6.48258 1.35159
2 15.402 6.05906 20.852
200 110.599 0.607039 0.0540681 0 0.215302 8.24109 1.83116
3 15.402 6.9269 23.6002
200 110.599 0.607039 0.0540681 0 0.215302 8.24109 1.83116
4 15.9255 7.29826 25.4433
198.898 109.197 0.565152 0.0634469 0.013385 0.21107 8.30887 1.75508
5 15.9255 7.88076 25.888
198.898 109.197 0.565152 0.0634469 0.013385 0.21107 8.30887 1.75508
6 15.9255 8.16771 26.7806
198.898 109.197 0.565152 0.0634469 0.013385 0.21107 8.30887 1.75508
7 19.4942 9.05132 32.8202
195.576 107.793 0.577225 0.0982637 0 0.140402 8.00353 2.25712
8 19.4942 9.56048 31.8313
195.576 107.793 0.577225 0.0982637 0 0.140402 8.00353 2.25712
9 19.4942 8.91309 33.8803
195.576 107.793 0.577225 0.0982637 0 0.140402 8.00353 2.25712
10 19.4951 9.42968 37.2536
195.577 107.73 0.577132 0.0980051 0.00107259 0.139741 8.01529 2.25385
11 19.4961 10.8168 35.537
195.279 107.77 0.574766 0.0974285 0 0.141508 8.08196 2.2825
12 19.4961 10.8611 41.2752
195.279 107.77 0.574766 0.0974285 0 0.141508 8.08196 2.2825
13 19.4961 11.2959 40.4707
195.279 107.77 0.574766 0.0974285 0 0.141508 8.08196 2.2825
14 19.4961 12.2892 28.3357
195.279 107.77 0.574766 0.0974285 0 0.141508 8.08196 2.2825
15 19.4961 10.8056 28.905
195.279 107.77 0.574766 0.0974285 0 0.141508 8.08196 2.2825
16 19.4961 11.4268 32.1992
195.279 107.77 0.574766 0.0974285 0 0.141508 8.08196 2.2825
17 19.4961 10.8745 33.5731
195.279 107.77 0.574766 0.0974285 0 0.141508 8.08196 2.2825
18 19.4961 10.8065 29.1155
195.279 107.77 0.574766 0.0974285 0 0.141508 8.08196 2.2825
19 19.4961 10.936 30.4053
195.279 107.77 0.574766 0.0974285 0 0.141508 8.08196 2.2825
20 19.4961 11.7698 31.3958
195.279 107.77 0.574766 0.0974285 0 0.141508 8.08196 2.2825
21 19.4961 11.1166 29.9728
195.279 107.77 0.574766 0.0974285 0 0.141508 8.08196 2.2825
22 19.4961 10.9761 34.1911
195.279 107.77 0.574766 0.0974285 0 0.141508 8.08196 2.2825
23 19.4961 11.3025 32.3879
195.279 107.77 0.574766 0.0974285 0 0.141508 8.08196 2.2825
24 19.4961 12.0615 36.8595
195.279 107.77 0.574766 0.0974285 0 0.141508 8.08196 2.2825
25 19.4961 12.3508 34.7808
195.279 107.77 0.574766 0.0974285 0 0.141508 8.08196 2.2825
26 19.4961 12.0059 40.574
195.279 107.77 0.574766 0.0974285 0 0.141508 8.08196 2.2825
27 19.4961 11.4308 34.8679
195.279 107.77 0.574766 0.0974285 0 0.141508 8.08196 2.2825
28 19.4961 11.7018 34.7421
195.279 107.77 0.574766 0.0974285 0 0.141508 8.08196 2.2825
29 19.4961 11.2701 31.4538
195.279 107.77 0.574766 0.0974285 0 0.141508 8.08196 2.2825
30 19.4961 11.0135 30.0477
195.279 107.77 0.574766 0.0974285 0 0.141508 8.08196 2.2825
31 19.4992 12.3578 25.5897
177.363 115.769 0.582189 0.147988 0.0202275 0.00466679 7.00086 3.19066
32 19.4992 12.6046 31.2767
177.363 115.769 0.582189 0.147988 0.0202275 0.00466679 7.00086 3.19066
33 19.4992 13.2939 27.0762
177.363 115.769 0.582189 0.147988 0.0202275 0.00466679 7.00086 3.19066
34 20.0043 12.2436 34.645
168.624 106.744 0.522907 0.196972 0.0397779 0 8.14744 2.34391
35 20.0043 12.3292 31.9069
168.624 106.744 0.522907 0.196972 0.0397779 0 8.14744 2.34391
36 20.4918 13.2423 30.763
174.99 108.454 0.54057 0.162359 0.0574832 0 7.99595 3.42398
37 20.5046 14.0471 29.6442
176.574 106.807 0.556016 0.14175 0.0546353 0.00163878 7.77106 1.72288
38 20.5046 13.0086 36.3294
176.574 106.807 0.556016 0.14175 0.0546353 0.00163878 7.77106 1.72288
39 20.5046 12.4683 42.8973
176.574 106.807 0.556016 0.14175 0.0546353 0.00163878 7.77106 1.72288
40 20.5046 13.7698 37.2663
176.574 106.807 0.556016 0.14175 0.0546353 0.00163878 7.77106 1.72288
41 20.5046 13.1111 39.4671
176.574 106.807 0.556016 0.14175 0.0546353 0.00163878 7.77106 1.72288
42 20.5046 13.7336 28.5212
176.574 106.807 0.556016 0.14175 0.0546353 0.00163878 7.77106 1.72288
43 20.5046 13.4031 27.5449
176.574 106.807 0.556016 0.14175 0.0546353 0.00163878 7.77106 1.72288
44 20.5046 14.0669 33.16
176.574 106.807 0.556016 0.14175 0.0546353 0.00163878 7.77106 1.72288
45 20.5046 13.3994 37.867
176.574 106.807 0.556016 0.14175 0.0546353 0.00163878 7.77106 1.72288
46 20.5046 14.793 34.0085
176.574 106.807 0.556016 0.14175 0.0546353 0.00163878 7.77106 1.72288
47 20.5046 13.4599 34.4333
176.574 106.807 0.556016 0.14175 0.0546353 0.00163878 7.77106 1.72288
48 20.5046 13.0119 32.8157
176.574 106.807 0.556016 0.14175 0.0546353 0.00163878 7.77106 1.72288
49 20.5046 13.2424 32.701
176.574 106.807 0.556016 0.14175 0.0546353 0.00163878 7.77106 1.72288
50 20.5046 12.921 31.3639
176.574 106.807 0.556016 0.14175 0.0546353 0.00163878 7.77106 1.72288
51 20.5046 12.9151 36.5858
176.574 106.807 0.556016 0.14175 0.0546353 0.00163878 7.77106 1.72288
52 20.5046 12.8925 31.6579
176.574 106.807 0.556016 0.14175 0.0546353 0.00163878 7.77106 1.72288
53 20.5046 13.615 34.8789
176.574 106.807 0.556016 0.14175 0.0546353 0.00163878 7.77106 1.72288
54 20.5046 13.2374 28.0115
176.574 106.807 0.556016 0.14175 0.0546353 0.00163878 7.77106 1.72288
55 20.5046 13.1705 22.8622
176.574 106.807 0.556016 0.14175 0.0546353 0.00163878 7.77106 1.72288
56 20.506 13.489 27.3735
176.017 110.517 0.550635 0.149704 0.0385626 0.00962951 7.90551 1.78531
57 20.5123 13.1729 34.6348
175.461 109.237 0.561945 0.145866 0 7.76321e-05 7.70404 1.77142
58 20.5123 13.213 43.3002
175.461 109.237 0.561945 0.145866 0 7.76321e-05 7.70404 1.77142
59 20.5123 13.8597 33.174
175.461 109.237 0.561945 0.145866 0 7.76321e-05 7.70404 1.77142
60 20.5123 13.5008 41.2797
175.461 109.237 0.561945 0.145866 0 7.76321e-05 7.70404 1.77142
61 20.5123 13.4343 37.9166
175.461 109.237 0.561945 0.145866 0 7.76321e-05 7.70404 1.77142
62 20.5123 14.3682 36.9487
175.461 109.237 0.561945 0.145866 0 7.76321e-05 7.70404 1.77142
63 20.5123 13.7518 37.4324
175.461 109.237 0.561945 0.145866 0 7.76321e-05 7.70404 1.77142
64 20.5123 13.8594 37.0771
175.461 109.237 0.561945 0.145866 0 7.76321e-05 7.70404 1.77142
65 20.5123 12.0817 48.2776
175.461 109.237 0.561945 0.145866 0 7.76321e-05 7.70404 1.77142
66 20.5127 12.9279 39.9704
175.61 109.018 0.562781 0.150589 0.000255188 0 7.73755 1.75451
67 20.516 13.1179 43.6899
170.883 103.18 0.561361 0.132694 0 0.027939 8.47842 2.76946
68 20.516 11.6492 38.8314
170.883 103.18 0.561361 0.132694 0 0.027939 8.47842 2.76946
69 20.516 12.0699 38.1077
170.883 103.18 0.561361 0.132694 0 0.027939 8.47842 2.76946
70 20.516 12.5749 41.373
170.883 103.18 0.561361 0.132694 0 0.027939 8.47842 2.76946
71 20.516 12.5455 46.3939
170.883 103.18 0.561361 0.132694 0 0.027939 8.47842 2.76946
72 20.536 11.2505 44.4186
171.272 105.003 0.563273 0.155309 0 0.0164708 7.53524 1.7921
73 20.536 11.6831 46.6183
171.272 105.003 0.563273 0.155309 0 0.0164708 7.53524 1.7921
74 20.536 12.2741 39.0402
171.272 105.003 0.563273 0.155309 0 0.0164708 7.53524 1.7921
75 20.6756 12.1077 41.6257
171.97 103.777 0.591787 0.133405 0 0.0129046 7.55161 1.63185
76 20.6756 13.4855 44.02
171.97 103.777 0.591787 0.133405 0 0.0129046 7.55161 1.63185
77 20.6756 12.2826 39.7612
171.97 103.777 0.591787 0.133405 0 0.0129046 7.55161 1.63185
78 20.7153 12.7795 43.506
168.512 101.904 0.594892 0.12809 0.0366552 0.0170307 8.69674 2.34173
79 20.7153 13.3042 40.4081
168.512 101.904 0.594892 0.12809 0.0366552 0.0170307 8.69674 2.34173
80 20.7153 12.6059 36.1331
168.512 101.904 0.594892 0.12809 0.0366552 0.0170307 8.69674 2.34173
81 21.4805 12.6717 40.1296
168.435 103.293 0.515807 0.129121 0.00777224 0 8.5191 2.13493
82 21.4805 13.0638 39.2047
168.435 103.293 0.515807 0.129121 0.00777224 0 8.5191 2.13493
83 21.4805 12.192 36.884
168.435 103.293 0.515807 0.129121 0.00777224 0 8.5191 2.13493
84 21.4805 12.8541 36.2682
168.435 103.293 0.515807 0.129121 0.00777224 0 8.5191 2.13493
85 21.4805 13.5428 29.949
168.435 103.293 0.515807 0.129121 0.00777224 0 8.5191 2.13493
86 21.4805 14.3244 35.8179
168.435 103.293 0.515807 0.129121 0.00777224 0 8.5191 2.13493
87 21.4805 13.9933 38.1699
168.435 103.293 0.515807 0.129121 0.00777224 0 8.5191 2.13493
88 21.4805 12.9095 45.4764
168.435 103.293 0.515807 0.129121 0.00777224 0 8.5191 2.13493
89 21.4805 13.7906 42.8761
168.435 103.293 0.515807 0.129121 0.00777224 0 8.5191 2.13493
90 21.7858 14.0533 35.5525
153.316 100 0.543851 0.125593 0.0211764 0 7.92252 3.32135
91 21.7858 14.3017 37.3385
153.316 100 0.543851 0.125593 0.0211764 0 7.92252 3.32135
92 21.7858 15.5976 29.3884
153.316 100 0.543851 0.125593 0.0211764 0 7.92252 3.32135
93 21.7858 14.187 35.0816
153.316 100 0.543851 0.125593 0.0211764 0 7.92252 3.32135
94 21.7858 14.6902 37.9279
153.316 100 0.543851 0.125593 0.0211764 0 7.92252 3.32135
95 21.7858 13.3426 42.1113
153.316 100 0.543851 0.125593 0.0211764 0 7.92252 3.32135
96 21.7858 12.6121 49.3699
153.316 100 0.543851 0.125593 0.0211764 0 7.92252 3.32135
97 21.7858 13.1323 38.5788
153.316 100 0.543851 0.125593 0.0211764 0 7.92252 3.32135
98 21.7858 11.6702 41.727
153.316 100 0.543851 0.125593 0.0211764 0 7.92252 3.32135
99 21.7858 11.8511 52.9244
153.316 100 0.543851 0.125593 0.0211764 0 7.92252 3.32135
100 21.7858 12.6343 45.361
153.316 100 0.543851 0.125593 0.0211764 0 7.92252 3.32135
