0 14.4346 2.59815 13.288
112.729 127.46 0.152604 0.471327 0.292347 0.219701 5.36217 7.28043
1 14.4346 3.06828 18.5525
112.729 127.46 0.152604 0.471327 0.292347 0.219701 5.36217 7.28043
2 14.4346 4.08444 27.0681
112.729 127.46 0.152604 0.471327 0.292347 0.219701 5.36217 7.28043
3 14.4389 4.60685 32.117
112.298 127.623 0.159198 0.48219 0.288625 0.202625 5.41204 7.23256
4 14.4389 5.96473 35.6791
112.298 127.623 0.159198 0.48219 0.288625 0.202625 5.41204 7.23256
5 14.9306 6.54454 38.6882
115.753 128.23 0.130293 0.476792 0.276156 0.219931 5.24836 7.06923
6 17.2443 7.25668 36.9439
127.077 106.268 0.236471 0.342606 0.282777 0.14783 3.90655 7.98893
7 17.7279 8.41813 40.6179
127.328 106.937 0.237301 0.351418 0.292863 0.149823 3.91478 8.02829
8 17.7279 9.26419 40.0491
127.328 106.937 0.237301 0.351418 0.292863 0.149823 3.91478 8.02829
9 19.7835 10.5127 36.99
129.485 100 0.268434 0.424848 0.269033 0.0944217 2.57485 7.24085
10 19.7835 10.3985 38.7761
129.485 100 0.268434 0.424848 0.269033 0.0944217 2.57485 7.24085
11 20.3199 10.9072 46.4739
122.023 118.475 0.223149 0.418132 0.172148 0.137547 4.57994 10
12 21.2472 12.6625 51.725
117.835 100 0.297164 0.31816 0.263979 0 2.75958 7.58727
13 21.2472 12.6948 50.0625
117.835 100 0.297164 0.31816 0.263979 0 2.75958 7.58727
14 22.447 12.8432 56.5549
121.733 105.165 0.306117 0.355379 0.148357 0.0640299 3.79424 8.38708
15 22.447 11.8382 52.3465
121.733 105.165 0.306117 0.355379 0.148357 0.0640299 3.79424 8.38708
16 23.6819 12.2911 54.0498
120.394 106.969 0.322656 0.3873 0.0522928 0.0695474 3.67667 9.12089
17 23.6819 13.1752 59.3491
120.394 106.969 0.322656 0.3873 0.0522928 0.0695474 3.67667 9.12089
18 23.7428 13.7906 69.3296
120.66 106.912 0.313741 0.388081 0.0573893 0.0613742 3.60678 9.09137
19 23.7428 13.4893 82.1015
120.66 106.912 0.313741 0.388081 0.0573893 0.0613742 3.60678 9.09137
20 23.859 14.4561 90.8095
115.733 110.276 0.298767 0.361051 0.0645601 0.00558178 4.01541 9.4662
21 23.9525 15.9042 79.9898
118.13 100 0.277283 0.424577 0.0842434 0 3.00007 7.7707
22 23.9525 16.0292 68.8273
118.13 100 0.277283 0.424577 0.0842434 0 3.00007 7.7707
23 23.9525 14.3835 72.6655
118.13 100 0.277283 0.424577 0.0842434 0 3.00007 7.7707
24 23.9525 15.3412 84.7595
118.13 100 0.277283 0.424577 0.0842434 0 3.00007 7.7707
25 23.9821 15.2694 84.7478
113.741 104.085 0.277837 0.351009 0.0809017 0.0111356 3.87606 9.65937
26 24.708 15.5516 90.8402
116.23 107.92 0.295166 0.360587 0 0.00982716 3.21232 9.35792
27 24.708 16.4607 80.3539
116.23 107.92 0.295166 0.360587 0 0.00982716 3.21232 9.35792
28 24.708 17.1552 73.5112
116.23 107.92 0.295166 0.360587 0 0.00982716 3.21232 9.35792
29 25.993 17.6458 72.0816
100 100 0.378842 0.425558 0.0400146 0 3.46896 8.15709
30 25.993 18.109 68.3256
100 100 0.378842 0.425558 0.0400146 0 3.46896 8.15709
31 25.993 18.084 71.5324
100 100 0.378842 0.425558 0.0400146 0 3.46896 8.15709
32 25.993 18.2124 81.1034
100 100 0.378842 0.425558 0.0400146 0 3.46896 8.15709
33 25.993 17.9973 67.843
100 100 0.378842 0.425558 0.0400146 0 3.46896 8.15709
34 25.993 17.522 54.0917
100 100 0.378842 0.425558 0.0400146 0 3.46896 8.15709
35 26.0709 17.3535 82.1952
100.981 100 0.39061 0.458749 0 0.00588057 3.80163 8.44547
36 26.0709 16.1465 105.281
100.981 100 0.39061 0.458749 0 0.00588057 3.80163 8.44547
37 26.0709 16.5511 104.508
100.981 100 0.39061 0.458749 0 0.00588057 3.80163 8.44547
38 26.0709 18.3537 92.1593
100.981 100 0.39061 0.458749 0 0.00588057 3.80163 8.44547
39 26.0963 18.223 104.108
102.467 100 0.38423 0.464016 0 0.0180768 3.72369 8.44426
40 26.0963 16.6323 107.517
102.467 100 0.38423 0.464016 0 0.0180768 3.72369 8.44426
41 26.0963 17.2208 107.1
102.467 100 0.38423 0.464016 0 0.0180768 3.72369 8.44426
42 26.0963 17.7672 97.9367
102.467 100 0.38423 0.464016 0 0.0180768 3.72369 8.44426
43 26.0963 16.9537 103.513
102.467 100 0.38423 0.464016 0 0.0180768 3.72369 8.44426
44 26.0963 15.9883 87.6625
102.467 100 0.38423 0.464016 0 0.0180768 3.72369 8.44426
45 26.0963 17.0102 88.4065
102.467 100 0.38423 0.464016 0 0.0180768 3.72369 8.44426
46 26.0963 16.7391 81.5978
102.467 100 0.38423 0.464016 0 0.0180768 3.72369 8.44426
47 26.0976 16.6345 85.2012
101.749 100.802 0.371187 0.452999 0.0175246 0.0324629 3.5259 8.10551
48 26.0982 17.0885 84.6995
102.197 102.461 0.376118 0.407149 0 0.0346273 3.35169 8.37282
49 26.0982 17.5123 75.5456
102.197 102.461 0.376118 0.407149 0 0.0346273 3.35169 8.37282
50 26.1726 19.3744 59.9003
100 100 0.3674 0.426426 0 0 3.42536 8.84293
51 26.1726 18.6418 70.8644
100 100 0.3674 0.426426 0 0 3.42536 8.84293
52 26.1726 16.0461 93.1271
100 100 0.3674 0.426426 0 0 3.42536 8.84293
53 26.1726 15.5648 102.705
100 100 0.3674 0.426426 0 0 3.42536 8.84293
54 26.1726 17.4467 102.231
100 100 0.3674 0.426426 0 0 3.42536 8.84293
55 26.1726 16.6752 112.905
100 100 0.3674 0.426426 0 0 3.42536 8.84293
56 26.1726 14.8787 123.96
100 100 0.3674 0.426426 0 0 3.42536 8.84293
57 26.1726 14.4359 111.9
100 100 0.3674 0.426426 0 0 3.42536 8.84293
58 26.1726 13.6145 102.874
100 100 0.3674 0.426426 0 0 3.42536 8.84293
59 26.1726 14.4568 110.645
100 100 0.3674 0.426426 0 0 3.42536 8.84293
60 26.1726 14.5706 113.772
100 100 0.3674 0.426426 0 0 3.42536 8.84293
61 26.1726 14.5512 114.775
100 100 0.3674 0.426426 0 0 3.42536 8.84293
62 26.1726 16.4651 99.6555
100 100 0.3674 0.426426 0 0 3.42536 8.84293
63 26.1726 17.0746 94.2259
100 100 0.3674 0.426426 0 0 3.42536 8.84293
64 26.1726 15.8196 98.6171
100 100 0.3674 0.426426 0 0 3.42536 8.84293
65 26.1726 15.8276 96.408
100 100 0.3674 0.426426 0 0 3.42536 8.84293
66 26.1891 16.8731 94.778
100 100 0.365275 0.427179 0 0.0005638 3.43854 8.87688
67 26.1891 18.0742 87.7944
100 100 0.365275 0.427179 0 0.0005638 3.43854 8.87688
68 26.1891 18.1221 92.8291
100 100 0.365275 0.427179 0 0.0005638 3.43854 8.87688
69 26.1891 17.6956 107.662
100 100 0.365275 0.427179 0 0.0005638 3.43854 8.87688
70 26.1891 17.4664 94.2696
100 100 0.365275 0.427179 0 0.0005638 3.43854 8.87688
71 26.1891 17.3243 100.394
100 100 0.365275 0.427179 0 0.0005638 3.43854 8.87688
72 26.1891 16.5269 110.183
100 100 0.365275 0.427179 0 0.0005638 3.43854 8.87688
73 26.1891 17.3584 110.559
100 100 0.365275 0.427179 0 0.0005638 3.43854 8.87688
74 26.1891 16.872 99.2546
100 100 0.365275 0.427179 0 0.0005638 3.43854 8.87688
75 26.1891 17.7907 95.7139
100 100 0.365275 0.427179 0 0.0005638 3.43854 8.87688
76 26.1891 16.9252 101.827
100 100 0.365275 0.427179 0 0.0005638 3.43854 8.87688
77 26.1891 17.5243 102.966
100 100 0.365275 0.427179 0 0.0005638 3.43854 8.87688
78 26.1891 18.1389 86.2529
100 100 0.365275 0.427179 0 0.0005638 3.43854 8.87688
79 26.1891 16.9361 89.9271
100 100 0.365275 0.427179 0 0.0005638 3.43854 8.87688
80 26.1891 15.7566 94.1017
100 100 0.365275 0.427179 0 0.0005638 3.43854 8.87688
81 26.1891 14.9936 105.307
100 100 0.365275 0.427179 0 0.0005638 3.43854 8.87688
82 26.1891 15.6896 104.367
100 100 0.365275 0.427179 0 0.0005638 3.43854 8.87688
83 26.1891 18.9879 59.5315
100 100 0.365275 0.427179 0 0.0005638 3.43854 8.87688
84 26.1891 18.4857 78.5525
100 100 0.365275 0.427179 0 0.0005638 3.43854 8.87688
85 26.1891 16.6579 94.3042
100 100 0.365275 0.427179 0 0.0005638 3.43854 8.87688
86 26.1891 16.8605 110.468
100 100 0.365275 0.427179 0 0.0005638 3.43854 8.87688
87 26.1891 16.2926 102.786
100 100 0.365275 0.427179 0 0.0005638 3.43854 8.87688
88 26.1891 17.6176 84.0407
100 100 0.365275 0.427179 0 0.0005638 3.43854 8.87688
89 26.1891 16.3319 107.078
100 100 0.365275 0.427179 0 0.0005638 3.43854 8.87688
90 26.1891 18.2543 82.5897
100 100 0.365275 0.427179 0 0.0005638 3.43854 8.87688
91 26.1891 19.0318 78.1513
100 100 0.365275 0.427179 0 0.0005638 3.43854 8.87688
92 26.1891 18.8193 93.3054
100 100 0.365275 0.427179 0 0.0005638 3.43854 8.87688
93 26.1891 16.0612 115.105
100 100 0.365275 0.427179 0 0.0005638 3.43854 8.87688
94 26.1891 15.0354 111.295
100 100 0.365275 0.427179 0 0.0005638 3.43854 8.87688
95 26.1891 16.4742 114.007
100 100 0.365275 0.427179 0 0.0005638 3.43854 8.87688
96 26.1891 17.3421 98.0397
100 100 0.365275 0.427179 0 0.0005638 3.43854 8.87688
97 26.1891 16.6844 97.3989
100 100 0.365275 0.427179 0 0.0005638 3.43854 8.87688
98 26.1891 15.9152 105.079
100 100 0.365275 0.427179 0 0.0005638 3.43854 8.87688
99 26.1891 17.1507 84.1575
100 100 0.365275 0.427179 0 0.0005638 3.43854 8.87688
100 26.1891 17.519 95.8879
100 100 0.365275 0.427179 0 0.0005638 3.43854 8.87688
