0 25.7769 1.62559 33.28
157.924 115.514 0.107202 0.268651 0.0977915 0.137265 9.63416 2.1143
1 25.8061 3.1197 61.9324
157.805 114.293 0.107693 0.266298 0.107396 0.144165 9.34588 2.1028
2 25.8061 3.4066 61.7244
157.805 114.293 0.107693 0.266298 0.107396 0.144165 9.34588 2.1028
3 25.8401 5.40895 109.866
157.511 114.549 0.114289 0.264536 0.10698 0.129486 9.34376 2.10963
4 25.886 6.82187 101.966
160.382 115.155 0.165937 0.273038 0.0586273 0.121716 9.11519 1.81799
5 27.6451 9.28935 143.662
157.612 109.031 0.251888 0.228656 0.0646284 0.0238448 9.49693 1.95732
6 27.7609 9.22056 140.685
155.974 107.904 0.249141 0.229151 0.0598011 0.0241198 9.72331 1.9504
7 27.8354 12.2625 155.052
160.73 118.903 0.217942 0.158804 0.0589092 0 9.79429 1.23585
8 27.8354 14.4654 154.316
160.73 118.903 0.217942 0.158804 0.0589092 0 9.79429 1.23585
9 28.1156 14.3213 168.901
160.685 118.636 0.215182 0.152321 0.0573697 0.00180429 9.76698 1.2707
10 30.1344 14.897 153.212
163.007 115.06 0.206082 0.13905 0.0399772 0 9.82487 1.58623
11 30.1344 14.4602 137.389
163.007 115.06 0.206082 0.13905 0.0399772 0 9.82487 1.58623
12 30.7233 15.0376 154.074
162.695 114.838 0.207049 0.13625 0.0447823 0.0102416 9.90606 1.61198
13 30.7233 16.1228 152.469
162.695 114.838 0.207049 0.13625 0.0447823 0.0102416 9.90606 1.61198
14 30.7233 17.4903 134.732
162.695 114.838 0.207049 0.13625 0.0447823 0.0102416 9.90606 1.61198
15 30.7233 18.4823 142.017
162.695 114.838 0.207049 0.13625 0.0447823 0.0102416 9.90606 1.61198
16 30.7233 18.6123 136.495
162.695 114.838 0.207049 0.13625 0.0447823 0.0102416 9.90606 1.61198
17 30.7233 16.6871 137.968
162.695 114.838 0.207049 0.13625 0.0447823 0.0102416 9.90606 1.61198
18 30.7233 19.2341 116.495
162.695 114.838 0.207049 0.13625 0.0447823 0.0102416 9.90606 1.61198
19 30.7233 20.2704 94.4369
162.695 114.838 0.207049 0.13625 0.0447823 0.0102416 9.90606 1.61198
20 30.7233 20.8871 81.7279
162.695 114.838 0.207049 0.13625 0.0447823 0.0102416 9.90606 1.61198
21 30.7233 18.9581 114.743
162.695 114.838 0.207049 0.13625 0.0447823 0.0102416 9.90606 1.61198
22 30.7233 17.5641 139.809
162.695 114.838 0.207049 0.13625 0.0447823 0.0102416 9.90606 1.61198
23 30.7233 18.8331 139.381
162.695 114.838 0.207049 0.13625 0.0447823 0.0102416 9.90606 1.61198
24 30.7233 20.5739 125.845
162.695 114.838 0.207049 0.13625 0.0447823 0.0102416 9.90606 1.61198
25 30.7233 21.839 99.6076
162.695 114.838 0.207049 0.13625 0.0447823 0.0102416 9.90606 1.61198
26 30.7233 22.7044 70.7849
162.695 114.838 0.207049 0.13625 0.0447823 0.0102416 9.90606 1.61198
27 31.4946 20.8447 114.941
161.526 103.131 0.238289 0.17624 0 0.146434 8.62077 2.85626
28 31.4946 18.9227 133.687
161.526 103.131 0.238289 0.17624 0 0.146434 8.62077 2.85626
29 31.4946 19.6918 110.05
161.526 103.131 0.238289 0.17624 0 0.146434 8.62077 2.85626
30 32.5085 22.5084 87.3988
160.939 103.314 0.230554 0.176447 0.00508356 0.148224 8.69851 2.89503
31 32.5085 19.6555 143.612
160.939 103.314 0.230554 0.176447 0.00508356 0.148224 8.69851 2.89503
32 32.5085 17.0545 155.192
160.939 103.314 0.230554 0.176447 0.00508356 0.148224 8.69851 2.89503
33 32.5085 18.3957 157.608
160.939 103.314 0.230554 0.176447 0.00508356 0.148224 8.69851 2.89503
34 32.5085 19.3293 147.677
160.939 103.314 0.230554 0.176447 0.00508356 0.148224 8.69851 2.89503
35 32.5085 16.5329 159.913
160.939 103.314 0.230554 0.176447 0.00508356 0.148224 8.69851 2.89503
36 32.5085 20.4465 112.761
160.939 103.314 0.230554 0.176447 0.00508356 0.148224 8.69851 2.89503
37 32.5085 21.0048 107.511
160.939 103.314 0.230554 0.176447 0.00508356 0.148224 8.69851 2.89503
38 32.5085 21.2711 98.84
160.939 103.314 0.230554 0.176447 0.00508356 0.148224 8.69851 2.89503
39 32.5085 20.2394 121.678
160.939 103.314 0.230554 0.176447 0.00508356 0.148224 8.69851 2.89503
40 32.5085 22.291 65.6279
160.939 103.314 0.230554 0.176447 0.00508356 0.148224 8.69851 2.89503
41 32.5085 20.535 112.638
160.939 103.314 0.230554 0.176447 0.00508356 0.148224 8.69851 2.89503
42 32.5085 21.7657 86.2508
160.939 103.314 0.230554 0.176447 0.00508356 0.148224 8.69851 2.89503
43 32.5085 21.0205 134.483
160.939 103.314 0.230554 0.176447 0.00508356 0.148224 8.69851 2.89503
44 32.5085 21.9521 113.149
160.939 103.314 0.230554 0.176447 0.00508356 0.148224 8.69851 2.89503
45 32.5085 24.2573 65.1141
160.939 103.314 0.230554 0.176447 0.00508356 0.148224 8.69851 2.89503
46 32.5085 24.1211 51.9012
160.939 103.314 0.230554 0.176447 0.00508356 0.148224 8.69851 2.89503
47 32.5085 22.9009 67.6628
160.939 103.314 0.230554 0.176447 0.00508356 0.148224 8.69851 2.89503
48 32.5085 23.0737 60.2858
160.939 103.314 0.230554 0.176447 0.00508356 0.148224 8.69851 2.89503
49 32.5085 22.5139 80.6777
160.939 103.314 0.230554 0.176447 0.00508356 0.148224 8.69851 2.89503
50 32.5085 23.8649 54.5729
160.939 103.314 0.230554 0.176447 0.00508356 0.148224 8.69851 2.89503
51 32.5085 22.3682 81.988
160.939 103.314 0.230554 0.176447 0.00508356 0.148224 8.69851 2.89503
52 32.5085 22.9957 56.7597
160.939 103.314 0.230554 0.176447 0.00508356 0.148224 8.69851 2.89503
53 32.5085 20.8505 119.975
160.939 103.314 0.230554 0.176447 0.00508356 0.148224 8.69851 2.89503
54 32.5085 23.6046 54.0562
160.939 103.314 0.230554 0.176447 0.00508356 0.148224 8.69851 2.89503
55 32.5085 22.4819 74.8705
160.939 103.314 0.230554 0.176447 0.00508356 0.148224 8.69851 2.89503
56 32.5085 22.7875 78.1104
160.939 103.314 0.230554 0.176447 0.00508356 0.148224 8.69851 2.89503
57 32.5085 22.2091 83.7614
160.939 103.314 0.230554 0.176447 0.00508356 0.148224 8.69851 2.89503
58 32.5085 19.579 123.906
160.939 103.314 0.230554 0.176447 0.00508356 0.148224 8.69851 2.89503
59 32.5085 21.5507 89.965
160.939 103.314 0.230554 0.176447 0.00508356 0.148224 8.69851 2.89503
60 32.5085 21.1214 89.304
160.939 103.314 0.230554 0.176447 0.00508356 0.148224 8.69851 2.89503
61 32.5085 21.9366 112.017
160.939 103.314 0.230554 0.176447 0.00508356 0.148224 8.69851 2.89503
62 32.5085 20.5387 122.608
160.939 103.314 0.230554 0.176447 0.00508356 0.148224 8.69851 2.89503
63 32.5085 19.717 124.924
160.939 103.314 0.230554 0.176447 0.00508356 0.148224 8.69851 2.89503
64 32.5085 18.4912 154.054
160.939 103.314 0.230554 0.176447 0.00508356 0.148224 8.69851 2.89503
65 32.5085 19.9997 133.87
160.939 103.314 0.230554 0.176447 0.00508356 0.148224 8.69851 2.89503
66 32.5085 22.0573 114.665
160.939 103.314 0.230554 0.176447 0.00508356 0.148224 8.69851 2.89503
67 32.5085 20.9046 122.094
160.939 103.314 0.230554 0.176447 0.00508356 0.148224 8.69851 2.89503
68 32.5085 20.952 100.028
160.939 103.314 0.230554 0.176447 0.00508356 0.148224 8.69851 2.89503
69 32.5085 20.7793 115.253
160.939 103.314 0.230554 0.176447 0.00508356 0.148224 8.69851 2.89503
70 32.5085 20.8271 112.724
160.939 103.314 0.230554 0.176447 0.00508356 0.148224 8.69851 2.89503
71 32.5085 21.2234 114.143
160.939 103.314 0.230554 0.176447 0.00508356 0.148224 8.69851 2.89503
72 32.5085 20.9295 117.571
160.939 103.314 0.230554 0.176447 0.00508356 0.148224 8.69851 2.89503
73 32.5085 15.5154 146.787
160.939 103.314 0.230554 0.176447 0.00508356 0.148224 8.69851 2.89503
74 32.5085 17.495 150.643
160.939 103.314 0.230554 0.176447 0.00508356 0.148224 8.69851 2.89503
75 32.5085 17.0934 142.562
160.939 103.314 0.230554 0.176447 0.00508356 0.148224 8.69851 2.89503
76 32.5085 19.4009 118.148
160.939 103.314 0.230554 0.176447 0.00508356 0.148224 8.69851 2.89503
77 32.5085 18.4162 143.308
160.939 103.314 0.230554 0.176447 0.00508356 0.148224 8.69851 2.89503
78 32.5085 21.1807 110.697
160.939 103.314 0.230554 0.176447 0.00508356 0.148224 8.69851 2.89503
79 32.5085 21.471 108.627
160.939 103.314 0.230554 0.176447 0.00508356 0.148224 8.69851 2.89503
80 32.5085 20.123 121.512
160.939 103.314 0.230554 0.176447 0.00508356 0.148224 8.69851 2.89503
81 32.6223 18.97 147.843
160.956 103.325 0.229067 0.178119 0.00859257 0.147666 8.73252 2.89368
82 32.6223 20.3589 120.889
160.956 103.325 0.229067 0.178119 0.00859257 0.147666 8.73252 2.89368
83 32.6223 22.6573 92.9789
160.956 103.325 0.229067 0.178119 0.00859257 0.147666 8.73252 2.89368
84 32.6223 22.1651 92.5255
160.956 103.325 0.229067 0.178119 0.00859257 0.147666 8.73252 2.89368
85 32.6223 23.3718 76.8893
160.956 103.325 0.229067 0.178119 0.00859257 0.147666 8.73252 2.89368
86 32.6223 22.295 74.8548
160.956 103.325 0.229067 0.178119 0.00859257 0.147666 8.73252 2.89368
87 32.6223 20.0618 123.473
160.956 103.325 0.229067 0.178119 0.00859257 0.147666 8.73252 2.89368
88 32.6223 20.0239 126.714
160.956 103.325 0.229067 0.178119 0.00859257 0.147666 8.73252 2.89368
89 32.6223 19.1088 135.205
160.956 103.325 0.229067 0.178119 0.00859257 0.147666 8.73252 2.89368
90 32.6223 19.2748 142.764
160.956 103.325 0.229067 0.178119 0.00859257 0.147666 8.73252 2.89368
91 32.6223 19.353 151.162
160.956 103.325 0.229067 0.178119 0.00859257 0.147666 8.73252 2.89368
92 32.6223 19.3012 137.311
160.956 103.325 0.229067 0.178119 0.00859257 0.147666 8.73252 2.89368
93 32.6223 21.5413 108.273
160.956 103.325 0.229067 0.178119 0.00859257 0.147666 8.73252 2.89368
94 32.6223 20.2535 122.49
160.956 103.325 0.229067 0.178119 0.00859257 0.147666 8.73252 2.89368
95 32.6223 19.4049 130.882
160.956 103.325 0.229067 0.178119 0.00859257 0.147666 8.73252 2.89368
96 32.6223 19.1696 126.494
160.956 103.325 0.229067 0.178119 0.00859257 0.147666 8.73252 2.89368
97 32.6223 20.3805 101.345
160.956 103.325 0.229067 0.178119 0.00859257 0.147666 8.73252 2.89368
98 32.6223 19.2938 107.59
160.956 103.325 0.229067 0.178119 0.00859257 0.147666 8.73252 2.89368
99 32.6223 20.2832 125.604
160.956 103.325 0.229067 0.178119 0.00859257 0.147666 8.73252 2.89368
100 32.6223 21.7558 111.946
160.956 103.325 0.229067 0.178119 0.00859257 0.147666 8.73252 2.89368
