0 0.133333 0.0477778 0.00256222
189.81 154.249 0.6009 0.56624 0.800099 0.60911 3.351 7.16184
1 0.133333 0.0651389 0.00252638
189.81 154.249 0.6009 0.56624 0.800099 0.60911 3.351 7.16184
2 0.166667 0.0686111 0.00307675
113.788 168.349 0.756949 0.568923 0.971214 0.0908051 4.54562 7.25652
3 1.44279 0.151028 0.0954076
149.21 197.057 0.0302628 0.176989 0.197162 0 6.55233 6.08522
4 1.44414 0.223374 0.178092
147.016 197.643 0.0131522 0.159468 0.197493 0.0361014 6.61065 5.84485
5 2.86257 0.42228 0.580814
153.494 200 0.105677 0.215972 0.203283 0 6.7456 6.03636
6 4.34036 0.846696 1.97088
153.033 198.463 0.0402526 0.227038 0.332824 0.0545929 5.84815 5.88246
7 10.8913 1.59279 7.48746
141.784 196.098 0.159931 0.340577 0.148258 0.0207785 6.51943 4.91232
8 10.8913 2.28549 11.0306
141.784 196.098 0.159931 0.340577 0.148258 0.0207785 6.51943 4.91232
9 10.8913 2.74473 12.671
141.784 196.098 0.159931 0.340577 0.148258 0.0207785 6.51943 4.91232
10 23.4982 5.05244 39.2737
145.669 191.998 0.3351 0.333471 0 0.0709006 6.2798 2.96341
11 23.4982 5.54507 57.2741
145.669 191.998 0.3351 0.333471 0 0.0709006 6.2798 2.96341
12 23.4982 7.94272 83.141
145.669 191.998 0.3351 0.333471 0 0.0709006 6.2798 2.96341
13 23.4982 8.61464 67.9671
145.669 191.998 0.3351 0.333471 0 0.0709006 6.2798 2.96341
14 23.5501 10.0934 87.5612
145.983 193.487 0.347001 0.319107 0 0.0541935 6.21286 2.90836
15 23.5501 8.92443 78.0793
145.983 193.487 0.347001 0.319107 0 0.0541935 6.21286 2.90836
16 23.7378 9.30702 88.216
145.341 190.444 0.300785 0.30278 0.00144455 0.0668807 6.37659 3.01147
17 23.7378 8.9318 89.5336
145.341 190.444 0.300785 0.30278 0.00144455 0.0668807 6.37659 3.01147
18 23.7378 10.0458 81.1429
145.341 190.444 0.300785 0.30278 0.00144455 0.0668807 6.37659 3.01147
19 27.0015 11.2786 88.1212
136.388 199.203 0.290529 0.321977 0 0.0236465 6.31273 4.46235
20 27.0015 12.2155 93.832
136.388 199.203 0.290529 0.321977 0 0.0236465 6.31273 4.46235
21 27.0015 12.4267 86.9286
136.388 199.203 0.290529 0.321977 0 0.0236465 6.31273 4.46235
22 27.0015 13.6248 85.7302
136.388 199.203 0.290529 0.321977 0 0.0236465 6.31273 4.46235
23 27.0015 12.2839 81.989
136.388 199.203 0.290529 0.321977 0 0.0236465 6.31273 4.46235
24 27.0015 14.1799 83.4698
136.388 199.203 0.290529 0.321977 0 0.0236465 6.31273 4.46235
25 27.0015 15.3913 87.1045
136.388 199.203 0.290529 0.321977 0 0.0236465 6.31273 4.46235
26 27.0015 12.5045 93.1401
136.388 199.203 0.290529 0.321977 0 0.0236465 6.31273 4.46235
27 27.0015 13.5159 107.948
136.388 199.203 0.290529 0.321977 0 0.0236465 6.31273 4.46235
28 27.0015 14.2122 115.045
136.388 199.203 0.290529 0.321977 0 0.0236465 6.31273 4.46235
29 27.0015 14.6071 124.487
136.388 199.203 0.290529 0.321977 0 0.0236465 6.31273 4.46235
30 27.0015 11.653 107.414
136.388 199.203 0.290529 0.321977 0 0.0236465 6.31273 4.46235
31 27.0015 14.479 104.692
136.388 199.203 0.290529 0.321977 0 0.0236465 6.31273 4.46235
32 27.0015 13.2148 110.591
136.388 199.203 0.290529 0.321977 0 0.0236465 6.31273 4.46235
33 27.0015 15.3697 104.029
136.388 199.203 0.290529 0.321977 0 0.0236465 6.31273 4.46235
34 27.0015 12.2623 120.541
136.388 199.203 0.290529 0.321977 0 0.0236465 6.31273 4.46235
35 27.0015 11.5959 101.757
136.388 199.203 0.290529 0.321977 0 0.0236465 6.31273 4.46235
36 27.0015 12.9065 104.474
136.388 199.203 0.290529 0.321977 0 0.0236465 6.31273 4.46235
37 27.0015 13.615 113.369
136.388 199.203 0.290529 0.321977 0 0.0236465 6.31273 4.46235
38 27.0015 11.9429 119.108
136.388 199.203 0.290529 0.321977 0 0.0236465 6.31273 4.46235
39 27.0015 14.9391 100.046
136.388 199.203 0.290529 0.321977 0 0.0236465 6.31273 4.46235
40 27.0015 12.6984 112.079
136.388 199.203 0.290529 0.321977 0 0.0236465 6.31273 4.46235
41 27.0015 10.585 125.411
136.388 199.203 0.290529 0.321977 0 0.0236465 6.31273 4.46235
42 27.0015 11.4569 136.941
136.388 199.203 0.290529 0.321977 0 0.0236465 6.31273 4.46235
43 27.0015 11.3893 119.996
136.388 199.203 0.290529 0.321977 0 0.0236465 6.31273 4.46235
44 27.0015 11.8152 115.275
136.388 199.203 0.290529 0.321977 0 0.0236465 6.31273 4.46235
45 27.0015 12.255 109.173
136.388 199.203 0.290529 0.321977 0 0.0236465 6.31273 4.46235
46 27.0015 12.519 100.535
136.388 199.203 0.290529 0.321977 0 0.0236465 6.31273 4.46235
47 27.0015 14.1159 97.2793
136.388 199.203 0.290529 0.321977 0 0.0236465 6.31273 4.46235
48 27.0015 11.7338 103.953
136.388 199.203 0.290529 0.321977 0 0.0236465 6.31273 4.46235
49 27.0015 12.3932 98.5657
136.388 199.203 0.290529 0.321977 0 0.0236465 6.31273 4.46235
50 27.0015 15.2991 100.725
136.388 199.203 0.290529 0.321977 0 0.0236465 6.31273 4.46235
51 27.0015 15.5457 104.004
136.388 199.203 0.290529 0.321977 0 0.0236465 6.31273 4.46235
52 27.0015 15.6245 91.1711
136.388 199.203 0.290529 0.321977 0 0.0236465 6.31273 4.46235
53 27.0015 14.1448 80.2968
136.388 199.203 0.290529 0.321977 0 0.0236465 6.31273 4.46235
54 27.0015 13.3272 94.8189
136.388 199.203 0.290529 0.321977 0 0.0236465 6.31273 4.46235
55 27.0015 13.5392 92.6286
136.388 199.203 0.290529 0.321977 0 0.0236465 6.31273 4.46235
56 27.0015 13.7651 94.602
136.388 199.203 0.290529 0.321977 0 0.0236465 6.31273 4.46235
57 27.0015 11.8355 107.5
136.388 199.203 0.290529 0.321977 0 0.0236465 6.31273 4.46235
58 27.0015 13.2407 116.043
136.388 199.203 0.290529 0.321977 0 0.0236465 6.31273 4.46235
59 27.0015 12.1028 104.301
136.388 199.203 0.290529 0.321977 0 0.0236465 6.31273 4.46235
60 27.0015 13.2043 111.812
136.388 199.203 0.290529 0.321977 0 0.0236465 6.31273 4.46235
61 27.0015 12.9196 112.523
136.388 199.203 0.290529 0.321977 0 0.0236465 6.31273 4.46235
62 27.0015 15.3583 90.0976
136.388 199.203 0.290529 0.321977 0 0.0236465 6.31273 4.46235
63 27.0015 12.7309 111.184
136.388 199.203 0.290529 0.321977 0 0.0236465 6.31273 4.46235
64 27.0015 14.4952 105.738
136.388 199.203 0.290529 0.321977 0 0.0236465 6.31273 4.46235
65 27.0015 12.7028 101.671
136.388 199.203 0.290529 0.321977 0 0.0236465 6.31273 4.46235
66 27.0015 11.4225 122.985
136.388 199.203 0.290529 0.321977 0 0.0236465 6.31273 4.46235
67 27.0015 12.3184 104.661
136.388 199.203 0.290529 0.321977 0 0.0236465 6.31273 4.46235
68 27.0015 12.5882 104.468
136.388 199.203 0.290529 0.321977 0 0.0236465 6.31273 4.46235
69 27.0015 14.0827 104.341
136.388 199.203 0.290529 0.321977 0 0.0236465 6.31273 4.46235
70 27.0015 13.148 99.7056
136.388 199.203 0.290529 0.321977 0 0.0236465 6.31273 4.46235
71 27.0015 11.8151 121.853
136.388 199.203 0.290529 0.321977 0 0.0236465 6.31273 4.46235
72 27.0015 11.6151 127.204
136.388 199.203 0.290529 0.321977 0 0.0236465 6.31273 4.46235
73 27.0015 12.6366 113.788
136.388 199.203 0.290529 0.321977 0 0.0236465 6.31273 4.46235
74 27.0015 12.4919 119.529
136.388 199.203 0.290529 0.321977 0 0.0236465 6.31273 4.46235
75 27.0015 11.3128 107.365
136.388 199.203 0.290529 0.321977 0 0.0236465 6.31273 4.46235
76 27.0015 13.186 86.0408
136.388 199.203 0.290529 0.321977 0 0.0236465 6.31273 4.46235
77 27.0015 16.2194 96.9374
136.388 199.203 0.290529 0.321977 0 0.0236465 6.31273 4.46235
78 27.0015 13.2427 84.9218
136.388 199.203 0.290529 0.321977 0 0.0236465 6.31273 4.46235
79 27.0015 14.4494 75.8741
136.388 199.203 0.290529 0.321977 0 0.0236465 6.31273 4.46235
80 27.0015 13.0662 94.3965
136.388 199.203 0.290529 0.321977 0 0.0236465 6.31273 4.46235
81 27.0015 14.8342 94.3263
136.388 199.203 0.290529 0.321977 0 0.0236465 6.31273 4.46235
82 27.0015 16.5258 73.6249
136.388 199.203 0.290529 0.321977 0 0.0236465 6.31273 4.46235
83 27.0015 16.325 69.006
136.388 199.203 0.290529 0.321977 0 0.0236465 6.31273 4.46235
84 27.0015 13.0119 77.8402
136.388 199.203 0.290529 0.321977 0 0.0236465 6.31273 4.46235
85 27.0015 14.3887 77.2326
136.388 199.203 0.290529 0.321977 0 0.0236465 6.31273 4.46235
86 27.0015 14.5839 94.2657
136.388 199.203 0.290529 0.321977 0 0.0236465 6.31273 4.46235
87 27.0015 10.8076 91.0551
136.388 199.203 0.290529 0.321977 0 0.0236465 6.31273 4.46235
88 27.0015 10.067 78.6415
136.388 199.203 0.290529 0.321977 0 0.0236465 6.31273 4.46235
89 27.0015 12.1212 100.678
136.388 199.203 0.290529 0.321977 0 0.0236465 6.31273 4.46235
90 27.0015 13.1256 116.248
136.388 199.203 0.290529 0.321977 0 0.0236465 6.31273 4.46235
91 27.0015 14.9338 98.3025
136.388 199.203 0.290529 0.321977 0 0.0236465 6.31273 4.46235
92 27.0015 12.8011 83.9377
136.388 199.203 0.290529 0.321977 0 0.0236465 6.31273 4.46235
93 27.0015 13.0092 91.3407
136.388 199.203 0.290529 0.321977 0 0.0236465 6.31273 4.46235
94 27.0015 11.7958 103.35
136.388 199.203 0.290529 0.321977 0 0.0236465 6.31273 4.46235
95 27.0015 10.8162 92.9669
136.388 199.203 0.290529 0.321977 0 0.0236465 6.31273 4.46235
96 27.0015 9.63248 101.191
136.388 199.203 0.290529 0.321977 0 0.0236465 6.31273 4.46235
97 27.0015 9.90511 91.9753
136.388 199.203 0.290529 0.321977 0 0.0236465 6.31273 4.46235
98 27.0015 8.62667 94.9173
136.388 199.203 0.290529 0.321977 0 0.0236465 6.31273 4.46235
99 27.0015 8.64595 86.3072
136.388 199.203 0.290529 0.321977 0 0.0236465 6.31273 4.46235
100 27.0015 10.9995 89.1374
136.388 199.203 0.290529 0.321977 0 0.0236465 6.31273 4.46235
