0 25.9306 2.16463 30.2557
189.045 135.825 0.0172476 0.443419 0.0901778 0.443419 1.90869 3.72593
1 26.2009 3.86873 55.3128
191.329 130.685 0.0439585 0.393685 0.0439585 0.393685 2.23282 3.55923
2 26.245 6.32228 91.8969
126.636 200 0.027986 0.34401 0.17589 0.34401 0 8.41189
3 26.245 6.13165 87.6355
126.636 200 0.027986 0.34401 0.17589 0.34401 0 8.41189
4 26.245 9.39282 121.647
126.636 200 0.027986 0.34401 0.17589 0.34401 0 8.41189
5 26.3318 9.50478 116.721
127.844 198.869 0.0186422 0.338926 0.190675 0.342495 0.100974 8.42054
6 26.3318 8.8233 121.993
127.844 198.869 0.0186422 0.338926 0.190675 0.342495 0.100974 8.42054
7 26.367 8.30855 122.167
119.319 200 0.0165425 0.19951 0.130693 0.42124 0.163392 7.72683
8 26.5345 11.8883 141.133
200 133.017 0.0204753 0.235836 0.0204753 0.235836 2.14023 4.04047
9 26.5475 11.3818 136.388
200 133.13 0.02019 0.232632 0.02019 0.232632 2.15914 4.0567
10 26.5475 11.4917 130.945
200 133.13 0.02019 0.232632 0.02019 0.232632 2.15914 4.0567
11 26.5475 9.44759 119.537
200 133.13 0.02019 0.232632 0.02019 0.232632 2.15914 4.0567
12 26.5475 9.12575 117.045
200 133.13 0.02019 0.232632 0.02019 0.232632 2.15914 4.0567
13 26.5475 11.1425 124.122
200 133.13 0.02019 0.232632 0.02019 0.232632 2.15914 4.0567
14 26.6364 13.5236 129.045
177.815 134.292 0.0262322 0.228922 0.0262322 0.228922 2.15857 4.73528
15 26.6364 12.1906 138.124
177.815 134.292 0.0262322 0.228922 0.0262322 0.228922 2.15857 4.73528
16 26.6364 14.9551 138.159
177.815 134.292 0.0262322 0.228922 0.0262322 0.228922 2.15857 4.73528
17 26.6364 15.4946 124.202
177.815 134.292 0.0262322 0.228922 0.0262322 0.228922 2.15857 4.73528
18 26.6364 16.5088 111.864
177.815 134.292 0.0262322 0.228922 0.0262322 0.228922 2.15857 4.73528
19 26.6364 15.9986 123.932
177.815 134.292 0.0262322 0.228922 0.0262322 0.228922 2.15857 4.73528
20 26.7837 16.8093 109.406
176.327 154.86 0.0241401 0.234687 0.0515177 0.234687 3.27361 5.37027
21 26.7837 17.7729 103.744
176.327 154.86 0.0241401 0.234687 0.0515177 0.234687 3.27361 5.37027
22 26.7837 14.1482 110.17
176.327 154.86 0.0241401 0.234687 0.0515177 0.234687 3.27361 5.37027
23 26.7837 14.8667 110.849
176.327 154.86 0.0241401 0.234687 0.0515177 0.234687 3.27361 5.37027
24 26.7837 15.5163 109.005
176.327 154.86 0.0241401 0.234687 0.0515177 0.234687 3.27361 5.37027
25 26.8075 14.4014 110.996
176.069 154.44 0.0226485 0.231076 0.0714083 0.231076 3.37734 5.41481
26 26.8075 14.9774 126.137
176.069 154.44 0.0226485 0.231076 0.0714083 0.231076 3.37734 5.41481
27 26.845 16.7803 119.351
176.1 154.473 0.0213434 0.230954 0.0711005 0.230954 3.37753 5.41625
28 26.9662 19.4396 96.8233
170.952 165.031 0.0187453 0.198349 0.0869098 0.198349 3.91169 4.56719
29 26.9662 15.1208 118.172
170.952 165.031 0.0187453 0.198349 0.0869098 0.198349 3.91169 4.56719
30 26.9662 13.037 133.285
170.952 165.031 0.0187453 0.198349 0.0869098 0.198349 3.91169 4.56719
31 26.9662 16.5611 130.842
170.952 165.031 0.0187453 0.198349 0.0869098 0.198349 3.91169 4.56719
32 26.9662 17.2105 120.782
170.952 165.031 0.0187453 0.198349 0.0869098 0.198349 3.91169 4.56719
33 26.9662 18.0681 126.066
170.952 165.031 0.0187453 0.198349 0.0869098 0.198349 3.91169 4.56719
34 27.0073 16.5348 122.543
173.764 155.957 0.0314202 0.188521 0.0314202 0.188521 4.34857 4.27777
35 27.0073 15.0409 110.598
173.764 155.957 0.0314202 0.188521 0.0314202 0.188521 4.34857 4.27777
36 27.0073 16.0933 120.772
173.764 155.957 0.0314202 0.188521 0.0314202 0.188521 4.34857 4.27777
37 27.0131 17.8578 120.838
184.37 149.649 0.0328292 0.231429 0.0328292 0.231429 4.33848 5.57015
38 27.056 16.8572 129.755
174.99 155.635 0.0293572 0.196163 0.0353527 0.196163 4.35164 4.22537
39 27.7479 18.261 113.112
173.94 131.805 0.031801 0.15239 0.0928942 0.178781 5.97133 5.84461
40 27.7479 17.0151 130.24
173.94 131.805 0.031801 0.15239 0.0928942 0.178781 5.97133 5.84461
41 27.7479 17.5714 112.228
173.94 131.805 0.031801 0.15239 0.0928942 0.178781 5.97133 5.84461
42 29.4394 17.4005 110.424
173.843 132.011 0.0235549 0.149673 0.0536798 0.203579 5.98127 6.00089
43 29.4394 18.5747 105.497
173.843 132.011 0.0235549 0.149673 0.0536798 0.203579 5.98127 6.00089
44 29.4394 16.3218 103.055
173.843 132.011 0.0235549 0.149673 0.0536798 0.203579 5.98127 6.00089
45 29.4394 18.169 88.8157
173.843 132.011 0.0235549 0.149673 0.0536798 0.203579 5.98127 6.00089
46 29.4394 17.6281 99.672
173.843 132.011 0.0235549 0.149673 0.0536798 0.203579 5.98127 6.00089
47 29.4394 17.3905 83.1642
173.843 132.011 0.0235549 0.149673 0.0536798 0.203579 5.98127 6.00089
48 29.4394 16.3826 106.148
173.843 132.011 0.0235549 0.149673 0.0536798 0.203579 5.98127 6.00089
49 29.4394 18.2789 95.837
173.843 132.011 0.0235549 0.149673 0.0536798 0.203579 5.98127 6.00089
50 29.4394 17.4088 114.325
173.843 132.011 0.0235549 0.149673 0.0536798 0.203579 5.98127 6.00089
51 29.4394 16.164 124.535
173.843 132.011 0.0235549 0.149673 0.0536798 0.203579 5.98127 6.00089
52 29.4394 16.4786 134.582
173.843 132.011 0.0235549 0.149673 0.0536798 0.203579 5.98127 6.00089
53 29.4394 16.9399 135.314
173.843 132.011 0.0235549 0.149673 0.0536798 0.203579 5.98127 6.00089
54 29.5681 17.0974 140.833
135.356 139.209 0.0520609 0.224961 0.117498 0.227286 8.5605 6.80473
55 29.5681 17.6995 130.84
135.356 139.209 0.0520609 0.224961 0.117498 0.227286 8.5605 6.80473
56 29.5681 18.4126 116.952
135.356 139.209 0.0520609 0.224961 0.117498 0.227286 8.5605 6.80473
57 29.5681 19.981 101.726
135.356 139.209 0.0520609 0.224961 0.117498 0.227286 8.5605 6.80473
58 30.518 20.2497 98.8385
133.45 135.037 0.0523297 0.185162 0.0820783 0.219863 8.93778 6.93057
59 30.518 18.7067 102.346
133.45 135.037 0.0523297 0.185162 0.0820783 0.219863 8.93778 6.93057
60 30.518 20.7744 74.8714
133.45 135.037 0.0523297 0.185162 0.0820783 0.219863 8.93778 6.93057
61 30.8487 20.7 82.414
190.892 120.158 0.0300477 0.170805 0.0479855 0.243128 6.7291 7.48567
62 30.8487 20.552 95.8167
190.892 120.158 0.0300477 0.170805 0.0479855 0.243128 6.7291 7.48567
63 30.8487 18.2616 121.555
190.892 120.158 0.0300477 0.170805 0.0479855 0.243128 6.7291 7.48567
64 30.8487 18.279 122.963
190.892 120.158 0.0300477 0.170805 0.0479855 0.243128 6.7291 7.48567
65 30.8487 19.1309 110.605
190.892 120.158 0.0300477 0.170805 0.0479855 0.243128 6.7291 7.48567
66 31.2154 18.5945 115.854
134.063 135.332 0.0538094 0.176338 0.0830909 0.223657 9.01742 7.00144
67 34.3425 22.1342 91.7936
131.763 134.896 0.0651076 0.188033 0.089205 0.212384 9.03628 7.0097
68 34.3425 21.3137 89.332
131.763 134.896 0.0651076 0.188033 0.089205 0.212384 9.03628 7.0097
69 34.3425 18.1871 142.275
131.763 134.896 0.0651076 0.188033 0.089205 0.212384 9.03628 7.0097
70 34.3425 17.9463 118.838
131.763 134.896 0.0651076 0.188033 0.089205 0.212384 9.03628 7.0097
71 34.3425 17.3433 133.962
131.763 134.896 0.0651076 0.188033 0.089205 0.212384 9.03628 7.0097
72 34.3425 20.5717 107.327
131.763 134.896 0.0651076 0.188033 0.089205 0.212384 9.03628 7.0097
73 34.3425 20.2951 107.657
131.763 134.896 0.0651076 0.188033 0.089205 0.212384 9.03628 7.0097
74 34.3425 20.6173 96.8412
131.763 134.896 0.0651076 0.188033 0.089205 0.212384 9.03628 7.0097
75 34.3425 19.4616 121.4
131.763 134.896 0.0651076 0.188033 0.089205 0.212384 9.03628 7.0097
76 34.3425 18.3837 119.892
131.763 134.896 0.0651076 0.188033 0.089205 0.212384 9.03628 7.0097
77 34.3425 17.3694 139.891
131.763 134.896 0.0651076 0.188033 0.089205 0.212384 9.03628 7.0097
78 34.3425 20.5242 108.942
131.763 134.896 0.0651076 0.188033 0.089205 0.212384 9.03628 7.0097
79 34.3425 21.9282 91.9289
131.763 134.896 0.0651076 0.188033 0.089205 0.212384 9.03628 7.0097
80 34.3425 19.2717 117.636
131.763 134.896 0.0651076 0.188033 0.089205 0.212384 9.03628 7.0097
81 34.3425 18.8507 120.857
131.763 134.896 0.0651076 0.188033 0.089205 0.212384 9.03628 7.0097
82 34.3425 17.4652 110.276
131.763 134.896 0.0651076 0.188033 0.089205 0.212384 9.03628 7.0097
83 34.3425 18.8804 115.845
131.763 134.896 0.0651076 0.188033 0.089205 0.212384 9.03628 7.0097
84 34.3425 19.4767 111.321
131.763 134.896 0.0651076 0.188033 0.089205 0.212384 9.03628 7.0097
85 34.3425 21.2811 95.2401
131.763 134.896 0.0651076 0.188033 0.089205 0.212384 9.03628 7.0097
86 34.3425 20.4688 96.7231
131.763 134.896 0.0651076 0.188033 0.089205 0.212384 9.03628 7.0097
87 37.9086 19.2275 114.312
131.554 136.053 0.073994 0.185989 0.073994 0.226096 9.27214 6.93891
88 37.9086 20.371 101.612
131.554 136.053 0.073994 0.185989 0.073994 0.226096 9.27214 6.93891
89 37.9086 22.1539 95.7033
131.554 136.053 0.073994 0.185989 0.073994 0.226096 9.27214 6.93891
90 37.9086 21.803 98.1955
131.554 136.053 0.073994 0.185989 0.073994 0.226096 9.27214 6.93891
91 37.9086 20.3654 110.033
131.554 136.053 0.073994 0.185989 0.073994 0.226096 9.27214 6.93891
92 39.7207 20.8528 116.285
125.69 110.843 0.093487 0.167782 0.093487 0.203267 10 6.05037
93 39.7207 20.6054 119.105
125.69 110.843 0.093487 0.167782 0.093487 0.203267 10 6.05037
94 39.7207 22.4554 112.129
125.69 110.843 0.093487 0.167782 0.093487 0.203267 10 6.05037
95 39.7207 21.3476 139.647
125.69 110.843 0.093487 0.167782 0.093487 0.203267 10 6.05037
96 39.7207 19.0791 176.486
125.69 110.843 0.093487 0.167782 0.093487 0.203267 10 6.05037
97 39.7207 19.8583 149.469
125.69 110.843 0.093487 0.167782 0.093487 0.203267 10 6.05037
98 39.7207 20.447 142.019
125.69 110.843 0.093487 0.167782 0.093487 0.203267 10 6.05037
99 39.7207 20.0916 151.744
125.69 110.843 0.093487 0.167782 0.093487 0.203267 10 6.05037
100 39.7207 19.6636 167.558
125.69 110.843 0.093487 0.167782 0.093487 0.203267 10 6.05037
