0 25.9448 1.58872 26.6211
188.713 117.369 0.262042 0.00533152 0.589208 0.0689091 9.94388 6.06794
1 25.9591 3.01949 48.4972
188.712 117.368 0.262052 0.00532836 0.589201 0.0689129 9.94392 6.06802
2 25.9591 4.61082 66.046
188.712 117.368 0.262052 0.00532836 0.589201 0.0689129 9.94392 6.06802
3 25.9591 6.46041 89.9297
188.712 117.368 0.262052 0.00532836 0.589201 0.0689129 9.94392 6.06802
4 25.9591 8.29224 112.021
188.712 117.368 0.262052 0.00532836 0.589201 0.0689129 9.94392 6.06802
5 25.9591 9.79772 115.767
188.712 117.368 0.262052 0.00532836 0.589201 0.0689129 9.94392 6.06802
6 26.178 11.5968 118.906
118.598 166.374 0.025041 0.392703 0.675136 0.0661144 2.86122 7.28833
7 26.178 12.8413 121.558
118.598 166.374 0.025041 0.392703 0.675136 0.0661144 2.86122 7.28833
8 26.178 13.6306 115.031
118.598 166.374 0.025041 0.392703 0.675136 0.0661144 2.86122 7.28833
9 26.178 14.363 117.232
118.598 166.374 0.025041 0.392703 0.675136 0.0661144 2.86122 7.28833
10 26.178 12.9852 105.215
118.598 166.374 0.025041 0.392703 0.675136 0.0661144 2.86122 7.28833
11 26.2131 13.6953 104.618
200 106.185 0.0588793 0.206328 0.401247 0.0611416 9.7944 5.1521
12 26.3867 14.9458 94.8254
199.951 108.154 0.0829456 0.220738 0.40588 0.0600553 9.67642 5.43157
13 26.3867 14.2249 99.2232
199.951 108.154 0.0829456 0.220738 0.40588 0.0600553 9.67642 5.43157
14 26.3867 13.4693 89.0137
199.951 108.154 0.0829456 0.220738 0.40588 0.0600553 9.67642 5.43157
15 26.4838 14.9736 103.018
199.857 108.472 0.0674606 0.250201 0.467804 0.0801705 10 5.27331
16 26.662 16.3642 105.526
125.542 104.406 0.161509 0.224933 0.788582 0.110729 6.76099 8.47178
17 26.6956 17.0174 106.218
200 104.601 0.0887325 0.310663 0.365845 0.0325749 9.52771 6.215
18 26.7187 16.7941 92.3082
124.867 102.979 0.153662 0.238634 0.79891 0.105913 6.58657 8.52226
19 26.7187 18.5532 83.7236
124.867 102.979 0.153662 0.238634 0.79891 0.105913 6.58657 8.52226
20 27.5336 19.5666 68.3782
199.889 111.478 0.132743 0.262326 0.32967 0.101216 9.74178 5.74402
21 27.5336 18.5452 81.8393
199.889 111.478 0.132743 0.262326 0.32967 0.101216 9.74178 5.74402
22 27.5336 18.1399 88.3671
199.889 111.478 0.132743 0.262326 0.32967 0.101216 9.74178 5.74402
23 27.5336 19.2672 76.6363
199.889 111.478 0.132743 0.262326 0.32967 0.101216 9.74178 5.74402
24 27.5336 18.8023 85.6281
199.889 111.478 0.132743 0.262326 0.32967 0.101216 9.74178 5.74402
25 27.5336 18.7381 84.8464
199.889 111.478 0.132743 0.262326 0.32967 0.101216 9.74178 5.74402
26 27.6904 19.6161 70.2538
185.35 115.815 0.121532 0.208625 0.509314 0.0396519 9.82886 2.89779
27 27.6904 19.8468 63.1926
185.35 115.815 0.121532 0.208625 0.509314 0.0396519 9.82886 2.89779
28 28.0346 19.1146 69.7407
200 124.511 0.19728 0.219388 0.461217 0.196976 10 4.31289
29 28.0346 19.6431 57.6399
200 124.511 0.19728 0.219388 0.461217 0.196976 10 4.31289
30 28.2293 19.7993 52.6001
179.921 108.292 0.211183 0.341424 0.169249 0 9.79232 7.6605
31 29.2385 19.5138 53.4886
182.225 106.51 0.19933 0.353504 0.161882 0 9.92633 7.35881
32 30.6302 18.1535 63.1835
177.259 115.069 0.231203 0.360114 0 0 10 8.32477
33 30.6302 18.4078 71.4477
177.259 115.069 0.231203 0.360114 0 0 10 8.32477
34 30.6302 20.1336 77.3645
177.259 115.069 0.231203 0.360114 0 0 10 8.32477
35 30.784 20.2937 72.311
187.793 106.737 0.195813 0.349426 0.121221 0.0147069 9.39187 7.40821
36 30.784 19.9812 91.443
187.793 106.737 0.195813 0.349426 0.121221 0.0147069 9.39187 7.40821
37 30.784 20.5697 84.1724
187.793 106.737 0.195813 0.349426 0.121221 0.0147069 9.39187 7.40821
38 30.784 20.1354 99.3722
187.793 106.737 0.195813 0.349426 0.121221 0.0147069 9.39187 7.40821
39 30.784 20.6246 90.8377
187.793 106.737 0.195813 0.349426 0.121221 0.0147069 9.39187 7.40821
40 31.1871 21.684 76.8461
177.002 114.699 0.235001 0.354279 0.00209015 0 9.97987 8.31642
41 31.1871 21.749 67.4624
177.002 114.699 0.235001 0.354279 0.00209015 0 9.97987 8.31642
42 31.1871 21.5158 81.252
177.002 114.699 0.235001 0.354279 0.00209015 0 9.97987 8.31642
43 31.1871 20.7156 86.508
177.002 114.699 0.235001 0.354279 0.00209015 0 9.97987 8.31642
44 31.1871 22.0191 70.4017
177.002 114.699 0.235001 0.354279 0.00209015 0 9.97987 8.31642
45 31.1871 21.4967 74.99
177.002 114.699 0.235001 0.354279 0.00209015 0 9.97987 8.31642
46 31.1871 21.1752 84.4666
177.002 114.699 0.235001 0.354279 0.00209015 0 9.97987 8.31642
47 32.0648 22.5963 65.7399
175.314 115.733 0.225801 0.352059 0 0.0104156 9.98319 8.22778
48 32.7796 22.5905 75.6048
174.118 116.523 0.224667 0.343578 0 0.0307713 9.92214 8.10529
49 32.7796 23.1209 71.9799
174.118 116.523 0.224667 0.343578 0 0.0307713 9.92214 8.10529
50 32.7796 22.3203 78.9108
174.118 116.523 0.224667 0.343578 0 0.0307713 9.92214 8.10529
51 32.7796 23.0745 54.1881
174.118 116.523 0.224667 0.343578 0 0.0307713 9.92214 8.10529
52 32.7796 23.1962 71.8651
174.118 116.523 0.224667 0.343578 0 0.0307713 9.92214 8.10529
53 32.7796 23.3876 62.7119
174.118 116.523 0.224667 0.343578 0 0.0307713 9.92214 8.10529
54 32.7796 23.1674 65.889
174.118 116.523 0.224667 0.343578 0 0.0307713 9.92214 8.10529
55 32.7796 22.3754 93.3476
174.118 116.523 0.224667 0.343578 0 0.0307713 9.92214 8.10529
56 32.7796 23.0277 78.56
174.118 116.523 0.224667 0.343578 0 0.0307713 9.92214 8.10529
57 34.2128 24.1311 61.4745
177.565 116.05 0.222737 0.343917 0.0101616 0.0100328 9.96807 8.56029
58 34.2128 24.2194 66.9008
177.565 116.05 0.222737 0.343917 0.0101616 0.0100328 9.96807 8.56029
59 34.2128 24.2853 55.4489
177.565 116.05 0.222737 0.343917 0.0101616 0.0100328 9.96807 8.56029
60 34.2128 22.0308 94.622
177.565 116.05 0.222737 0.343917 0.0101616 0.0100328 9.96807 8.56029
61 34.2128 21.5576 99.3236
177.565 116.05 0.222737 0.343917 0.0101616 0.0100328 9.96807 8.56029
62 34.2128 21.2195 110.515
177.565 116.05 0.222737 0.343917 0.0101616 0.0100328 9.96807 8.56029
63 34.2128 22.0473 96.9522
177.565 116.05 0.222737 0.343917 0.0101616 0.0100328 9.96807 8.56029
64 34.2128 21.7864 88.1605
177.565 116.05 0.222737 0.343917 0.0101616 0.0100328 9.96807 8.56029
65 34.2128 21.8852 99.752
177.565 116.05 0.222737 0.343917 0.0101616 0.0100328 9.96807 8.56029
66 34.2128 21.5879 87.9817
177.565 116.05 0.222737 0.343917 0.0101616 0.0100328 9.96807 8.56029
67 34.2128 23.1116 69.8642
177.565 116.05 0.222737 0.343917 0.0101616 0.0100328 9.96807 8.56029
68 34.2128 20.8003 117.323
177.565 116.05 0.222737 0.343917 0.0101616 0.0100328 9.96807 8.56029
69 34.2128 21.9509 114.42
177.565 116.05 0.222737 0.343917 0.0101616 0.0100328 9.96807 8.56029
70 34.2128 22.3692 109.137
177.565 116.05 0.222737 0.343917 0.0101616 0.0100328 9.96807 8.56029
71 34.2128 22.5707 102.53
177.565 116.05 0.222737 0.343917 0.0101616 0.0100328 9.96807 8.56029
72 34.2128 22.0309 115.949
177.565 116.05 0.222737 0.343917 0.0101616 0.0100328 9.96807 8.56029
73 34.2128 23.0633 97.3388
177.565 116.05 0.222737 0.343917 0.0101616 0.0100328 9.96807 8.56029
74 34.2128 23.0583 87.4525
177.565 116.05 0.222737 0.343917 0.0101616 0.0100328 9.96807 8.56029
75 34.2128 23.0659 85.9453
177.565 116.05 0.222737 0.343917 0.0101616 0.0100328 9.96807 8.56029
76 34.2128 22.6902 87.9822
177.565 116.05 0.222737 0.343917 0.0101616 0.0100328 9.96807 8.56029
77 34.2128 22.3488 104.07
177.565 116.05 0.222737 0.343917 0.0101616 0.0100328 9.96807 8.56029
78 34.2128 23.4254 71.7458
177.565 116.05 0.222737 0.343917 0.0101616 0.0100328 9.96807 8.56029
79 34.2128 21.3889 107.072
177.565 116.05 0.222737 0.343917 0.0101616 0.0100328 9.96807 8.56029
80 34.2128 22.0303 91.1794
177.565 116.05 0.222737 0.343917 0.0101616 0.0100328 9.96807 8.56029
81 34.2128 23.074 73.6327
177.565 116.05 0.222737 0.343917 0.0101616 0.0100328 9.96807 8.56029
82 34.2128 21.9596 93.7355
177.565 116.05 0.222737 0.343917 0.0101616 0.0100328 9.96807 8.56029
83 34.2128 21.3577 104.816
177.565 116.05 0.222737 0.343917 0.0101616 0.0100328 9.96807 8.56029
84 34.2128 20.7486 121.584
177.565 116.05 0.222737 0.343917 0.0101616 0.0100328 9.96807 8.56029
85 34.2128 20.9618 120.231
177.565 116.05 0.222737 0.343917 0.0101616 0.0100328 9.96807 8.56029
86 34.2128 21.1407 123.874
177.565 116.05 0.222737 0.343917 0.0101616 0.0100328 9.96807 8.56029
87 34.2128 21.3277 113.397
177.565 116.05 0.222737 0.343917 0.0101616 0.0100328 9.96807 8.56029
88 34.2128 21.9525 100.509
177.565 116.05 0.222737 0.343917 0.0101616 0.0100328 9.96807 8.56029
89 34.2128 23.0839 95.325
177.565 116.05 0.222737 0.343917 0.0101616 0.0100328 9.96807 8.56029
90 34.2128 23.6386 85.0689
177.565 116.05 0.222737 0.343917 0.0101616 0.0100328 9.96807 8.56029
91 34.2128 22.9564 89.4838
177.565 116.05 0.222737 0.343917 0.0101616 0.0100328 9.96807 8.56029
92 34.2128 23.2034 77.4298
177.565 116.05 0.222737 0.343917 0.0101616 0.0100328 9.96807 8.56029
93 34.5349 24.1549 75.6815
176.311 114.486 0.22549 0.348584 0.0041892 0.00175085 9.87877 8.47634
94 34.5349 23.0179 91.996
176.311 114.486 0.22549 0.348584 0.0041892 0.00175085 9.87877 8.47634
95 34.5349 21.1678 114.971
176.311 114.486 0.22549 0.348584 0.0041892 0.00175085 9.87877 8.47634
96 34.5349 21.2131 104.462
176.311 114.486 0.22549 0.348584 0.0041892 0.00175085 9.87877 8.47634
97 34.5349 21.4622 99.6704
176.311 114.486 0.22549 0.348584 0.0041892 0.00175085 9.87877 8.47634
98 34.5349 21.8619 100.584
176.311 114.486 0.22549 0.348584 0.0041892 0.00175085 9.87877 8.47634
99 34.5349 20.4577 103.577
176.311 114.486 0.22549 0.348584 0.0041892 0.00175085 9.87877 8.47634
100 34.5349 20.546 110.384
176.311 114.486 0.22549 0.348584 0.0041892 0.00175085 9.87877 8.47634
