0 0.994441 0.0648147 0.0481594
147.655 119.433 188.479 0.268729 0.438783 0.392004 0.244755 0.102712 0.546687 1.84122 2.77722 3.22467
1 0.996805 0.115442 0.0908333
145.027 121.729 189.609 0.306366 0.464497 0.375482 0.232607 0.0735215 0.512841 2.12932 2.29869 3.16349
2 0.996921 0.213945 0.159505
144.845 121.341 189.597 0.301236 0.460852 0.377672 0.23127 0.0732444 0.51412 2.08818 2.32874 3.14644
3 0.996921 0.239422 0.162932
144.845 121.341 189.597 0.301236 0.460852 0.377672 0.23127 0.0732444 0.51412 2.08818 2.32874 3.14644
4 0.996921 0.26081 0.188148
144.845 121.341 189.597 0.301236 0.460852 0.377672 0.23127 0.0732444 0.51412 2.08818 2.32874 3.14644
5 0.996956 0.361673 0.226696
144.743 120.128 189.084 0.304095 0.462622 0.388768 0.231852 0.071843 0.512537 2.03987 2.36931 3.12471
6 0.996956 0.411767 0.238923
144.743 120.128 189.084 0.304095 0.462622 0.388768 0.231852 0.071843 0.512537 2.03987 2.36931 3.12471
7 1.00061 0.412783 0.238412
144.464 124.23 187.177 0.277756 0.381707 0.391291 0.195318 0.059187 0.484457 1.58019 2.6161 2.75348
8 1.00061 0.436293 0.231366
144.464 124.23 187.177 0.277756 0.381707 0.391291 0.195318 0.059187 0.484457 1.58019 2.6161 2.75348
9 1.00061 0.369689 0.222793
144.464 124.23 187.177 0.277756 0.381707 0.391291 0.195318 0.059187 0.484457 1.58019 2.6161 2.75348
10 1.00061 0.371491 0.22132
144.464 124.23 187.177 0.277756 0.381707 0.391291 0.195318 0.059187 0.484457 1.58019 2.6161 2.75348
11 1.01124 0.443731 0.226776
121.64 116.221 197.961 0.329502 0.293627 0.257296 0.358517 0 0.159512 1.86113 3.58333 2.78984
12 1.01124 0.42289 0.234116
121.64 116.221 197.961 0.329502 0.293627 0.257296 0.358517 0 0.159512 1.86113 3.58333 2.78984
13 1.01124 0.422819 0.209623
121.64 116.221 197.961 0.329502 0.293627 0.257296 0.358517 0 0.159512 1.86113 3.58333 2.78984
14 1.01142 0.497545 0.22969
121.275 116.804 197.471 0.329554 0.285301 0.262574 0.35897 0 0.141397 1.96164 3.70867 2.8329
15 1.01557 0.545862 0.228838
122.562 118.127 195.826 0.316205 0.277231 0.255832 0.380034 0.018638 0.140496 1.81147 3.48262 2.64178
16 1.01557 0.641572 0.212434
122.562 118.127 195.826 0.316205 0.277231 0.255832 0.380034 0.018638 0.140496 1.81147 3.48262 2.64178
17 1.92553 0.56948 0.332294
119.615 120.105 192.083 0.379144 0.264593 0.210356 0.36132 0.00543595 0.122297 2.1228 2.52992 1.05323
18 1.92553 0.590008 0.407196
119.615 120.105 192.083 0.379144 0.264593 0.210356 0.36132 0.00543595 0.122297 2.1228 2.52992 1.05323
19 1.92553 0.496339 0.40738
119.615 120.105 192.083 0.379144 0.264593 0.210356 0.36132 0.00543595 0.122297 2.1228 2.52992 1.05323
20 1.92553 0.516564 0.511577
119.615 120.105 192.083 0.379144 0.264593 0.210356 0.36132 0.00543595 0.122297 2.1228 2.52992 1.05323
21 1.92553 0.703444 0.594323
119.615 120.105 192.083 0.379144 0.264593 0.210356 0.36132 0.00543595 0.122297 2.1228 2.52992 1.05323
22 1.92668 0.797414 0.714354
123.397 106.595 193.827 0.337376 0.292867 0.140636 0.345202 0 0.155005 2.83497 2.59356 0.460759
23 1.93496 0.84504 0.679772
124.83 128.608 193.249 0.299155 0.19135 0.0787207 0.331042 0.0503258 0.0277871 2.16109 3.33245 1.15118
24 1.93743 0.936818 0.776974
118.823 121.893 190.189 0.366838 0.270031 0.232727 0.338807 0.0716661 0.0897569 2.30777 2.94013 1.34933
25 1.94639 0.987325 0.850569
115.239 125.75 191.042 0.454013 0.270141 0.179308 0.413993 0.0065367 0 2.57671 3.50274 1.26601
26 1.94639 0.915563 0.816268
115.239 125.75 191.042 0.454013 0.270141 0.179308 0.413993 0.0065367 0 2.57671 3.50274 1.26601
27 1.95018 1.13115 0.784645
126.575 130.012 187.456 0.245638 0.174126 0.114951 0.263588 0.028101 0 1.68505 3.31799 1.61694
28 1.95018 1.05912 0.715575
126.575 130.012 187.456 0.245638 0.174126 0.114951 0.263588 0.028101 0 1.68505 3.31799 1.61694
29 1.95018 0.868734 0.803181
126.575 130.012 187.456 0.245638 0.174126 0.114951 0.263588 0.028101 0 1.68505 3.31799 1.61694
30 1.95018 0.820011 0.839024
126.575 130.012 187.456 0.245638 0.174126 0.114951 0.263588 0.028101 0 1.68505 3.31799 1.61694
31 1.95018 0.866922 0.8008
126.575 130.012 187.456 0.245638 0.174126 0.114951 0.263588 0.028101 0 1.68505 3.31799 1.61694
32 1.95018 0.988026 0.760622
126.575 130.012 187.456 0.245638 0.174126 0.114951 0.263588 0.028101 0 1.68505 3.31799 1.61694
33 1.953 0.675338 0.727378
118.98 132.767 192.77 0.350164 0.195336 0.0750219 0.396982 0.0679961 0 1.32641 3.22063 1.04785
34 1.953 0.865968 0.721035
118.98 132.767 192.77 0.350164 0.195336 0.0750219 0.396982 0.0679961 0 1.32641 3.22063 1.04785
35 1.953 0.868326 0.665545
118.98 132.767 192.77 0.350164 0.195336 0.0750219 0.396982 0.0679961 0 1.32641 3.22063 1.04785
36 1.953 1.03283 0.711554
118.98 132.767 192.77 0.350164 0.195336 0.0750219 0.396982 0.0679961 0 1.32641 3.22063 1.04785
37 1.95315 0.940136 0.762248
118.847 132.759 192.763 0.354113 0.192841 0.0788316 0.396325 0.0722086 0.00324444 1.35108 3.20219 1.05101
38 1.95315 0.772596 0.63202
118.847 132.759 192.763 0.354113 0.192841 0.0788316 0.396325 0.0722086 0.00324444 1.35108 3.20219 1.05101
39 1.95315 0.819752 0.796316
118.847 132.759 192.763 0.354113 0.192841 0.0788316 0.396325 0.0722086 0.00324444 1.35108 3.20219 1.05101
40 1.95315 1.03348 0.735472
118.847 132.759 192.763 0.354113 0.192841 0.0788316 0.396325 0.0722086 0.00324444 1.35108 3.20219 1.05101
41 1.95315 1.03342 0.830909
118.847 132.759 192.763 0.354113 0.192841 0.0788316 0.396325 0.0722086 0.00324444 1.35108 3.20219 1.05101
42 1.95315 0.823246 0.750152
118.847 132.759 192.763 0.354113 0.192841 0.0788316 0.396325 0.0722086 0.00324444 1.35108 3.20219 1.05101
43 1.95315 0.893996 0.686504
118.847 132.759 192.763 0.354113 0.192841 0.0788316 0.396325 0.0722086 0.00324444 1.35108 3.20219 1.05101
44 1.95315 1.03489 0.740258
118.847 132.759 192.763 0.354113 0.192841 0.0788316 0.396325 0.0722086 0.00324444 1.35108 3.20219 1.05101
45 1.95315 1.03145 0.785057
118.847 132.759 192.763 0.354113 0.192841 0.0788316 0.396325 0.0722086 0.00324444 1.35108 3.20219 1.05101
46 1.95315 0.866774 0.786735
118.847 132.759 192.763 0.354113 0.192841 0.0788316 0.396325 0.0722086 0.00324444 1.35108 3.20219 1.05101
47 1.95315 0.891367 0.855021
118.847 132.759 192.763 0.354113 0.192841 0.0788316 0.396325 0.0722086 0.00324444 1.35108 3.20219 1.05101
48 1.95319 1.03381 0.717967
118.673 132.963 192.643 0.35427 0.183832 0.0787815 0.403683 0.0731657 0.00209825 1.35322 3.19563 1.10074
49 2.87537 1.15334 0.913166
100 125.013 194.479 0.334701 0.0158124 0.0276441 0.284042 0.150915 0 1.06828 2.58598 1.10901
50 2.87537 0.940041 0.998844
100 125.013 194.479 0.334701 0.0158124 0.0276441 0.284042 0.150915 0 1.06828 2.58598 1.10901
