0 1.5193 0.0995762 0.112581
139.931 184.927 0.194937 0.513072 0.629387 0.979899 3.18717 1.93014
1 4.33082 0.533391 1.35963
150.414 187.516 0.172088 0.613615 0.691304 0.906054 4.10758 2.21556
2 4.38605 0.96777 2.92161
126.564 162.304 0.0332331 0.484495 0.63187 0.782378 6.13218 8.11758
3 4.38605 0.679742 2.09136
126.564 162.304 0.0332331 0.484495 0.63187 0.782378 6.13218 8.11758
4 7.20703 1.40045 5.3312
141.687 181.545 0.127617 0.459654 0.662446 0.990878 3.8106 2.55252
5 7.20703 1.54589 7.02635
141.687 181.545 0.127617 0.459654 0.662446 0.990878 3.8106 2.55252
6 7.20703 1.97539 7.86644
141.687 181.545 0.127617 0.459654 0.662446 0.990878 3.8106 2.55252
7 7.21597 1.9733 7.42042
144.645 186.933 0.158765 0.451239 0.615208 0.979271 3.99318 2.64411
8 8.61874 2.6156 8.37414
123.6 180.714 0.120627 0.454166 0.64959 0.920928 3.62164 2.89179
9 8.61874 3.12115 9.42561
123.6 180.714 0.120627 0.454166 0.64959 0.920928 3.62164 2.89179
10 8.61874 2.6115 7.99448
123.6 180.714 0.120627 0.454166 0.64959 0.920928 3.62164 2.89179
11 8.61874 2.68077 9.82246
123.6 180.714 0.120627 0.454166 0.64959 0.920928 3.62164 2.89179
12 8.61874 2.89205 7.14873
123.6 180.714 0.120627 0.454166 0.64959 0.920928 3.62164 2.89179
13 8.61874 2.82689 7.65827
123.6 180.714 0.120627 0.454166 0.64959 0.920928 3.62164 2.89179
14 8.61874 2.75071 8.5864
123.6 180.714 0.120627 0.454166 0.64959 0.920928 3.62164 2.89179
15 8.61874 2.96533 10.0078
123.6 180.714 0.120627 0.454166 0.64959 0.920928 3.62164 2.89179
16 8.61874 3.75454 9.61933
123.6 180.714 0.120627 0.454166 0.64959 0.920928 3.62164 2.89179
17 8.61874 3.83559 9.54613
123.6 180.714 0.120627 0.454166 0.64959 0.920928 3.62164 2.89179
18 8.61874 3.10445 7.62362
123.6 180.714 0.120627 0.454166 0.64959 0.920928 3.62164 2.89179
19 8.61874 2.82794 7.89317
123.6 180.714 0.120627 0.454166 0.64959 0.920928 3.62164 2.89179
20 8.61874 2.977 8.17101
123.6 180.714 0.120627 0.454166 0.64959 0.920928 3.62164 2.89179
21 8.61874 3.04993 8.04179
123.6 180.714 0.120627 0.454166 0.64959 0.920928 3.62164 2.89179
22 8.61874 2.18368 8.00636
123.6 180.714 0.120627 0.454166 0.64959 0.920928 3.62164 2.89179
23 8.61874 2.04765 8.10172
123.6 180.714 0.120627 0.454166 0.64959 0.920928 3.62164 2.89179
24 10.0504 3.03598 12.7186
131.728 160.789 0.13463 0.450437 0.503674 0.862709 4.14341 2.93701
25 10.0504 2.60899 10.5188
131.728 160.789 0.13463 0.450437 0.503674 0.862709 4.14341 2.93701
26 10.0504 2.25612 9.64607
131.728 160.789 0.13463 0.450437 0.503674 0.862709 4.14341 2.93701
27 10.0504 2.9827 9.42605
131.728 160.789 0.13463 0.450437 0.503674 0.862709 4.14341 2.93701
28 10.0504 2.93112 10.4089
131.728 160.789 0.13463 0.450437 0.503674 0.862709 4.14341 2.93701
29 10.0504 2.83366 9.81638
131.728 160.789 0.13463 0.450437 0.503674 0.862709 4.14341 2.93701
30 10.0504 2.8495 9.64913
131.728 160.789 0.13463 0.450437 0.503674 0.862709 4.14341 2.93701
31 10.0504 2.47505 8.66234
131.728 160.789 0.13463 0.450437 0.503674 0.862709 4.14341 2.93701
32 10.0504 3.11383 8.4992
131.728 160.789 0.13463 0.450437 0.503674 0.862709 4.14341 2.93701
33 10.0504 2.9192 7.11116
131.728 160.789 0.13463 0.450437 0.503674 0.862709 4.14341 2.93701
34 10.0504 2.47813 8.69321
131.728 160.789 0.13463 0.450437 0.503674 0.862709 4.14341 2.93701
35 10.0504 2.61342 9.39485
131.728 160.789 0.13463 0.450437 0.503674 0.862709 4.14341 2.93701
36 10.0504 3.46469 8.31197
131.728 160.789 0.13463 0.450437 0.503674 0.862709 4.14341 2.93701
37 10.0504 3.03162 11.7943
131.728 160.789 0.13463 0.450437 0.503674 0.862709 4.14341 2.93701
38 10.0504 2.97388 9.81109
131.728 160.789 0.13463 0.450437 0.503674 0.862709 4.14341 2.93701
39 10.0504 2.54521 11.2276
131.728 160.789 0.13463 0.450437 0.503674 0.862709 4.14341 2.93701
40 10.0504 3.47645 12.243
131.728 160.789 0.13463 0.450437 0.503674 0.862709 4.14341 2.93701
41 10.0504 2.84033 10.001
131.728 160.789 0.13463 0.450437 0.503674 0.862709 4.14341 2.93701
42 10.0504 3.56563 10.9028
131.728 160.789 0.13463 0.450437 0.503674 0.862709 4.14341 2.93701
43 10.0504 4.19653 12.021
131.728 160.789 0.13463 0.450437 0.503674 0.862709 4.14341 2.93701
44 10.0987 3.40941 12.7703
131.694 160.567 0.142922 0.450726 0.503945 0.866277 4.08246 2.94025
45 10.0987 3.9151 9.25081
131.694 160.567 0.142922 0.450726 0.503945 0.866277 4.08246 2.94025
46 10.0987 3.12896 10.6654
131.694 160.567 0.142922 0.450726 0.503945 0.866277 4.08246 2.94025
47 10.0987 3.34276 9.62887
131.694 160.567 0.142922 0.450726 0.503945 0.866277 4.08246 2.94025
48 10.0987 3.11936 11.7859
131.694 160.567 0.142922 0.450726 0.503945 0.866277 4.08246 2.94025
49 10.0987 3.26431 8.50403
131.694 160.567 0.142922 0.450726 0.503945 0.866277 4.08246 2.94025
50 10.0987 2.83435 7.94093
131.694 160.567 0.142922 0.450726 0.503945 0.866277 4.08246 2.94025
51 10.0987 2.63154 10.7836
131.694 160.567 0.142922 0.450726 0.503945 0.866277 4.08246 2.94025
52 10.0987 2.62772 10.1491
131.694 160.567 0.142922 0.450726 0.503945 0.866277 4.08246 2.94025
53 10.0987 3.40402 13.9409
131.694 160.567 0.142922 0.450726 0.503945 0.866277 4.08246 2.94025
54 10.0987 3.2775 14.474
131.694 160.567 0.142922 0.450726 0.503945 0.866277 4.08246 2.94025
55 10.0987 2.91076 12.2322
131.694 160.567 0.142922 0.450726 0.503945 0.866277 4.08246 2.94025
56 10.0987 3.19244 11.707
131.694 160.567 0.142922 0.450726 0.503945 0.866277 4.08246 2.94025
57 10.0987 3.41257 13.6137
131.694 160.567 0.142922 0.450726 0.503945 0.866277 4.08246 2.94025
58 10.1469 3.26878 11.8079
128.66 146.572 0.169646 0.467076 0.422644 0.899394 6.02239 4.2435
59 10.1469 2.6166 11.0952
128.66 146.572 0.169646 0.467076 0.422644 0.899394 6.02239 4.2435
60 10.1802 3.18736 14.6445
128.933 147.239 0.165596 0.464863 0.413496 0.900874 6.00907 4.24463
61 10.1802 3.3491 14.7541
128.933 147.239 0.165596 0.464863 0.413496 0.900874 6.00907 4.24463
62 10.1802 3.71196 14.6773
128.933 147.239 0.165596 0.464863 0.413496 0.900874 6.00907 4.24463
63 10.1802 3.63567 13.1379
128.933 147.239 0.165596 0.464863 0.413496 0.900874 6.00907 4.24463
64 10.1802 3.71709 11.5891
128.933 147.239 0.165596 0.464863 0.413496 0.900874 6.00907 4.24463
65 10.1957 3.66418 14.6224
129.101 147.399 0.162717 0.463661 0.418701 0.899935 6.00203 4.2357
66 10.1957 3.43816 15.5565
129.101 147.399 0.162717 0.463661 0.418701 0.899935 6.00203 4.2357
67 10.1957 3.14974 15.3095
129.101 147.399 0.162717 0.463661 0.418701 0.899935 6.00203 4.2357
68 10.1957 3.07368 12.3684
129.101 147.399 0.162717 0.463661 0.418701 0.899935 6.00203 4.2357
69 10.1957 2.92642 12.1386
129.101 147.399 0.162717 0.463661 0.418701 0.899935 6.00203 4.2357
70 10.1957 2.42507 11.6534
129.101 147.399 0.162717 0.463661 0.418701 0.899935 6.00203 4.2357
71 10.1957 3.92372 14.5293
129.101 147.399 0.162717 0.463661 0.418701 0.899935 6.00203 4.2357
72 10.1957 4.28319 13.5565
129.101 147.399 0.162717 0.463661 0.418701 0.899935 6.00203 4.2357
73 10.1957 3.51233 10.8453
129.101 147.399 0.162717 0.463661 0.418701 0.899935 6.00203 4.2357
74 10.2597 4.58712 14.6535
128.688 147.413 0.162875 0.459025 0.423827 0.892508 5.99465 4.2793
75 10.2597 4.59048 17.8723
128.688 147.413 0.162875 0.459025 0.423827 0.892508 5.99465 4.2793
76 10.2597 3.79168 18.336
128.688 147.413 0.162875 0.459025 0.423827 0.892508 5.99465 4.2793
77 10.2597 3.07789 15.414
128.688 147.413 0.162875 0.459025 0.423827 0.892508 5.99465 4.2793
78 10.2597 2.36566 12.0724
128.688 147.413 0.162875 0.459025 0.423827 0.892508 5.99465 4.2793
79 10.2597 3.01655 14.6912
128.688 147.413 0.162875 0.459025 0.423827 0.892508 5.99465 4.2793
80 11.5578 3.44098 14.8922
126.076 143.003 0.0646495 0.474387 0.286534 0.985358 4.09497 4.66184
81 11.5578 2.93575 15.4239
126.076 143.003 0.0646495 0.474387 0.286534 0.985358 4.09497 4.66184
82 11.5578 2.5655 15.8121
126.076 143.003 0.0646495 0.474387 0.286534 0.985358 4.09497 4.66184
83 11.5578 3.4316 17.8209
126.076 143.003 0.0646495 0.474387 0.286534 0.985358 4.09497 4.66184
84 11.5578 3.49397 17.7355
126.076 143.003 0.0646495 0.474387 0.286534 0.985358 4.09497 4.66184
85 11.6881 3.64351 23.6959
124.255 143.13 0.0503029 0.480052 0.282829 0.979161 4.08315 4.79153
86 11.6881 2.27095 14.8961
124.255 143.13 0.0503029 0.480052 0.282829 0.979161 4.08315 4.79153
87 11.6881 2.48479 14.5102
124.255 143.13 0.0503029 0.480052 0.282829 0.979161 4.08315 4.79153
88 11.6881 2.62441 13.3463
124.255 143.13 0.0503029 0.480052 0.282829 0.979161 4.08315 4.79153
89 11.6881 2.77107 15.7936
124.255 143.13 0.0503029 0.480052 0.282829 0.979161 4.08315 4.79153
90 11.6881 3.00119 17.0832
124.255 143.13 0.0503029 0.480052 0.282829 0.979161 4.08315 4.79153
91 11.6881 3.55545 18.0019
124.255 143.13 0.0503029 0.480052 0.282829 0.979161 4.08315 4.79153
92 11.6881 4.36255 20.0501
124.255 143.13 0.0503029 0.480052 0.282829 0.979161 4.08315 4.79153
93 11.6881 3.41349 20.7095
124.255 143.13 0.0503029 0.480052 0.282829 0.979161 4.08315 4.79153
94 12.8916 4.28315 26.7065
116.65 140.761 0.120471 0.466677 0.353653 0.918268 2.68299 6.21768
95 12.8916 2.75961 18.5414
116.65 140.761 0.120471 0.466677 0.353653 0.918268 2.68299 6.21768
96 12.8916 4.20636 23.1315
116.65 140.761 0.120471 0.466677 0.353653 0.918268 2.68299 6.21768
97 12.9123 3.40786 22.6287
117.143 140.471 0.125253 0.46891 0.338127 0.917675 2.64071 6.12241
98 12.9123 3.84442 23.4966
117.143 140.471 0.125253 0.46891 0.338127 0.917675 2.64071 6.12241
99 12.9123 3.57063 23.5905
117.143 140.471 0.125253 0.46891 0.338127 0.917675 2.64071 6.12241
100 12.9123 4.07414 24.912
117.143 140.471 0.125253 0.46891 0.338127 0.917675 2.64071 6.12241
