0 10.1518 2.10721 10.0647
195.229 124.599 0.246267 0.159454 0.712507 0.302258 8.86769 2.0411
1 16.0439 3.24552 20.9443
142.638 137.729 0.36444 0.223334 0.121716 0.335738 5.46764 1.04344
2 16.0439 4.33441 24.3709
142.638 137.729 0.36444 0.223334 0.121716 0.335738 5.46764 1.04344
3 18.6672 5.19378 35.4597
141.944 131.267 0.418242 0.129831 0.205117 0.325714 5.84031 1.69076
4 18.6672 5.33029 44.1875
141.944 131.267 0.418242 0.129831 0.205117 0.325714 5.84031 1.69076
5 23.1395 7.84874 55.1647
145.424 150.163 0.325672 0.204073 0.0172241 0.339812 7.64933 0
6 23.1395 8.67941 58.0022
145.424 150.163 0.325672 0.204073 0.0172241 0.339812 7.64933 0
7 24.5571 9.81451 73.1223
137.109 132.286 0.335808 0.134498 0.0801137 0.301587 5.14333 1.8297
8 24.744 9.88738 86.2962
137.528 134.421 0.305773 0.163237 0.10655 0.304945 5.15595 1.77568
9 24.8747 10.8859 90.42
138.863 129.996 0.317738 0.1525 0.0920262 0.35004 5.44963 2.0385
10 24.8747 11.4697 78.5061
138.863 129.996 0.317738 0.1525 0.0920262 0.35004 5.44963 2.0385
11 24.8747 10.5304 63.5171
138.863 129.996 0.317738 0.1525 0.0920262 0.35004 5.44963 2.0385
12 24.8747 9.6757 75.8807
138.863 129.996 0.317738 0.1525 0.0920262 0.35004 5.44963 2.0385
13 24.8747 10.0436 84.1426
138.863 129.996 0.317738 0.1525 0.0920262 0.35004 5.44963 2.0385
14 24.8747 8.85288 76.4023
138.863 129.996 0.317738 0.1525 0.0920262 0.35004 5.44963 2.0385
15 24.8747 9.16709 74.8797
138.863 129.996 0.317738 0.1525 0.0920262 0.35004 5.44963 2.0385
16 24.8747 8.79478 59.9005
138.863 129.996 0.317738 0.1525 0.0920262 0.35004 5.44963 2.0385
17 26.0754 9.39714 92.615
138.94 135.721 0.318508 0.120892 0.115133 0.315562 5.27548 1.86618
18 26.2226 9.04179 87.2669
136.441 133.138 0.311823 0.143986 0.094669 0.290603 5.1107 1.67794
19 26.2226 9.84967 81.0423
136.441 133.138 0.311823 0.143986 0.094669 0.290603 5.1107 1.67794
20 26.2226 9.00944 74.2579
136.441 133.138 0.311823 0.143986 0.094669 0.290603 5.1107 1.67794
21 26.2226 10.9054 88.5234
136.441 133.138 0.311823 0.143986 0.094669 0.290603 5.1107 1.67794
22 26.2226 11.229 86.4878
136.441 133.138 0.311823 0.143986 0.094669 0.290603 5.1107 1.67794
23 26.2226 11.4754 107.166
136.441 133.138 0.311823 0.143986 0.094669 0.290603 5.1107 1.67794
24 26.2226 12.2237 86.1292
136.441 133.138 0.311823 0.143986 0.094669 0.290603 5.1107 1.67794
25 26.2226 9.08572 74.4573
136.441 133.138 0.311823 0.143986 0.094669 0.290603 5.1107 1.67794
26 26.2226 8.29402 87.1525
136.441 133.138 0.311823 0.143986 0.094669 0.290603 5.1107 1.67794
27 26.2226 9.65578 105.408
136.441 133.138 0.311823 0.143986 0.094669 0.290603 5.1107 1.67794
28 26.2226 10.3469 103.439
136.441 133.138 0.311823 0.143986 0.094669 0.290603 5.1107 1.67794
29 26.2226 10.2367 74.8274
136.441 133.138 0.311823 0.143986 0.094669 0.290603 5.1107 1.67794
30 26.2226 11.7976 71.1797
136.441 133.138 0.311823 0.143986 0.094669 0.290603 5.1107 1.67794
31 26.2226 11.1505 48.8216
136.441 133.138 0.311823 0.143986 0.094669 0.290603 5.1107 1.67794
32 26.2226 13.1775 78.0217
136.441 133.138 0.311823 0.143986 0.094669 0.290603 5.1107 1.67794
33 26.2226 13.8985 94.7028
136.441 133.138 0.311823 0.143986 0.094669 0.290603 5.1107 1.67794
34 26.2714 12.9014 102.2
135.649 132.751 0.307647 0.133037 0.09725 0.285318 5.10647 1.7331
35 26.2714 13.9146 96.2894
135.649 132.751 0.307647 0.133037 0.09725 0.285318 5.10647 1.7331
36 26.2714 13.429 71.3008
135.649 132.751 0.307647 0.133037 0.09725 0.285318 5.10647 1.7331
37 26.2714 12.4758 78.0549
135.649 132.751 0.307647 0.133037 0.09725 0.285318 5.10647 1.7331
38 26.2714 12.158 89.3922
135.649 132.751 0.307647 0.133037 0.09725 0.285318 5.10647 1.7331
39 26.2714 10.8268 76.001
135.649 132.751 0.307647 0.133037 0.09725 0.285318 5.10647 1.7331
40 26.2714 10.4901 86.5821
135.649 132.751 0.307647 0.133037 0.09725 0.285318 5.10647 1.7331
41 26.2714 9.42223 69.6917
135.649 132.751 0.307647 0.133037 0.09725 0.285318 5.10647 1.7331
42 26.2714 9.39952 82.1512
135.649 132.751 0.307647 0.133037 0.09725 0.285318 5.10647 1.7331
43 26.2714 9.73555 100.134
135.649 132.751 0.307647 0.133037 0.09725 0.285318 5.10647 1.7331
44 26.2714 11.3403 73.2579
135.649 132.751 0.307647 0.133037 0.09725 0.285318 5.10647 1.7331
45 26.2714 12.3547 79.9594
135.649 132.751 0.307647 0.133037 0.09725 0.285318 5.10647 1.7331
46 26.2714 11.8868 73.5726
135.649 132.751 0.307647 0.133037 0.09725 0.285318 5.10647 1.7331
47 26.2714 10.8948 65.4136
135.649 132.751 0.307647 0.133037 0.09725 0.285318 5.10647 1.7331
48 26.2714 10.5992 65.6158
135.649 132.751 0.307647 0.133037 0.09725 0.285318 5.10647 1.7331
49 26.2714 11.1112 60.2437
135.649 132.751 0.307647 0.133037 0.09725 0.285318 5.10647 1.7331
50 26.2714 11.1167 71.3546
135.649 132.751 0.307647 0.133037 0.09725 0.285318 5.10647 1.7331
51 26.2714 9.08097 83.6459
135.649 132.751 0.307647 0.133037 0.09725 0.285318 5.10647 1.7331
52 26.2714 9.98481 61.7781
135.649 132.751 0.307647 0.133037 0.09725 0.285318 5.10647 1.7331
53 26.2714 10.5757 54.6617
135.649 132.751 0.307647 0.133037 0.09725 0.285318 5.10647 1.7331
54 26.2714 11.5561 59.0686
135.649 132.751 0.307647 0.133037 0.09725 0.285318 5.10647 1.7331
55 26.2714 12.3055 62.9967
135.649 132.751 0.307647 0.133037 0.09725 0.285318 5.10647 1.7331
56 26.2714 10.4269 90.8254
135.649 132.751 0.307647 0.133037 0.09725 0.285318 5.10647 1.7331
57 26.2714 11.9995 79.3439
135.649 132.751 0.307647 0.133037 0.09725 0.285318 5.10647 1.7331
58 26.2714 12.1561 79.0016
135.649 132.751 0.307647 0.133037 0.09725 0.285318 5.10647 1.7331
59 26.2714 13.3676 90.041
135.649 132.751 0.307647 0.133037 0.09725 0.285318 5.10647 1.7331
60 26.2714 12.2934 92.7337
135.649 132.751 0.307647 0.133037 0.09725 0.285318 5.10647 1.7331
61 26.2714 10.6495 76.0304
135.649 132.751 0.307647 0.133037 0.09725 0.285318 5.10647 1.7331
62 26.2714 11.2955 70.9349
135.649 132.751 0.307647 0.133037 0.09725 0.285318 5.10647 1.7331
63 26.2714 11.9246 72.9881
135.649 132.751 0.307647 0.133037 0.09725 0.285318 5.10647 1.7331
64 26.2714 12.5749 59.5439
135.649 132.751 0.307647 0.133037 0.09725 0.285318 5.10647 1.7331
65 26.2714 13.0941 79.5435
135.649 132.751 0.307647 0.133037 0.09725 0.285318 5.10647 1.7331
66 26.2714 9.98563 65.381
135.649 132.751 0.307647 0.133037 0.09725 0.285318 5.10647 1.7331
67 26.2714 9.5709 69.5667
135.649 132.751 0.307647 0.133037 0.09725 0.285318 5.10647 1.7331
68 26.2714 11.0655 73.4287
135.649 132.751 0.307647 0.133037 0.09725 0.285318 5.10647 1.7331
69 26.2714 14.2427 74.5845
135.649 132.751 0.307647 0.133037 0.09725 0.285318 5.10647 1.7331
70 26.2714 13.8404 78.6082
135.649 132.751 0.307647 0.133037 0.09725 0.285318 5.10647 1.7331
71 26.2714 10.2338 77.4106
135.649 132.751 0.307647 0.133037 0.09725 0.285318 5.10647 1.7331
72 26.2714 10.5745 79.5644
135.649 132.751 0.307647 0.133037 0.09725 0.285318 5.10647 1.7331
73 26.2714 9.89098 73.7566
135.649 132.751 0.307647 0.133037 0.09725 0.285318 5.10647 1.7331
74 26.2714 10.4371 66.0853
135.649 132.751 0.307647 0.133037 0.09725 0.285318 5.10647 1.7331
75 26.2714 10.5812 74.1878
135.649 132.751 0.307647 0.133037 0.09725 0.285318 5.10647 1.7331
76 26.2714 8.65218 65.2073
135.649 132.751 0.307647 0.133037 0.09725 0.285318 5.10647 1.7331
77 26.2714 10.5388 76.0578
135.649 132.751 0.307647 0.133037 0.09725 0.285318 5.10647 1.7331
78 26.2714 9.24921 79.0771
135.649 132.751 0.307647 0.133037 0.09725 0.285318 5.10647 1.7331
79 26.3364 11.0247 96.946
133.427 134.763 0.300019 0.155932 0.0526528 0.269127 5.17816 1.9422
80 26.3364 9.06187 79.2259
133.427 134.763 0.300019 0.155932 0.0526528 0.269127 5.17816 1.9422
81 26.3364 9.96642 81.4409
133.427 134.763 0.300019 0.155932 0.0526528 0.269127 5.17816 1.9422
82 26.3364 12.1793 100.508
133.427 134.763 0.300019 0.155932 0.0526528 0.269127 5.17816 1.9422
83 26.3364 11.2929 74.3656
133.427 134.763 0.300019 0.155932 0.0526528 0.269127 5.17816 1.9422
84 26.382 12.2341 84.5518
131.364 134.089 0.299695 0.156613 0.0574452 0.273415 5.313 2.1217
85 26.382 12.3035 71.6703
131.364 134.089 0.299695 0.156613 0.0574452 0.273415 5.313 2.1217
86 26.4217 13.279 93.277
135.762 143.817 0.305629 0.173363 0.0060925 0.283309 5.3699 1.76977
87 26.4217 13.6938 74.8253
135.762 143.817 0.305629 0.173363 0.0060925 0.283309 5.3699 1.76977
88 26.4217 11.8884 71.7454
135.762 143.817 0.305629 0.173363 0.0060925 0.283309 5.3699 1.76977
89 26.4217 11.1285 65.9797
135.762 143.817 0.305629 0.173363 0.0060925 0.283309 5.3699 1.76977
90 26.4217 8.09312 75.994
135.762 143.817 0.305629 0.173363 0.0060925 0.283309 5.3699 1.76977
91 26.4217 10.3997 86.3359
135.762 143.817 0.305629 0.173363 0.0060925 0.283309 5.3699 1.76977
92 26.4217 10.4253 99.322
135.762 143.817 0.305629 0.173363 0.0060925 0.283309 5.3699 1.76977
93 26.4217 11.5479 104.652
135.762 143.817 0.305629 0.173363 0.0060925 0.283309 5.3699 1.76977
94 26.4217 8.56527 83.9258
135.762 143.817 0.305629 0.173363 0.0060925 0.283309 5.3699 1.76977
95 26.4217 9.21834 76.9288
135.762 143.817 0.305629 0.173363 0.0060925 0.283309 5.3699 1.76977
96 26.4217 9.79316 79.6758
135.762 143.817 0.305629 0.173363 0.0060925 0.283309 5.3699 1.76977
97 26.619 11.6267 102.525
132.095 146.056 0.313507 0.165114 0 0.293984 5.41469 1.91075
98 26.619 12.2441 73.3363
132.095 146.056 0.313507 0.165114 0 0.293984 5.41469 1.91075
99 26.619 11.8168 76.2035
132.095 146.056 0.313507 0.165114 0 0.293984 5.41469 1.91075
100 26.619 11.2403 76.7479
132.095 146.056 0.313507 0.165114 0 0.293984 5.41469 1.91075
