0 12.6731 2.24537 10.9471
131.497 198.764 0.163386 0.0630853 0.167242 0.437359 6.28449 3.34873
1 12.6731 3.19366 17.1744
131.497 198.764 0.163386 0.0630853 0.167242 0.437359 6.28449 3.34873
2 14.112 4.53539 25.1302
122.921 200 0.302946 0 0.228431 0.315418 6.52133 3.70179
3 14.6825 5.56049 30.2271
140.128 196.105 0.224487 0.00352027 0.0473318 0.395217 6.42972 3.51162
4 14.6825 6.10158 30.8932
140.128 196.105 0.224487 0.00352027 0.0473318 0.395217 6.42972 3.51162
5 14.6825 7.55791 31.2369
140.128 196.105 0.224487 0.00352027 0.0473318 0.395217 6.42972 3.51162
6 15.0734 7.92859 38.0383
125.727 195.369 0.327888 0.0427511 0.130106 0.251256 6.93586 3.60909
7 16.3101 8.82208 39.1919
125.403 199.495 0.308266 0.0232377 0.014871 0.341391 5.84855 4.01898
8 16.319 9.43998 38.6042
129.898 200 0.324751 0.0541567 0.00571498 0.342805 5.84768 4.47952
9 17.2995 9.54727 33.7519
133.336 200 0.338403 0.195991 0 0.243216 5.84924 4.53272
10 17.2995 9.61038 41.5482
133.336 200 0.338403 0.195991 0 0.243216 5.84924 4.53272
11 17.2995 10.463 39.2441
133.336 200 0.338403 0.195991 0 0.243216 5.84924 4.53272
12 17.3304 11.9472 35.8777
132.307 199.57 0.319027 0.174402 0 0.288158 5.60023 4.95321
13 17.673 11.3874 36.1453
129.764 200 0.294132 0.203074 0 0.332793 5.52847 4.88673
14 17.673 12.3514 35.7671
129.764 200 0.294132 0.203074 0 0.332793 5.52847 4.88673
15 19.3154 12.6913 33.7445
139.164 199.457 0.31969 0.143957 0.0316578 0.0717548 5.83984 5.76745
16 19.8892 11.5774 39.721
135.844 185.487 0.246136 0.141935 0 0.222449 6.4719 5.1511
17 19.8892 12.0676 43.3603
135.844 185.487 0.246136 0.141935 0 0.222449 6.4719 5.1511
18 19.8892 13.0901 35.871
135.844 185.487 0.246136 0.141935 0 0.222449 6.4719 5.1511
19 19.8892 12.7326 38.2936
135.844 185.487 0.246136 0.141935 0 0.222449 6.4719 5.1511
20 19.8892 13.5266 33.7398
135.844 185.487 0.246136 0.141935 0 0.222449 6.4719 5.1511
21 20.2055 13.2771 35.0043
134.94 184.363 0.252977 0.139924 0.00669138 0.214202 6.58673 5.17482
22 20.2055 12.7779 41.0547
134.94 184.363 0.252977 0.139924 0.00669138 0.214202 6.58673 5.17482
23 20.2055 13.5278 37.3808
134.94 184.363 0.252977 0.139924 0.00669138 0.214202 6.58673 5.17482
24 20.2055 12.5969 40.8953
134.94 184.363 0.252977 0.139924 0.00669138 0.214202 6.58673 5.17482
25 20.2055 12.9897 35.9551
134.94 184.363 0.252977 0.139924 0.00669138 0.214202 6.58673 5.17482
26 21.1837 12.4338 38.9565
131.91 198.756 0.234394 0.274005 0.010504 0.107212 4.10008 5.5828
27 22.4417 12.7581 46.5172
157.923 164.906 0.264758 0.293401 0 0.0624773 8.31145 5.35523
28 22.4417 13.5315 45.6161
157.923 164.906 0.264758 0.293401 0 0.0624773 8.31145 5.35523
29 22.4417 12.8855 47.1246
157.923 164.906 0.264758 0.293401 0 0.0624773 8.31145 5.35523
30 22.4417 13.7088 45.3692
157.923 164.906 0.264758 0.293401 0 0.0624773 8.31145 5.35523
31 22.4417 13.4163 47.0203
157.923 164.906 0.264758 0.293401 0 0.0624773 8.31145 5.35523
32 22.4417 14.4025 40.0321
157.923 164.906 0.264758 0.293401 0 0.0624773 8.31145 5.35523
33 22.578 13.9778 43.1505
157.875 147.457 0.294954 0.244644 0 0 7.5659 6.8493
34 22.858 13.8858 43.5395
145.572 157.874 0.286204 0.361455 0 0 8.32797 6.1753
35 22.858 14.1595 52.7689
145.572 157.874 0.286204 0.361455 0 0 8.32797 6.1753
36 22.858 15.3214 40.8387
145.572 157.874 0.286204 0.361455 0 0 8.32797 6.1753
37 22.858 14.7635 49.1531
145.572 157.874 0.286204 0.361455 0 0 8.32797 6.1753
38 22.858 15.2445 51.376
145.572 157.874 0.286204 0.361455 0 0 8.32797 6.1753
39 22.9005 15.2166 62.3729
139.623 159.495 0.293941 0.381765 0 0.0289577 7.9828 6.04307
40 22.9005 16.7662 36.9176
139.623 159.495 0.293941 0.381765 0 0.0289577 7.9828 6.04307
41 22.9778 16.661 38.7014
138.242 158.3 0.280387 0.390529 0.00656895 0.0115862 7.66766 5.96309
42 22.9778 16.5202 47.5749
138.242 158.3 0.280387 0.390529 0.00656895 0.0115862 7.66766 5.96309
43 23.6249 16.2718 52.3588
139.262 156.216 0.249135 0.350018 0 0.002554 8.32235 6.26141
44 23.8887 15.3914 54.2567
139.745 157.554 0.261022 0.339336 0 0 8.37173 6.06776
45 23.8887 15.1393 59.7718
139.745 157.554 0.261022 0.339336 0 0 8.37173 6.06776
46 23.8887 16.1828 59.933
139.745 157.554 0.261022 0.339336 0 0 8.37173 6.06776
47 23.8887 16.4275 52.1907
139.745 157.554 0.261022 0.339336 0 0 8.37173 6.06776
48 23.8887 15.9217 48.0549
139.745 157.554 0.261022 0.339336 0 0 8.37173 6.06776
49 23.8887 16.8768 56.2966
139.745 157.554 0.261022 0.339336 0 0 8.37173 6.06776
50 23.8887 14.4291 61.9197
139.745 157.554 0.261022 0.339336 0 0 8.37173 6.06776
51 23.8887 15.4697 54.3361
139.745 157.554 0.261022 0.339336 0 0 8.37173 6.06776
52 23.8887 16.7322 39.3206
139.745 157.554 0.261022 0.339336 0 0 8.37173 6.06776
53 23.8887 17.7108 35.7258
139.745 157.554 0.261022 0.339336 0 0 8.37173 6.06776
54 23.8887 16.0513 46.5292
139.745 157.554 0.261022 0.339336 0 0 8.37173 6.06776
55 23.8887 16.7611 38.4623
139.745 157.554 0.261022 0.339336 0 0 8.37173 6.06776
56 23.8887 16.3958 57.2207
139.745 157.554 0.261022 0.339336 0 0 8.37173 6.06776
57 23.8887 15.9 42.995
139.745 157.554 0.261022 0.339336 0 0 8.37173 6.06776
58 24.161 15.017 50.371
135.842 159.299 0.279394 0.369544 0 0 8.6342 6.57339
59 24.161 14.976 48.9485
135.842 159.299 0.279394 0.369544 0 0 8.6342 6.57339
60 24.161 15.2021 54.1512
135.842 159.299 0.279394 0.369544 0 0 8.6342 6.57339
61 24.161 16.2589 44.1101
135.842 159.299 0.279394 0.369544 0 0 8.6342 6.57339
62 24.161 17.3126 30.8149
135.842 159.299 0.279394 0.369544 0 0 8.6342 6.57339
63 24.161 17.7722 38.2945
135.842 159.299 0.279394 0.369544 0 0 8.6342 6.57339
64 24.194 17.6471 43.1407
135.791 159.463 0.279861 0.366872 1.98838e-05 0 8.62964 6.58601
65 24.194 16.9352 39.6458
135.791 159.463 0.279861 0.366872 1.98838e-05 0 8.62964 6.58601
66 24.194 15.3569 60.9296
135.791 159.463 0.279861 0.366872 1.98838e-05 0 8.62964 6.58601
67 24.194 16.7381 48.44
135.791 159.463 0.279861 0.366872 1.98838e-05 0 8.62964 6.58601
68 24.194 17.2269 42.1316
135.791 159.463 0.279861 0.366872 1.98838e-05 0 8.62964 6.58601
69 24.194 16.5784 49.1783
135.791 159.463 0.279861 0.366872 1.98838e-05 0 8.62964 6.58601
70 24.194 17.8099 46.127
135.791 159.463 0.279861 0.366872 1.98838e-05 0 8.62964 6.58601
71 24.2274 16.4632 57.827
141.974 159.091 0.262498 0.344516 0.00187921 0.0161995 8.48709 6.035
72 24.2274 16.3035 62.1487
141.974 159.091 0.262498 0.344516 0.00187921 0.0161995 8.48709 6.035
73 24.2839 16.8735 61.3245
141.937 160.047 0.261833 0.342659 0.000281001 0.00660515 8.47454 6.07479
74 24.2839 17.2685 56.5551
141.937 160.047 0.261833 0.342659 0.000281001 0.00660515 8.47454 6.07479
75 24.2839 17.729 57.4869
141.937 160.047 0.261833 0.342659 0.000281001 0.00660515 8.47454 6.07479
76 24.2839 18.4233 40.4992
141.937 160.047 0.261833 0.342659 0.000281001 0.00660515 8.47454 6.07479
77 24.2839 17.6402 53.043
141.937 160.047 0.261833 0.342659 0.000281001 0.00660515 8.47454 6.07479
78 24.2839 17.6466 45.5714
141.937 160.047 0.261833 0.342659 0.000281001 0.00660515 8.47454 6.07479
79 24.2839 18.4161 27.9722
141.937 160.047 0.261833 0.342659 0.000281001 0.00660515 8.47454 6.07479
80 24.2839 17.777 34.6216
141.937 160.047 0.261833 0.342659 0.000281001 0.00660515 8.47454 6.07479
81 24.2839 16.393 39.2223
141.937 160.047 0.261833 0.342659 0.000281001 0.00660515 8.47454 6.07479
82 24.2839 16.3018 56.6486
141.937 160.047 0.261833 0.342659 0.000281001 0.00660515 8.47454 6.07479
83 24.2839 15.6949 63.0983
141.937 160.047 0.261833 0.342659 0.000281001 0.00660515 8.47454 6.07479
84 24.2856 16.0663 52.559
141.987 160.06 0.261076 0.342828 0.00085134 0.00711259 8.47764 6.0717
85 24.2856 16.4521 53.851
141.987 160.06 0.261076 0.342828 0.00085134 0.00711259 8.47764 6.0717
86 24.2856 16.868 50.6213
141.987 160.06 0.261076 0.342828 0.00085134 0.00711259 8.47764 6.0717
87 24.2856 16.9388 53.369
141.987 160.06 0.261076 0.342828 0.00085134 0.00711259 8.47764 6.0717
88 24.2856 16.9599 56.8013
141.987 160.06 0.261076 0.342828 0.00085134 0.00711259 8.47764 6.0717
89 24.2962 16.0005 66.4869
140.43 160.291 0.259331 0.343236 0.013375 0.0148547 8.42969 5.9699
90 24.4172 15.7419 72.1797
141.936 159.229 0.261572 0.352621 0 0 8.60002 5.99703
91 24.4172 17.6893 43.158
141.936 159.229 0.261572 0.352621 0 0 8.60002 5.99703
92 24.4287 18.4779 26.6868
141.944 159.237 0.26197 0.352801 0 0 8.59879 5.99172
93 24.4287 17.0053 46.6791
141.944 159.237 0.26197 0.352801 0 0 8.59879 5.99172
94 24.4287 17.1401 52.6189
141.944 159.237 0.26197 0.352801 0 0 8.59879 5.99172
95 24.4287 17.6463 47.4382
141.944 159.237 0.26197 0.352801 0 0 8.59879 5.99172
96 24.4287 17.9347 36.0037
141.944 159.237 0.26197 0.352801 0 0 8.59879 5.99172
97 24.4287 16.1848 62.4535
141.944 159.237 0.26197 0.352801 0 0 8.59879 5.99172
98 24.4287 15.5268 51.732
141.944 159.237 0.26197 0.352801 0 0 8.59879 5.99172
99 24.4287 15.816 54.0516
141.944 159.237 0.26197 0.352801 0 0 8.59879 5.99172
100 24.4287 15.0327 65.9598
141.944 159.237 0.26197 0.352801 0 0 8.59879 5.99172
