0 26.1591 1.61062 23.0503
189.387 148.63 0.167585 0.339276 0.167585 0.606818 7.16022 9.82195
1 26.1591 2.52945 31.3447
189.387 148.63 0.167585 0.339276 0.167585 0.606818 7.16022 9.82195
2 26.1591 4.0819 56.5961
189.387 148.63 0.167585 0.339276 0.167585 0.606818 7.16022 9.82195
3 26.1764 6.80362 94.0914
189.568 148.011 0.167074 0.335747 0.167074 0.59928 7.17412 9.8094
4 26.8523 9.37732 124.438
144.207 128.7 0.0588074 0.176218 0.0588074 0.262314 5.9441 9.56443
5 26.8523 10.2177 137.379
144.207 128.7 0.0588074 0.176218 0.0588074 0.262314 5.9441 9.56443
6 27.029 12.2061 141.056
143.808 128.924 0.0567663 0.173871 0.0567663 0.264762 5.99524 9.50133
7 27.2702 13.2905 144.883
143.471 129.391 0.0549124 0.175484 0.0549124 0.272999 5.95692 9.43756
8 27.2702 15.1486 135.445
143.471 129.391 0.0549124 0.175484 0.0549124 0.272999 5.95692 9.43756
9 29.4104 14.3769 138.587
138.892 134.353 0.0386727 0.209329 0.0386727 0.213871 6.32356 9.37303
10 29.4104 13.9843 140.618
138.892 134.353 0.0386727 0.209329 0.0386727 0.213871 6.32356 9.37303
11 29.4104 13.6137 139.229
138.892 134.353 0.0386727 0.209329 0.0386727 0.213871 6.32356 9.37303
12 29.4104 16.1245 133.198
138.892 134.353 0.0386727 0.209329 0.0386727 0.213871 6.32356 9.37303
13 29.4104 15.2 139.582
138.892 134.353 0.0386727 0.209329 0.0386727 0.213871 6.32356 9.37303
14 29.4104 16.2386 147.521
138.892 134.353 0.0386727 0.209329 0.0386727 0.213871 6.32356 9.37303
15 29.4104 17.7386 119.567
138.892 134.353 0.0386727 0.209329 0.0386727 0.213871 6.32356 9.37303
16 29.4104 16.5038 143.122
138.892 134.353 0.0386727 0.209329 0.0386727 0.213871 6.32356 9.37303
17 29.8764 18.4008 120.934
141.496 135.919 0.0470409 0.198857 0.0470409 0.221082 6.76203 9.13648
18 29.8764 15.5565 136.815
141.496 135.919 0.0470409 0.198857 0.0470409 0.221082 6.76203 9.13648
19 29.8764 18.655 105.046
141.496 135.919 0.0470409 0.198857 0.0470409 0.221082 6.76203 9.13648
20 29.8764 17.984 123.653
141.496 135.919 0.0470409 0.198857 0.0470409 0.221082 6.76203 9.13648
21 31.1743 17.886 121.216
135.303 140.21 0.0394855 0.203282 0.0394855 0.231909 7.80194 8.4577
22 31.1743 15.4192 146.428
135.303 140.21 0.0394855 0.203282 0.0394855 0.231909 7.80194 8.4577
23 31.1743 18.0683 133.916
135.303 140.21 0.0394855 0.203282 0.0394855 0.231909 7.80194 8.4577
24 31.1743 17.6814 129.359
135.303 140.21 0.0394855 0.203282 0.0394855 0.231909 7.80194 8.4577
25 32.3687 19.4219 121.352
137.579 140.636 0.0431062 0.215031 0.0431062 0.218758 7.86356 8.46132
26 32.3687 18.2439 141.719
137.579 140.636 0.0431062 0.215031 0.0431062 0.218758 7.86356 8.46132
27 32.3687 17.9067 131.514
137.579 140.636 0.0431062 0.215031 0.0431062 0.218758 7.86356 8.46132
28 32.3687 18.1072 136.208
137.579 140.636 0.0431062 0.215031 0.0431062 0.218758 7.86356 8.46132
29 32.3687 20.4313 102.073
137.579 140.636 0.0431062 0.215031 0.0431062 0.218758 7.86356 8.46132
30 32.3687 19.6542 111.426
137.579 140.636 0.0431062 0.215031 0.0431062 0.218758 7.86356 8.46132
31 32.3687 17.3203 145.889
137.579 140.636 0.0431062 0.215031 0.0431062 0.218758 7.86356 8.46132
32 32.3687 17.0236 149.751
137.579 140.636 0.0431062 0.215031 0.0431062 0.218758 7.86356 8.46132
33 32.3687 15.2292 153.073
137.579 140.636 0.0431062 0.215031 0.0431062 0.218758 7.86356 8.46132
34 32.3687 17.6726 139.842
137.579 140.636 0.0431062 0.215031 0.0431062 0.218758 7.86356 8.46132
35 34.2954 21.3106 106.122
140.868 141.291 0.0339009 0.237449 0.0339009 0.237449 7.15066 8.96923
36 34.2954 22.0192 89.1486
140.868 141.291 0.0339009 0.237449 0.0339009 0.237449 7.15066 8.96923
37 34.2954 19.8242 123.363
140.868 141.291 0.0339009 0.237449 0.0339009 0.237449 7.15066 8.96923
38 34.2954 18.9064 141.273
140.868 141.291 0.0339009 0.237449 0.0339009 0.237449 7.15066 8.96923
39 34.2954 18.4884 142.122
140.868 141.291 0.0339009 0.237449 0.0339009 0.237449 7.15066 8.96923
40 34.2954 21.127 115.66
140.868 141.291 0.0339009 0.237449 0.0339009 0.237449 7.15066 8.96923
41 34.2954 19.435 120.425
140.868 141.291 0.0339009 0.237449 0.0339009 0.237449 7.15066 8.96923
42 34.2954 21.1326 112.666
140.868 141.291 0.0339009 0.237449 0.0339009 0.237449 7.15066 8.96923
43 34.2954 19.802 138.912
140.868 141.291 0.0339009 0.237449 0.0339009 0.237449 7.15066 8.96923
44 34.2954 21.3576 119.13
140.868 141.291 0.0339009 0.237449 0.0339009 0.237449 7.15066 8.96923
45 35.744 21.0305 131.24
132.698 141.294 0.0425107 0.22713 0.0425107 0.22713 7.67719 8.42061
46 35.744 21.0568 125.39
132.698 141.294 0.0425107 0.22713 0.0425107 0.22713 7.67719 8.42061
47 35.744 20.3638 128.096
132.698 141.294 0.0425107 0.22713 0.0425107 0.22713 7.67719 8.42061
48 35.744 20.1718 136.651
132.698 141.294 0.0425107 0.22713 0.0425107 0.22713 7.67719 8.42061
49 35.744 19.9814 144.237
132.698 141.294 0.0425107 0.22713 0.0425107 0.22713 7.67719 8.42061
50 35.744 18.0653 153.88
132.698 141.294 0.0425107 0.22713 0.0425107 0.22713 7.67719 8.42061
51 35.744 17.2664 156.317
132.698 141.294 0.0425107 0.22713 0.0425107 0.22713 7.67719 8.42061
52 35.744 21.3276 117.789
132.698 141.294 0.0425107 0.22713 0.0425107 0.22713 7.67719 8.42061
53 35.744 21.5187 103.336
132.698 141.294 0.0425107 0.22713 0.0425107 0.22713 7.67719 8.42061
54 35.744 21.3201 107.669
132.698 141.294 0.0425107 0.22713 0.0425107 0.22713 7.67719 8.42061
55 35.744 21.6459 110.222
132.698 141.294 0.0425107 0.22713 0.0425107 0.22713 7.67719 8.42061
56 35.744 19.2326 147.329
132.698 141.294 0.0425107 0.22713 0.0425107 0.22713 7.67719 8.42061
57 35.744 20.7877 127.451
132.698 141.294 0.0425107 0.22713 0.0425107 0.22713 7.67719 8.42061
58 35.744 21.576 111.219
132.698 141.294 0.0425107 0.22713 0.0425107 0.22713 7.67719 8.42061
59 35.744 20.6509 131.769
132.698 141.294 0.0425107 0.22713 0.0425107 0.22713 7.67719 8.42061
60 35.744 20.8763 110.756
132.698 141.294 0.0425107 0.22713 0.0425107 0.22713 7.67719 8.42061
61 35.744 19.2681 148.025
132.698 141.294 0.0425107 0.22713 0.0425107 0.22713 7.67719 8.42061
62 35.744 19.4353 157.571
132.698 141.294 0.0425107 0.22713 0.0425107 0.22713 7.67719 8.42061
63 35.744 19.7926 149.466
132.698 141.294 0.0425107 0.22713 0.0425107 0.22713 7.67719 8.42061
64 35.744 19.4777 156.677
132.698 141.294 0.0425107 0.22713 0.0425107 0.22713 7.67719 8.42061
65 35.744 21.0691 125.953
132.698 141.294 0.0425107 0.22713 0.0425107 0.22713 7.67719 8.42061
66 35.744 22.318 112.647
132.698 141.294 0.0425107 0.22713 0.0425107 0.22713 7.67719 8.42061
67 35.744 22.0634 115.814
132.698 141.294 0.0425107 0.22713 0.0425107 0.22713 7.67719 8.42061
68 35.8132 22.2644 111.394
129.584 147.019 0.0486952 0.211829 0.0486952 0.211829 8.00078 7.40736
69 35.8132 19.7239 143.252
129.584 147.019 0.0486952 0.211829 0.0486952 0.211829 8.00078 7.40736
70 35.8132 22.126 115.076
129.584 147.019 0.0486952 0.211829 0.0486952 0.211829 8.00078 7.40736
71 35.8132 20.4754 139.148
129.584 147.019 0.0486952 0.211829 0.0486952 0.211829 8.00078 7.40736
72 35.8132 21.0699 148.891
129.584 147.019 0.0486952 0.211829 0.0486952 0.211829 8.00078 7.40736
73 35.8132 20.6775 141.979
129.584 147.019 0.0486952 0.211829 0.0486952 0.211829 8.00078 7.40736
74 35.8132 19.9113 151.894
129.584 147.019 0.0486952 0.211829 0.0486952 0.211829 8.00078 7.40736
75 35.9072 19.2566 162.142
129.554 147.029 0.048302 0.211589 0.048302 0.211589 8.00072 7.40603
76 35.9072 17.8243 182.782
129.554 147.029 0.048302 0.211589 0.048302 0.211589 8.00072 7.40603
77 35.9072 18.5401 154.184
129.554 147.029 0.048302 0.211589 0.048302 0.211589 8.00072 7.40603
78 35.9072 20.2148 138.838
129.554 147.029 0.048302 0.211589 0.048302 0.211589 8.00072 7.40603
79 35.9072 18.439 163.424
129.554 147.029 0.048302 0.211589 0.048302 0.211589 8.00072 7.40603
80 35.9072 17.8131 166.562
129.554 147.029 0.048302 0.211589 0.048302 0.211589 8.00072 7.40603
81 35.9072 18.669 163.964
129.554 147.029 0.048302 0.211589 0.048302 0.211589 8.00072 7.40603
82 35.9072 19.2802 148.507
129.554 147.029 0.048302 0.211589 0.048302 0.211589 8.00072 7.40603
83 35.9072 19.6653 137.467
129.554 147.029 0.048302 0.211589 0.048302 0.211589 8.00072 7.40603
84 35.9072 19.7161 148.956
129.554 147.029 0.048302 0.211589 0.048302 0.211589 8.00072 7.40603
85 35.9072 21.1614 128.927
129.554 147.029 0.048302 0.211589 0.048302 0.211589 8.00072 7.40603
86 35.9072 20.8677 144.757
129.554 147.029 0.048302 0.211589 0.048302 0.211589 8.00072 7.40603
87 35.9072 22.5656 116.089
129.554 147.029 0.048302 0.211589 0.048302 0.211589 8.00072 7.40603
88 35.9072 20.235 148.503
129.554 147.029 0.048302 0.211589 0.048302 0.211589 8.00072 7.40603
89 35.9072 20.4455 147.901
129.554 147.029 0.048302 0.211589 0.048302 0.211589 8.00072 7.40603
90 35.9072 19.8705 153.035
129.554 147.029 0.048302 0.211589 0.048302 0.211589 8.00072 7.40603
91 35.9072 19.5439 146.521
129.554 147.029 0.048302 0.211589 0.048302 0.211589 8.00072 7.40603
92 35.9072 20.0581 141.642
129.554 147.029 0.048302 0.211589 0.048302 0.211589 8.00072 7.40603
93 38.0371 20.6254 137.363
129.56 146.951 0.0491099 0.210879 0.0491099 0.210879 8.00207 7.42617
94 38.0371 20.7617 143.11
129.56 146.951 0.0491099 0.210879 0.0491099 0.210879 8.00207 7.42617
95 38.0371 21.3994 134.842
129.56 146.951 0.0491099 0.210879 0.0491099 0.210879 8.00207 7.42617
96 38.0371 21.9674 129.138
129.56 146.951 0.0491099 0.210879 0.0491099 0.210879 8.00207 7.42617
97 38.0371 19.6264 155.435
129.56 146.951 0.0491099 0.210879 0.0491099 0.210879 8.00207 7.42617
98 38.0371 19.8875 164.041
129.56 146.951 0.0491099 0.210879 0.0491099 0.210879 8.00207 7.42617
99 38.0371 22.3194 121.35
129.56 146.951 0.0491099 0.210879 0.0491099 0.210879 8.00207 7.42617
100 38.0371 19.4258 171.14
129.56 146.951 0.0491099 0.210879 0.0491099 0.210879 8.00207 7.42617
