0 26.056 4.13255 61.9894
178.084 145.875 0.215197 0.103807 0.365132 0.344608 1.49252 4.63119
1 26.056 6.70557 104.827
178.084 145.875 0.215197 0.103807 0.365132 0.344608 1.49252 4.63119
2 26.056 9.08146 121.302
178.084 145.875 0.215197 0.103807 0.365132 0.344608 1.49252 4.63119
3 26.114 9.7463 112.937
176.908 162.603 0.124306 0.0614274 0.336544 0.240077 2.43718 4.94217
4 26.1651 12.4014 131.68
184.522 156.092 0.0986447 0.0674849 0.249974 0.299267 2.31717 6.14139
5 26.1677 13.1943 132.298
184.357 155.978 0.0991468 0.0677443 0.249633 0.296497 2.33773 6.10401
6 26.2398 15.4881 133.576
187.765 159.534 0.091778 0.0818044 0.245251 0.311017 2.58755 6.22809
7 26.2398 16.7826 126.088
187.765 159.534 0.091778 0.0818044 0.245251 0.311017 2.58755 6.22809
8 26.2457 18.7007 114.575
181.501 161.563 0.172913 0.176315 0.186383 0.296321 5.11349 6.66504
9 26.3069 20.3345 97.5674
175.324 165.936 0.0138597 0.0471706 0.228929 0.57426 3.01193 4.64801
10 26.3069 20.8817 79.2619
175.324 165.936 0.0138597 0.0471706 0.228929 0.57426 3.01193 4.64801
11 27.0275 19.9309 88.1984
170.586 155.853 0.0136378 0.198295 0 0.0398779 4.15791 5.11264
12 27.0275 21.2792 84.3472
170.586 155.853 0.0136378 0.198295 0 0.0398779 4.15791 5.11264
13 27.0275 19.4973 104.872
170.586 155.853 0.0136378 0.198295 0 0.0398779 4.15791 5.11264
14 27.0275 17.5566 122.696
170.586 155.853 0.0136378 0.198295 0 0.0398779 4.15791 5.11264
15 27.0275 17.3857 124.541
170.586 155.853 0.0136378 0.198295 0 0.0398779 4.15791 5.11264
16 27.0275 17.3717 126.235
170.586 155.853 0.0136378 0.198295 0 0.0398779 4.15791 5.11264
17 27.7842 21.0603 98.2698
167.12 157.234 0.00694557 0.156585 0.021379 0.0627886 4.38099 5.06868
18 28.1069 18.2447 132.404
178.595 156.348 0.0265002 0.185571 0.0315216 0.0106092 5.38279 5.84153
19 28.2314 20.8225 108.715
178.961 156.666 0.0218973 0.204608 0.0392791 0.00981819 5.3045 6.04773
20 28.2314 19.5857 113.144
178.961 156.666 0.0218973 0.204608 0.0392791 0.00981819 5.3045 6.04773
21 28.2314 20.5191 109.394
178.961 156.666 0.0218973 0.204608 0.0392791 0.00981819 5.3045 6.04773
22 28.2314 19.444 122.791
178.961 156.666 0.0218973 0.204608 0.0392791 0.00981819 5.3045 6.04773
23 28.4152 20.5645 110.39
193.367 160.807 0.063276 0.184915 0 0 6.23828 5.54567
24 28.4152 19.6295 123.402
193.367 160.807 0.063276 0.184915 0 0 6.23828 5.54567
25 28.4152 20.9339 113.923
193.367 160.807 0.063276 0.184915 0 0 6.23828 5.54567
26 28.4152 20.5432 109.183
193.367 160.807 0.063276 0.184915 0 0 6.23828 5.54567
27 28.4252 20.8762 103.425
193.359 160.791 0.0634008 0.184591 0.000637176 0 6.23554 5.54909
28 28.5905 22.0006 92.7012
193.459 161.738 0.0508981 0.178676 0.0133723 0.00738851 6.45919 5.31145
29 28.5905 19.9691 105.632
193.459 161.738 0.0508981 0.178676 0.0133723 0.00738851 6.45919 5.31145
30 28.5905 19.9559 113.144
193.459 161.738 0.0508981 0.178676 0.0133723 0.00738851 6.45919 5.31145
31 28.6316 20.6457 91.4048
193.939 162.022 0.0626916 0.173756 0 0.0071465 6.41034 5.34223
32 29.2335 22.8976 72.44
192.349 150.46 0.0479321 0.169846 0 0 6.47747 5.18361
33 29.8671 22.2571 83.6037
188.336 152.598 0.0340644 0.15789 0.0279327 0.0181286 7.0108 5.34306
34 29.8671 22.7544 76.381
188.336 152.598 0.0340644 0.15789 0.0279327 0.0181286 7.0108 5.34306
35 29.8671 25.5454 30.7989
188.336 152.598 0.0340644 0.15789 0.0279327 0.0181286 7.0108 5.34306
36 29.8671 24.3445 58.6904
188.336 152.598 0.0340644 0.15789 0.0279327 0.0181286 7.0108 5.34306
37 29.8671 24.6722 51.0686
188.336 152.598 0.0340644 0.15789 0.0279327 0.0181286 7.0108 5.34306
38 29.8671 26.9619 1.41941
188.336 152.598 0.0340644 0.15789 0.0279327 0.0181286 7.0108 5.34306
39 30.3276 25.1243 48.4028
180.747 150.951 0.0196456 0.140543 0.0386746 0.0495416 7.11311 5.20356
40 30.3276 23.9193 67.9393
180.747 150.951 0.0196456 0.140543 0.0386746 0.0495416 7.11311 5.20356
41 30.3276 25.2748 40.2786
180.747 150.951 0.0196456 0.140543 0.0386746 0.0495416 7.11311 5.20356
42 30.3276 22.7457 76.6924
180.747 150.951 0.0196456 0.140543 0.0386746 0.0495416 7.11311 5.20356
43 30.3276 19.5764 110.458
180.747 150.951 0.0196456 0.140543 0.0386746 0.0495416 7.11311 5.20356
44 30.3276 23.4055 68.7574
180.747 150.951 0.0196456 0.140543 0.0386746 0.0495416 7.11311 5.20356
45 30.3276 25.3885 49.9501
180.747 150.951 0.0196456 0.140543 0.0386746 0.0495416 7.11311 5.20356
46 30.3276 23.0954 78.1705
180.747 150.951 0.0196456 0.140543 0.0386746 0.0495416 7.11311 5.20356
47 30.3276 19.9474 112.807
180.747 150.951 0.0196456 0.140543 0.0386746 0.0495416 7.11311 5.20356
48 30.3276 22.5228 91.471
180.747 150.951 0.0196456 0.140543 0.0386746 0.0495416 7.11311 5.20356
49 30.3276 21.5763 95.2731
180.747 150.951 0.0196456 0.140543 0.0386746 0.0495416 7.11311 5.20356
50 30.3276 21.5553 99.9821
180.747 150.951 0.0196456 0.140543 0.0386746 0.0495416 7.11311 5.20356
51 30.3276 21.7235 90.8148
180.747 150.951 0.0196456 0.140543 0.0386746 0.0495416 7.11311 5.20356
52 30.3276 22.3443 79.6437
180.747 150.951 0.0196456 0.140543 0.0386746 0.0495416 7.11311 5.20356
53 30.3276 24.5095 44.0531
180.747 150.951 0.0196456 0.140543 0.0386746 0.0495416 7.11311 5.20356
54 30.3276 24.1044 55.0925
180.747 150.951 0.0196456 0.140543 0.0386746 0.0495416 7.11311 5.20356
55 30.3276 21.9861 101.159
180.747 150.951 0.0196456 0.140543 0.0386746 0.0495416 7.11311 5.20356
56 30.3276 22.8175 83.0444
180.747 150.951 0.0196456 0.140543 0.0386746 0.0495416 7.11311 5.20356
57 30.3276 23.0028 73.6155
180.747 150.951 0.0196456 0.140543 0.0386746 0.0495416 7.11311 5.20356
58 30.3276 25.6202 27.8114
180.747 150.951 0.0196456 0.140543 0.0386746 0.0495416 7.11311 5.20356
59 30.3276 27.2302 3.10898
180.747 150.951 0.0196456 0.140543 0.0386746 0.0495416 7.11311 5.20356
60 30.3276 22.7016 83.1081
180.747 150.951 0.0196456 0.140543 0.0386746 0.0495416 7.11311 5.20356
61 30.3276 21.6633 84.2245
180.747 150.951 0.0196456 0.140543 0.0386746 0.0495416 7.11311 5.20356
62 30.3276 19.8134 112.358
180.747 150.951 0.0196456 0.140543 0.0386746 0.0495416 7.11311 5.20356
63 30.3276 23.6668 64.8943
180.747 150.951 0.0196456 0.140543 0.0386746 0.0495416 7.11311 5.20356
64 30.3276 18.4044 120.735
180.747 150.951 0.0196456 0.140543 0.0386746 0.0495416 7.11311 5.20356
65 30.3276 22.5486 79.6297
180.747 150.951 0.0196456 0.140543 0.0386746 0.0495416 7.11311 5.20356
66 30.3276 26.1716 28.7461
180.747 150.951 0.0196456 0.140543 0.0386746 0.0495416 7.11311 5.20356
67 30.3276 24.2002 64.8179
180.747 150.951 0.0196456 0.140543 0.0386746 0.0495416 7.11311 5.20356
68 30.3276 21.9558 94.5146
180.747 150.951 0.0196456 0.140543 0.0386746 0.0495416 7.11311 5.20356
69 30.3276 23.7408 61.9743
180.747 150.951 0.0196456 0.140543 0.0386746 0.0495416 7.11311 5.20356
70 30.3276 21.9941 81.4828
180.747 150.951 0.0196456 0.140543 0.0386746 0.0495416 7.11311 5.20356
71 30.3276 22.198 87.4078
180.747 150.951 0.0196456 0.140543 0.0386746 0.0495416 7.11311 5.20356
72 30.3276 19.9244 101.553
180.747 150.951 0.0196456 0.140543 0.0386746 0.0495416 7.11311 5.20356
73 30.3276 23.055 66.5321
180.747 150.951 0.0196456 0.140543 0.0386746 0.0495416 7.11311 5.20356
74 30.3276 22.6201 76.6397
180.747 150.951 0.0196456 0.140543 0.0386746 0.0495416 7.11311 5.20356
75 30.3276 23.1024 76.8551
180.747 150.951 0.0196456 0.140543 0.0386746 0.0495416 7.11311 5.20356
76 30.3276 20.7144 104.653
180.747 150.951 0.0196456 0.140543 0.0386746 0.0495416 7.11311 5.20356
77 30.3276 21.2566 93.1304
180.747 150.951 0.0196456 0.140543 0.0386746 0.0495416 7.11311 5.20356
78 30.3276 22.8494 68.9417
180.747 150.951 0.0196456 0.140543 0.0386746 0.0495416 7.11311 5.20356
79 30.3276 19.8224 95.3019
180.747 150.951 0.0196456 0.140543 0.0386746 0.0495416 7.11311 5.20356
80 30.3276 18.6862 107.75
180.747 150.951 0.0196456 0.140543 0.0386746 0.0495416 7.11311 5.20356
81 30.3276 23.8162 56.2629
180.747 150.951 0.0196456 0.140543 0.0386746 0.0495416 7.11311 5.20356
82 30.3276 18.9731 99.7325
180.747 150.951 0.0196456 0.140543 0.0386746 0.0495416 7.11311 5.20356
83 30.3276 19.4478 94.6177
180.747 150.951 0.0196456 0.140543 0.0386746 0.0495416 7.11311 5.20356
84 30.3276 21.1746 91.7619
180.747 150.951 0.0196456 0.140543 0.0386746 0.0495416 7.11311 5.20356
85 30.3276 21.5579 89.1957
180.747 150.951 0.0196456 0.140543 0.0386746 0.0495416 7.11311 5.20356
86 30.3276 22.5405 80.9978
180.747 150.951 0.0196456 0.140543 0.0386746 0.0495416 7.11311 5.20356
87 30.3276 23.5165 66.1476
180.747 150.951 0.0196456 0.140543 0.0386746 0.0495416 7.11311 5.20356
88 30.3276 23.5509 59.9555
180.747 150.951 0.0196456 0.140543 0.0386746 0.0495416 7.11311 5.20356
89 30.3276 24.8472 47.3103
180.747 150.951 0.0196456 0.140543 0.0386746 0.0495416 7.11311 5.20356
90 30.42 23.2543 72.4856
179.65 153.579 0.0603799 0.180141 0 0.00876549 7.49482 5.55602
91 30.42 23.7447 66.4997
179.65 153.579 0.0603799 0.180141 0 0.00876549 7.49482 5.55602
92 30.42 22.8241 77.7587
179.65 153.579 0.0603799 0.180141 0 0.00876549 7.49482 5.55602
93 31.1366 27.3055 2.8111
185.396 106.874 0.0596089 0.107925 0.0420184 0.228426 7.69389 6.09961
94 31.1366 24.9262 51.4278
185.396 106.874 0.0596089 0.107925 0.0420184 0.228426 7.69389 6.09961
95 31.1366 25.2565 43.0464
185.396 106.874 0.0596089 0.107925 0.0420184 0.228426 7.69389 6.09961
96 31.1366 23.0852 70.3054
185.396 106.874 0.0596089 0.107925 0.0420184 0.228426 7.69389 6.09961
97 31.1366 26.0547 19.4925
185.396 106.874 0.0596089 0.107925 0.0420184 0.228426 7.69389 6.09961
98 31.1366 24.9723 41.6935
185.396 106.874 0.0596089 0.107925 0.0420184 0.228426 7.69389 6.09961
99 31.1366 24.8091 41.4971
185.396 106.874 0.0596089 0.107925 0.0420184 0.228426 7.69389 6.09961
100 31.1366 25.1585 39.9023
185.396 106.874 0.0596089 0.107925 0.0420184 0.228426 7.69389 6.09961
