0 26.1692 6.18219 93.5048
169.025 117.316 0.0255753 0.175267 0.666997 0.461162 6.16487 4.22665
1 26.1692 7.18785 89.6082
169.025 117.316 0.0255753 0.175267 0.666997 0.461162 6.16487 4.22665
2 26.1692 10.9608 137.657
169.025 117.316 0.0255753 0.175267 0.666997 0.461162 6.16487 4.22665
3 26.2345 12.1849 135.806
161.239 119.992 0.0322496 0.18913 0.630042 0.458635 5.94656 5.02927
4 26.2345 12.418 122.091
161.239 119.992 0.0322496 0.18913 0.630042 0.458635 5.94656 5.02927
5 26.5363 15.2441 132.059
154.802 119.084 0.0669958 0.172085 0.646456 0.412201 6.21286 5.27014
6 26.5363 13.6665 118.722
154.802 119.084 0.0669958 0.172085 0.646456 0.412201 6.21286 5.27014
7 26.8908 13.7066 114.004
155.722 120.733 0.0748694 0.158527 0.630798 0.393193 5.73648 5.08858
8 26.8908 17.4307 127.741
155.722 120.733 0.0748694 0.158527 0.630798 0.393193 5.73648 5.08858
9 26.8908 18.6108 110.332
155.722 120.733 0.0748694 0.158527 0.630798 0.393193 5.73648 5.08858
10 26.9552 19.7603 95.9793
181.851 163.296 0.13156 0.281478 0.95265 0.0952862 6.54137 8.45911
11 26.9552 20.9982 82.6276
181.851 163.296 0.13156 0.281478 0.95265 0.0952862 6.54137 8.45911
12 26.9552 19.5331 82.6499
181.851 163.296 0.13156 0.281478 0.95265 0.0952862 6.54137 8.45911
13 28.0858 18.8873 77.5935
158.702 122.123 0.0778137 0.132165 0.634682 0.378003 5.7825 5.014
14 28.0858 19.3058 84.8281
158.702 122.123 0.0778137 0.132165 0.634682 0.378003 5.7825 5.014
15 28.0858 21.7249 69.8372
158.702 122.123 0.0778137 0.132165 0.634682 0.378003 5.7825 5.014
16 28.0858 20.0783 80.6329
158.702 122.123 0.0778137 0.132165 0.634682 0.378003 5.7825 5.014
17 28.2277 17.4642 97.3412
158.925 122.167 0.0713085 0.1375 0.637221 0.374907 5.76779 5.0526
18 28.2277 15.494 108.049
158.925 122.167 0.0713085 0.1375 0.637221 0.374907 5.76779 5.0526
19 28.2277 16.5478 100.303
158.925 122.167 0.0713085 0.1375 0.637221 0.374907 5.76779 5.0526
20 28.2806 16.6374 99.619
158.339 120.462 0.0793639 0.12629 0.642322 0.359539 5.95473 5.12779
21 28.2806 16.8122 109.632
158.339 120.462 0.0793639 0.12629 0.642322 0.359539 5.95473 5.12779
22 28.725 16.0108 108.218
159.827 122.511 0.0751169 0.116593 0.662832 0.387822 5.82596 4.94269
23 28.725 15.4146 104.1
159.827 122.511 0.0751169 0.116593 0.662832 0.387822 5.82596 4.94269
24 28.725 15.7851 87.6293
159.827 122.511 0.0751169 0.116593 0.662832 0.387822 5.82596 4.94269
25 28.725 18.9099 90.6788
159.827 122.511 0.0751169 0.116593 0.662832 0.387822 5.82596 4.94269
26 28.725 20.5689 67.8861
159.827 122.511 0.0751169 0.116593 0.662832 0.387822 5.82596 4.94269
27 28.9994 19.2275 83.1864
162.103 119.421 0.093918 0.165167 0.637879 0.315723 6.3151 5.45389
28 28.9994 18.0738 85.201
162.103 119.421 0.093918 0.165167 0.637879 0.315723 6.3151 5.45389
29 28.9994 17.0971 104.608
162.103 119.421 0.093918 0.165167 0.637879 0.315723 6.3151 5.45389
30 29.3396 16.7821 96.2707
167.536 113.255 0.126179 0.1618 0.688777 0.301964 6.64458 5.06564
31 29.5659 20.0446 69.6356
169.747 113.973 0.128354 0.166329 0.676123 0.294112 6.6561 5.16732
32 29.5659 19.671 86.4645
169.747 113.973 0.128354 0.166329 0.676123 0.294112 6.6561 5.16732
33 29.5659 21.0088 82.7059
169.747 113.973 0.128354 0.166329 0.676123 0.294112 6.6561 5.16732
34 29.5659 21.3381 86.778
169.747 113.973 0.128354 0.166329 0.676123 0.294112 6.6561 5.16732
35 29.5659 20.4096 80.7288
169.747 113.973 0.128354 0.166329 0.676123 0.294112 6.6561 5.16732
36 29.5659 21.3252 77.5688
169.747 113.973 0.128354 0.166329 0.676123 0.294112 6.6561 5.16732
37 29.5659 21.2039 85.3189
169.747 113.973 0.128354 0.166329 0.676123 0.294112 6.6561 5.16732
38 29.5659 23.4438 65.8405
169.747 113.973 0.128354 0.166329 0.676123 0.294112 6.6561 5.16732
39 29.5659 23.1357 59.0577
169.747 113.973 0.128354 0.166329 0.676123 0.294112 6.6561 5.16732
40 29.5659 20.5789 110.751
169.747 113.973 0.128354 0.166329 0.676123 0.294112 6.6561 5.16732
41 29.5659 20.0813 97.8243
169.747 113.973 0.128354 0.166329 0.676123 0.294112 6.6561 5.16732
42 29.5659 22.2432 72.3768
169.747 113.973 0.128354 0.166329 0.676123 0.294112 6.6561 5.16732
43 29.5659 22.0092 55.78
169.747 113.973 0.128354 0.166329 0.676123 0.294112 6.6561 5.16732
44 29.5659 21.0011 85.3123
169.747 113.973 0.128354 0.166329 0.676123 0.294112 6.6561 5.16732
45 29.5659 19.7378 96.5411
169.747 113.973 0.128354 0.166329 0.676123 0.294112 6.6561 5.16732
46 29.5659 19.2324 75.6359
169.747 113.973 0.128354 0.166329 0.676123 0.294112 6.6561 5.16732
47 29.5659 20.2269 84.8041
169.747 113.973 0.128354 0.166329 0.676123 0.294112 6.6561 5.16732
48 29.5659 22.5608 62.4217
169.747 113.973 0.128354 0.166329 0.676123 0.294112 6.6561 5.16732
49 29.5659 19.957 93.8193
169.747 113.973 0.128354 0.166329 0.676123 0.294112 6.6561 5.16732
50 29.5659 21.636 68.3286
169.747 113.973 0.128354 0.166329 0.676123 0.294112 6.6561 5.16732
51 29.5659 21.2186 68.9498
169.747 113.973 0.128354 0.166329 0.676123 0.294112 6.6561 5.16732
52 29.5659 20.9057 77.9014
169.747 113.973 0.128354 0.166329 0.676123 0.294112 6.6561 5.16732
53 29.6591 22.7458 58.9012
169.744 113.97 0.128361 0.166294 0.676155 0.294106 6.65664 5.16723
54 29.6591 23.1379 51.7485
169.744 113.97 0.128361 0.166294 0.676155 0.294106 6.65664 5.16723
55 29.6591 21.7039 59.6048
169.744 113.97 0.128361 0.166294 0.676155 0.294106 6.65664 5.16723
56 29.6591 21.0312 76.4595
169.744 113.97 0.128361 0.166294 0.676155 0.294106 6.65664 5.16723
57 29.6591 21.398 66.8927
169.744 113.97 0.128361 0.166294 0.676155 0.294106 6.65664 5.16723
58 29.6591 20.6831 76.9283
169.744 113.97 0.128361 0.166294 0.676155 0.294106 6.65664 5.16723
59 29.6591 21.2218 80.6121
169.744 113.97 0.128361 0.166294 0.676155 0.294106 6.65664 5.16723
60 29.6591 18.6527 94.5839
169.744 113.97 0.128361 0.166294 0.676155 0.294106 6.65664 5.16723
61 29.6591 18.6403 108.647
169.744 113.97 0.128361 0.166294 0.676155 0.294106 6.65664 5.16723
62 29.6591 19.9588 91.6451
169.744 113.97 0.128361 0.166294 0.676155 0.294106 6.65664 5.16723
63 29.6591 19.5878 97.8118
169.744 113.97 0.128361 0.166294 0.676155 0.294106 6.65664 5.16723
64 29.6591 19.0884 93.0521
169.744 113.97 0.128361 0.166294 0.676155 0.294106 6.65664 5.16723
65 29.6591 19.4251 71.9368
169.744 113.97 0.128361 0.166294 0.676155 0.294106 6.65664 5.16723
66 29.6591 20.7857 54.0629
169.744 113.97 0.128361 0.166294 0.676155 0.294106 6.65664 5.16723
67 29.6591 18.5398 88.0046
169.744 113.97 0.128361 0.166294 0.676155 0.294106 6.65664 5.16723
68 29.6591 19.1265 87.6497
169.744 113.97 0.128361 0.166294 0.676155 0.294106 6.65664 5.16723
69 29.6591 17.6685 92.3052
169.744 113.97 0.128361 0.166294 0.676155 0.294106 6.65664 5.16723
70 29.6591 18.0352 103.371
169.744 113.97 0.128361 0.166294 0.676155 0.294106 6.65664 5.16723
71 29.6591 16.3716 95.7423
169.744 113.97 0.128361 0.166294 0.676155 0.294106 6.65664 5.16723
72 29.6591 17.6595 94.0855
169.744 113.97 0.128361 0.166294 0.676155 0.294106 6.65664 5.16723
73 29.6591 17.9339 94.4969
169.744 113.97 0.128361 0.166294 0.676155 0.294106 6.65664 5.16723
74 29.6591 17.3501 111.45
169.744 113.97 0.128361 0.166294 0.676155 0.294106 6.65664 5.16723
75 29.6591 19.9126 89.8125
169.744 113.97 0.128361 0.166294 0.676155 0.294106 6.65664 5.16723
76 29.6591 20.9452 91.5572
169.744 113.97 0.128361 0.166294 0.676155 0.294106 6.65664 5.16723
77 29.6591 17.703 94.8212
169.744 113.97 0.128361 0.166294 0.676155 0.294106 6.65664 5.16723
78 29.6591 19.7816 88.0045
169.744 113.97 0.128361 0.166294 0.676155 0.294106 6.65664 5.16723
79 29.6591 20.0266 76.6809
169.744 113.97 0.128361 0.166294 0.676155 0.294106 6.65664 5.16723
80 29.6591 20.3816 90.1426
169.744 113.97 0.128361 0.166294 0.676155 0.294106 6.65664 5.16723
81 29.6591 22.7871 57.8027
169.744 113.97 0.128361 0.166294 0.676155 0.294106 6.65664 5.16723
82 29.6591 21.486 74.0836
169.744 113.97 0.128361 0.166294 0.676155 0.294106 6.65664 5.16723
83 29.6591 21.8284 65.6354
169.744 113.97 0.128361 0.166294 0.676155 0.294106 6.65664 5.16723
84 29.6591 22.4043 66.7289
169.744 113.97 0.128361 0.166294 0.676155 0.294106 6.65664 5.16723
85 29.6591 23.1176 68.229
169.744 113.97 0.128361 0.166294 0.676155 0.294106 6.65664 5.16723
86 29.6591 23.415 61.4557
169.744 113.97 0.128361 0.166294 0.676155 0.294106 6.65664 5.16723
87 29.696 23.9954 67.9934
169.745 113.919 0.128596 0.164898 0.673663 0.295649 6.67751 5.14789
88 29.696 24.0056 45.6295
169.745 113.919 0.128596 0.164898 0.673663 0.295649 6.67751 5.14789
89 29.696 19.7268 109.155
169.745 113.919 0.128596 0.164898 0.673663 0.295649 6.67751 5.14789
90 29.696 19.6398 86.9894
169.745 113.919 0.128596 0.164898 0.673663 0.295649 6.67751 5.14789
91 29.696 21.5307 78.0438
169.745 113.919 0.128596 0.164898 0.673663 0.295649 6.67751 5.14789
92 29.696 19.2496 102.545
169.745 113.919 0.128596 0.164898 0.673663 0.295649 6.67751 5.14789
93 29.696 17.5195 109.446
169.745 113.919 0.128596 0.164898 0.673663 0.295649 6.67751 5.14789
94 29.696 19.4012 92.2166
169.745 113.919 0.128596 0.164898 0.673663 0.295649 6.67751 5.14789
95 29.696 19.0697 100.139
169.745 113.919 0.128596 0.164898 0.673663 0.295649 6.67751 5.14789
96 29.696 19.6568 110.922
169.745 113.919 0.128596 0.164898 0.673663 0.295649 6.67751 5.14789
97 29.696 21.8436 73.7396
169.745 113.919 0.128596 0.164898 0.673663 0.295649 6.67751 5.14789
98 29.696 20.8711 101.553
169.745 113.919 0.128596 0.164898 0.673663 0.295649 6.67751 5.14789
99 29.696 20.9969 78.1565
169.745 113.919 0.128596 0.164898 0.673663 0.295649 6.67751 5.14789
100 29.696 19.6692 89.9493
169.745 113.919 0.128596 0.164898 0.673663 0.295649 6.67751 5.14789
