0 14.538 0.94511 10.36
177.165 137.662 0.0983928 0.458703 0.532716 0.166293 6.42705 5.37392
1 14.538 1.8092 17.997
177.165 137.662 0.0983928 0.458703 0.532716 0.166293 6.42705 5.37392
2 21.6537 3.6048 47.6028
186.267 139.207 0.103753 0.323348 0.440605 0.254126 7.83367 6.60054
3 21.6537 5.66575 64.7623
186.267 139.207 0.103753 0.323348 0.440605 0.254126 7.83367 6.60054
4 23.059 6.94194 83.4487
188.639 139.345 0.0931599 0.31872 0.447809 0.24908 7.89439 6.74481
5 25.931 9.39081 113.101
190.453 140.354 0.0675113 0.286487 0.416178 0.266892 7.64653 6.3322
6 26.1346 10.2655 107.365
192.215 134.757 0.0786939 0.288158 0.346568 0.267677 7.06912 6.40467
7 26.1346 11.84 117.21
192.215 134.757 0.0786939 0.288158 0.346568 0.267677 7.06912 6.40467
8 26.163 13.7073 113.79
191.58 143.185 0.0811838 0.32221 0.331831 0.279267 6.53594 5.6424
9 26.163 16.3104 120.711
191.58 143.185 0.0811838 0.32221 0.331831 0.279267 6.53594 5.6424
10 26.1983 16.8194 99.1017
191.556 135.735 0.0791946 0.30188 0.327358 0.278955 6.90135 6.46517
11 26.2288 16.4627 116.518
187.41 138.798 0.0608272 0.301486 0.362971 0.258593 6.65408 6.36315
12 26.2681 16.4059 116.193
188.094 137.225 0.0628161 0.296602 0.361723 0.264014 6.56971 6.35462
13 26.3629 15.7646 126.108
200 160.53 0.180163 0.222086 0.319812 0.219688 6.9284 3.47465
14 26.3629 17.2493 122.37
200 160.53 0.180163 0.222086 0.319812 0.219688 6.9284 3.47465
15 26.3629 17.608 123.673
200 160.53 0.180163 0.222086 0.319812 0.219688 6.9284 3.47465
16 26.4033 17.3889 101.999
200 166.025 0.241822 0.195507 0.260967 0.23761 7.19969 3.43138
17 26.4677 18.042 87.039
195.295 156.463 0.126977 0.231144 0.351512 0.042112 7.04039 3.19349
18 26.6238 18.7452 86.9651
200 168.728 0.170798 0.167921 0.142593 0.234575 7.19168 2.15798
19 27.0228 20.4065 70.7485
200 174.924 0.230861 0.167711 0.301198 0.24424 7.44752 3.7204
20 27.0228 21.4858 74.0526
200 174.924 0.230861 0.167711 0.301198 0.24424 7.44752 3.7204
21 27.0228 20.4589 62.4812
200 174.924 0.230861 0.167711 0.301198 0.24424 7.44752 3.7204
22 27.0228 20.2099 81.6763
200 174.924 0.230861 0.167711 0.301198 0.24424 7.44752 3.7204
23 27.0228 19.597 93.462
200 174.924 0.230861 0.167711 0.301198 0.24424 7.44752 3.7204
24 27.0228 19.0029 94.3859
200 174.924 0.230861 0.167711 0.301198 0.24424 7.44752 3.7204
25 27.0268 19.9644 83.8753
199.84 175.041 0.231233 0.167844 0.301818 0.24271 7.4479 3.71476
26 27.2687 20.2701 83.8079
199.703 174.411 0.238569 0.147638 0.266461 0.267934 7.50589 3.61077
27 27.2687 20.3683 90.6912
199.703 174.411 0.238569 0.147638 0.266461 0.267934 7.50589 3.61077
28 27.2861 21.1379 55.514
199.827 174.397 0.238458 0.147295 0.266982 0.267854 7.49973 3.61352
29 27.4377 21.9508 62.6218
200 173.981 0.235021 0.138969 0.269241 0.262849 7.45334 3.65112
30 27.4377 21.5242 56.0499
200 173.981 0.235021 0.138969 0.269241 0.262849 7.45334 3.65112
31 27.4377 22.3076 44.3345
200 173.981 0.235021 0.138969 0.269241 0.262849 7.45334 3.65112
32 27.5929 22.9209 46.0609
200 179.477 0.161517 0.0718651 0.0425591 0.0739423 6.20903 0.489396
33 27.5929 21.471 42.1896
200 179.477 0.161517 0.0718651 0.0425591 0.0739423 6.20903 0.489396
34 27.5942 22.3891 31.0995
200 179.461 0.161469 0.0722196 0.0425724 0.0738554 6.20836 0.488175
35 27.5942 23.2176 45.6682
200 179.461 0.161469 0.0722196 0.0425724 0.0738554 6.20836 0.488175
36 27.7816 22.5003 37.7515
198.008 179.082 0.174718 0.0680262 0 0.106547 6.10257 0.741829
37 27.7816 23.4599 31.292
198.008 179.082 0.174718 0.0680262 0 0.106547 6.10257 0.741829
38 27.7816 23.8266 28.4524
198.008 179.082 0.174718 0.0680262 0 0.106547 6.10257 0.741829
39 27.7816 24.604 19.9544
198.008 179.082 0.174718 0.0680262 0 0.106547 6.10257 0.741829
40 27.7816 25.0887 11.8535
198.008 179.082 0.174718 0.0680262 0 0.106547 6.10257 0.741829
41 27.7816 23.5248 35.6697
198.008 179.082 0.174718 0.0680262 0 0.106547 6.10257 0.741829
42 27.7816 21.7512 45.4751
198.008 179.082 0.174718 0.0680262 0 0.106547 6.10257 0.741829
43 27.7816 21.4744 64.5419
198.008 179.082 0.174718 0.0680262 0 0.106547 6.10257 0.741829
44 27.7816 23.31 42.4165
198.008 179.082 0.174718 0.0680262 0 0.106547 6.10257 0.741829
45 27.7816 23.0998 48.8725
198.008 179.082 0.174718 0.0680262 0 0.106547 6.10257 0.741829
46 27.7816 23.2848 40.6992
198.008 179.082 0.174718 0.0680262 0 0.106547 6.10257 0.741829
47 27.7816 22.7958 66.2942
198.008 179.082 0.174718 0.0680262 0 0.106547 6.10257 0.741829
48 28.2041 22.0647 68.6599
200 165.975 0.267961 0.2226 0.0031344 0 7.86779 3.08109
49 28.2624 21.6759 70.0314
199.72 165.765 0.264743 0.220953 0.00841316 0 7.87847 3.02192
50 28.2624 21.9404 54.7254
199.72 165.765 0.264743 0.220953 0.00841316 0 7.87847 3.02192
51 28.2624 22.0529 57.3476
199.72 165.765 0.264743 0.220953 0.00841316 0 7.87847 3.02192
52 28.2624 22.3625 56.2306
199.72 165.765 0.264743 0.220953 0.00841316 0 7.87847 3.02192
53 28.2624 21.7357 69.4078
199.72 165.765 0.264743 0.220953 0.00841316 0 7.87847 3.02192
54 28.2624 22.8047 55.0655
199.72 165.765 0.264743 0.220953 0.00841316 0 7.87847 3.02192
55 28.2624 23.4104 51.5486
199.72 165.765 0.264743 0.220953 0.00841316 0 7.87847 3.02192
56 28.2624 23.0548 50.8313
199.72 165.765 0.264743 0.220953 0.00841316 0 7.87847 3.02192
57 28.2624 23.6421 51.7183
199.72 165.765 0.264743 0.220953 0.00841316 0 7.87847 3.02192
58 28.2624 21.943 69.1471
199.72 165.765 0.264743 0.220953 0.00841316 0 7.87847 3.02192
59 28.2624 20.9299 81.1343
199.72 165.765 0.264743 0.220953 0.00841316 0 7.87847 3.02192
60 28.2624 20.6025 78.2988
199.72 165.765 0.264743 0.220953 0.00841316 0 7.87847 3.02192
61 28.2624 23.1493 58.0709
199.72 165.765 0.264743 0.220953 0.00841316 0 7.87847 3.02192
62 28.2624 21.5844 58.8621
199.72 165.765 0.264743 0.220953 0.00841316 0 7.87847 3.02192
63 28.2624 21.4375 51.2454
199.72 165.765 0.264743 0.220953 0.00841316 0 7.87847 3.02192
64 28.2624 20.934 88.2544
199.72 165.765 0.264743 0.220953 0.00841316 0 7.87847 3.02192
65 28.2624 20.7539 77.2228
199.72 165.765 0.264743 0.220953 0.00841316 0 7.87847 3.02192
66 28.2624 21.796 78.3499
199.72 165.765 0.264743 0.220953 0.00841316 0 7.87847 3.02192
67 28.2624 21.9729 89.7728
199.72 165.765 0.264743 0.220953 0.00841316 0 7.87847 3.02192
68 28.2624 22.8673 67.4296
199.72 165.765 0.264743 0.220953 0.00841316 0 7.87847 3.02192
69 28.2624 23.0827 57.9074
199.72 165.765 0.264743 0.220953 0.00841316 0 7.87847 3.02192
70 28.2624 23.3753 52.7843
199.72 165.765 0.264743 0.220953 0.00841316 0 7.87847 3.02192
71 28.2624 24.027 49.2668
199.72 165.765 0.264743 0.220953 0.00841316 0 7.87847 3.02192
72 28.2624 23.8113 57.3109
199.72 165.765 0.264743 0.220953 0.00841316 0 7.87847 3.02192
73 28.2624 23.0988 58.0342
199.72 165.765 0.264743 0.220953 0.00841316 0 7.87847 3.02192
74 28.2624 24.4555 37.1691
199.72 165.765 0.264743 0.220953 0.00841316 0 7.87847 3.02192
75 28.2624 22.7998 52.3673
199.72 165.765 0.264743 0.220953 0.00841316 0 7.87847 3.02192
76 28.2624 21.7061 64.7703
199.72 165.765 0.264743 0.220953 0.00841316 0 7.87847 3.02192
77 28.2624 22.068 61.7227
199.72 165.765 0.264743 0.220953 0.00841316 0 7.87847 3.02192
78 28.2624 21.7233 59.2023
199.72 165.765 0.264743 0.220953 0.00841316 0 7.87847 3.02192
79 28.2624 23.0728 41.6682
199.72 165.765 0.264743 0.220953 0.00841316 0 7.87847 3.02192
80 28.2624 22.6114 58.5641
199.72 165.765 0.264743 0.220953 0.00841316 0 7.87847 3.02192
81 28.2776 23.1795 50.2457
199.933 166.397 0.264596 0.21763 0.00255347 0 7.8184 3.01309
82 28.2776 23.6934 40.2753
199.933 166.397 0.264596 0.21763 0.00255347 0 7.8184 3.01309
83 28.3197 22.1659 60.9517
200 164.296 0.263356 0.218088 0.00277692 0.0050451 7.82456 3.02993
84 28.3197 21.9976 54.5865
200 164.296 0.263356 0.218088 0.00277692 0.0050451 7.82456 3.02993
85 28.3197 23.4752 45.829
200 164.296 0.263356 0.218088 0.00277692 0.0050451 7.82456 3.02993
86 28.3197 24.5488 31.73
200 164.296 0.263356 0.218088 0.00277692 0.0050451 7.82456 3.02993
87 28.3197 24.1559 43.2157
200 164.296 0.263356 0.218088 0.00277692 0.0050451 7.82456 3.02993
88 28.3197 24.3841 41.6392
200 164.296 0.263356 0.218088 0.00277692 0.0050451 7.82456 3.02993
89 28.3197 21.7937 75.3864
200 164.296 0.263356 0.218088 0.00277692 0.0050451 7.82456 3.02993
90 28.3197 23.6623 54.9978
200 164.296 0.263356 0.218088 0.00277692 0.0050451 7.82456 3.02993
91 28.3197 24.9338 29.0179
200 164.296 0.263356 0.218088 0.00277692 0.0050451 7.82456 3.02993
92 28.3197 23.8754 46.4453
200 164.296 0.263356 0.218088 0.00277692 0.0050451 7.82456 3.02993
93 28.3197 24.4885 41.2999
200 164.296 0.263356 0.218088 0.00277692 0.0050451 7.82456 3.02993
94 28.3197 25.0478 28.2308
200 164.296 0.263356 0.218088 0.00277692 0.0050451 7.82456 3.02993
95 28.3197 25.2551 25.6064
200 164.296 0.263356 0.218088 0.00277692 0.0050451 7.82456 3.02993
96 28.3197 24.146 43.2336
200 164.296 0.263356 0.218088 0.00277692 0.0050451 7.82456 3.02993
97 28.3197 24.4143 44.1532
200 164.296 0.263356 0.218088 0.00277692 0.0050451 7.82456 3.02993
98 28.3197 23.4112 63.0171
200 164.296 0.263356 0.218088 0.00277692 0.0050451 7.82456 3.02993
99 28.3197 24.487 41.6056
200 164.296 0.263356 0.218088 0.00277692 0.0050451 7.82456 3.02993
100 28.3197 24.644 25.8019
200 164.296 0.263356 0.218088 0.00277692 0.0050451 7.82456 3.02993
