0 10.9147 4.0858 5.85637
164.711 182.707 0.528427 0.264574 0.813331 0.20919 9.32567 5.48485
1 13.8746 5.17252 12.845
102.742 124.972 0.526066 0.0546478 0.348169 0.166443 6.15564 5.37485
2 13.8746 5.97101 14.7118
102.742 124.972 0.526066 0.0546478 0.348169 0.166443 6.15564 5.37485
3 13.8746 6.5971 18.6885
102.742 124.972 0.526066 0.0546478 0.348169 0.166443 6.15564 5.37485
4 13.8746 6.75058 21.8564
102.742 124.972 0.526066 0.0546478 0.348169 0.166443 6.15564 5.37485
5 13.8746 7.32924 22.5875
102.742 124.972 0.526066 0.0546478 0.348169 0.166443 6.15564 5.37485
6 14.4339 7.6625 23.5775
105.94 126.822 0.491983 0.125896 0.399774 0.178016 6.61598 5.6634
7 16.531 8.89048 22.6704
100 133.025 0.371313 0.0513835 0.375543 0.251504 5.61114 3.93634
8 17.9722 10.1487 25.1612
104.051 122.834 0.420042 0.13909 0.36772 0.136294 6.78986 5.51509
9 17.9722 10.3768 26.1882
104.051 122.834 0.420042 0.13909 0.36772 0.136294 6.78986 5.51509
10 17.9722 10.2205 31.6055
104.051 122.834 0.420042 0.13909 0.36772 0.136294 6.78986 5.51509
11 19.2308 11.223 33.7883
109.288 124.316 0.344993 0.248221 0.23983 0.136836 8.04746 6.01381
12 19.2308 11.8078 31.1369
109.288 124.316 0.344993 0.248221 0.23983 0.136836 8.04746 6.01381
13 19.6563 12.8396 27.0615
113.428 123.28 0.371467 0.218041 0.259379 0.132509 7.79003 5.97514
14 20.01 12.9123 32.1308
100 129.156 0.429602 0.13012 0.271397 0.141474 6.81567 5.75897
15 20.01 13.2743 33.0538
100 129.156 0.429602 0.13012 0.271397 0.141474 6.81567 5.75897
16 21.048 14.2652 36.5322
104.849 124.888 0.306402 0.31281 0.129194 0.134 6.80012 5.35375
17 21.07 14.7016 38.0145
106.222 126.201 0.30561 0.307768 0.136561 0.128472 6.82303 5.44926
18 21.4958 13.9576 38.8054
100 100 0.293516 0.338597 0.240058 0 6.9028 7.17109
19 21.622 15.5476 28.8393
100.451 100.34 0.29299 0.341819 0.241507 0.00952015 6.86946 7.15218
20 21.622 15.6896 36.7917
100.451 100.34 0.29299 0.341819 0.241507 0.00952015 6.86946 7.15218
21 22.8091 16.0521 36.5939
103.019 100.191 0.299416 0.359106 0.234515 0.0142422 6.67134 7.06056
22 22.8091 15.5865 42.2146
103.019 100.191 0.299416 0.359106 0.234515 0.0142422 6.67134 7.06056
23 22.8091 15.7615 44.9172
103.019 100.191 0.299416 0.359106 0.234515 0.0142422 6.67134 7.06056
24 22.8091 14.4226 54.012
103.019 100.191 0.299416 0.359106 0.234515 0.0142422 6.67134 7.06056
25 22.8091 15.5461 39.6535
103.019 100.191 0.299416 0.359106 0.234515 0.0142422 6.67134 7.06056
26 23.1673 15.4165 40.3415
100 109.625 0.429609 0.294474 0.117364 0 7.7392 6.97944
27 23.1673 16.4843 35.4331
100 109.625 0.429609 0.294474 0.117364 0 7.7392 6.97944
28 23.6393 15.0252 39.4986
100 103.066 0.44261 0.261359 0.0915667 0.00945284 8.43771 7.19027
29 24.1616 15.6682 45.5403
100 105.304 0.430118 0.23133 0.00519381 0.0426108 8.8212 6.59775
30 24.1616 15.3068 49.971
100 105.304 0.430118 0.23133 0.00519381 0.0426108 8.8212 6.59775
31 24.1616 15.2114 43.9562
100 105.304 0.430118 0.23133 0.00519381 0.0426108 8.8212 6.59775
32 24.1616 14.8039 51.9109
100 105.304 0.430118 0.23133 0.00519381 0.0426108 8.8212 6.59775
33 24.1616 14.6743 53.0714
100 105.304 0.430118 0.23133 0.00519381 0.0426108 8.8212 6.59775
34 24.1616 15.3189 47.5038
100 105.304 0.430118 0.23133 0.00519381 0.0426108 8.8212 6.59775
35 24.1616 14.9372 59.5086
100 105.304 0.430118 0.23133 0.00519381 0.0426108 8.8212 6.59775
36 24.1616 15.6166 60.3572
100 105.304 0.430118 0.23133 0.00519381 0.0426108 8.8212 6.59775
37 24.1616 15.9385 66.7063
100 105.304 0.430118 0.23133 0.00519381 0.0426108 8.8212 6.59775
38 24.2232 16.5911 56.8105
100 100 0.454738 0.293823 0 0 7.64359 5.8444
39 24.2232 16.1402 64.2324
100 100 0.454738 0.293823 0 0 7.64359 5.8444
40 24.2713 16.5043 68.749
100.484 100 0.446927 0.306527 0 0.0166534 7.62981 5.83488
41 24.2713 17.5586 64.7119
100.484 100 0.446927 0.306527 0 0.0166534 7.62981 5.83488
42 24.2713 17.2134 66.0077
100.484 100 0.446927 0.306527 0 0.0166534 7.62981 5.83488
43 24.2713 17.5143 62.8389
100.484 100 0.446927 0.306527 0 0.0166534 7.62981 5.83488
44 24.2713 17.5497 68.7372
100.484 100 0.446927 0.306527 0 0.0166534 7.62981 5.83488
45 24.2713 17.2031 73.584
100.484 100 0.446927 0.306527 0 0.0166534 7.62981 5.83488
46 24.2713 17.4235 60.1539
100.484 100 0.446927 0.306527 0 0.0166534 7.62981 5.83488
47 24.2713 18.4436 48.637
100.484 100 0.446927 0.306527 0 0.0166534 7.62981 5.83488
48 24.2713 17.889 48.33
100.484 100 0.446927 0.306527 0 0.0166534 7.62981 5.83488
49 24.2713 17.27 60.3563
100.484 100 0.446927 0.306527 0 0.0166534 7.62981 5.83488
50 24.299 17.7732 61.4209
100.299 103.108 0.488397 0.303452 0 0 7.96528 5.56377
51 24.299 15.5749 65.1909
100.299 103.108 0.488397 0.303452 0 0 7.96528 5.56377
52 24.3653 14.5183 83.554
100.292 102.238 0.492224 0.295105 0.00657709 0 8.04621 5.55283
53 24.3653 15.5098 72.5829
100.292 102.238 0.492224 0.295105 0.00657709 0 8.04621 5.55283
54 24.3653 17.1798 64.4863
100.292 102.238 0.492224 0.295105 0.00657709 0 8.04621 5.55283
55 24.3653 18.1575 48.6309
100.292 102.238 0.492224 0.295105 0.00657709 0 8.04621 5.55283
56 24.3653 17.8764 49.0788
100.292 102.238 0.492224 0.295105 0.00657709 0 8.04621 5.55283
57 24.3653 18.1777 44.1383
100.292 102.238 0.492224 0.295105 0.00657709 0 8.04621 5.55283
58 24.3653 17.8724 53.9037
100.292 102.238 0.492224 0.295105 0.00657709 0 8.04621 5.55283
59 24.3751 15.4524 73.9407
100.075 102.065 0.490051 0.295533 0.00792044 0.000841154 8.06509 5.53571
60 24.3751 14.3271 81.2864
100.075 102.065 0.490051 0.295533 0.00792044 0.000841154 8.06509 5.53571
61 24.3751 13.532 78.3889
100.075 102.065 0.490051 0.295533 0.00792044 0.000841154 8.06509 5.53571
62 24.3751 13.7653 77.3156
100.075 102.065 0.490051 0.295533 0.00792044 0.000841154 8.06509 5.53571
63 24.3751 13.1899 78.9532
100.075 102.065 0.490051 0.295533 0.00792044 0.000841154 8.06509 5.53571
64 24.3751 14.8055 66.782
100.075 102.065 0.490051 0.295533 0.00792044 0.000841154 8.06509 5.53571
65 24.3751 14.3495 62.5192
100.075 102.065 0.490051 0.295533 0.00792044 0.000841154 8.06509 5.53571
66 24.3751 15.1455 67.7113
100.075 102.065 0.490051 0.295533 0.00792044 0.000841154 8.06509 5.53571
67 24.3751 16.1386 72.0546
100.075 102.065 0.490051 0.295533 0.00792044 0.000841154 8.06509 5.53571
68 24.5284 17.0264 60.0875
100 102.31 0.494625 0.287646 0.0127661 0.00140053 8.12778 5.62322
69 24.5284 15.9926 49.1387
100 102.31 0.494625 0.287646 0.0127661 0.00140053 8.12778 5.62322
70 24.5284 15.4549 54.4983
100 102.31 0.494625 0.287646 0.0127661 0.00140053 8.12778 5.62322
71 24.5284 13.777 59.5553
100 102.31 0.494625 0.287646 0.0127661 0.00140053 8.12778 5.62322
72 24.5284 14.7218 53.8152
100 102.31 0.494625 0.287646 0.0127661 0.00140053 8.12778 5.62322
73 24.5284 14.4729 57.511
100 102.31 0.494625 0.287646 0.0127661 0.00140053 8.12778 5.62322
74 24.5284 15.7386 61.7675
100 102.31 0.494625 0.287646 0.0127661 0.00140053 8.12778 5.62322
75 24.5284 17.488 52.0636
100 102.31 0.494625 0.287646 0.0127661 0.00140053 8.12778 5.62322
76 24.5284 18.7522 35.2306
100 102.31 0.494625 0.287646 0.0127661 0.00140053 8.12778 5.62322
77 24.5284 17.3199 61.9401
100 102.31 0.494625 0.287646 0.0127661 0.00140053 8.12778 5.62322
78 24.5284 16.9631 61.6414
100 102.31 0.494625 0.287646 0.0127661 0.00140053 8.12778 5.62322
79 24.5284 17.4746 44.2708
100 102.31 0.494625 0.287646 0.0127661 0.00140053 8.12778 5.62322
80 24.5284 18.1095 36.0976
100 102.31 0.494625 0.287646 0.0127661 0.00140053 8.12778 5.62322
81 24.5284 17.5435 51.6856
100 102.31 0.494625 0.287646 0.0127661 0.00140053 8.12778 5.62322
82 24.5284 18.364 48.6979
100 102.31 0.494625 0.287646 0.0127661 0.00140053 8.12778 5.62322
83 24.5284 17.9856 40.7994
100 102.31 0.494625 0.287646 0.0127661 0.00140053 8.12778 5.62322
84 24.5284 16.9677 63.2338
100 102.31 0.494625 0.287646 0.0127661 0.00140053 8.12778 5.62322
85 24.5284 17.0837 45.6888
100 102.31 0.494625 0.287646 0.0127661 0.00140053 8.12778 5.62322
86 24.5284 17.1848 48.3032
100 102.31 0.494625 0.287646 0.0127661 0.00140053 8.12778 5.62322
87 24.5284 15.6413 62.2464
100 102.31 0.494625 0.287646 0.0127661 0.00140053 8.12778 5.62322
88 24.5284 15.7504 58.7803
100 102.31 0.494625 0.287646 0.0127661 0.00140053 8.12778 5.62322
89 24.5284 14.1546 67.6062
100 102.31 0.494625 0.287646 0.0127661 0.00140053 8.12778 5.62322
90 24.5284 14.0302 64.7119
100 102.31 0.494625 0.287646 0.0127661 0.00140053 8.12778 5.62322
91 24.5284 14.9827 74.7052
100 102.31 0.494625 0.287646 0.0127661 0.00140053 8.12778 5.62322
92 24.531 15.0571 73.3411
100 101.091 0.500636 0.270004 0.00432697 0.027031 8.05035 5.4222
93 24.531 16.8029 66.0716
100 101.091 0.500636 0.270004 0.00432697 0.027031 8.05035 5.4222
94 24.531 18.1843 56.096
100 101.091 0.500636 0.270004 0.00432697 0.027031 8.05035 5.4222
95 24.531 17.2479 68.8886
100 101.091 0.500636 0.270004 0.00432697 0.027031 8.05035 5.4222
96 24.531 14.8987 68.1374
100 101.091 0.500636 0.270004 0.00432697 0.027031 8.05035 5.4222
97 24.531 15.6394 68.4547
100 101.091 0.500636 0.270004 0.00432697 0.027031 8.05035 5.4222
98 24.531 15.8429 66.8722
100 101.091 0.500636 0.270004 0.00432697 0.027031 8.05035 5.4222
99 24.531 17.1014 59.8649
100 101.091 0.500636 0.270004 0.00432697 0.027031 8.05035 5.4222
100 24.531 17.315 66.1273
100 101.091 0.500636 0.270004 0.00432697 0.027031 8.05035 5.4222
