0 0.25 0.06088 0.00482203
114.071 193.658 0.121993 0.280932 0.171608 0.928265 0.304867 5.92072
1 0.25 0.0822 0.00629355
114.071 193.658 0.121993 0.280932 0.171608 0.928265 0.304867 5.92072
2 2.54856 0.144271 0.127754
178.722 137.734 0.248977 0.000639328 0.887942 0.574613 0 2.94602
3 2.54856 0.213684 0.249488
178.722 137.734 0.248977 0.000639328 0.887942 0.574613 0 2.94602
4 2.54856 0.264414 0.361652
178.722 137.734 0.248977 0.000639328 0.887942 0.574613 0 2.94602
5 2.58786 0.369768 0.563277
170.241 140.514 0.149989 0.00656231 0.950073 0.627399 0.244967 3.93263
6 2.60664 0.558367 0.90714
180.011 139.426 0.10539 0.0420653 0.89857 0.599429 0 2.79407
7 2.81031 0.752651 1.22593
179.722 151.566 0.184284 0.0750468 0.884602 0.498447 0.182416 3.31941
8 2.81031 0.801096 1.24013
179.722 151.566 0.184284 0.0750468 0.884602 0.498447 0.182416 3.31941
9 2.81656 1.00555 1.45705
184.687 147.618 0.338497 0.0847711 0.824583 0.779187 0.229878 4.48424
10 2.81656 0.938664 1.44707
184.687 147.618 0.338497 0.0847711 0.824583 0.779187 0.229878 4.48424
11 2.81985 0.962863 1.4079
187.269 143.232 0.19021 0.152719 0.846451 0.780153 0 5.02163
12 2.82015 0.936302 1.36954
187.352 143.096 0.189504 0.15312 0.846497 0.781228 0 5.02399
13 5.11426 1.06315 1.70993
182.315 142.742 0.359918 0.0109091 0.913501 0.823749 0 5.24742
14 5.11567 1.02388 1.9554
182.911 143.001 0.359912 0.00812269 0.908823 0.807387 0.0787908 5.19416
15 5.13672 1.32337 2.34869
200 200 0.405033 0.0124626 0.477821 1 0.018641 3.7285
16 5.13672 1.42559 2.39674
200 200 0.405033 0.0124626 0.477821 1 0.018641 3.7285
17 5.13672 1.52132 2.36871
200 200 0.405033 0.0124626 0.477821 1 0.018641 3.7285
18 5.13672 1.56416 2.39532
200 200 0.405033 0.0124626 0.477821 1 0.018641 3.7285
19 5.13672 1.629 2.37016
200 200 0.405033 0.0124626 0.477821 1 0.018641 3.7285
20 5.13672 1.72016 2.28951
200 200 0.405033 0.0124626 0.477821 1 0.018641 3.7285
21 5.13672 1.59 2.3326
200 200 0.405033 0.0124626 0.477821 1 0.018641 3.7285
22 5.13672 1.61389 2.8621
200 200 0.405033 0.0124626 0.477821 1 0.018641 3.7285
23 5.13672 1.72006 3.01316
200 200 0.405033 0.0124626 0.477821 1 0.018641 3.7285
24 5.13672 2.02112 2.72742
200 200 0.405033 0.0124626 0.477821 1 0.018641 3.7285
25 5.13908 1.90637 3.02765
200 200 0.406038 0.0155612 0.469717 0.998583 0.00268757 3.78229
26 5.13908 1.80951 2.8696
200 200 0.406038 0.0155612 0.469717 0.998583 0.00268757 3.78229
27 5.13908 1.97272 2.94987
200 200 0.406038 0.0155612 0.469717 0.998583 0.00268757 3.78229
28 5.13908 1.72436 2.67025
200 200 0.406038 0.0155612 0.469717 0.998583 0.00268757 3.78229
29 5.13953 1.98811 3.2663
199.019 200 0.432784 0.0169074 0.492137 0.998429 0 3.73817
30 5.14316 2.08875 3.56355
200 130.688 0.421442 0.00568789 0.705249 0.416119 0.384344 6.66836
31 5.14316 1.93683 2.99371
200 130.688 0.421442 0.00568789 0.705249 0.416119 0.384344 6.66836
32 5.14316 1.8961 2.80829
200 130.688 0.421442 0.00568789 0.705249 0.416119 0.384344 6.66836
33 5.14316 1.85772 3.71681
200 130.688 0.421442 0.00568789 0.705249 0.416119 0.384344 6.66836
34 5.14316 2.03405 3.59732
200 130.688 0.421442 0.00568789 0.705249 0.416119 0.384344 6.66836
35 5.14316 2.12935 3.333
200 130.688 0.421442 0.00568789 0.705249 0.416119 0.384344 6.66836
36 5.14857 1.76929 3.11135
200 194.906 0.457257 0.00505572 0.572912 0.962225 0.499147 3.67567
37 5.14857 2.04339 3.34005
200 194.906 0.457257 0.00505572 0.572912 0.962225 0.499147 3.67567
38 5.14857 2.20389 3.41398
200 194.906 0.457257 0.00505572 0.572912 0.962225 0.499147 3.67567
39 5.14857 2.11604 3.28055
200 194.906 0.457257 0.00505572 0.572912 0.962225 0.499147 3.67567
40 5.14857 2.01676 2.55886
200 194.906 0.457257 0.00505572 0.572912 0.962225 0.499147 3.67567
41 5.14857 2.11875 3.06595
200 194.906 0.457257 0.00505572 0.572912 0.962225 0.499147 3.67567
42 5.14857 1.96875 3.25682
200 194.906 0.457257 0.00505572 0.572912 0.962225 0.499147 3.67567
43 5.14857 1.89387 2.55849
200 194.906 0.457257 0.00505572 0.572912 0.962225 0.499147 3.67567
44 5.14857 1.89733 2.57988
200 194.906 0.457257 0.00505572 0.572912 0.962225 0.499147 3.67567
45 5.14857 1.9001 3.31741
200 194.906 0.457257 0.00505572 0.572912 0.962225 0.499147 3.67567
46 5.14857 1.86726 3.01984
200 194.906 0.457257 0.00505572 0.572912 0.962225 0.499147 3.67567
47 5.14857 1.91266 2.81194
200 194.906 0.457257 0.00505572 0.572912 0.962225 0.499147 3.67567
48 5.14857 2.01943 2.92751
200 194.906 0.457257 0.00505572 0.572912 0.962225 0.499147 3.67567
49 5.14857 2.10453 3.35641
200 194.906 0.457257 0.00505572 0.572912 0.962225 0.499147 3.67567
50 5.14857 2.12505 3.3862
200 194.906 0.457257 0.00505572 0.572912 0.962225 0.499147 3.67567
51 5.14857 2.07795 3.30797
200 194.906 0.457257 0.00505572 0.572912 0.962225 0.499147 3.67567
52 5.14857 1.91528 2.83477
200 194.906 0.457257 0.00505572 0.572912 0.962225 0.499147 3.67567
53 5.14857 1.96945 3.02406
200 194.906 0.457257 0.00505572 0.572912 0.962225 0.499147 3.67567
54 5.15012 1.97524 3.37939
200 185.984 0.343547 0.00273156 0.622243 1 0.68236 4.04224
55 5.15012 1.97008 3.18677
200 185.984 0.343547 0.00273156 0.622243 1 0.68236 4.04224
56 5.15012 1.8417 3.12727
200 185.984 0.343547 0.00273156 0.622243 1 0.68236 4.04224
57 5.15012 1.77648 3.15976
200 185.984 0.343547 0.00273156 0.622243 1 0.68236 4.04224
58 5.15012 1.66766 3.02813
200 185.984 0.343547 0.00273156 0.622243 1 0.68236 4.04224
59 5.15012 2.20053 3.44086
200 185.984 0.343547 0.00273156 0.622243 1 0.68236 4.04224
60 5.15012 1.87618 2.84375
200 185.984 0.343547 0.00273156 0.622243 1 0.68236 4.04224
61 5.15012 2.2595 3.12458
200 185.984 0.343547 0.00273156 0.622243 1 0.68236 4.04224
62 5.15012 1.96512 3.11536
200 185.984 0.343547 0.00273156 0.622243 1 0.68236 4.04224
63 5.15012 1.99265 3.01339
200 185.984 0.343547 0.00273156 0.622243 1 0.68236 4.04224
64 5.15012 1.95701 2.71771
200 185.984 0.343547 0.00273156 0.622243 1 0.68236 4.04224
65 5.15012 1.96694 3.59648
200 185.984 0.343547 0.00273156 0.622243 1 0.68236 4.04224
66 5.15012 1.84163 3.06342
200 185.984 0.343547 0.00273156 0.622243 1 0.68236 4.04224
67 5.15012 1.76668 3.15367
200 185.984 0.343547 0.00273156 0.622243 1 0.68236 4.04224
68 5.15012 1.74264 2.68029
200 185.984 0.343547 0.00273156 0.622243 1 0.68236 4.04224
69 5.15012 1.76243 3.17785
200 185.984 0.343547 0.00273156 0.622243 1 0.68236 4.04224
70 5.15012 1.67253 3.13118
200 185.984 0.343547 0.00273156 0.622243 1 0.68236 4.04224
71 5.15012 1.7376 2.72364
200 185.984 0.343547 0.00273156 0.622243 1 0.68236 4.04224
72 5.15012 1.70079 2.98591
200 185.984 0.343547 0.00273156 0.622243 1 0.68236 4.04224
73 5.15012 1.76563 2.8492
200 185.984 0.343547 0.00273156 0.622243 1 0.68236 4.04224
74 5.15012 1.7466 2.95453
200 185.984 0.343547 0.00273156 0.622243 1 0.68236 4.04224
75 5.15012 1.48603 3.0488
200 185.984 0.343547 0.00273156 0.622243 1 0.68236 4.04224
76 5.15012 1.81215 3.34397
200 185.984 0.343547 0.00273156 0.622243 1 0.68236 4.04224
77 5.15012 1.58721 3.0057
200 185.984 0.343547 0.00273156 0.622243 1 0.68236 4.04224
78 5.15012 1.59494 2.71096
200 185.984 0.343547 0.00273156 0.622243 1 0.68236 4.04224
79 5.15012 1.93349 2.99452
200 185.984 0.343547 0.00273156 0.622243 1 0.68236 4.04224
80 5.15012 1.95028 2.72898
200 185.984 0.343547 0.00273156 0.622243 1 0.68236 4.04224
81 5.15012 1.76812 2.66761
200 185.984 0.343547 0.00273156 0.622243 1 0.68236 4.04224
82 5.15012 2.0697 3.49036
200 185.984 0.343547 0.00273156 0.622243 1 0.68236 4.04224
83 5.15012 1.99393 3.3141
200 185.984 0.343547 0.00273156 0.622243 1 0.68236 4.04224
84 5.15012 1.98136 3.88366
200 185.984 0.343547 0.00273156 0.622243 1 0.68236 4.04224
85 5.15012 1.7553 3.15184
200 185.984 0.343547 0.00273156 0.622243 1 0.68236 4.04224
86 5.15012 1.82493 2.93026
200 185.984 0.343547 0.00273156 0.622243 1 0.68236 4.04224
87 5.15012 1.73769 2.9957
200 185.984 0.343547 0.00273156 0.622243 1 0.68236 4.04224
88 5.15012 1.9114 3.29283
200 185.984 0.343547 0.00273156 0.622243 1 0.68236 4.04224
89 5.15012 1.89519 2.84333
200 185.984 0.343547 0.00273156 0.622243 1 0.68236 4.04224
90 5.15012 2.2599 2.89117
200 185.984 0.343547 0.00273156 0.622243 1 0.68236 4.04224
91 5.15012 1.9921 3.36846
200 185.984 0.343547 0.00273156 0.622243 1 0.68236 4.04224
92 5.15012 1.81243 2.8442
200 185.984 0.343547 0.00273156 0.622243 1 0.68236 4.04224
93 5.15012 1.61849 2.95523
200 185.984 0.343547 0.00273156 0.622243 1 0.68236 4.04224
94 5.15012 1.58082 2.99287
200 185.984 0.343547 0.00273156 0.622243 1 0.68236 4.04224
95 5.15012 1.82725 2.59161
200 185.984 0.343547 0.00273156 0.622243 1 0.68236 4.04224
96 5.15012 1.75572 3.20584
200 185.984 0.343547 0.00273156 0.622243 1 0.68236 4.04224
97 5.15012 2.02884 3.66175
200 185.984 0.343547 0.00273156 0.622243 1 0.68236 4.04224
98 5.15012 1.68968 3.12513
200 185.984 0.343547 0.00273156 0.622243 1 0.68236 4.04224
99 5.15012 1.868 3.44488
200 185.984 0.343547 0.00273156 0.622243 1 0.68236 4.04224
100 5.15012 1.83412 3.53787
200 185.984 0.343547 0.00273156 0.622243 1 0.68236 4.04224
