0 12.7686 3.93716 14.9439
121.314 120.851 0.201867 0.781476 0.00775583 0.0338554 4.67303 7.51151
1 12.7686 4.86268 18.4669
121.314 120.851 0.201867 0.781476 0.00775583 0.0338554 4.67303 7.51151
2 15.8003 5.59286 26.2519
124.825 119.437 0.1969 0.766627 0.0054181 0.0105506 4.6685 7.57877
3 15.8517 6.81862 33.3205
100 117.578 0.163599 0.590537 0 0.202691 3.83863 6.9599
4 17.4526 7.44175 38.5065
103.794 121.38 0.273221 0.565139 0.0232955 0.197775 4.20599 6.91495
5 17.4526 7.23874 35.0077
103.794 121.38 0.273221 0.565139 0.0232955 0.197775 4.20599 6.91495
6 17.4526 8.05 32.8957
103.794 121.38 0.273221 0.565139 0.0232955 0.197775 4.20599 6.91495
7 17.9577 9.82396 37.9285
103.853 121.415 0.271826 0.564563 0.02089 0.196999 4.20851 6.90262
8 17.9577 9.2907 40.8141
103.853 121.415 0.271826 0.564563 0.02089 0.196999 4.20851 6.90262
9 17.9577 10.1211 36.5808
103.853 121.415 0.271826 0.564563 0.02089 0.196999 4.20851 6.90262
10 17.9577 10.7902 34.8136
103.853 121.415 0.271826 0.564563 0.02089 0.196999 4.20851 6.90262
11 18.1273 11.7856 38.8364
131.273 136.808 0.339748 0.477648 0.0508212 0.159704 5.80772 6.50875
12 18.7271 11.1397 38.6616
123.714 150.938 0.260565 0.374421 0.0901752 0.150334 4.33231 5.1432
13 19.3102 12.1071 34.0843
119.628 115.508 0.254155 0.349517 0 0.176366 6.62666 5.59805
14 19.3181 11.772 40.4514
119.574 115.817 0.250722 0.347019 0.000539056 0.17791 6.61443 5.60168
15 19.3443 11.1856 42.125
119.709 116.528 0.248047 0.344715 0 0.174314 6.5964 5.55414
16 20.5498 12.8564 46.0638
100.838 129.464 0.281455 0.602357 0 0.0829307 4.36558 5.55216
17 20.8676 12.5309 41.5385
113.633 115.92 0.353812 0.32029 0.0283343 0.223193 6.57498 6.52997
18 20.8676 12.3172 49.6232
113.633 115.92 0.353812 0.32029 0.0283343 0.223193 6.57498 6.52997
19 21.5335 12.5708 56.8107
110.307 117.226 0.317545 0.29517 0.0165264 0.201153 6.85543 6.56172
20 21.8282 13.5918 58.508
119.716 113.129 0.314885 0.430303 0.0382049 0.113435 6.22481 5.31042
21 23.3043 13.8446 55.4237
118.372 108.463 0.324221 0.40861 0 0 6.19809 5.37982
22 23.3043 14.0424 53.3242
118.372 108.463 0.324221 0.40861 0 0 6.19809 5.37982
23 23.3043 14.5474 58.6704
118.372 108.463 0.324221 0.40861 0 0 6.19809 5.37982
24 23.3043 14.3663 56.8056
118.372 108.463 0.324221 0.40861 0 0 6.19809 5.37982
25 23.3043 15.1953 58.6038
118.372 108.463 0.324221 0.40861 0 0 6.19809 5.37982
26 23.3123 16.8571 51.54
117.467 109.584 0.317019 0.409435 0 0 6.14634 5.25578
27 23.3123 16.8041 46.8723
117.467 109.584 0.317019 0.409435 0 0 6.14634 5.25578
28 23.3123 17.2223 43.8755
117.467 109.584 0.317019 0.409435 0 0 6.14634 5.25578
29 23.3123 17.7447 49.2624
117.467 109.584 0.317019 0.409435 0 0 6.14634 5.25578
30 23.3123 17.4718 39.7655
117.467 109.584 0.317019 0.409435 0 0 6.14634 5.25578
31 23.3699 17.4151 43.7634
117.638 108.212 0.316781 0.398648 0 0.00870823 6.22821 5.38479
32 23.3699 19.0516 31.8338
117.638 108.212 0.316781 0.398648 0 0.00870823 6.22821 5.38479
33 23.3699 19.0007 22.77
117.638 108.212 0.316781 0.398648 0 0.00870823 6.22821 5.38479
34 23.3699 19.3353 21.4213
117.638 108.212 0.316781 0.398648 0 0.00870823 6.22821 5.38479
35 23.3699 18.2837 30.8796
117.638 108.212 0.316781 0.398648 0 0.00870823 6.22821 5.38479
36 23.3699 17.2185 46.15
117.638 108.212 0.316781 0.398648 0 0.00870823 6.22821 5.38479
37 23.3699 16.1506 55.2008
117.638 108.212 0.316781 0.398648 0 0.00870823 6.22821 5.38479
38 23.3699 16.1441 45.1034
117.638 108.212 0.316781 0.398648 0 0.00870823 6.22821 5.38479
39 23.3699 17.2193 38.2193
117.638 108.212 0.316781 0.398648 0 0.00870823 6.22821 5.38479
40 23.7213 17.4516 39.9143
109.321 100 0.304964 0.389037 0 0 5.03773 7.25509
41 23.7213 18.6137 26.9489
109.321 100 0.304964 0.389037 0 0 5.03773 7.25509
42 23.7213 18.2557 36.1801
109.321 100 0.304964 0.389037 0 0 5.03773 7.25509
43 23.7213 17.8195 37.8093
109.321 100 0.304964 0.389037 0 0 5.03773 7.25509
44 23.7213 15.7334 52.6535
109.321 100 0.304964 0.389037 0 0 5.03773 7.25509
45 23.7213 16.7772 54.982
109.321 100 0.304964 0.389037 0 0 5.03773 7.25509
46 23.7213 17.102 62.6113
109.321 100 0.304964 0.389037 0 0 5.03773 7.25509
47 23.7844 16.4446 57.0279
108.849 100.582 0.314997 0.380312 0 0 4.79623 6.96033
48 23.7844 15.9747 54.0409
108.849 100.582 0.314997 0.380312 0 0 4.79623 6.96033
49 23.7844 15.8897 50.8928
108.849 100.582 0.314997 0.380312 0 0 4.79623 6.96033
50 23.7844 13.938 62.5233
108.849 100.582 0.314997 0.380312 0 0 4.79623 6.96033
51 23.7844 15.2941 64.7103
108.849 100.582 0.314997 0.380312 0 0 4.79623 6.96033
52 23.7844 14.9444 68.1436
108.849 100.582 0.314997 0.380312 0 0 4.79623 6.96033
53 23.7844 15.708 67.4493
108.849 100.582 0.314997 0.380312 0 0 4.79623 6.96033
54 23.7844 16.9698 49.912
108.849 100.582 0.314997 0.380312 0 0 4.79623 6.96033
55 23.7844 17.1766 46.7653
108.849 100.582 0.314997 0.380312 0 0 4.79623 6.96033
56 23.7844 17.9244 40.8414
108.849 100.582 0.314997 0.380312 0 0 4.79623 6.96033
57 23.7844 17.8484 38.7084
108.849 100.582 0.314997 0.380312 0 0 4.79623 6.96033
58 23.7844 17.4492 49.3773
108.849 100.582 0.314997 0.380312 0 0 4.79623 6.96033
59 23.7844 16.2529 56.0928
108.849 100.582 0.314997 0.380312 0 0 4.79623 6.96033
60 23.7844 16.7756 50.0724
108.849 100.582 0.314997 0.380312 0 0 4.79623 6.96033
61 23.7844 17.4118 46.5247
108.849 100.582 0.314997 0.380312 0 0 4.79623 6.96033
62 23.7844 17.1072 53.8148
108.849 100.582 0.314997 0.380312 0 0 4.79623 6.96033
63 23.7844 17.0129 58.5616
108.849 100.582 0.314997 0.380312 0 0 4.79623 6.96033
64 23.7844 16.6467 55.8597
108.849 100.582 0.314997 0.380312 0 0 4.79623 6.96033
65 23.7844 16.9934 49.6607
108.849 100.582 0.314997 0.380312 0 0 4.79623 6.96033
66 23.7844 17.8261 49.5928
108.849 100.582 0.314997 0.380312 0 0 4.79623 6.96033
67 23.7844 17.65 54.0861
108.849 100.582 0.314997 0.380312 0 0 4.79623 6.96033
68 23.7844 18.1197 44.489
108.849 100.582 0.314997 0.380312 0 0 4.79623 6.96033
69 23.7844 18.7709 32.2377
108.849 100.582 0.314997 0.380312 0 0 4.79623 6.96033
70 23.7844 18.8255 37.6452
108.849 100.582 0.314997 0.380312 0 0 4.79623 6.96033
71 23.7844 16.2461 62.5057
108.849 100.582 0.314997 0.380312 0 0 4.79623 6.96033
72 23.7844 15.7367 61.0624
108.849 100.582 0.314997 0.380312 0 0 4.79623 6.96033
73 23.7844 17.483 57.405
108.849 100.582 0.314997 0.380312 0 0 4.79623 6.96033
74 23.7844 17.9763 49.0812
108.849 100.582 0.314997 0.380312 0 0 4.79623 6.96033
75 23.7844 17.3056 46.3954
108.849 100.582 0.314997 0.380312 0 0 4.79623 6.96033
76 23.9561 17.8484 49.2952
100 100 0.460312 0.387903 0 0 4.18281 6.00835
77 23.9561 18.9384 40.9566
100 100 0.460312 0.387903 0 0 4.18281 6.00835
78 23.9561 17.8497 43.4668
100 100 0.460312 0.387903 0 0 4.18281 6.00835
79 23.9561 18.6233 33.7469
100 100 0.460312 0.387903 0 0 4.18281 6.00835
80 24.503 19.2058 32.5661
100 102.58 0.496898 0.287226 0.00914184 0 4.54019 9.47625
81 24.503 18.2709 45.5566
100 102.58 0.496898 0.287226 0.00914184 0 4.54019 9.47625
82 24.503 17.7905 51.0593
100 102.58 0.496898 0.287226 0.00914184 0 4.54019 9.47625
83 24.503 17.6073 54.7521
100 102.58 0.496898 0.287226 0.00914184 0 4.54019 9.47625
84 24.5364 16.4483 68.9992
100 100 0.430727 0.3857 0 0 2.53681 8.30553
85 24.5364 14.9882 75.705
100 100 0.430727 0.3857 0 0 2.53681 8.30553
86 24.5463 15.7104 73.952
100 100 0.42634 0.38789 0.00387583 0 2.49674 8.22389
87 25.069 16.2296 80.3353
100 100.121 0.425984 0.393002 0 0 2.49479 8.1675
88 25.069 17.5035 77.7505
100 100.121 0.425984 0.393002 0 0 2.49479 8.1675
89 25.069 17.3219 72.3252
100 100.121 0.425984 0.393002 0 0 2.49479 8.1675
90 25.0989 17.709 67.5011
100 100 0.419716 0.410787 0 0 2.45607 8.36836
91 25.0989 16.1922 68.2697
100 100 0.419716 0.410787 0 0 2.45607 8.36836
92 25.0989 17.013 70.2111
100 100 0.419716 0.410787 0 0 2.45607 8.36836
93 25.0989 17.4903 62.1594
100 100 0.419716 0.410787 0 0 2.45607 8.36836
94 25.0989 14.1777 66.182
100 100 0.419716 0.410787 0 0 2.45607 8.36836
95 25.0989 16.3471 59.1754
100 100 0.419716 0.410787 0 0 2.45607 8.36836
96 25.0989 16.7214 61.235
100 100 0.419716 0.410787 0 0 2.45607 8.36836
97 25.0989 16.7872 59.9207
100 100 0.419716 0.410787 0 0 2.45607 8.36836
98 25.0989 16.8037 60.3181
100 100 0.419716 0.410787 0 0 2.45607 8.36836
99 25.0989 17.833 45.647
100 100 0.419716 0.410787 0 0 2.45607 8.36836
100 25.0989 17.4631 58.0314
100 100 0.419716 0.410787 0 0 2.45607 8.36836
