0 4.101 0.647585 1.30936
137.796 101.71 0.635413 0.0217529 0.205971 0.902017 8.03751 6.41645
1 4.10249 1.03855 2.35935
140.204 104.751 0.620649 0.0263634 0.191934 0.877978 8.14026 6.82424
2 4.61329 1.532 2.88872
142.562 110.478 0.613415 0.0117929 0.221498 0.922233 7.83552 7.07653
3 5.13297 1.85925 3.72734
135.484 105.078 0.556408 0 0.15994 0.923085 6.90657 7.41518
4 5.13702 2.14688 3.53213
135.395 104.791 0.557022 0.00190883 0.150346 0.922788 6.96422 7.41168
5 5.13702 2.35458 4.26338
135.395 104.791 0.557022 0.00190883 0.150346 0.922788 6.96422 7.41168
6 5.13702 2.41674 4.13526
135.395 104.791 0.557022 0.00190883 0.150346 0.922788 6.96422 7.41168
7 5.66532 2.70255 4.79578
121.307 169.324 0.616322 0.165691 0.0180288 0.103644 1.48908 9.82529
8 5.66532 3.00763 4.3438
121.307 169.324 0.616322 0.165691 0.0180288 0.103644 1.48908 9.82529
9 5.66532 3.17315 3.71167
121.307 169.324 0.616322 0.165691 0.0180288 0.103644 1.48908 9.82529
10 5.66532 3.5007 3.18966
121.307 169.324 0.616322 0.165691 0.0180288 0.103644 1.48908 9.82529
11 5.66532 3.31906 3.66116
121.307 169.324 0.616322 0.165691 0.0180288 0.103644 1.48908 9.82529
12 5.66532 3.39895 4.09628
121.307 169.324 0.616322 0.165691 0.0180288 0.103644 1.48908 9.82529
13 5.66532 3.13833 3.3466
121.307 169.324 0.616322 0.165691 0.0180288 0.103644 1.48908 9.82529
14 5.66532 3.46564 3.53586
121.307 169.324 0.616322 0.165691 0.0180288 0.103644 1.48908 9.82529
15 5.66827 3.32126 4.08315
116.076 167.326 0.604508 0.0653433 0 0.0506926 0.620428 10
16 5.66827 3.42525 4.32479
116.076 167.326 0.604508 0.0653433 0 0.0506926 0.620428 10
17 5.66827 3.20359 3.87022
116.076 167.326 0.604508 0.0653433 0 0.0506926 0.620428 10
18 5.66827 3.41154 4.14581
116.076 167.326 0.604508 0.0653433 0 0.0506926 0.620428 10
19 6.17601 3.75801 3.37915
104.182 170.528 0.528632 0.0320914 0.0196631 0.145366 1.37304 9.66986
20 6.17601 3.14724 3.08089
104.182 170.528 0.528632 0.0320914 0.0196631 0.145366 1.37304 9.66986
21 6.17601 3.41264 3.18114
104.182 170.528 0.528632 0.0320914 0.0196631 0.145366 1.37304 9.66986
22 6.17601 3.55351 2.55316
104.182 170.528 0.528632 0.0320914 0.0196631 0.145366 1.37304 9.66986
23 6.17739 3.8404 2.56143
119.434 172.234 0.582022 0 0.0384869 0.122748 0.275794 9.80902
24 6.17739 3.59444 3.30568
119.434 172.234 0.582022 0 0.0384869 0.122748 0.275794 9.80902
25 6.17739 3.38743 3.39827
119.434 172.234 0.582022 0 0.0384869 0.122748 0.275794 9.80902
26 6.17739 3.31074 3.36684
119.434 172.234 0.582022 0 0.0384869 0.122748 0.275794 9.80902
27 7.20099 3.44802 4.65471
103.144 171.523 0.536601 0.00314612 0 0.318816 2.2372 8.68706
28 7.20099 3.48514 3.90282
103.144 171.523 0.536601 0.00314612 0 0.318816 2.2372 8.68706
29 7.20099 3.57174 4.284
103.144 171.523 0.536601 0.00314612 0 0.318816 2.2372 8.68706
30 7.20099 3.28422 5.10539
103.144 171.523 0.536601 0.00314612 0 0.318816 2.2372 8.68706
31 7.20099 3.12594 5.69873
103.144 171.523 0.536601 0.00314612 0 0.318816 2.2372 8.68706
32 7.20099 3.55061 5.81159
103.144 171.523 0.536601 0.00314612 0 0.318816 2.2372 8.68706
33 7.20099 3.47176 5.85953
103.144 171.523 0.536601 0.00314612 0 0.318816 2.2372 8.68706
34 7.20099 3.67206 6.35158
103.144 171.523 0.536601 0.00314612 0 0.318816 2.2372 8.68706
35 7.20099 4.04652 4.14846
103.144 171.523 0.536601 0.00314612 0 0.318816 2.2372 8.68706
36 7.20099 4.08195 4.25332
103.144 171.523 0.536601 0.00314612 0 0.318816 2.2372 8.68706
37 7.22614 4.51234 5.81436
111.059 149.958 0.478717 0 0.0153296 0.408998 2.45464 8.22902
38 7.22614 4.61995 6.69181
111.059 149.958 0.478717 0 0.0153296 0.408998 2.45464 8.22902
39 7.22614 4.95061 6.10741
111.059 149.958 0.478717 0 0.0153296 0.408998 2.45464 8.22902
40 7.22614 5.07477 4.66417
111.059 149.958 0.478717 0 0.0153296 0.408998 2.45464 8.22902
41 7.22614 4.80164 3.54245
111.059 149.958 0.478717 0 0.0153296 0.408998 2.45464 8.22902
42 7.22614 4.99044 3.83713
111.059 149.958 0.478717 0 0.0153296 0.408998 2.45464 8.22902
43 7.22702 4.90833 3.99541
111.052 150.093 0.477788 0 0.015608 0.408022 2.47 8.21898
44 7.22702 5.03075 3.35357
111.052 150.093 0.477788 0 0.015608 0.408022 2.47 8.21898
45 7.22702 4.91094 2.74633
111.052 150.093 0.477788 0 0.015608 0.408022 2.47 8.21898
46 7.22702 4.82593 2.74032
111.052 150.093 0.477788 0 0.015608 0.408022 2.47 8.21898
47 7.22702 4.92596 2.34511
111.052 150.093 0.477788 0 0.015608 0.408022 2.47 8.21898
48 7.22772 4.95134 2.40473
110.957 149.777 0.478503 0.000460888 0.0164864 0.408451 2.46339 8.22943
49 7.22946 4.88863 3.17081
103.798 146.359 0.46075 0 0.0558916 0.393108 2.14159 7.64495
50 7.22946 5.11337 2.53423
103.798 146.359 0.46075 0 0.0558916 0.393108 2.14159 7.64495
51 7.22946 4.95313 2.6183
103.798 146.359 0.46075 0 0.0558916 0.393108 2.14159 7.64495
52 7.22946 4.96871 3.71311
103.798 146.359 0.46075 0 0.0558916 0.393108 2.14159 7.64495
53 7.22946 5.07532 3.45331
103.798 146.359 0.46075 0 0.0558916 0.393108 2.14159 7.64495
54 7.73099 5.03323 4.69324
102.186 147.084 0.467628 0.00814426 0.0599812 0.384447 2.20996 7.5748
55 7.73108 4.86309 3.5965
102.754 146.795 0.466544 0 0.0634207 0.400789 2.13115 7.67111
56 7.73489 5.25253 2.91892
105.081 146.924 0.466118 0.00277815 0.0446409 0.400153 2.07722 7.60746
57 7.73489 4.86201 4.20282
105.081 146.924 0.466118 0.00277815 0.0446409 0.400153 2.07722 7.60746
58 7.73489 4.69762 4.65805
105.081 146.924 0.466118 0.00277815 0.0446409 0.400153 2.07722 7.60746
59 7.73489 4.66013 5.12024
105.081 146.924 0.466118 0.00277815 0.0446409 0.400153 2.07722 7.60746
60 7.73489 4.98543 3.86169
105.081 146.924 0.466118 0.00277815 0.0446409 0.400153 2.07722 7.60746
61 7.73489 5.17411 4.44205
105.081 146.924 0.466118 0.00277815 0.0446409 0.400153 2.07722 7.60746
62 7.73489 5.41499 2.95289
105.081 146.924 0.466118 0.00277815 0.0446409 0.400153 2.07722 7.60746
63 7.73489 5.31626 3.26148
105.081 146.924 0.466118 0.00277815 0.0446409 0.400153 2.07722 7.60746
64 7.73489 5.3329 2.89188
105.081 146.924 0.466118 0.00277815 0.0446409 0.400153 2.07722 7.60746
65 7.73489 5.15263 3.0439
105.081 146.924 0.466118 0.00277815 0.0446409 0.400153 2.07722 7.60746
66 7.73489 5.15186 3.25623
105.081 146.924 0.466118 0.00277815 0.0446409 0.400153 2.07722 7.60746
67 7.73489 5.41759 2.81382
105.081 146.924 0.466118 0.00277815 0.0446409 0.400153 2.07722 7.60746
68 7.73489 5.52533 2.61608
105.081 146.924 0.466118 0.00277815 0.0446409 0.400153 2.07722 7.60746
69 7.73489 5.564 2.48994
105.081 146.924 0.466118 0.00277815 0.0446409 0.400153 2.07722 7.60746
70 7.73489 5.32133 3.09617
105.081 146.924 0.466118 0.00277815 0.0446409 0.400153 2.07722 7.60746
71 7.73489 5.09382 3.586
105.081 146.924 0.466118 0.00277815 0.0446409 0.400153 2.07722 7.60746
72 7.73489 4.84846 4.47954
105.081 146.924 0.466118 0.00277815 0.0446409 0.400153 2.07722 7.60746
73 7.73489 4.9321 3.7646
105.081 146.924 0.466118 0.00277815 0.0446409 0.400153 2.07722 7.60746
74 7.73489 5.13572 3.77553
105.081 146.924 0.466118 0.00277815 0.0446409 0.400153 2.07722 7.60746
75 7.73489 4.74076 4.91032
105.081 146.924 0.466118 0.00277815 0.0446409 0.400153 2.07722 7.60746
76 7.73489 4.56096 4.57701
105.081 146.924 0.466118 0.00277815 0.0446409 0.400153 2.07722 7.60746
77 7.73489 4.74476 4.4205
105.081 146.924 0.466118 0.00277815 0.0446409 0.400153 2.07722 7.60746
78 7.73489 4.56124 4.49164
105.081 146.924 0.466118 0.00277815 0.0446409 0.400153 2.07722 7.60746
79 7.73489 5.07567 3.54666
105.081 146.924 0.466118 0.00277815 0.0446409 0.400153 2.07722 7.60746
80 7.73489 5.48668 3.01827
105.081 146.924 0.466118 0.00277815 0.0446409 0.400153 2.07722 7.60746
81 7.73489 5.15666 4.02782
105.081 146.924 0.466118 0.00277815 0.0446409 0.400153 2.07722 7.60746
82 7.73489 4.70617 4.26172
105.081 146.924 0.466118 0.00277815 0.0446409 0.400153 2.07722 7.60746
83 7.73747 5.27802 5.03396
108.045 142.583 0.47266 0.0145397 0.0437055 0.393633 2.00113 7.78684
84 7.73747 5.09901 5.37831
108.045 142.583 0.47266 0.0145397 0.0437055 0.393633 2.00113 7.78684
85 7.73747 4.99398 5.37861
108.045 142.583 0.47266 0.0145397 0.0437055 0.393633 2.00113 7.78684
86 7.73747 5.07887 4.54607
108.045 142.583 0.47266 0.0145397 0.0437055 0.393633 2.00113 7.78684
87 7.73747 5.48125 3.25734
108.045 142.583 0.47266 0.0145397 0.0437055 0.393633 2.00113 7.78684
88 7.73747 5.15402 3.81003
108.045 142.583 0.47266 0.0145397 0.0437055 0.393633 2.00113 7.78684
89 7.73747 4.86296 3.68065
108.045 142.583 0.47266 0.0145397 0.0437055 0.393633 2.00113 7.78684
90 7.73747 5.0319 4.37401
108.045 142.583 0.47266 0.0145397 0.0437055 0.393633 2.00113 7.78684
91 7.73747 4.4135 4.23115
108.045 142.583 0.47266 0.0145397 0.0437055 0.393633 2.00113 7.78684
92 7.73867 4.80621 3.92502
108.019 167.042 0.444517 0 0.0533824 0.337639 1.8293 8.93494
93 7.73867 4.49648 3.88499
108.019 167.042 0.444517 0 0.0533824 0.337639 1.8293 8.93494
94 7.73867 4.7237 4.27154
108.019 167.042 0.444517 0 0.0533824 0.337639 1.8293 8.93494
95 7.73867 4.64555 3.04812
108.019 167.042 0.444517 0 0.0533824 0.337639 1.8293 8.93494
96 7.74177 4.60294 4.06694
107.787 165.676 0.439457 0 0.0528702 0.339368 1.85725 8.98357
97 7.74177 4.57845 3.50697
107.787 165.676 0.439457 0 0.0528702 0.339368 1.85725 8.98357
98 7.74177 4.60355 3.61445
107.787 165.676 0.439457 0 0.0528702 0.339368 1.85725 8.98357
99 7.74177 4.47947 4.78463
107.787 165.676 0.439457 0 0.0528702 0.339368 1.85725 8.98357
100 7.74177 4.418 4.58995
107.787 165.676 0.439457 0 0.0528702 0.339368 1.85725 8.98357
