0 25.7774 3.76654 68.1703
190.955 153.095 0.134772 0.200509 0.68374 0.457526 9.72881 8.29999
1 26.2805 6.64236 113.612
141.853 180.996 0.128196 0.169438 0.281748 0.0624459 9.15342 2.05326
2 26.5913 9.549 141.201
166.99 163.296 0.198445 0.394424 0.799025 0.084688 8.82183 9.70218
3 26.5913 11.388 155.449
166.99 163.296 0.198445 0.394424 0.799025 0.084688 8.82183 9.70218
4 26.5913 13.7916 157.639
166.99 163.296 0.198445 0.394424 0.799025 0.084688 8.82183 9.70218
5 26.6529 15.9222 145.797
169.117 160.941 0.200372 0.266945 0.70496 0.122341 10 7.92233
6 27.1584 17.484 134.949
163.147 157.693 0.232684 0.296337 0.646791 0.0907807 10 7.64073
7 27.1584 17.4484 116.087
163.147 157.693 0.232684 0.296337 0.646791 0.0907807 10 7.64073
8 27.1584 17.865 114.272
163.147 157.693 0.232684 0.296337 0.646791 0.0907807 10 7.64073
9 27.1584 18.6109 108.438
163.147 157.693 0.232684 0.296337 0.646791 0.0907807 10 7.64073
10 27.1584 20.1835 78.7426
163.147 157.693 0.232684 0.296337 0.646791 0.0907807 10 7.64073
11 27.1584 20.1483 75.8658
163.147 157.693 0.232684 0.296337 0.646791 0.0907807 10 7.64073
12 27.1584 20.2003 64.7458
163.147 157.693 0.232684 0.296337 0.646791 0.0907807 10 7.64073
13 27.1584 19.03 88.4409
163.147 157.693 0.232684 0.296337 0.646791 0.0907807 10 7.64073
14 27.1727 19.2636 80.3257
163.409 158.706 0.232606 0.293097 0.643051 0.0966989 10 7.71401
15 27.3098 18.5142 104.822
164.334 155.913 0.231783 0.308379 0.644366 0.102776 9.89186 7.86107
16 27.3098 19.1548 87.6392
164.334 155.913 0.231783 0.308379 0.644366 0.102776 9.89186 7.86107
17 27.3098 18.256 94.3123
164.334 155.913 0.231783 0.308379 0.644366 0.102776 9.89186 7.86107
18 27.3098 18.9238 92.6194
164.334 155.913 0.231783 0.308379 0.644366 0.102776 9.89186 7.86107
19 27.3098 19.1035 79.5281
164.334 155.913 0.231783 0.308379 0.644366 0.102776 9.89186 7.86107
20 27.5202 21.1675 69.7477
159.471 156.066 0.246842 0.324235 0.651574 0.0591842 10 7.85763
21 27.5202 20.1192 81.2138
159.471 156.066 0.246842 0.324235 0.651574 0.0591842 10 7.85763
22 27.5202 19.9661 79.4313
159.471 156.066 0.246842 0.324235 0.651574 0.0591842 10 7.85763
23 27.5202 22.0332 60.3007
159.471 156.066 0.246842 0.324235 0.651574 0.0591842 10 7.85763
24 27.5202 21.8394 63.0309
159.471 156.066 0.246842 0.324235 0.651574 0.0591842 10 7.85763
25 27.5202 19.7179 79.7232
159.471 156.066 0.246842 0.324235 0.651574 0.0591842 10 7.85763
26 27.5202 18.9153 77.3
159.471 156.066 0.246842 0.324235 0.651574 0.0591842 10 7.85763
27 27.5202 20.3663 67.3061
159.471 156.066 0.246842 0.324235 0.651574 0.0591842 10 7.85763
28 27.5202 18.9839 58.4819
159.471 156.066 0.246842 0.324235 0.651574 0.0591842 10 7.85763
29 27.5202 18.4912 69.2508
159.471 156.066 0.246842 0.324235 0.651574 0.0591842 10 7.85763
30 27.5202 18.0211 70.4851
159.471 156.066 0.246842 0.324235 0.651574 0.0591842 10 7.85763
31 27.5202 18.3647 83.7652
159.471 156.066 0.246842 0.324235 0.651574 0.0591842 10 7.85763
32 27.5202 18.0311 71.9501
159.471 156.066 0.246842 0.324235 0.651574 0.0591842 10 7.85763
33 27.5202 18.7433 65.0721
159.471 156.066 0.246842 0.324235 0.651574 0.0591842 10 7.85763
34 27.5202 18.8302 58.4842
159.471 156.066 0.246842 0.324235 0.651574 0.0591842 10 7.85763
35 27.5202 16.7566 73.7856
159.471 156.066 0.246842 0.324235 0.651574 0.0591842 10 7.85763
36 27.5202 17.135 72.4612
159.471 156.066 0.246842 0.324235 0.651574 0.0591842 10 7.85763
37 27.9226 18.8363 66.6766
164.564 155.864 0.243016 0.328036 0.622435 0.0590357 9.59258 7.89403
38 27.9226 19.2257 56.3763
164.564 155.864 0.243016 0.328036 0.622435 0.0590357 9.59258 7.89403
39 27.9226 18.6394 74.2798
164.564 155.864 0.243016 0.328036 0.622435 0.0590357 9.59258 7.89403
40 27.9226 20.4146 48.5437
164.564 155.864 0.243016 0.328036 0.622435 0.0590357 9.59258 7.89403
41 27.9226 20.0418 55.8922
164.564 155.864 0.243016 0.328036 0.622435 0.0590357 9.59258 7.89403
42 27.9226 20.7853 55.9297
164.564 155.864 0.243016 0.328036 0.622435 0.0590357 9.59258 7.89403
43 27.9226 19.0613 54.4458
164.564 155.864 0.243016 0.328036 0.622435 0.0590357 9.59258 7.89403
44 27.9226 19.5699 76.7174
164.564 155.864 0.243016 0.328036 0.622435 0.0590357 9.59258 7.89403
45 27.9226 19.8977 60.883
164.564 155.864 0.243016 0.328036 0.622435 0.0590357 9.59258 7.89403
46 27.9226 21.0847 64.1282
164.564 155.864 0.243016 0.328036 0.622435 0.0590357 9.59258 7.89403
47 27.9226 22.1627 38.3945
164.564 155.864 0.243016 0.328036 0.622435 0.0590357 9.59258 7.89403
48 27.9226 20.6657 61.6147
164.564 155.864 0.243016 0.328036 0.622435 0.0590357 9.59258 7.89403
49 27.9226 21.3447 57.7944
164.564 155.864 0.243016 0.328036 0.622435 0.0590357 9.59258 7.89403
50 27.9226 22.5741 46.0507
164.564 155.864 0.243016 0.328036 0.622435 0.0590357 9.59258 7.89403
51 27.9226 21.3746 54.6079
164.564 155.864 0.243016 0.328036 0.622435 0.0590357 9.59258 7.89403
52 27.9226 21.4941 47.4737
164.564 155.864 0.243016 0.328036 0.622435 0.0590357 9.59258 7.89403
53 27.9226 18.9564 74.4606
164.564 155.864 0.243016 0.328036 0.622435 0.0590357 9.59258 7.89403
54 27.9226 21.2005 46.4723
164.564 155.864 0.243016 0.328036 0.622435 0.0590357 9.59258 7.89403
55 27.9226 21.7963 45.3737
164.564 155.864 0.243016 0.328036 0.622435 0.0590357 9.59258 7.89403
56 27.9226 21.351 58.0523
164.564 155.864 0.243016 0.328036 0.622435 0.0590357 9.59258 7.89403
57 27.977 20.9054 70.7798
164.565 155.87 0.242641 0.327766 0.62251 0.0587224 9.58543 7.89469
58 27.977 21.7463 54.1039
164.565 155.87 0.242641 0.327766 0.62251 0.0587224 9.58543 7.89469
59 27.977 23.1774 37.8967
164.565 155.87 0.242641 0.327766 0.62251 0.0587224 9.58543 7.89469
60 27.977 22.5459 24.175
164.565 155.87 0.242641 0.327766 0.62251 0.0587224 9.58543 7.89469
61 27.977 21.7754 38.1591
164.565 155.87 0.242641 0.327766 0.62251 0.0587224 9.58543 7.89469
62 27.977 23.2902 28.7795
164.565 155.87 0.242641 0.327766 0.62251 0.0587224 9.58543 7.89469
63 27.977 23.1003 34.1114
164.565 155.87 0.242641 0.327766 0.62251 0.0587224 9.58543 7.89469
64 27.977 23.5729 31.8491
164.565 155.87 0.242641 0.327766 0.62251 0.0587224 9.58543 7.89469
65 27.977 22.9163 44.237
164.565 155.87 0.242641 0.327766 0.62251 0.0587224 9.58543 7.89469
66 27.977 23.1421 42.6155
164.565 155.87 0.242641 0.327766 0.62251 0.0587224 9.58543 7.89469
67 27.977 22.8434 47.334
164.565 155.87 0.242641 0.327766 0.62251 0.0587224 9.58543 7.89469
68 27.977 22.5589 45.0595
164.565 155.87 0.242641 0.327766 0.62251 0.0587224 9.58543 7.89469
69 27.977 22.9156 48.7306
164.565 155.87 0.242641 0.327766 0.62251 0.0587224 9.58543 7.89469
70 27.977 22.6316 47.7867
164.565 155.87 0.242641 0.327766 0.62251 0.0587224 9.58543 7.89469
71 27.977 23.3362 42.5244
164.565 155.87 0.242641 0.327766 0.62251 0.0587224 9.58543 7.89469
72 27.977 21.9739 43.9612
164.565 155.87 0.242641 0.327766 0.62251 0.0587224 9.58543 7.89469
73 27.977 20.8306 46.7004
164.565 155.87 0.242641 0.327766 0.62251 0.0587224 9.58543 7.89469
74 27.977 21.1412 50.5618
164.565 155.87 0.242641 0.327766 0.62251 0.0587224 9.58543 7.89469
75 27.977 20.6801 53.2605
164.565 155.87 0.242641 0.327766 0.62251 0.0587224 9.58543 7.89469
76 27.977 21.6905 42.5887
164.565 155.87 0.242641 0.327766 0.62251 0.0587224 9.58543 7.89469
77 27.977 20.8712 43.3141
164.565 155.87 0.242641 0.327766 0.62251 0.0587224 9.58543 7.89469
78 27.977 21.7864 41.2764
164.565 155.87 0.242641 0.327766 0.62251 0.0587224 9.58543 7.89469
79 27.977 20.7996 51.7496
164.565 155.87 0.242641 0.327766 0.62251 0.0587224 9.58543 7.89469
80 27.977 20.8122 49.6915
164.565 155.87 0.242641 0.327766 0.62251 0.0587224 9.58543 7.89469
81 27.977 21.4467 49.6848
164.565 155.87 0.242641 0.327766 0.62251 0.0587224 9.58543 7.89469
82 28.0031 22.6416 33.3225
164.676 154.319 0.228388 0.327438 0.62754 0.0576182 9.87656 7.80632
83 28.0031 22.0111 43.9407
164.676 154.319 0.228388 0.327438 0.62754 0.0576182 9.87656 7.80632
84 28.0031 23.3228 37.8932
164.676 154.319 0.228388 0.327438 0.62754 0.0576182 9.87656 7.80632
85 28.0031 21.3479 62.7288
164.676 154.319 0.228388 0.327438 0.62754 0.0576182 9.87656 7.80632
86 28.0031 20.7183 77.01
164.676 154.319 0.228388 0.327438 0.62754 0.0576182 9.87656 7.80632
87 28.0031 20.7646 76.0587
164.676 154.319 0.228388 0.327438 0.62754 0.0576182 9.87656 7.80632
88 28.0031 21.9193 60.3742
164.676 154.319 0.228388 0.327438 0.62754 0.0576182 9.87656 7.80632
89 28.0031 22.0336 52.1105
164.676 154.319 0.228388 0.327438 0.62754 0.0576182 9.87656 7.80632
90 28.0031 22.0475 54.7981
164.676 154.319 0.228388 0.327438 0.62754 0.0576182 9.87656 7.80632
91 28.0031 21.7453 48.4906
164.676 154.319 0.228388 0.327438 0.62754 0.0576182 9.87656 7.80632
92 28.0031 20.6843 51.0575
164.676 154.319 0.228388 0.327438 0.62754 0.0576182 9.87656 7.80632
93 28.0031 22.5215 31.3361
164.676 154.319 0.228388 0.327438 0.62754 0.0576182 9.87656 7.80632
94 28.0031 22.1437 39.7335
164.676 154.319 0.228388 0.327438 0.62754 0.0576182 9.87656 7.80632
95 28.0031 22.5272 31.2974
164.676 154.319 0.228388 0.327438 0.62754 0.0576182 9.87656 7.80632
96 28.0031 23.0853 34.9955
164.676 154.319 0.228388 0.327438 0.62754 0.0576182 9.87656 7.80632
97 28.0031 22.4409 37.872
164.676 154.319 0.228388 0.327438 0.62754 0.0576182 9.87656 7.80632
98 28.0031 21.6299 32.6376
164.676 154.319 0.228388 0.327438 0.62754 0.0576182 9.87656 7.80632
99 28.0031 20.648 49.3492
164.676 154.319 0.228388 0.327438 0.62754 0.0576182 9.87656 7.80632
100 28.0031 21.636 31.5559
164.676 154.319 0.228388 0.327438 0.62754 0.0576182 9.87656 7.80632
