0 26.2581 3.04522 63.8658
180.468 129.013 0.0271932 0.0815516 0.822996 0.0345131 9.72701 1.27575
1 26.3124 5.00387 92.7733
180.92 126.523 0.0143314 0.0778734 0.814021 0.0281056 9.94987 1.42217
2 26.3124 6.96643 111.667
180.92 126.523 0.0143314 0.0778734 0.814021 0.0281056 9.94987 1.42217
3 26.3124 7.56972 115.038
180.92 126.523 0.0143314 0.0778734 0.814021 0.0281056 9.94987 1.42217
4 26.3323 10.3991 150.71
178.682 128.883 0.0588191 0.0581191 0.873685 0 10 1.59475
5 26.3323 10.6301 145.701
178.682 128.883 0.0588191 0.0581191 0.873685 0 10 1.59475
6 26.3579 12.663 135.418
173.396 134.431 0.0585485 0.0434436 0.900614 0.0979509 10 1.97608
7 26.8009 15.5115 143.355
191.531 122.965 0.0749176 0.0418599 0.807909 0 10 2.24933
8 26.8072 18.8303 127.476
191.032 126.943 0.0304573 0.0945992 0.771656 0 10 3.10246
9 26.8072 18.5226 114.14
191.032 126.943 0.0304573 0.0945992 0.771656 0 10 3.10246
10 26.8072 19.7002 97.9705
191.032 126.943 0.0304573 0.0945992 0.771656 0 10 3.10246
11 26.8072 18.5395 104.728
191.032 126.943 0.0304573 0.0945992 0.771656 0 10 3.10246
12 26.8581 19.6092 87.8253
189.388 125.8 0.0273503 0.0865379 0.782014 0.00520219 9.97131 3.05313
13 26.8581 17.8029 81.0611
189.388 125.8 0.0273503 0.0865379 0.782014 0.00520219 9.97131 3.05313
14 26.8581 18.2244 84.8792
189.388 125.8 0.0273503 0.0865379 0.782014 0.00520219 9.97131 3.05313
15 27.2061 19.3681 78.9001
188.796 120.725 0.0438669 0.0777151 0.694404 0 9.74178 3.42909
16 27.2061 19.6309 84.589
188.796 120.725 0.0438669 0.0777151 0.694404 0 9.74178 3.42909
17 27.2061 19.5177 75.4602
188.796 120.725 0.0438669 0.0777151 0.694404 0 9.74178 3.42909
18 27.3869 19.4908 82.0928
182.026 131.374 0.0313432 0.097174 0.786103 0.0470265 10 4.04596
19 27.4344 19.7819 79.7074
193.511 123.661 0.0280324 0.114981 0.664853 0 10 3.90648
20 27.887 20.6808 58.7123
181.174 130.753 0.0166841 0.0955847 0.776759 0.0421195 10 4.06175
21 27.887 21.2329 68.7902
181.174 130.753 0.0166841 0.0955847 0.776759 0.0421195 10 4.06175
22 27.887 17.702 78.1691
181.174 130.753 0.0166841 0.0955847 0.776759 0.0421195 10 4.06175
23 27.887 19.3727 77.1699
181.174 130.753 0.0166841 0.0955847 0.776759 0.0421195 10 4.06175
24 27.887 20.1943 74.4775
181.174 130.753 0.0166841 0.0955847 0.776759 0.0421195 10 4.06175
25 27.887 17.0518 82.4455
181.174 130.753 0.0166841 0.0955847 0.776759 0.0421195 10 4.06175
26 27.887 19.7008 75.6898
181.174 130.753 0.0166841 0.0955847 0.776759 0.0421195 10 4.06175
27 27.887 21.2788 62.3514
181.174 130.753 0.0166841 0.0955847 0.776759 0.0421195 10 4.06175
28 27.887 20.756 73.0784
181.174 130.753 0.0166841 0.0955847 0.776759 0.0421195 10 4.06175
29 27.9056 17.5974 88.7263
180.935 130.759 0.0182896 0.09511 0.778468 0.0391267 9.99468 4.0597
30 27.9056 21.5536 69.3328
180.935 130.759 0.0182896 0.09511 0.778468 0.0391267 9.99468 4.0597
31 27.9056 19.7692 79.1239
180.935 130.759 0.0182896 0.09511 0.778468 0.0391267 9.99468 4.0597
32 27.9056 19.608 62.0905
180.935 130.759 0.0182896 0.09511 0.778468 0.0391267 9.99468 4.0597
33 27.9056 19.0516 54.4022
180.935 130.759 0.0182896 0.09511 0.778468 0.0391267 9.99468 4.0597
34 27.9056 21.7131 45.7407
180.935 130.759 0.0182896 0.09511 0.778468 0.0391267 9.99468 4.0597
35 27.9056 20.3425 52.684
180.935 130.759 0.0182896 0.09511 0.778468 0.0391267 9.99468 4.0597
36 27.9056 18.338 76.0387
180.935 130.759 0.0182896 0.09511 0.778468 0.0391267 9.99468 4.0597
37 27.9966 20.3206 65.5592
183.681 128.344 0.0171115 0.085919 0.765162 0.0649656 10 4.06351
38 27.9966 20.6837 70.078
183.681 128.344 0.0171115 0.085919 0.765162 0.0649656 10 4.06351
39 27.9966 22.3471 53.2263
183.681 128.344 0.0171115 0.085919 0.765162 0.0649656 10 4.06351
40 27.9966 21.0554 60.097
183.681 128.344 0.0171115 0.085919 0.765162 0.0649656 10 4.06351
41 27.9966 21.5086 65.3935
183.681 128.344 0.0171115 0.085919 0.765162 0.0649656 10 4.06351
42 27.9966 20.0006 83.8105
183.681 128.344 0.0171115 0.085919 0.765162 0.0649656 10 4.06351
43 27.9966 18.8796 83.8622
183.681 128.344 0.0171115 0.085919 0.765162 0.0649656 10 4.06351
44 27.9966 19.2938 72.2847
183.681 128.344 0.0171115 0.085919 0.765162 0.0649656 10 4.06351
45 27.9966 18.9982 70.5413
183.681 128.344 0.0171115 0.085919 0.765162 0.0649656 10 4.06351
46 27.9966 20.6281 73.5687
183.681 128.344 0.0171115 0.085919 0.765162 0.0649656 10 4.06351
47 27.9966 21.7461 59.3311
183.681 128.344 0.0171115 0.085919 0.765162 0.0649656 10 4.06351
48 27.9966 20.755 78.7922
183.681 128.344 0.0171115 0.085919 0.765162 0.0649656 10 4.06351
49 27.9966 17.6924 85.5378
183.681 128.344 0.0171115 0.085919 0.765162 0.0649656 10 4.06351
50 27.9966 16.8188 88.8305
183.681 128.344 0.0171115 0.085919 0.765162 0.0649656 10 4.06351
51 27.9966 17.3578 94.0819
183.681 128.344 0.0171115 0.085919 0.765162 0.0649656 10 4.06351
52 27.9966 22.2095 57.7436
183.681 128.344 0.0171115 0.085919 0.765162 0.0649656 10 4.06351
53 27.9966 20.9879 58.8809
183.681 128.344 0.0171115 0.085919 0.765162 0.0649656 10 4.06351
54 27.9966 20.7705 69.0708
183.681 128.344 0.0171115 0.085919 0.765162 0.0649656 10 4.06351
55 27.9966 21.9176 56.8452
183.681 128.344 0.0171115 0.085919 0.765162 0.0649656 10 4.06351
56 27.9966 20.7027 60.9453
183.681 128.344 0.0171115 0.085919 0.765162 0.0649656 10 4.06351
57 27.9966 21.3633 58.8816
183.681 128.344 0.0171115 0.085919 0.765162 0.0649656 10 4.06351
58 27.9966 20.5636 70.6224
183.681 128.344 0.0171115 0.085919 0.765162 0.0649656 10 4.06351
59 27.9966 22.4382 56.8073
183.681 128.344 0.0171115 0.085919 0.765162 0.0649656 10 4.06351
60 27.9966 21.7662 66.339
183.681 128.344 0.0171115 0.085919 0.765162 0.0649656 10 4.06351
61 27.9966 21.1544 68.2182
183.681 128.344 0.0171115 0.085919 0.765162 0.0649656 10 4.06351
62 27.9966 20.5886 67.3288
183.681 128.344 0.0171115 0.085919 0.765162 0.0649656 10 4.06351
63 27.9966 22.7554 41.8703
183.681 128.344 0.0171115 0.085919 0.765162 0.0649656 10 4.06351
64 27.9966 22.3486 45.8314
183.681 128.344 0.0171115 0.085919 0.765162 0.0649656 10 4.06351
65 27.9966 23.7004 37.4355
183.681 128.344 0.0171115 0.085919 0.765162 0.0649656 10 4.06351
66 27.9966 24.2566 29.3673
183.681 128.344 0.0171115 0.085919 0.765162 0.0649656 10 4.06351
67 27.9966 21.6627 60.3436
183.681 128.344 0.0171115 0.085919 0.765162 0.0649656 10 4.06351
68 27.9966 23.348 44.8064
183.681 128.344 0.0171115 0.085919 0.765162 0.0649656 10 4.06351
69 27.9966 22.36 43.3385
183.681 128.344 0.0171115 0.085919 0.765162 0.0649656 10 4.06351
70 27.9966 23.987 30.6166
183.681 128.344 0.0171115 0.085919 0.765162 0.0649656 10 4.06351
71 27.9966 22.7918 48.6561
183.681 128.344 0.0171115 0.085919 0.765162 0.0649656 10 4.06351
72 27.9966 19.5475 71.2544
183.681 128.344 0.0171115 0.085919 0.765162 0.0649656 10 4.06351
73 27.9966 20.403 73.8839
183.681 128.344 0.0171115 0.085919 0.765162 0.0649656 10 4.06351
74 27.9966 19.7241 78.8006
183.681 128.344 0.0171115 0.085919 0.765162 0.0649656 10 4.06351
75 27.9966 21.7121 73.295
183.681 128.344 0.0171115 0.085919 0.765162 0.0649656 10 4.06351
76 27.9966 22.1026 57.4021
183.681 128.344 0.0171115 0.085919 0.765162 0.0649656 10 4.06351
77 27.9966 20.6678 70.4911
183.681 128.344 0.0171115 0.085919 0.765162 0.0649656 10 4.06351
78 27.9966 20.1883 69.8414
183.681 128.344 0.0171115 0.085919 0.765162 0.0649656 10 4.06351
79 27.9966 21.1485 59.8386
183.681 128.344 0.0171115 0.085919 0.765162 0.0649656 10 4.06351
80 27.9966 20.8552 68.6165
183.681 128.344 0.0171115 0.085919 0.765162 0.0649656 10 4.06351
81 27.9966 20.9371 64.651
183.681 128.344 0.0171115 0.085919 0.765162 0.0649656 10 4.06351
82 27.9966 18.9719 71.5051
183.681 128.344 0.0171115 0.085919 0.765162 0.0649656 10 4.06351
83 27.9966 18.178 80.499
183.681 128.344 0.0171115 0.085919 0.765162 0.0649656 10 4.06351
84 27.9966 18.2973 72.7702
183.681 128.344 0.0171115 0.085919 0.765162 0.0649656 10 4.06351
85 27.9966 23.3052 34.3087
183.681 128.344 0.0171115 0.085919 0.765162 0.0649656 10 4.06351
86 27.9966 21.8901 54.188
183.681 128.344 0.0171115 0.085919 0.765162 0.0649656 10 4.06351
87 27.9966 20.0643 62.6221
183.681 128.344 0.0171115 0.085919 0.765162 0.0649656 10 4.06351
88 27.9966 18.8244 64.5096
183.681 128.344 0.0171115 0.085919 0.765162 0.0649656 10 4.06351
89 27.9966 20.1814 66.5363
183.681 128.344 0.0171115 0.085919 0.765162 0.0649656 10 4.06351
90 27.9966 19.1061 72.3785
183.681 128.344 0.0171115 0.085919 0.765162 0.0649656 10 4.06351
91 27.9966 16.9579 75.8299
183.681 128.344 0.0171115 0.085919 0.765162 0.0649656 10 4.06351
92 27.9966 18.0725 83.0692
183.681 128.344 0.0171115 0.085919 0.765162 0.0649656 10 4.06351
93 27.9966 17.1108 76.1244
183.681 128.344 0.0171115 0.085919 0.765162 0.0649656 10 4.06351
94 27.9966 17.3209 85.1416
183.681 128.344 0.0171115 0.085919 0.765162 0.0649656 10 4.06351
95 27.9966 16.6911 79.8394
183.681 128.344 0.0171115 0.085919 0.765162 0.0649656 10 4.06351
96 27.9966 17.4694 83.4332
183.681 128.344 0.0171115 0.085919 0.765162 0.0649656 10 4.06351
97 27.9966 19.924 80.4635
183.681 128.344 0.0171115 0.085919 0.765162 0.0649656 10 4.06351
98 27.9966 21.3152 67.9222
183.681 128.344 0.0171115 0.085919 0.765162 0.0649656 10 4.06351
99 27.9966 19.5018 81.3838
183.681 128.344 0.0171115 0.085919 0.765162 0.0649656 10 4.06351
100 27.9966 21.2176 66.2468
183.681 128.344 0.0171115 0.085919 0.765162 0.0649656 10 4.06351
