0 1.4434 0.146084 0.193353
123.597 195.305 0.432099 0.341169 0.990319 0.941366 2.32763 3.59388
1 1.4434 0.217007 0.275457
123.597 195.305 0.432099 0.341169 0.990319 0.941366 2.32763 3.59388
2 1.45438 0.290203 0.34914
187.647 112.413 0.645224 0.112747 0.594693 0.251081 9.32441 5.02327
3 1.45438 0.220515 0.278634
187.647 112.413 0.645224 0.112747 0.594693 0.251081 9.32441 5.02327
4 1.46244 0.292219 0.353198
117.877 197.918 0.590412 0.437912 0.697845 0.857593 1.87846 3.39812
5 1.46244 0.364857 0.412354
117.877 197.918 0.590412 0.437912 0.697845 0.857593 1.87846 3.39812
6 2.87741 0.506443 0.713872
128.27 148.595 0.597864 0.283695 0.646135 0.419845 10 4.53294
7 2.91029 0.652223 0.978458
127.879 151.563 0.558493 0.298166 0.651088 0.407922 9.77597 4.80177
8 2.91029 0.797017 1.1995
127.879 151.563 0.558493 0.298166 0.651088 0.407922 9.77597 4.80177
9 3.20872 0.678844 1.29512
130.917 150.307 0.530233 0.370724 0.707747 0.397385 9.48156 5.06477
10 3.20872 0.89143 1.69708
130.917 150.307 0.530233 0.370724 0.707747 0.397385 9.48156 5.06477
11 3.20872 0.889112 1.48105
130.917 150.307 0.530233 0.370724 0.707747 0.397385 9.48156 5.06477
12 3.20872 0.889217 1.70509
130.917 150.307 0.530233 0.370724 0.707747 0.397385 9.48156 5.06477
13 3.20872 1.24326 1.86736
130.917 150.307 0.530233 0.370724 0.707747 0.397385 9.48156 5.06477
14 4.27796 0.884121 1.90665
127.641 147.272 0.614019 0.256582 0.625609 0.346827 10 5.2103
15 4.27796 1.09503 1.98082
127.641 147.272 0.614019 0.256582 0.625609 0.346827 10 5.2103
16 4.27796 1.16976 1.91816
127.641 147.272 0.614019 0.256582 0.625609 0.346827 10 5.2103
17 4.27796 0.953007 1.86676
127.641 147.272 0.614019 0.256582 0.625609 0.346827 10 5.2103
18 4.27796 0.97073 1.91544
127.641 147.272 0.614019 0.256582 0.625609 0.346827 10 5.2103
19 4.27796 0.806781 1.68736
127.641 147.272 0.614019 0.256582 0.625609 0.346827 10 5.2103
20 4.27796 0.822513 1.7136
127.641 147.272 0.614019 0.256582 0.625609 0.346827 10 5.2103
21 4.27796 0.877908 2.09767
127.641 147.272 0.614019 0.256582 0.625609 0.346827 10 5.2103
22 4.27796 1.30739 2.3986
127.641 147.272 0.614019 0.256582 0.625609 0.346827 10 5.2103
23 4.27796 1.00731 1.95641
127.641 147.272 0.614019 0.256582 0.625609 0.346827 10 5.2103
24 4.27796 0.789367 2.0368
127.641 147.272 0.614019 0.256582 0.625609 0.346827 10 5.2103
25 4.27796 0.929283 2.62708
127.641 147.272 0.614019 0.256582 0.625609 0.346827 10 5.2103
26 4.27796 0.857708 2.01016
127.641 147.272 0.614019 0.256582 0.625609 0.346827 10 5.2103
27 4.27796 0.793537 2.03373
127.641 147.272 0.614019 0.256582 0.625609 0.346827 10 5.2103
28 4.27796 1.00741 1.95218
127.641 147.272 0.614019 0.256582 0.625609 0.346827 10 5.2103
29 4.27796 0.860366 2.23315
127.641 147.272 0.614019 0.256582 0.625609 0.346827 10 5.2103
30 4.27796 1.21913 2.42458
127.641 147.272 0.614019 0.256582 0.625609 0.346827 10 5.2103
31 4.27796 1.00301 1.94852
127.641 147.272 0.614019 0.256582 0.625609 0.346827 10 5.2103
32 4.27796 0.786941 1.81156
127.641 147.272 0.614019 0.256582 0.625609 0.346827 10 5.2103
33 4.27796 0.859456 2.01795
127.641 147.272 0.614019 0.256582 0.625609 0.346827 10 5.2103
34 4.27796 1.14747 2.28033
127.641 147.272 0.614019 0.256582 0.625609 0.346827 10 5.2103
35 4.27796 0.935985 2.20993
127.641 147.272 0.614019 0.256582 0.625609 0.346827 10 5.2103
36 4.27796 1.00324 2.5849
127.641 147.272 0.614019 0.256582 0.625609 0.346827 10 5.2103
37 4.27796 0.788537 1.80996
127.641 147.272 0.614019 0.256582 0.625609 0.346827 10 5.2103
38 4.27796 0.863867 1.79994
127.641 147.272 0.614019 0.256582 0.625609 0.346827 10 5.2103
39 4.27796 1.00441 2.37245
127.641 147.272 0.614019 0.256582 0.625609 0.346827 10 5.2103
40 4.33476 1.07706 2.55662
150.748 168.622 0.611962 0.346608 0.638603 0.256883 10 5.39168
41 4.33476 1.15148 2.08461
150.748 168.622 0.611962 0.346608 0.638603 0.256883 10 5.39168
42 4.33476 0.865083 2.03973
150.748 168.622 0.611962 0.346608 0.638603 0.256883 10 5.39168
43 4.33476 1.01514 2.19152
150.748 168.622 0.611962 0.346608 0.638603 0.256883 10 5.39168
44 4.33476 1.08042 1.91618
150.748 168.622 0.611962 0.346608 0.638603 0.256883 10 5.39168
45 4.33476 1.29315 2.56133
150.748 168.622 0.611962 0.346608 0.638603 0.256883 10 5.39168
46 4.33476 1.15186 2.72234
150.748 168.622 0.611962 0.346608 0.638603 0.256883 10 5.39168
47 4.33476 1.00852 2.4143
150.748 168.622 0.611962 0.346608 0.638603 0.256883 10 5.39168
48 4.33476 1.15179 2.51533
150.748 168.622 0.611962 0.346608 0.638603 0.256883 10 5.39168
49 4.33476 1.15132 2.30196
150.748 168.622 0.611962 0.346608 0.638603 0.256883 10 5.39168
50 4.33476 1.22222 2.44238
150.748 168.622 0.611962 0.346608 0.638603 0.256883 10 5.39168
51 4.33476 1.37368 2.07703
150.748 168.622 0.611962 0.346608 0.638603 0.256883 10 5.39168
52 4.33476 1.08057 2.35227
150.748 168.622 0.611962 0.346608 0.638603 0.256883 10 5.39168
53 4.33476 1.08033 2.351
150.748 168.622 0.611962 0.346608 0.638603 0.256883 10 5.39168
54 4.33476 1.15655 2.3098
150.748 168.622 0.611962 0.346608 0.638603 0.256883 10 5.39168
55 4.33476 1.16587 2.11746
150.748 168.622 0.611962 0.346608 0.638603 0.256883 10 5.39168
56 4.33476 1.23421 2.0179
150.748 168.622 0.611962 0.346608 0.638603 0.256883 10 5.39168
57 4.33476 1.30922 2.38785
150.748 168.622 0.611962 0.346608 0.638603 0.256883 10 5.39168
58 4.33476 1.30478 1.92452
150.748 168.622 0.611962 0.346608 0.638603 0.256883 10 5.39168
59 4.33476 1.38579 2.32197
150.748 168.622 0.611962 0.346608 0.638603 0.256883 10 5.39168
60 4.33476 1.86646 1.97059
150.748 168.622 0.611962 0.346608 0.638603 0.256883 10 5.39168
61 4.33476 1.51663 2.0558
150.748 168.622 0.611962 0.346608 0.638603 0.256883 10 5.39168
62 4.33476 1.37884 2.28108
150.748 168.622 0.611962 0.346608 0.638603 0.256883 10 5.39168
63 4.33476 1.80723 2.78941
150.748 168.622 0.611962 0.346608 0.638603 0.256883 10 5.39168
64 4.33476 1.58674 2.1608
150.748 168.622 0.611962 0.346608 0.638603 0.256883 10 5.39168
65 4.33476 1.81707 2.15675
150.748 168.622 0.611962 0.346608 0.638603 0.256883 10 5.39168
66 4.33476 1.51651 2.51284
150.748 168.622 0.611962 0.346608 0.638603 0.256883 10 5.39168
67 4.33476 1.30467 2.83743
150.748 168.622 0.611962 0.346608 0.638603 0.256883 10 5.39168
68 4.33476 0.945117 2.26334
150.748 168.622 0.611962 0.346608 0.638603 0.256883 10 5.39168
69 4.33476 1.802 3.89851
150.748 168.622 0.611962 0.346608 0.638603 0.256883 10 5.39168
70 4.33476 1.45787 2.65879
150.748 168.622 0.611962 0.346608 0.638603 0.256883 10 5.39168
71 4.33476 1.73996 2.33993
150.748 168.622 0.611962 0.346608 0.638603 0.256883 10 5.39168
72 4.33476 1.80611 2.38979
150.748 168.622 0.611962 0.346608 0.638603 0.256883 10 5.39168
73 4.33476 1.30249 2.3949
150.748 168.622 0.611962 0.346608 0.638603 0.256883 10 5.39168
74 4.33476 1.44477 2.4004
150.748 168.622 0.611962 0.346608 0.638603 0.256883 10 5.39168
75 4.33476 1.30752 2.61989
150.748 168.622 0.611962 0.346608 0.638603 0.256883 10 5.39168
76 4.33476 1.23052 2.04049
150.748 168.622 0.611962 0.346608 0.638603 0.256883 10 5.39168
77 4.33476 1.22795 2.24834
150.748 168.622 0.611962 0.346608 0.638603 0.256883 10 5.39168
78 4.33476 1.44608 3.05965
150.748 168.622 0.611962 0.346608 0.638603 0.256883 10 5.39168
79 4.33476 1.31403 2.40634
150.748 168.622 0.611962 0.346608 0.638603 0.256883 10 5.39168
80 4.33476 1.39302 2.368
150.748 168.622 0.611962 0.346608 0.638603 0.256883 10 5.39168
81 4.33476 1.45829 2.44433
150.748 168.622 0.611962 0.346608 0.638603 0.256883 10 5.39168
82 4.33476 1.60236 2.63513
150.748 168.622 0.611962 0.346608 0.638603 0.256883 10 5.39168
83 4.33476 1.66433 2.48026
150.748 168.622 0.611962 0.346608 0.638603 0.256883 10 5.39168
84 4.33476 1.66905 2.27231
150.748 168.622 0.611962 0.346608 0.638603 0.256883 10 5.39168
85 4.33476 1.66155 2.46804
150.748 168.622 0.611962 0.346608 0.638603 0.256883 10 5.39168
86 4.33476 1.37047 2.28692
150.748 168.622 0.611962 0.346608 0.638603 0.256883 10 5.39168
87 4.33476 1.08585 2.38393
150.748 168.622 0.611962 0.346608 0.638603 0.256883 10 5.39168
88 4.33476 1.3048 2.61117
150.748 168.622 0.611962 0.346608 0.638603 0.256883 10 5.39168
89 4.33476 1.31766 2.64449
150.748 168.622 0.611962 0.346608 0.638603 0.256883 10 5.39168
90 4.33476 1.66018 2.47849
150.748 168.622 0.611962 0.346608 0.638603 0.256883 10 5.39168
91 4.33476 1.59106 2.8256
150.748 168.622 0.611962 0.346608 0.638603 0.256883 10 5.39168
92 4.33476 1.01576 2.4369
150.748 168.622 0.611962 0.346608 0.638603 0.256883 10 5.39168
93 4.34389 1.23591 2.93206
163.403 172.769 0.629909 0.355101 0.654072 0.226181 10 5.32177
94 4.34389 1.08432 2.38357
163.403 172.769 0.629909 0.355101 0.654072 0.226181 10 5.32177
95 4.34389 1.25355 2.32432
163.403 172.769 0.629909 0.355101 0.654072 0.226181 10 5.32177
96 4.34389 1.39378 1.93534
163.403 172.769 0.629909 0.355101 0.654072 0.226181 10 5.32177
97 4.34389 1.22687 2.68291
163.403 172.769 0.629909 0.355101 0.654072 0.226181 10 5.32177
98 4.34389 1.37087 2.93809
163.403 172.769 0.629909 0.355101 0.654072 0.226181 10 5.32177
99 4.34389 1.22608 2.25436
163.403 172.769 0.629909 0.355101 0.654072 0.226181 10 5.32177
100 4.34389 1.38142 2.55188
163.403 172.769 0.629909 0.355101 0.654072 0.226181 10 5.32177
