0 5.16036 1.46548 2.13065
158.063 120.547 0.612122 0.0236992 0.726858 0.275742 5.89178 8.38407
1 6.75862 1.91587 3.71911
100 179.868 0.210795 0.435048 0.923063 0.0542239 2.04916 4.79335
2 6.75862 2.29115 3.93849
100 179.868 0.210795 0.435048 0.923063 0.0542239 2.04916 4.79335
3 6.75862 2.95634 4.97496
100 179.868 0.210795 0.435048 0.923063 0.0542239 2.04916 4.79335
4 6.75862 3.26739 4.49094
100 179.868 0.210795 0.435048 0.923063 0.0542239 2.04916 4.79335
5 6.75862 3.71039 4.70602
100 179.868 0.210795 0.435048 0.923063 0.0542239 2.04916 4.79335
6 6.79485 4.1136 4.29472
100.445 177.967 0.230147 0.425903 0.989389 0 1.44627 6.25295
7 7.30611 4.31304 3.80499
101.847 180.348 0.272628 0.469268 0.99989 0.0314168 1.37432 6.73619
8 7.30792 4.54041 4.99626
100.222 177.417 0.205018 0.425728 0.981552 0.00668874 1.63054 6.31275
9 7.30792 4.66271 3.62844
100.222 177.417 0.205018 0.425728 0.981552 0.00668874 1.63054 6.31275
10 7.82792 4.63133 4.39747
101.87 160.395 0.309475 0.37457 0.970974 0 2.3895 7.15003
11 7.82792 4.78148 4.85961
101.87 160.395 0.309475 0.37457 0.970974 0 2.3895 7.15003
12 8.35514 4.86698 5.27743
102.798 162.846 0.301613 0.330867 0.992851 0.0547648 2.40124 7.86152
13 8.35514 5.00399 4.6213
102.798 162.846 0.301613 0.330867 0.992851 0.0547648 2.40124 7.86152
14 8.35514 5.29883 4.46338
102.798 162.846 0.301613 0.330867 0.992851 0.0547648 2.40124 7.86152
15 8.35514 5.31865 3.65512
102.798 162.846 0.301613 0.330867 0.992851 0.0547648 2.40124 7.86152
16 10.0076 5.67745 5.38408
106.807 171.69 0.311056 0.352198 0.933188 0 4.24222 2.92332
17 10.0076 5.487 5.26182
106.807 171.69 0.311056 0.352198 0.933188 0 4.24222 2.92332
18 10.0076 5.76 5.24215
106.807 171.69 0.311056 0.352198 0.933188 0 4.24222 2.92332
19 10.0076 6.00135 5.08449
106.807 171.69 0.311056 0.352198 0.933188 0 4.24222 2.92332
20 10.0946 5.73586 6.9588
105.465 172.432 0.299114 0.34935 0.937872 0.01764 4.18033 3.00116
21 10.0946 5.97058 7.56911
105.465 172.432 0.299114 0.34935 0.937872 0.01764 4.18033 3.00116
22 10.4484 6.60331 8.60561
105.847 170.537 0.297505 0.322122 0.939828 0.00919998 4.2443 2.90077
23 10.4484 6.19536 8.49839
105.847 170.537 0.297505 0.322122 0.939828 0.00919998 4.2443 2.90077
24 10.4484 6.43011 8.52879
105.847 170.537 0.297505 0.322122 0.939828 0.00919998 4.2443 2.90077
25 10.4484 6.77288 7.30597
105.847 170.537 0.297505 0.322122 0.939828 0.00919998 4.2443 2.90077
26 10.4484 6.84871 6.56273
105.847 170.537 0.297505 0.322122 0.939828 0.00919998 4.2443 2.90077
27 10.4484 6.87993 6.97047
105.847 170.537 0.297505 0.322122 0.939828 0.00919998 4.2443 2.90077
28 10.5381 6.42151 5.73155
105.861 172.242 0.305131 0.338228 0.951898 0.019727 4.33663 3.00191
29 10.5381 6.61003 6.79902
105.861 172.242 0.305131 0.338228 0.951898 0.019727 4.33663 3.00191
30 10.5381 6.65023 7.28843
105.861 172.242 0.305131 0.338228 0.951898 0.019727 4.33663 3.00191
31 10.5381 6.18118 7.05906
105.861 172.242 0.305131 0.338228 0.951898 0.019727 4.33663 3.00191
32 10.5381 6.57733 5.30404
105.861 172.242 0.305131 0.338228 0.951898 0.019727 4.33663 3.00191
33 10.5381 7.21808 6.27447
105.861 172.242 0.305131 0.338228 0.951898 0.019727 4.33663 3.00191
34 10.5381 7.17586 5.34923
105.861 172.242 0.305131 0.338228 0.951898 0.019727 4.33663 3.00191
35 10.9473 7.66732 6.19559
103.18 161.292 0.306362 0.322405 0.978135 0.0239408 3.84901 2.87919
36 10.9473 7.38782 9.27297
103.18 161.292 0.306362 0.322405 0.978135 0.0239408 3.84901 2.87919
37 10.9473 7.09362 9.33724
103.18 161.292 0.306362 0.322405 0.978135 0.0239408 3.84901 2.87919
38 11.1405 6.72883 7.49111
105.438 164.459 0.285749 0.344034 0.914767 0.0139896 5.09679 2.87362
39 11.1817 6.29972 9.32525
105.889 164.487 0.283338 0.349887 0.918696 0.0123214 5.11749 2.77733
40 11.1817 6.44356 10.3769
105.889 164.487 0.283338 0.349887 0.918696 0.0123214 5.11749 2.77733
41 11.1817 6.703 10.2558
105.889 164.487 0.283338 0.349887 0.918696 0.0123214 5.11749 2.77733
42 11.1817 6.46709 11.7552
105.889 164.487 0.283338 0.349887 0.918696 0.0123214 5.11749 2.77733
43 11.1817 6.8793 9.99102
105.889 164.487 0.283338 0.349887 0.918696 0.0123214 5.11749 2.77733
44 11.1817 7.04158 10.6257
105.889 164.487 0.283338 0.349887 0.918696 0.0123214 5.11749 2.77733
45 11.1817 6.16445 9.5335
105.889 164.487 0.283338 0.349887 0.918696 0.0123214 5.11749 2.77733
46 11.1817 6.38937 10.5359
105.889 164.487 0.283338 0.349887 0.918696 0.0123214 5.11749 2.77733
47 11.1817 7.10763 11.2833
105.889 164.487 0.283338 0.349887 0.918696 0.0123214 5.11749 2.77733
48 11.1817 7.19323 10.7863
105.889 164.487 0.283338 0.349887 0.918696 0.0123214 5.11749 2.77733
49 11.1817 6.74353 10.9417
105.889 164.487 0.283338 0.349887 0.918696 0.0123214 5.11749 2.77733
50 11.2029 7.32887 9.91379
103.822 167.283 0.30529 0.38975 0.918396 0.00786152 5.63292 2.96611
51 11.2029 7.73715 8.33535
103.822 167.283 0.30529 0.38975 0.918396 0.00786152 5.63292 2.96611
52 11.2029 7.26681 10.6046
103.822 167.283 0.30529 0.38975 0.918396 0.00786152 5.63292 2.96611
53 11.2029 7.3303 9.95334
103.822 167.283 0.30529 0.38975 0.918396 0.00786152 5.63292 2.96611
54 11.2029 7.02653 10.1897
103.822 167.283 0.30529 0.38975 0.918396 0.00786152 5.63292 2.96611
55 11.2029 6.41557 9.62728
103.822 167.283 0.30529 0.38975 0.918396 0.00786152 5.63292 2.96611
56 11.2029 7.09121 10.3629
103.822 167.283 0.30529 0.38975 0.918396 0.00786152 5.63292 2.96611
57 11.2029 7.18165 10.0124
103.822 167.283 0.30529 0.38975 0.918396 0.00786152 5.63292 2.96611
58 11.2029 6.54218 9.9729
103.822 167.283 0.30529 0.38975 0.918396 0.00786152 5.63292 2.96611
59 11.2029 7.4328 9.59881
103.822 167.283 0.30529 0.38975 0.918396 0.00786152 5.63292 2.96611
60 11.2029 7.04336 10.6507
103.822 167.283 0.30529 0.38975 0.918396 0.00786152 5.63292 2.96611
61 11.2029 7.69246 10.8125
103.822 167.283 0.30529 0.38975 0.918396 0.00786152 5.63292 2.96611
62 11.2619 7.75636 11.9309
102.981 161.013 0.294169 0.385809 0.892004 0.000291364 5.36261 6.32084
63 11.2619 7.69525 10.401
102.981 161.013 0.294169 0.385809 0.892004 0.000291364 5.36261 6.32084
64 11.2619 7.76299 10.335
102.981 161.013 0.294169 0.385809 0.892004 0.000291364 5.36261 6.32084
65 11.2619 7.08112 9.90793
102.981 161.013 0.294169 0.385809 0.892004 0.000291364 5.36261 6.32084
66 11.2619 7.49097 7.91548
102.981 161.013 0.294169 0.385809 0.892004 0.000291364 5.36261 6.32084
67 11.4878 7.51713 10.3945
110.143 154.574 0.401491 0.298842 1 0.1009 6.71956 0.993171
68 11.4878 7.64851 10.6548
110.143 154.574 0.401491 0.298842 1 0.1009 6.71956 0.993171
69 11.4902 7.80437 10.2222
110.125 154.575 0.401123 0.299827 0.999693 0.100822 6.71786 0.99852
70 11.4902 7.71021 10.5308
110.125 154.575 0.401123 0.299827 0.999693 0.100822 6.71786 0.99852
71 11.4902 7.51613 10.2591
110.125 154.575 0.401123 0.299827 0.999693 0.100822 6.71786 0.99852
72 11.4902 7.24856 9.78265
110.125 154.575 0.401123 0.299827 0.999693 0.100822 6.71786 0.99852
73 11.4902 6.93321 10.17
110.125 154.575 0.401123 0.299827 0.999693 0.100822 6.71786 0.99852
74 11.4902 6.55521 11.0252
110.125 154.575 0.401123 0.299827 0.999693 0.100822 6.71786 0.99852
75 11.9724 7.62562 10.7217
100 153.629 0.356452 0.337403 1 0 6.0638 5.07616
76 11.9724 6.91321 11.3797
100 153.629 0.356452 0.337403 1 0 6.0638 5.07616
77 11.9989 7.63903 12.1874
100 135.637 0.40213 0.298844 1 0.129472 8.20947 3.37653
78 11.9989 7.52283 11.2012
100 135.637 0.40213 0.298844 1 0.129472 8.20947 3.37653
79 11.9989 7.47404 12.7499
100 135.637 0.40213 0.298844 1 0.129472 8.20947 3.37653
80 12.0072 8.24189 9.92418
100 135.601 0.399578 0.29996 1 0.130257 8.16616 3.40028
81 12.0072 8.4694 10.112
100 135.601 0.399578 0.29996 1 0.130257 8.16616 3.40028
82 12.5116 8.14202 14.6154
100.085 152.568 0.363646 0.335049 0.997468 0.0145103 6.03663 5.05702
83 12.5116 7.71694 15.5694
100.085 152.568 0.363646 0.335049 0.997468 0.0145103 6.03663 5.05702
84 12.5116 7.60671 13.4669
100.085 152.568 0.363646 0.335049 0.997468 0.0145103 6.03663 5.05702
85 12.5116 7.47494 14.0587
100.085 152.568 0.363646 0.335049 0.997468 0.0145103 6.03663 5.05702
86 12.5116 7.82797 11.8852
100.085 152.568 0.363646 0.335049 0.997468 0.0145103 6.03663 5.05702
87 12.5116 7.42536 12.0714
100.085 152.568 0.363646 0.335049 0.997468 0.0145103 6.03663 5.05702
88 12.5116 7.15437 12.8469
100.085 152.568 0.363646 0.335049 0.997468 0.0145103 6.03663 5.05702
89 12.5409 7.78122 13.1894
100.004 155.801 0.376617 0.335732 1 0.0194134 5.8741 5.10469
90 12.5409 8.12519 13.5024
100.004 155.801 0.376617 0.335732 1 0.0194134 5.8741 5.10469
91 12.5409 8.45265 12.5063
100.004 155.801 0.376617 0.335732 1 0.0194134 5.8741 5.10469
92 12.5409 8.08244 12.4678
100.004 155.801 0.376617 0.335732 1 0.0194134 5.8741 5.10469
93 12.5409 7.82512 13.8915
100.004 155.801 0.376617 0.335732 1 0.0194134 5.8741 5.10469
94 12.5409 7.26736 14.7553
100.004 155.801 0.376617 0.335732 1 0.0194134 5.8741 5.10469
95 12.5409 7.29144 16.9134
100.004 155.801 0.376617 0.335732 1 0.0194134 5.8741 5.10469
96 12.5409 6.91868 14.8379
100.004 155.801 0.376617 0.335732 1 0.0194134 5.8741 5.10469
97 12.5409 6.66274 15.8119
100.004 155.801 0.376617 0.335732 1 0.0194134 5.8741 5.10469
98 12.5409 7.32654 15.5674
100.004 155.801 0.376617 0.335732 1 0.0194134 5.8741 5.10469
99 12.5409 7.36798 13.1261
100.004 155.801 0.376617 0.335732 1 0.0194134 5.8741 5.10469
100 12.5409 7.86695 12.7523
100.004 155.801 0.376617 0.335732 1 0.0194134 5.8741 5.10469
