0 8.58585 2.76313 10.135
124.363 169.856 0.498192 0.161618 0.802588 0.738699 8.12156 7.19136
1 8.58585 3.48735 11.1039
124.363 169.856 0.498192 0.161618 0.802588 0.738699 8.12156 7.19136
2 10.0982 5.2042 13.0159
162.829 188.11 0.741227 0.156989 0.935853 0.517464 5.67244 8.04298
3 10.0982 5.35084 13.763
162.829 188.11 0.741227 0.156989 0.935853 0.517464 5.67244 8.04298
4 10.0982 5.57673 13.2629
162.829 188.11 0.741227 0.156989 0.935853 0.517464 5.67244 8.04298
5 10.0983 5.92498 14.6843
163.033 187.75 0.741584 0.156302 0.936503 0.510085 5.67822 8.05062
6 10.0983 6.15546 10.5924
163.033 187.75 0.741584 0.156302 0.936503 0.510085 5.67822 8.05062
7 11.5126 6.79373 12.3159
162.837 187.884 0.736944 0.153614 0.940093 0.509319 5.63948 8.0302
8 11.5126 7.66226 10.1435
162.837 187.884 0.736944 0.153614 0.940093 0.509319 5.63948 8.0302
9 11.5126 8.08671 9.57774
162.837 187.884 0.736944 0.153614 0.940093 0.509319 5.63948 8.0302
10 11.5152 8.15375 11.6752
163.764 188.137 0.729902 0.159993 0.95907 0.50793 5.76461 8.02124
11 11.5312 8.79597 10.3189
166.706 185.421 0.739299 0.156854 0.99207 0.378026 6.29973 7.55415
12 11.5312 8.23367 8.45399
166.706 185.421 0.739299 0.156854 0.99207 0.378026 6.29973 7.55415
13 11.5312 8.88014 4.2964
166.706 185.421 0.739299 0.156854 0.99207 0.378026 6.29973 7.55415
14 11.5312 8.46289 6.01077
166.706 185.421 0.739299 0.156854 0.99207 0.378026 6.29973 7.55415
15 11.5378 8.6792 7.30373
160.835 183.137 0.652471 0.071026 1 0.378243 5.77966 7.94773
16 18.6549 9.39564 10.378
159.379 179.988 0.580325 0.0176125 0.929805 0.319208 4.82019 7.61331
17 18.6549 8.60789 15.4167
159.379 179.988 0.580325 0.0176125 0.929805 0.319208 4.82019 7.61331
18 18.6549 9.38956 17.9623
159.379 179.988 0.580325 0.0176125 0.929805 0.319208 4.82019 7.61331
19 20.1059 9.67321 25.804
162.328 180.037 0.449561 0 0.832427 0.339096 4.80275 6.42546
20 20.1059 9.31083 33.2147
162.328 180.037 0.449561 0 0.832427 0.339096 4.80275 6.42546
21 20.1059 10.443 33.9317
162.328 180.037 0.449561 0 0.832427 0.339096 4.80275 6.42546
22 20.1059 10.8311 31.122
162.328 180.037 0.449561 0 0.832427 0.339096 4.80275 6.42546
23 21.4676 11.1025 29.7624
164.935 181.935 0.522745 0.0359573 0.881474 0.277001 4.97233 7.13832
24 21.4676 10.5116 26.1371
164.935 181.935 0.522745 0.0359573 0.881474 0.277001 4.97233 7.13832
25 21.4676 12.0767 34.8335
164.935 181.935 0.522745 0.0359573 0.881474 0.277001 4.97233 7.13832
26 21.4676 11.4437 35.0103
164.935 181.935 0.522745 0.0359573 0.881474 0.277001 4.97233 7.13832
27 21.4676 11.5937 36.5993
164.935 181.935 0.522745 0.0359573 0.881474 0.277001 4.97233 7.13832
28 21.4676 11.2784 25.2862
164.935 181.935 0.522745 0.0359573 0.881474 0.277001 4.97233 7.13832
29 21.4676 11.2638 29.49
164.935 181.935 0.522745 0.0359573 0.881474 0.277001 4.97233 7.13832
30 21.4676 11.9903 25.896
164.935 181.935 0.522745 0.0359573 0.881474 0.277001 4.97233 7.13832
31 21.4676 12.9347 24.7593
164.935 181.935 0.522745 0.0359573 0.881474 0.277001 4.97233 7.13832
32 21.4676 13.368 29.0013
164.935 181.935 0.522745 0.0359573 0.881474 0.277001 4.97233 7.13832
33 21.4676 13.7964 19.0444
164.935 181.935 0.522745 0.0359573 0.881474 0.277001 4.97233 7.13832
34 21.4676 14.1011 20.5755
164.935 181.935 0.522745 0.0359573 0.881474 0.277001 4.97233 7.13832
35 21.4676 14.5985 23.9461
164.935 181.935 0.522745 0.0359573 0.881474 0.277001 4.97233 7.13832
36 21.4676 14.3932 18.6721
164.935 181.935 0.522745 0.0359573 0.881474 0.277001 4.97233 7.13832
37 21.4676 13.3749 18.774
164.935 181.935 0.522745 0.0359573 0.881474 0.277001 4.97233 7.13832
38 21.4676 12.0799 20.934
164.935 181.935 0.522745 0.0359573 0.881474 0.277001 4.97233 7.13832
39 21.4676 13.4677 23.8548
164.935 181.935 0.522745 0.0359573 0.881474 0.277001 4.97233 7.13832
40 21.4676 13.8252 19.7408
164.935 181.935 0.522745 0.0359573 0.881474 0.277001 4.97233 7.13832
41 21.4676 14.1081 20.37
164.935 181.935 0.522745 0.0359573 0.881474 0.277001 4.97233 7.13832
42 21.4676 13.9302 20.7042
164.935 181.935 0.522745 0.0359573 0.881474 0.277001 4.97233 7.13832
43 21.4676 14.4012 20.6052
164.935 181.935 0.522745 0.0359573 0.881474 0.277001 4.97233 7.13832
44 21.4676 13.6883 19.208
164.935 181.935 0.522745 0.0359573 0.881474 0.277001 4.97233 7.13832
45 21.4676 13.6957 21.6926
164.935 181.935 0.522745 0.0359573 0.881474 0.277001 4.97233 7.13832
46 21.4676 13.2205 21.9312
164.935 181.935 0.522745 0.0359573 0.881474 0.277001 4.97233 7.13832
47 21.4676 13.4594 27.7195
164.935 181.935 0.522745 0.0359573 0.881474 0.277001 4.97233 7.13832
48 21.4676 13.31 26.9307
164.935 181.935 0.522745 0.0359573 0.881474 0.277001 4.97233 7.13832
49 21.4676 13.3214 28.9918
164.935 181.935 0.522745 0.0359573 0.881474 0.277001 4.97233 7.13832
50 21.4676 13.147 27.3312
164.935 181.935 0.522745 0.0359573 0.881474 0.277001 4.97233 7.13832
51 21.4676 12.8182 21.4844
164.935 181.935 0.522745 0.0359573 0.881474 0.277001 4.97233 7.13832
52 21.4676 13.3157 23.1108
164.935 181.935 0.522745 0.0359573 0.881474 0.277001 4.97233 7.13832
53 21.4676 13.3141 21.9461
164.935 181.935 0.522745 0.0359573 0.881474 0.277001 4.97233 7.13832
54 21.4676 13.9037 16.0835
164.935 181.935 0.522745 0.0359573 0.881474 0.277001 4.97233 7.13832
55 21.4676 13.6898 19.8161
164.935 181.935 0.522745 0.0359573 0.881474 0.277001 4.97233 7.13832
56 21.4676 13.8917 26.9318
164.935 181.935 0.522745 0.0359573 0.881474 0.277001 4.97233 7.13832
57 21.4676 13.2284 32.6032
164.935 181.935 0.522745 0.0359573 0.881474 0.277001 4.97233 7.13832
58 21.4676 13.3691 29.9724
164.935 181.935 0.522745 0.0359573 0.881474 0.277001 4.97233 7.13832
59 21.4676 15.2885 25.2609
164.935 181.935 0.522745 0.0359573 0.881474 0.277001 4.97233 7.13832
60 21.4676 13.2363 24.1208
164.935 181.935 0.522745 0.0359573 0.881474 0.277001 4.97233 7.13832
61 21.4676 13.7545 31.6088
164.935 181.935 0.522745 0.0359573 0.881474 0.277001 4.97233 7.13832
62 21.4676 11.6815 33.0969
164.935 181.935 0.522745 0.0359573 0.881474 0.277001 4.97233 7.13832
63 21.4676 12.6365 31.5889
164.935 181.935 0.522745 0.0359573 0.881474 0.277001 4.97233 7.13832
64 21.4676 12.7607 28.5533
164.935 181.935 0.522745 0.0359573 0.881474 0.277001 4.97233 7.13832
65 21.4676 12.8485 24.4996
164.935 181.935 0.522745 0.0359573 0.881474 0.277001 4.97233 7.13832
66 21.4676 14.3202 26.7729
164.935 181.935 0.522745 0.0359573 0.881474 0.277001 4.97233 7.13832
67 21.4676 14.5349 19.234
164.935 181.935 0.522745 0.0359573 0.881474 0.277001 4.97233 7.13832
68 21.4676 12.9021 24.7836
164.935 181.935 0.522745 0.0359573 0.881474 0.277001 4.97233 7.13832
69 21.4676 13.6147 33.9648
164.935 181.935 0.522745 0.0359573 0.881474 0.277001 4.97233 7.13832
70 21.4676 14.5489 36.5004
164.935 181.935 0.522745 0.0359573 0.881474 0.277001 4.97233 7.13832
71 21.4676 14.3264 32.7784
164.935 181.935 0.522745 0.0359573 0.881474 0.277001 4.97233 7.13832
72 21.4676 14.5284 26.1833
164.935 181.935 0.522745 0.0359573 0.881474 0.277001 4.97233 7.13832
73 21.4676 13.0031 30.3858
164.935 181.935 0.522745 0.0359573 0.881474 0.277001 4.97233 7.13832
74 21.4676 12.5635 29.602
164.935 181.935 0.522745 0.0359573 0.881474 0.277001 4.97233 7.13832
75 21.4676 13.3757 26.8021
164.935 181.935 0.522745 0.0359573 0.881474 0.277001 4.97233 7.13832
76 21.4676 13.1501 22.2811
164.935 181.935 0.522745 0.0359573 0.881474 0.277001 4.97233 7.13832
77 21.4676 13.1501 27.5486
164.935 181.935 0.522745 0.0359573 0.881474 0.277001 4.97233 7.13832
78 21.4676 12.7912 30.4227
164.935 181.935 0.522745 0.0359573 0.881474 0.277001 4.97233 7.13832
79 21.4676 13.374 36.7499
164.935 181.935 0.522745 0.0359573 0.881474 0.277001 4.97233 7.13832
80 21.4676 13.4678 27.1132
164.935 181.935 0.522745 0.0359573 0.881474 0.277001 4.97233 7.13832
81 21.4676 13.2946 24.8532
164.935 181.935 0.522745 0.0359573 0.881474 0.277001 4.97233 7.13832
82 21.4676 13.0064 21.9887
164.935 181.935 0.522745 0.0359573 0.881474 0.277001 4.97233 7.13832
83 21.4676 13.168 22.1048
164.935 181.935 0.522745 0.0359573 0.881474 0.277001 4.97233 7.13832
84 21.4676 13.1636 20.5309
164.935 181.935 0.522745 0.0359573 0.881474 0.277001 4.97233 7.13832
85 21.4676 14.1625 19.7958
164.935 181.935 0.522745 0.0359573 0.881474 0.277001 4.97233 7.13832
86 21.4676 14.4473 17.2642
164.935 181.935 0.522745 0.0359573 0.881474 0.277001 4.97233 7.13832
87 21.4676 13.5853 23.1318
164.935 181.935 0.522745 0.0359573 0.881474 0.277001 4.97233 7.13832
88 21.4676 12.8761 25.0669
164.935 181.935 0.522745 0.0359573 0.881474 0.277001 4.97233 7.13832
89 21.4676 13.5012 28.6326
164.935 181.935 0.522745 0.0359573 0.881474 0.277001 4.97233 7.13832
90 21.4676 13.5813 29.6582
164.935 181.935 0.522745 0.0359573 0.881474 0.277001 4.97233 7.13832
91 21.4676 14.0321 27.3314
164.935 181.935 0.522745 0.0359573 0.881474 0.277001 4.97233 7.13832
92 21.4676 12.737 20.0921
164.935 181.935 0.522745 0.0359573 0.881474 0.277001 4.97233 7.13832
93 21.4676 14.1615 27.3535
164.935 181.935 0.522745 0.0359573 0.881474 0.277001 4.97233 7.13832
94 21.4676 13.537 23.9234
164.935 181.935 0.522745 0.0359573 0.881474 0.277001 4.97233 7.13832
95 21.4676 13.5889 23.4945
164.935 181.935 0.522745 0.0359573 0.881474 0.277001 4.97233 7.13832
96 21.4676 12.3283 25.252
164.935 181.935 0.522745 0.0359573 0.881474 0.277001 4.97233 7.13832
97 21.4676 12.1215 34.1231
164.935 181.935 0.522745 0.0359573 0.881474 0.277001 4.97233 7.13832
98 21.4676 12.4661 28.2708
164.935 181.935 0.522745 0.0359573 0.881474 0.277001 4.97233 7.13832
99 21.4676 13.6748 28.9822
164.935 181.935 0.522745 0.0359573 0.881474 0.277001 4.97233 7.13832
100 21.4676 13.1803 37.0643
164.935 181.935 0.522745 0.0359573 0.881474 0.277001 4.97233 7.13832
