0 14.5577 3.55 17.9816
113.443 125.916 0.177136 0.47746 0.331731 0.088537 3.85348 9.92207
1 14.5577 4.72509 24.3672
113.443 125.916 0.177136 0.47746 0.331731 0.088537 3.85348 9.92207
2 16.4517 5.90684 30.1802
113.363 137.593 0.184505 0.599091 0.220906 0.00123651 3.11118 9.69565
3 17.0928 7.12184 33.8088
119.192 132.81 0.220098 0.513777 0.253533 0.0492583 3.88106 9.72303
4 19.3002 7.90682 40.3966
109.466 113.546 0.26636 0.376164 0.430069 0 2.91475 9.87799
5 19.3002 8.1897 45.3639
109.466 113.546 0.26636 0.376164 0.430069 0 2.91475 9.87799
6 20.328 9.55227 45.6799
121.522 131.777 0.28457 0.475461 0.154266 0 4.56972 9.36143
7 20.328 10.6446 46.683
121.522 131.777 0.28457 0.475461 0.154266 0 4.56972 9.36143
8 20.795 11.3948 47.8384
123.121 135.847 0.275849 0.492962 0.0899895 0 4.25624 9.06267
9 21.3078 12.2561 50.4315
115.022 134.695 0.240289 0.473738 0.0425193 0 4.73219 9.68765
10 21.3078 12.0006 50.8371
115.022 134.695 0.240289 0.473738 0.0425193 0 4.73219 9.68765
11 21.9338 11.8596 46.4056
105.315 108.04 0.269498 0.455605 0.202969 0 4.19288 7.48537
12 21.9338 11.8323 50.1339
105.315 108.04 0.269498 0.455605 0.202969 0 4.19288 7.48537
13 21.9338 12.1488 59.3181
105.315 108.04 0.269498 0.455605 0.202969 0 4.19288 7.48537
14 21.9338 13.0593 63.5877
105.315 108.04 0.269498 0.455605 0.202969 0 4.19288 7.48537
15 22.1292 13.7814 61.5431
129.451 132.059 0.330232 0.345851 0.108122 0.0130099 5.39762 10
16 23.6275 13.7579 65.0708
104.333 108.029 0.253406 0.392726 0.193843 8.33814e-05 4.48562 7.75083
17 23.6275 14.6188 62.7392
104.333 108.029 0.253406 0.392726 0.193843 8.33814e-05 4.48562 7.75083
18 23.6275 15.9234 44.515
104.333 108.029 0.253406 0.392726 0.193843 8.33814e-05 4.48562 7.75083
19 23.6275 15.7229 41.8512
104.333 108.029 0.253406 0.392726 0.193843 8.33814e-05 4.48562 7.75083
20 23.6593 16.4301 40.3416
103.93 100 0.482859 0.204144 0.199211 0.0504716 4.31746 8.67602
21 23.6652 16.0851 44.5582
104.405 105.929 0.229648 0.397334 0.205261 0 4.87325 8.31967
22 23.6652 16.3717 45.9767
104.405 105.929 0.229648 0.397334 0.205261 0 4.87325 8.31967
23 23.6975 15.1406 50.8648
103.397 109.264 0.276295 0.365832 0.187492 0.00229067 4.46269 7.8197
24 24.1572 16.3687 44.551
106.555 100 0.497168 0.185127 0.176951 0.0544945 4.28356 8.6051
25 24.1572 16.9526 47.7222
106.555 100 0.497168 0.185127 0.176951 0.0544945 4.28356 8.6051
26 24.162 16.7952 61.9108
106.587 100.032 0.498277 0.185361 0.174835 0.0544181 4.29411 8.60607
27 24.162 17.9826 47.8753
106.587 100.032 0.498277 0.185361 0.174835 0.0544181 4.29411 8.60607
28 25.0246 18.5472 37.8478
107.416 101.333 0.43347 0.153669 0.173045 0.0544456 4.41806 8.12286
29 25.0969 18.1434 43.8143
100 101.638 0.358666 0.378754 0.0198475 0.003681 3.88959 7.46439
30 25.0969 17.9147 45.8176
100 101.638 0.358666 0.378754 0.0198475 0.003681 3.88959 7.46439
31 25.0969 18.7086 45.9923
100 101.638 0.358666 0.378754 0.0198475 0.003681 3.88959 7.46439
32 25.5945 19.8164 34.8651
128.877 104.514 0.551213 0.218231 0 0 5.10879 7.47
33 25.5945 18.6495 43.4162
128.877 104.514 0.551213 0.218231 0 0 5.10879 7.47
34 25.6112 18.0045 51.3708
123.363 108.802 0.540367 0.197925 0.0454969 0 4.63915 6.23862
35 25.6112 16.9691 73.6474
123.363 108.802 0.540367 0.197925 0.0454969 0 4.63915 6.23862
36 25.6112 17.649 71.583
123.363 108.802 0.540367 0.197925 0.0454969 0 4.63915 6.23862
37 25.6462 17.4084 76.0547
100 100.107 0.422777 0.253422 0 0 2.56013 7.01132
38 25.6462 18.4405 58.8456
100 100.107 0.422777 0.253422 0 0 2.56013 7.01132
39 25.6462 18.2316 56.138
100 100.107 0.422777 0.253422 0 0 2.56013 7.01132
40 25.9548 17.3215 65.0293
103.223 100.214 0.412739 0.310787 0 0.0618838 0.636942 6.34598
41 25.981 18.356 71.2081
103.367 100.234 0.417334 0.330995 0 0.0666283 0.632882 6.27473
42 26.0787 19.2973 69.386
104.143 103.807 0.382983 0.350004 0.00949363 0 2.19524 7.50533
43 26.0787 19.3637 70.8037
104.143 103.807 0.382983 0.350004 0.00949363 0 2.19524 7.50533
44 26.0787 19.3813 63.7856
104.143 103.807 0.382983 0.350004 0.00949363 0 2.19524 7.50533
45 26.0787 18.8797 59.8934
104.143 103.807 0.382983 0.350004 0.00949363 0 2.19524 7.50533
46 26.0819 19.1001 64.5628
104.167 103.869 0.382883 0.349033 0.00883006 0 2.17889 7.49889
47 26.0819 19.9096 58.7457
104.167 103.869 0.382883 0.349033 0.00883006 0 2.17889 7.49889
48 26.0819 17.7328 73.1662
104.167 103.869 0.382883 0.349033 0.00883006 0 2.17889 7.49889
49 26.0841 19.3716 59.8918
103.511 103.548 0.37681 0.354429 0.00626704 0 2.23984 7.49266
50 26.0841 18.2445 74.5621
103.511 103.548 0.37681 0.354429 0.00626704 0 2.23984 7.49266
51 26.0841 18.3391 68.154
103.511 103.548 0.37681 0.354429 0.00626704 0 2.23984 7.49266
52 26.0841 18.0925 78.2883
103.511 103.548 0.37681 0.354429 0.00626704 0 2.23984 7.49266
53 26.0841 18.0132 69.1519
103.511 103.548 0.37681 0.354429 0.00626704 0 2.23984 7.49266
54 26.0851 18.903 61.6539
103.981 103.06 0.378516 0.341519 0.00735226 0.00414418 2.21344 7.57467
55 26.0851 18.6562 70.0514
103.981 103.06 0.378516 0.341519 0.00735226 0.00414418 2.21344 7.57467
56 26.0851 19.0306 56.3116
103.981 103.06 0.378516 0.341519 0.00735226 0.00414418 2.21344 7.57467
57 26.0851 19.9699 42.4834
103.981 103.06 0.378516 0.341519 0.00735226 0.00414418 2.21344 7.57467
58 26.0851 19.7566 41.8616
103.981 103.06 0.378516 0.341519 0.00735226 0.00414418 2.21344 7.57467
59 26.0851 20.5437 41.2165
103.981 103.06 0.378516 0.341519 0.00735226 0.00414418 2.21344 7.57467
60 26.0851 19.756 51.161
103.981 103.06 0.378516 0.341519 0.00735226 0.00414418 2.21344 7.57467
61 26.0851 20.5613 49.8554
103.981 103.06 0.378516 0.341519 0.00735226 0.00414418 2.21344 7.57467
62 26.0851 18.9217 41.3629
103.981 103.06 0.378516 0.341519 0.00735226 0.00414418 2.21344 7.57467
63 26.0895 20.4674 37.3774
103.33 103.666 0.376419 0.352327 0.00435628 0.00357947 2.24987 7.50082
64 26.0895 21.3039 28.9971
103.33 103.666 0.376419 0.352327 0.00435628 0.00357947 2.24987 7.50082
65 26.0895 20.3714 51.3112
103.33 103.666 0.376419 0.352327 0.00435628 0.00357947 2.24987 7.50082
66 26.0895 19.5802 46.1943
103.33 103.666 0.376419 0.352327 0.00435628 0.00357947 2.24987 7.50082
67 26.0895 17.9679 67.2856
103.33 103.666 0.376419 0.352327 0.00435628 0.00357947 2.24987 7.50082
68 26.1081 18.2541 67.4641
102.238 103.924 0.37215 0.354369 0.00188761 0 2.24968 7.48144
69 26.1081 18.8364 57.3523
102.238 103.924 0.37215 0.354369 0.00188761 0 2.24968 7.48144
70 26.1081 19.3674 49.5911
102.238 103.924 0.37215 0.354369 0.00188761 0 2.24968 7.48144
71 26.2671 19.9471 47.2861
100.421 105.123 0.345419 0.346278 0 0.0272412 2.18198 7.59863
72 26.2671 21.1423 39.9116
100.421 105.123 0.345419 0.346278 0 0.0272412 2.18198 7.59863
73 26.2671 20.1422 55.1768
100.421 105.123 0.345419 0.346278 0 0.0272412 2.18198 7.59863
74 26.2671 20.4606 54.1661
100.421 105.123 0.345419 0.346278 0 0.0272412 2.18198 7.59863
75 26.2671 19.7288 58.0933
100.421 105.123 0.345419 0.346278 0 0.0272412 2.18198 7.59863
76 26.2671 20.9821 51.9891
100.421 105.123 0.345419 0.346278 0 0.0272412 2.18198 7.59863
77 26.2671 20.2197 56.6652
100.421 105.123 0.345419 0.346278 0 0.0272412 2.18198 7.59863
78 26.2671 20.7982 48.1828
100.421 105.123 0.345419 0.346278 0 0.0272412 2.18198 7.59863
79 26.2671 21.3435 43.1289
100.421 105.123 0.345419 0.346278 0 0.0272412 2.18198 7.59863
80 26.2671 19.5159 56.5426
100.421 105.123 0.345419 0.346278 0 0.0272412 2.18198 7.59863
81 26.2671 19.6839 52.3186
100.421 105.123 0.345419 0.346278 0 0.0272412 2.18198 7.59863
82 26.2671 18.7649 52.7757
100.421 105.123 0.345419 0.346278 0 0.0272412 2.18198 7.59863
83 26.2671 20.2015 50.3396
100.421 105.123 0.345419 0.346278 0 0.0272412 2.18198 7.59863
84 26.2671 20.1849 40.4519
100.421 105.123 0.345419 0.346278 0 0.0272412 2.18198 7.59863
85 26.2671 19.0298 54.5229
100.421 105.123 0.345419 0.346278 0 0.0272412 2.18198 7.59863
86 26.2671 16.8116 82.4735
100.421 105.123 0.345419 0.346278 0 0.0272412 2.18198 7.59863
87 26.2671 16.1711 91.6361
100.421 105.123 0.345419 0.346278 0 0.0272412 2.18198 7.59863
88 26.2671 17.1488 87.3585
100.421 105.123 0.345419 0.346278 0 0.0272412 2.18198 7.59863
89 26.2671 17.6989 79.3726
100.421 105.123 0.345419 0.346278 0 0.0272412 2.18198 7.59863
90 26.2671 17.7298 77.227
100.421 105.123 0.345419 0.346278 0 0.0272412 2.18198 7.59863
91 26.2671 18.2104 76.8391
100.421 105.123 0.345419 0.346278 0 0.0272412 2.18198 7.59863
92 26.2671 18.6314 68.6916
100.421 105.123 0.345419 0.346278 0 0.0272412 2.18198 7.59863
93 26.2671 19.1005 67.9989
100.421 105.123 0.345419 0.346278 0 0.0272412 2.18198 7.59863
94 26.2671 19.1799 53.8016
100.421 105.123 0.345419 0.346278 0 0.0272412 2.18198 7.59863
95 26.2671 19.2325 51.1182
100.421 105.123 0.345419 0.346278 0 0.0272412 2.18198 7.59863
96 26.2671 18.9902 59.8898
100.421 105.123 0.345419 0.346278 0 0.0272412 2.18198 7.59863
97 26.2671 17.5765 73.8283
100.421 105.123 0.345419 0.346278 0 0.0272412 2.18198 7.59863
98 26.2671 18.0457 68.0066
100.421 105.123 0.345419 0.346278 0 0.0272412 2.18198 7.59863
99 26.2671 19.1648 64.9287
100.421 105.123 0.345419 0.346278 0 0.0272412 2.18198 7.59863
100 26.2671 20.0309 59.1783
100.421 105.123 0.345419 0.346278 0 0.0272412 2.18198 7.59863
