0 10.4703 3.74334 7.45673
150.375 144.692 0.517336 0.359825 0.137138 0.20406 9.16976 1.67351
1 10.9928 5.10387 10.9036
149.954 147.85 0.520924 0.33354 0.147374 0.217783 9.32264 1.46721
2 10.9928 6.21533 14.326
149.954 147.85 0.520924 0.33354 0.147374 0.217783 9.32264 1.46721
3 14.5076 6.61751 20.369
142.157 143.497 0.429069 0.183186 0.212411 0.375526 8.88496 0
4 14.5076 7.72089 20.1294
142.157 143.497 0.429069 0.183186 0.212411 0.375526 8.88496 0
5 15.5524 8.37796 21.4846
200 108.085 0.427882 0.348555 0.0810948 0.216336 4.85803 7.37674
6 17.0835 9.67885 22.2495
137.307 142.465 0.489445 0.191878 0.215485 0.256687 10 0
7 17.5927 10.023 25.8229
134.151 140.017 0.475896 0.215766 0.184103 0.284775 9.97525 0
8 17.5927 11.361 21.8769
134.151 140.017 0.475896 0.215766 0.184103 0.284775 9.97525 0
9 19.3752 11.6458 26.191
200 100 0.463225 0.318292 0.135916 0.0337823 4.81894 8.27929
10 19.3752 12.3931 24.247
200 100 0.463225 0.318292 0.135916 0.0337823 4.81894 8.27929
11 19.3752 12.2482 23.6387
200 100 0.463225 0.318292 0.135916 0.0337823 4.81894 8.27929
12 19.3752 12.1524 26.2771
200 100 0.463225 0.318292 0.135916 0.0337823 4.81894 8.27929
13 19.5767 11.6949 32.4742
198.789 101.498 0.485279 0.269848 0.142614 0 5.22818 8.52251
14 19.6944 11.7807 31.4123
134.7 134.138 0.484198 0.202205 0.279417 0.183403 8.51561 0.621975
15 19.6944 13.5214 25.0421
134.7 134.138 0.484198 0.202205 0.279417 0.183403 8.51561 0.621975
16 19.6944 13.4757 30.0428
134.7 134.138 0.484198 0.202205 0.279417 0.183403 8.51561 0.621975
17 19.6944 13.0201 36.9028
134.7 134.138 0.484198 0.202205 0.279417 0.183403 8.51561 0.621975
18 19.7486 13.5738 28.8895
200 103.54 0.480997 0.307307 0.125837 0 5.08096 8.649
19 19.7486 14.1318 20.7429
200 103.54 0.480997 0.307307 0.125837 0 5.08096 8.649
20 20.2542 14.7231 21.9538
198.368 100 0.464364 0.304196 0.101279 0 4.45566 8.56978
21 20.2542 14.4957 20.8413
198.368 100 0.464364 0.304196 0.101279 0 4.45566 8.56978
22 20.2542 14.868 19.1811
198.368 100 0.464364 0.304196 0.101279 0 4.45566 8.56978
23 20.2542 14.5415 17.0815
198.368 100 0.464364 0.304196 0.101279 0 4.45566 8.56978
24 20.2542 14.7277 19.3212
198.368 100 0.464364 0.304196 0.101279 0 4.45566 8.56978
25 20.2542 15.5351 14.688
198.368 100 0.464364 0.304196 0.101279 0 4.45566 8.56978
26 20.2542 14.957 17.1871
198.368 100 0.464364 0.304196 0.101279 0 4.45566 8.56978
27 20.2542 15.6349 9.64128
198.368 100 0.464364 0.304196 0.101279 0 4.45566 8.56978
28 20.2542 15.413 17.8438
198.368 100 0.464364 0.304196 0.101279 0 4.45566 8.56978
29 20.3297 15.1091 20.3093
198.758 100.647 0.459432 0.309234 0.0978849 0.0109764 4.50087 8.57158
30 20.5438 15.2405 15.9372
120.257 119.973 0.528191 0.189948 0.243981 0.180663 9.41291 1.18547
31 20.5438 14.7727 24.223
120.257 119.973 0.528191 0.189948 0.243981 0.180663 9.41291 1.18547
32 20.5438 15.5103 17.7315
120.257 119.973 0.528191 0.189948 0.243981 0.180663 9.41291 1.18547
33 20.5438 15.7311 17.4511
120.257 119.973 0.528191 0.189948 0.243981 0.180663 9.41291 1.18547
34 20.5438 14.4749 32.5241
120.257 119.973 0.528191 0.189948 0.243981 0.180663 9.41291 1.18547
35 20.5438 14.6344 28.6874
120.257 119.973 0.528191 0.189948 0.243981 0.180663 9.41291 1.18547
36 20.5438 13.5345 29.8087
120.257 119.973 0.528191 0.189948 0.243981 0.180663 9.41291 1.18547
37 20.5438 14.5556 28.7213
120.257 119.973 0.528191 0.189948 0.243981 0.180663 9.41291 1.18547
38 20.5664 14.2879 38.4225
120.615 119.485 0.520679 0.193995 0.268161 0.175719 9.25605 1.13756
39 20.5885 13.909 36.7852
120.862 118.757 0.501527 0.21114 0.265153 0.160222 9.21374 0.936565
40 20.5885 13.8605 29.3723
120.862 118.757 0.501527 0.21114 0.265153 0.160222 9.21374 0.936565
41 20.5885 12.5825 40.1711
120.862 118.757 0.501527 0.21114 0.265153 0.160222 9.21374 0.936565
42 20.5885 13.3337 35.8338
120.862 118.757 0.501527 0.21114 0.265153 0.160222 9.21374 0.936565
43 20.6254 14.0984 38.6394
111.635 111.997 0.444844 0.200735 0.292918 0.169891 10 0.903544
44 20.6254 13.5775 37.1844
111.635 111.997 0.444844 0.200735 0.292918 0.169891 10 0.903544
45 20.9721 14.9191 39.3843
126.559 108.885 0.529628 0.199525 0.176803 0.0703187 8.99715 1.74998
46 20.9721 15.6521 39.0503
126.559 108.885 0.529628 0.199525 0.176803 0.0703187 8.99715 1.74998
47 20.9721 14.5688 50.7476
126.559 108.885 0.529628 0.199525 0.176803 0.0703187 8.99715 1.74998
48 20.9721 14.4733 40.8465
126.559 108.885 0.529628 0.199525 0.176803 0.0703187 8.99715 1.74998
49 20.9721 14.0702 39.6658
126.559 108.885 0.529628 0.199525 0.176803 0.0703187 8.99715 1.74998
50 20.9721 14.7338 42.2777
126.559 108.885 0.529628 0.199525 0.176803 0.0703187 8.99715 1.74998
51 21.0274 14.5028 51.583
113.166 100 0.506587 0.240069 0 0.0438769 8.30732 1.58899
52 21.6688 14.7181 51.2356
108.422 100 0.499303 0.277627 0.121041 0.0501148 7.29039 2.25025
53 22.2673 13.4971 64.205
109.739 111.492 0.476217 0.304203 0 0.0515473 7.60076 1.44444
54 22.2673 13.9739 44.7401
109.739 111.492 0.476217 0.304203 0 0.0515473 7.60076 1.44444
55 22.7285 14.2958 50.9404
111.879 109.537 0.465662 0.30149 0 0.019131 7.54154 1.60635
56 22.7285 13.5661 54.6452
111.879 109.537 0.465662 0.30149 0 0.019131 7.54154 1.60635
57 22.7285 15.2694 45.2576
111.879 109.537 0.465662 0.30149 0 0.019131 7.54154 1.60635
58 22.7485 16.154 50.298
108.569 108.071 0.436491 0.307768 0 0 7.91908 1.57828
59 22.7485 16.1111 43.5231
108.569 108.071 0.436491 0.307768 0 0 7.91908 1.57828
60 22.915 16.4503 52.4975
100 105.749 0.404208 0.320149 0 0.101898 7.76547 1.94914
61 22.915 15.8341 50.3314
100 105.749 0.404208 0.320149 0 0.101898 7.76547 1.94914
62 22.915 16.1606 47.3644
100 105.749 0.404208 0.320149 0 0.101898 7.76547 1.94914
63 22.9689 14.777 56.6966
111.333 105.883 0.430869 0.311713 0 0.0321639 8.12283 1.32252
64 22.9689 16.1017 60.5247
111.333 105.883 0.430869 0.311713 0 0.0321639 8.12283 1.32252
65 22.9689 17.6528 51.12
111.333 105.883 0.430869 0.311713 0 0.0321639 8.12283 1.32252
66 22.9689 16.7524 48.8635
111.333 105.883 0.430869 0.311713 0 0.0321639 8.12283 1.32252
67 22.9689 16.9778 47.1427
111.333 105.883 0.430869 0.311713 0 0.0321639 8.12283 1.32252
68 22.9929 16.7846 49.0363
116.444 102.479 0.430006 0.32654 0.0253973 0 8.32837 1.37733
69 22.9929 17.2504 38.9789
116.444 102.479 0.430006 0.32654 0.0253973 0 8.32837 1.37733
70 22.9929 15.8614 59.8903
116.444 102.479 0.430006 0.32654 0.0253973 0 8.32837 1.37733
71 23.1428 16.4559 56.2962
108.083 104.715 0.391733 0.314951 0.0310201 0.064715 8.58442 0.930132
72 23.1428 15.3962 60.1705
108.083 104.715 0.391733 0.314951 0.0310201 0.064715 8.58442 0.930132
73 23.1428 16.3254 42.9502
108.083 104.715 0.391733 0.314951 0.0310201 0.064715 8.58442 0.930132
74 23.1428 16.8894 38.552
108.083 104.715 0.391733 0.314951 0.0310201 0.064715 8.58442 0.930132
75 23.1428 16.4738 46.7104
108.083 104.715 0.391733 0.314951 0.0310201 0.064715 8.58442 0.930132
76 23.1428 17.1817 33.7278
108.083 104.715 0.391733 0.314951 0.0310201 0.064715 8.58442 0.930132
77 23.1428 16.1267 49.1054
108.083 104.715 0.391733 0.314951 0.0310201 0.064715 8.58442 0.930132
78 23.1739 16.0937 47.7803
116.343 108.256 0.414388 0.341262 0.0522874 0 8.66211 1.511
79 23.1739 15.2758 48.9824
116.343 108.256 0.414388 0.341262 0.0522874 0 8.66211 1.511
80 23.1739 15.1003 50.3209
116.343 108.256 0.414388 0.341262 0.0522874 0 8.66211 1.511
81 23.2017 14.8633 64.6511
116.064 110.008 0.410435 0.342567 0.0576069 0 8.64478 1.58573
82 23.2017 16.3601 38.8983
116.064 110.008 0.410435 0.342567 0.0576069 0 8.64478 1.58573
83 23.2952 16.0722 43.8922
106.532 100 0.464306 0.328343 0.0488097 0 8.5707 3.34386
84 23.2952 17.4997 36.9927
106.532 100 0.464306 0.328343 0.0488097 0 8.5707 3.34386
85 24.1154 17.8744 38.4709
100 100 0.52036 0.275301 0.0506849 0 8.81032 4.24996
86 24.1154 17.0413 27.5821
100 100 0.52036 0.275301 0.0506849 0 8.81032 4.24996
87 24.1154 16.918 29.6498
100 100 0.52036 0.275301 0.0506849 0 8.81032 4.24996
88 24.1154 17.1329 26.5431
100 100 0.52036 0.275301 0.0506849 0 8.81032 4.24996
89 24.1154 16.7312 31.9977
100 100 0.52036 0.275301 0.0506849 0 8.81032 4.24996
90 24.1154 17.4004 35.3949
100 100 0.52036 0.275301 0.0506849 0 8.81032 4.24996
91 24.1154 15.4754 51.6839
100 100 0.52036 0.275301 0.0506849 0 8.81032 4.24996
92 24.1154 16.3352 56.1914
100 100 0.52036 0.275301 0.0506849 0 8.81032 4.24996
93 24.6599 15.4837 56.1874
100 101.762 0.521497 0.28499 0.0211898 0 8.74941 4.30775
94 24.6599 15.0833 57.4133
100 101.762 0.521497 0.28499 0.0211898 0 8.74941 4.30775
95 24.6599 14.395 44.773
100 101.762 0.521497 0.28499 0.0211898 0 8.74941 4.30775
96 24.6599 14.3918 54.1166
100 101.762 0.521497 0.28499 0.0211898 0 8.74941 4.30775
97 24.6664 14.5286 59.6423
100 102.338 0.520348 0.282952 0.0228368 0.00362891 8.69991 4.31853
98 24.6664 14.5824 65.1211
100 102.338 0.520348 0.282952 0.0228368 0.00362891 8.69991 4.31853
99 24.6664 15.1733 57.3315
100 102.338 0.520348 0.282952 0.0228368 0.00362891 8.69991 4.31853
100 24.6664 14.5239 66.1416
100 102.338 0.520348 0.282952 0.0228368 0.00362891 8.69991 4.31853
