0 8.34845 1.68275 3.19096
150.228 150.652 0.127469 0.346075 0.255964 0.113545 3.06582 8.75371
1 9.35298 2.1626 5.47196
135.539 155.209 0.0965764 0.361635 0.319028 0.0596758 2.39826 9.21851
2 9.36644 2.98539 9.15148
136.133 155.219 0.0846634 0.376339 0.32721 0.0524692 2.47675 9.28058
3 9.36644 3.19692 9.33187
136.133 155.219 0.0846634 0.376339 0.32721 0.0524692 2.47675 9.28058
4 9.36644 3.76472 13.9862
136.133 155.219 0.0846634 0.376339 0.32721 0.0524692 2.47675 9.28058
5 9.39703 4.77146 12.8298
135.427 149.924 0.101622 0.336724 0.33153 0.0683288 2.5551 8.78867
6 10.4435 5.52094 13.3882
144.184 146.58 0.20614 0.282431 0.265812 0.0193711 3.02249 9.54252
7 10.4435 6.05268 11.6183
144.184 146.58 0.20614 0.282431 0.265812 0.0193711 3.02249 9.54252
8 12.0509 6.21038 12.3242
124.612 153.824 0.272544 0.227164 0.18483 0.164798 1.39129 10
9 12.9727 6.98985 10.9818
122.327 153.645 0.314142 0.240756 0.176566 0.147331 1.39407 9.77323
10 14.026 7.21393 13.1789
123.908 156.792 0.271229 0.258644 0.150776 0.181753 1.31454 10
11 14.5237 7.57093 14.6042
128.298 149.516 0.39977 0.23374 0.110605 0.114613 4.53167 8.2586
12 14.5237 7.89594 15.0698
128.298 149.516 0.39977 0.23374 0.110605 0.114613 4.53167 8.2586
13 14.5237 7.52011 18.4059
128.298 149.516 0.39977 0.23374 0.110605 0.114613 4.53167 8.2586
14 14.5237 8.42217 18.1553
128.298 149.516 0.39977 0.23374 0.110605 0.114613 4.53167 8.2586
15 15.0206 8.47171 18.1444
114.04 151.565 0.360327 0.258016 0.128339 0.120279 0.811073 9.85458
16 17.2053 8.37271 22.8764
112.343 152.626 0.305648 0.280034 0.106834 0.144513 0.96268 9.97212
17 18.0119 9.56969 24.9593
122.36 152.193 0.314916 0.29312 0.0268621 0.06166 0.535391 10
18 18.848 9.76328 28.2257
118.662 136.156 0.333026 0.2982 0 0.150054 2.1096 6.11916
19 18.848 10.9826 26.3182
118.662 136.156 0.333026 0.2982 0 0.150054 2.1096 6.11916
20 18.848 9.79729 36.193
118.662 136.156 0.333026 0.2982 0 0.150054 2.1096 6.11916
21 18.848 10.7652 33.527
118.662 136.156 0.333026 0.2982 0 0.150054 2.1096 6.11916
22 18.848 10.8273 31.5304
118.662 136.156 0.333026 0.2982 0 0.150054 2.1096 6.11916
23 18.848 10.5356 29.5039
118.662 136.156 0.333026 0.2982 0 0.150054 2.1096 6.11916
24 18.8795 11.0896 35.8691
116.747 137.806 0.327505 0.30287 0 0.133867 1.93355 6.07297
25 20.1764 11.5451 34.5193
100 148.99 0.305065 0.323497 0.0456293 0.0307266 2.24933 10
26 20.1764 11.5403 43.2982
100 148.99 0.305065 0.323497 0.0456293 0.0307266 2.24933 10
27 20.1764 10.8195 33.1693
100 148.99 0.305065 0.323497 0.0456293 0.0307266 2.24933 10
28 20.1764 11.1293 41.7784
100 148.99 0.305065 0.323497 0.0456293 0.0307266 2.24933 10
29 20.1764 11.3504 37.7007
100 148.99 0.305065 0.323497 0.0456293 0.0307266 2.24933 10
30 20.1764 11.9701 37.8912
100 148.99 0.305065 0.323497 0.0456293 0.0307266 2.24933 10
31 20.1764 13.0029 43.223
100 148.99 0.305065 0.323497 0.0456293 0.0307266 2.24933 10
32 20.1764 12.506 38.1273
100 148.99 0.305065 0.323497 0.0456293 0.0307266 2.24933 10
33 20.1764 12.1189 42.5709
100 148.99 0.305065 0.323497 0.0456293 0.0307266 2.24933 10
34 20.1764 12.0684 52.1521
100 148.99 0.305065 0.323497 0.0456293 0.0307266 2.24933 10
35 20.1764 12.5445 46.7324
100 148.99 0.305065 0.323497 0.0456293 0.0307266 2.24933 10
36 20.8512 12.9576 47.3554
100 119.556 0.313161 0.374102 0 0.0755572 2.67064 10
37 20.8512 11.303 33.8376
100 119.556 0.313161 0.374102 0 0.0755572 2.67064 10
38 20.8512 11.6505 50.2477
100 119.556 0.313161 0.374102 0 0.0755572 2.67064 10
39 21.3824 12.0227 52.7593
100.01 120.41 0.312002 0.372182 0.00330072 0.068967 2.66209 9.92829
40 21.3824 12.1539 52.9451
100.01 120.41 0.312002 0.372182 0.00330072 0.068967 2.66209 9.92829
41 21.4012 11.532 53.6162
100 122.982 0.310708 0.366548 0.0108579 0.0703202 2.72944 10
42 22.1996 12.4866 44.3504
100 118.373 0.305679 0.376312 0 0 1.84568 10
43 22.1996 11.5992 49.9793
100 118.373 0.305679 0.376312 0 0 1.84568 10
44 22.1996 11.608 45.3344
100 118.373 0.305679 0.376312 0 0 1.84568 10
45 22.1996 11.8605 52.2995
100 118.373 0.305679 0.376312 0 0 1.84568 10
46 22.1996 12.473 51.7824
100 118.373 0.305679 0.376312 0 0 1.84568 10
47 22.1996 13.1647 43.5838
100 118.373 0.305679 0.376312 0 0 1.84568 10
48 22.1996 11.2816 37.8361
100 118.373 0.305679 0.376312 0 0 1.84568 10
49 22.1996 12.3108 40.2153
100 118.373 0.305679 0.376312 0 0 1.84568 10
50 22.1996 14.2305 43.5552
100 118.373 0.305679 0.376312 0 0 1.84568 10
51 22.1996 14.0082 42.0811
100 118.373 0.305679 0.376312 0 0 1.84568 10
52 22.1996 14.4186 42.2761
100 118.373 0.305679 0.376312 0 0 1.84568 10
53 22.1996 13.6558 41.4505
100 118.373 0.305679 0.376312 0 0 1.84568 10
54 22.1996 13.7956 41.9522
100 118.373 0.305679 0.376312 0 0 1.84568 10
55 22.1996 12.8804 45.044
100 118.373 0.305679 0.376312 0 0 1.84568 10
56 22.1996 13.9635 50.0408
100 118.373 0.305679 0.376312 0 0 1.84568 10
57 22.1996 14.1393 56.2565
100 118.373 0.305679 0.376312 0 0 1.84568 10
58 22.1996 12.2389 53.0218
100 118.373 0.305679 0.376312 0 0 1.84568 10
59 22.1996 12.2371 54.7872
100 118.373 0.305679 0.376312 0 0 1.84568 10
60 22.1996 11.3242 52.6444
100 118.373 0.305679 0.376312 0 0 1.84568 10
61 22.1996 12.0896 54.9875
100 118.373 0.305679 0.376312 0 0 1.84568 10
62 22.9068 13.8185 53.3932
102.614 100 0.32682 0.317366 0 0 2.71628 9.00379
63 22.9068 14.0667 47.4019
102.614 100 0.32682 0.317366 0 0 2.71628 9.00379
64 22.9068 13.643 54.3785
102.614 100 0.32682 0.317366 0 0 2.71628 9.00379
65 22.9068 12.6097 57.6934
102.614 100 0.32682 0.317366 0 0 2.71628 9.00379
66 23.3904 13.2402 64.9752
103.075 100.026 0.330789 0.31496 0.00525835 0.00269105 2.74553 9.01478
67 23.4138 11.9418 59.4781
102.613 100 0.326844 0.317365 0 2.05552e-05 2.71635 9.00375
68 23.4138 13.1817 58.0388
102.613 100 0.326844 0.317365 0 2.05552e-05 2.71635 9.00375
69 23.4138 13.7247 64.1472
102.613 100 0.326844 0.317365 0 2.05552e-05 2.71635 9.00375
70 23.4138 13.7568 56.7719
102.613 100 0.326844 0.317365 0 2.05552e-05 2.71635 9.00375
71 23.4138 12.6026 66.7948
102.613 100 0.326844 0.317365 0 2.05552e-05 2.71635 9.00375
72 23.4138 12.5607 67.8231
102.613 100 0.326844 0.317365 0 2.05552e-05 2.71635 9.00375
73 23.4138 12.6081 65.1565
102.613 100 0.326844 0.317365 0 2.05552e-05 2.71635 9.00375
74 23.4138 12.9886 69.4737
102.613 100 0.326844 0.317365 0 2.05552e-05 2.71635 9.00375
75 23.4138 12.9273 68.1447
102.613 100 0.326844 0.317365 0 2.05552e-05 2.71635 9.00375
76 23.4138 13.4254 65.4937
102.613 100 0.326844 0.317365 0 2.05552e-05 2.71635 9.00375
77 23.4138 14.105 73.6868
102.613 100 0.326844 0.317365 0 2.05552e-05 2.71635 9.00375
78 23.4138 13.5613 59.4515
102.613 100 0.326844 0.317365 0 2.05552e-05 2.71635 9.00375
79 23.4138 15.0103 47.5227
102.613 100 0.326844 0.317365 0 2.05552e-05 2.71635 9.00375
80 23.418 14.3926 61.0246
105.898 101.964 0.305445 0.337592 0 0.0123093 3.06525 8.38618
81 23.418 12.667 55.5796
105.898 101.964 0.305445 0.337592 0 0.0123093 3.06525 8.38618
82 23.5942 12.1813 60.5169
102.323 100.203 0.330072 0.318992 0 0.00761172 2.68311 9.05068
83 23.6561 10.3329 64.7906
101.48 100.894 0.329024 0.319038 0 0.0131286 2.60144 8.84225
84 23.6561 10.9762 75.3738
101.48 100.894 0.329024 0.319038 0 0.0131286 2.60144 8.84225
85 23.6561 12.9467 81.5078
101.48 100.894 0.329024 0.319038 0 0.0131286 2.60144 8.84225
86 23.6561 12.9049 71.5039
101.48 100.894 0.329024 0.319038 0 0.0131286 2.60144 8.84225
87 23.6561 13.4563 70.2534
101.48 100.894 0.329024 0.319038 0 0.0131286 2.60144 8.84225
88 23.6561 14.2145 60.0712
101.48 100.894 0.329024 0.319038 0 0.0131286 2.60144 8.84225
89 23.6561 13.3851 66.6732
101.48 100.894 0.329024 0.319038 0 0.0131286 2.60144 8.84225
90 23.6561 13.8167 55.7723
101.48 100.894 0.329024 0.319038 0 0.0131286 2.60144 8.84225
91 23.6561 13.0301 72.8611
101.48 100.894 0.329024 0.319038 0 0.0131286 2.60144 8.84225
92 23.6561 12.4145 71.195
101.48 100.894 0.329024 0.319038 0 0.0131286 2.60144 8.84225
93 23.6561 12.2128 68.6234
101.48 100.894 0.329024 0.319038 0 0.0131286 2.60144 8.84225
94 23.6561 12.8977 64.6516
101.48 100.894 0.329024 0.319038 0 0.0131286 2.60144 8.84225
95 23.6561 9.77995 64.5165
101.48 100.894 0.329024 0.319038 0 0.0131286 2.60144 8.84225
96 23.6561 9.61325 67.1511
101.48 100.894 0.329024 0.319038 0 0.0131286 2.60144 8.84225
97 23.6561 11.1924 76.2627
101.48 100.894 0.329024 0.319038 0 0.0131286 2.60144 8.84225
98 23.7626 13.77 69.1048
100 100.821 0.328291 0.330823 0.000835004 0.00925177 2.60185 8.63186
99 23.7626 13.7219 54.2834
100 100.821 0.328291 0.330823 0.000835004 0.00925177 2.60185 8.63186
100 23.7626 12.858 64.0861
100 100.821 0.328291 0.330823 0.000835004 0.00925177 2.60185 8.63186
