0 4.80828 0.478071 1.30984
162.377 183.703 0.160617 0.197157 0.127878 0.385268 5.13211 4.83259
1 6.02942 0.907404 2.66921
155.274 190.19 0.195528 0.25318 0.137738 0.36348 4.90477 5.20484
2 11.6969 1.76873 9.16772
170.049 180.962 0.253855 0.167514 0.191197 0.314779 4.75368 3.39378
3 15.2309 2.57495 17.1266
174.093 171.405 0.24669 0.0863494 0.26188 0.222016 4.99288 3.3294
4 15.2309 3.83011 26.6067
174.093 171.405 0.24669 0.0863494 0.26188 0.222016 4.99288 3.3294
5 15.2309 5.38447 35.6946
174.093 171.405 0.24669 0.0863494 0.26188 0.222016 4.99288 3.3294
6 15.2309 5.87498 35.5343
174.093 171.405 0.24669 0.0863494 0.26188 0.222016 4.99288 3.3294
7 15.2309 6.41133 34.9965
174.093 171.405 0.24669 0.0863494 0.26188 0.222016 4.99288 3.3294
8 15.4405 7.85359 35.0481
166.374 185.405 0.273585 0.119322 0.132988 0.330399 5.38539 4.40925
9 15.4405 7.88619 34.96
166.374 185.405 0.273585 0.119322 0.132988 0.330399 5.38539 4.40925
10 15.5061 7.81921 41.2405
174.169 181.252 0.33167 0.153683 0.108779 0.213225 6.34568 4.87729
11 15.714 8.38146 35.9942
178.124 169.212 0.257974 0.0556248 0.271807 0.252344 5.21891 3.54813
12 16.0301 8.29595 35.3893
173.546 181.206 0.329431 0.151741 0.102801 0.209429 6.29245 4.89918
13 16.0301 8.70965 30.4135
173.546 181.206 0.329431 0.151741 0.102801 0.209429 6.29245 4.89918
14 16.9169 9.71 31.2526
170.255 182.64 0.329565 0.143607 0.0939626 0.1476 6.28113 4.65218
15 16.9169 9.15281 30.1991
170.255 182.64 0.329565 0.143607 0.0939626 0.1476 6.28113 4.65218
16 16.9169 9.33845 33.217
170.255 182.64 0.329565 0.143607 0.0939626 0.1476 6.28113 4.65218
17 16.9222 10.6656 38.2054
148.749 159.777 0.38674 0.306126 0.00470131 0.122005 5.8417 5.59863
18 16.9222 10.8144 32.2845
148.749 159.777 0.38674 0.306126 0.00470131 0.122005 5.8417 5.59863
19 18.14 11.3928 31.0872
126.04 136.339 0.221616 0.0942473 0.0872175 0.229294 4.82374 0.642943
20 18.14 11.5979 31.5209
126.04 136.339 0.221616 0.0942473 0.0872175 0.229294 4.82374 0.642943
21 18.4354 12.1519 33.6137
143.242 195.389 0.395374 0.130603 0 0.113874 6.35335 3.32574
22 18.951 12.7671 39.144
143.404 194.801 0.40036 0.135268 0 0.111683 6.30936 3.31195
23 19.3612 12.4219 37.4695
145.748 154.038 0.394853 0.144253 0 0.114457 6.56671 6.54244
24 19.3612 12.8671 33.032
145.748 154.038 0.394853 0.144253 0 0.114457 6.56671 6.54244
25 19.3612 13.0673 39.1387
145.748 154.038 0.394853 0.144253 0 0.114457 6.56671 6.54244
26 19.3612 12.3451 48.3769
145.748 154.038 0.394853 0.144253 0 0.114457 6.56671 6.54244
27 19.3612 12.6078 45.8044
145.748 154.038 0.394853 0.144253 0 0.114457 6.56671 6.54244
28 19.9011 12.9649 42.6629
125.426 144.163 0.348591 0.231612 0 0.119398 6.30856 5.46496
29 19.9024 13.576 39.0494
130.141 147.814 0.371932 0.200221 0.014179 0.08886 6.77396 5.6964
30 20.0246 13.8399 37.7652
128.999 151.395 0.396565 0.190078 0 0.166184 6.9943 5.93022
31 20.0246 14.2298 43.681
128.999 151.395 0.396565 0.190078 0 0.166184 6.9943 5.93022
32 20.4192 14.0001 43.7446
130.402 148.748 0.383606 0.197068 0.0150425 0.0971792 6.94275 5.64737
33 20.4192 13.4979 38.1903
130.402 148.748 0.383606 0.197068 0.0150425 0.0971792 6.94275 5.64737
34 20.4192 15.0411 29.274
130.402 148.748 0.383606 0.197068 0.0150425 0.0971792 6.94275 5.64737
35 21.8366 15.4828 30.4091
128.075 141.918 0.362704 0.139887 0 0.0447096 6.8494 5.94593
36 21.8366 15.2831 40.7329
128.075 141.918 0.362704 0.139887 0 0.0447096 6.8494 5.94593
37 21.8366 15.3708 39.4702
128.075 141.918 0.362704 0.139887 0 0.0447096 6.8494 5.94593
38 21.8374 15.4511 31.8172
127.009 142.093 0.363426 0.139614 0 0.038893 6.84094 6.00663
39 22.3489 16.6856 25.4468
128.724 140.795 0.361795 0.148384 0 0.0410635 7.18552 5.49233
40 22.6896 16.3202 45.7747
131.37 136.33 0.36591 0.127416 0 0.00021637 7.36722 5.93757
41 22.6896 14.9342 43.114
131.37 136.33 0.36591 0.127416 0 0.00021637 7.36722 5.93757
42 22.6896 14.1271 43.541
131.37 136.33 0.36591 0.127416 0 0.00021637 7.36722 5.93757
43 22.6896 14.8528 49.8708
131.37 136.33 0.36591 0.127416 0 0.00021637 7.36722 5.93757
44 22.6896 13.7379 56.4806
131.37 136.33 0.36591 0.127416 0 0.00021637 7.36722 5.93757
45 22.6896 12.9113 69.0591
131.37 136.33 0.36591 0.127416 0 0.00021637 7.36722 5.93757
46 22.6896 14.2738 68.7331
131.37 136.33 0.36591 0.127416 0 0.00021637 7.36722 5.93757
47 22.6896 13.9055 63.3478
131.37 136.33 0.36591 0.127416 0 0.00021637 7.36722 5.93757
48 22.6896 14.2454 58.789
131.37 136.33 0.36591 0.127416 0 0.00021637 7.36722 5.93757
49 22.6896 15.2327 60.2803
131.37 136.33 0.36591 0.127416 0 0.00021637 7.36722 5.93757
50 22.6896 15.2074 52.7693
131.37 136.33 0.36591 0.127416 0 0.00021637 7.36722 5.93757
51 22.6896 14.837 49.9735
131.37 136.33 0.36591 0.127416 0 0.00021637 7.36722 5.93757
52 22.6896 14.9811 52.5728
131.37 136.33 0.36591 0.127416 0 0.00021637 7.36722 5.93757
53 22.6986 14.9163 57.4447
132.289 135.646 0.364865 0.123679 0 0 7.4751 6.03012
54 22.6986 14.6275 49.5207
132.289 135.646 0.364865 0.123679 0 0 7.4751 6.03012
55 22.6986 15.2537 46.454
132.289 135.646 0.364865 0.123679 0 0 7.4751 6.03012
56 22.6986 14.3969 46.7857
132.289 135.646 0.364865 0.123679 0 0 7.4751 6.03012
57 22.6986 13.8424 58.0287
132.289 135.646 0.364865 0.123679 0 0 7.4751 6.03012
58 24.3314 14.1322 69.1492
122.988 110.855 0.381973 0.166806 0 0 1.31281 4.37295
59 24.3314 13.518 65.5989
122.988 110.855 0.381973 0.166806 0 0 1.31281 4.37295
60 24.3314 13.3657 66.7823
122.988 110.855 0.381973 0.166806 0 0 1.31281 4.37295
61 24.3314 15.2139 54.9479
122.988 110.855 0.381973 0.166806 0 0 1.31281 4.37295
62 24.3314 14.8499 59.6597
122.988 110.855 0.381973 0.166806 0 0 1.31281 4.37295
63 24.3314 15.9117 56.5088
122.988 110.855 0.381973 0.166806 0 0 1.31281 4.37295
64 24.3314 16.1616 54.4894
122.988 110.855 0.381973 0.166806 0 0 1.31281 4.37295
65 24.3314 14.642 66.3631
122.988 110.855 0.381973 0.166806 0 0 1.31281 4.37295
66 25.3247 16.0566 67.6963
121.691 101.5 0.35057 0.161404 0 0.0104795 2.88575 4.43671
67 25.3247 17.6375 44.5728
121.691 101.5 0.35057 0.161404 0 0.0104795 2.88575 4.43671
68 25.3247 16.8046 43.9273
121.691 101.5 0.35057 0.161404 0 0.0104795 2.88575 4.43671
69 25.3247 17.436 50.4138
121.691 101.5 0.35057 0.161404 0 0.0104795 2.88575 4.43671
70 25.3519 17.5661 51.6432
117.364 107.071 0.351027 0.159902 0 0 1.78595 4.73393
71 25.3519 15.8978 66.1752
117.364 107.071 0.351027 0.159902 0 0 1.78595 4.73393
72 25.3519 14.1251 64.9523
117.364 107.071 0.351027 0.159902 0 0 1.78595 4.73393
73 25.3519 14.9902 72.8343
117.364 107.071 0.351027 0.159902 0 0 1.78595 4.73393
74 25.3519 15.3279 69.8269
117.364 107.071 0.351027 0.159902 0 0 1.78595 4.73393
75 25.395 17.5659 53.1353
116.814 106.549 0.346856 0.163794 0.00751361 0 1.7982 4.71779
76 25.395 16.5063 62.524
116.814 106.549 0.346856 0.163794 0.00751361 0 1.7982 4.71779
77 25.395 17.0823 59.2133
116.814 106.549 0.346856 0.163794 0.00751361 0 1.7982 4.71779
78 25.395 18.1465 42.6028
116.814 106.549 0.346856 0.163794 0.00751361 0 1.7982 4.71779
79 25.9254 15.3615 64.5221
110.968 100 0.361407 0.188 0 0 3.37425 4.09224
80 25.9254 16.3058 60.2126
110.968 100 0.361407 0.188 0 0 3.37425 4.09224
81 25.9254 15.5822 71.7484
110.968 100 0.361407 0.188 0 0 3.37425 4.09224
82 25.9254 17.6266 62.9811
110.968 100 0.361407 0.188 0 0 3.37425 4.09224
83 25.9456 18.9998 56.2833
110.758 100.011 0.358486 0.188295 0.0108354 0.0139845 3.34897 4.22721
84 25.9456 18.6094 66.5262
110.758 100.011 0.358486 0.188295 0.0108354 0.0139845 3.34897 4.22721
85 25.9456 17.006 79.8766
110.758 100.011 0.358486 0.188295 0.0108354 0.0139845 3.34897 4.22721
86 25.9456 16.3203 80.0739
110.758 100.011 0.358486 0.188295 0.0108354 0.0139845 3.34897 4.22721
87 25.9456 16.7285 68.2717
110.758 100.011 0.358486 0.188295 0.0108354 0.0139845 3.34897 4.22721
88 25.9456 17.0777 52.5225
110.758 100.011 0.358486 0.188295 0.0108354 0.0139845 3.34897 4.22721
89 25.954 16.4486 75.2063
108.757 100 0.355841 0.18222 0 0.0264573 3.53438 4.00344
90 25.972 16.4124 75.4383
108.27 100 0.357013 0.188917 0.00312575 0.0195795 3.53979 3.97449
91 25.972 15.4646 84.4853
108.27 100 0.357013 0.188917 0.00312575 0.0195795 3.53979 3.97449
92 25.972 17.0904 79.8825
108.27 100 0.357013 0.188917 0.00312575 0.0195795 3.53979 3.97449
93 25.972 17.5655 68.263
108.27 100 0.357013 0.188917 0.00312575 0.0195795 3.53979 3.97449
94 25.972 17.215 78.975
108.27 100 0.357013 0.188917 0.00312575 0.0195795 3.53979 3.97449
95 25.972 17.9657 60.6379
108.27 100 0.357013 0.188917 0.00312575 0.0195795 3.53979 3.97449
96 25.972 17.4594 64.1132
108.27 100 0.357013 0.188917 0.00312575 0.0195795 3.53979 3.97449
97 25.972 16.9662 65.876
108.27 100 0.357013 0.188917 0.00312575 0.0195795 3.53979 3.97449
98 25.972 16.1785 75.6647
108.27 100 0.357013 0.188917 0.00312575 0.0195795 3.53979 3.97449
99 25.972 15.3861 75.7933
108.27 100 0.357013 0.188917 0.00312575 0.0195795 3.53979 3.97449
100 25.972 16.9723 78.0113
108.27 100 0.357013 0.188917 0.00312575 0.0195795 3.53979 3.97449
