0 26.0663 1.58366 28.5764
182.217 157.28 0.190229 0.185153 0.685484 0.0738148 4.82232 5.76993
1 26.3942 3.15038 50.4641
188.859 149.19 0.188708 0.266431 0.734055 0.00245659 5.13545 6.05116
2 26.3942 4.63101 82.8886
188.859 149.19 0.188708 0.266431 0.734055 0.00245659 5.13545 6.05116
3 26.3942 6.2801 97.2631
188.859 149.19 0.188708 0.266431 0.734055 0.00245659 5.13545 6.05116
4 26.3942 7.59718 110.919
188.859 149.19 0.188708 0.266431 0.734055 0.00245659 5.13545 6.05116
5 26.5195 10.0116 129.704
193 145.154 0.0245774 0.258891 0.56815 0.0317994 4.04449 6.90364
6 26.5195 11.4312 132.691
193 145.154 0.0245774 0.258891 0.56815 0.0317994 4.04449 6.90364
7 26.5556 11.6093 126.978
189.004 149.206 0.150115 0.260753 0.694736 0.0132811 4.71679 6.05196
8 26.5897 13.61 124.225
191.495 150.375 0.250617 0.215436 0.705876 0.04943 6.00092 6.00799
9 27.1864 14.5918 138.65
177.491 158.596 0.0679572 0.179981 0.742728 0.0852164 4.11668 5.3065
10 27.1864 15.8489 128.174
177.491 158.596 0.0679572 0.179981 0.742728 0.0852164 4.11668 5.3065
11 27.4171 15.7173 122.254
185.176 156.835 0.130574 0.252639 0.656275 0 5.02425 5.54079
12 29.7671 17.5034 118.318
199.574 135.587 0.0802779 0.349716 0.452319 0 4.72622 5.90475
13 29.7671 17.454 105.342
199.574 135.587 0.0802779 0.349716 0.452319 0 4.72622 5.90475
14 29.7671 18.3659 89.8576
199.574 135.587 0.0802779 0.349716 0.452319 0 4.72622 5.90475
15 29.7671 16.1939 112.191
199.574 135.587 0.0802779 0.349716 0.452319 0 4.72622 5.90475
16 29.7671 17.437 97.5971
199.574 135.587 0.0802779 0.349716 0.452319 0 4.72622 5.90475
17 29.7671 16.6181 87.9478
199.574 135.587 0.0802779 0.349716 0.452319 0 4.72622 5.90475
18 29.7671 19.507 80.1467
199.574 135.587 0.0802779 0.349716 0.452319 0 4.72622 5.90475
19 29.7671 18.1224 94.9311
199.574 135.587 0.0802779 0.349716 0.452319 0 4.72622 5.90475
20 29.7671 17.5925 94.8605
199.574 135.587 0.0802779 0.349716 0.452319 0 4.72622 5.90475
21 29.7671 17.8931 85.7823
199.574 135.587 0.0802779 0.349716 0.452319 0 4.72622 5.90475
22 29.7671 18.1585 86.7797
199.574 135.587 0.0802779 0.349716 0.452319 0 4.72622 5.90475
23 29.7671 18.53 73.622
199.574 135.587 0.0802779 0.349716 0.452319 0 4.72622 5.90475
24 29.7671 18.3559 89.9897
199.574 135.587 0.0802779 0.349716 0.452319 0 4.72622 5.90475
25 29.7671 18.6254 77.3864
199.574 135.587 0.0802779 0.349716 0.452319 0 4.72622 5.90475
26 29.9565 19.7191 80.8204
196.32 130.818 0.0657439 0.348319 0.468458 0.00581174 4.68365 5.68728
27 29.9565 18.9785 83.0389
196.32 130.818 0.0657439 0.348319 0.468458 0.00581174 4.68365 5.68728
28 29.9565 17.7181 93.8077
196.32 130.818 0.0657439 0.348319 0.468458 0.00581174 4.68365 5.68728
29 29.9565 16.8223 90.7512
196.32 130.818 0.0657439 0.348319 0.468458 0.00581174 4.68365 5.68728
30 29.9565 15.8819 75.1507
196.32 130.818 0.0657439 0.348319 0.468458 0.00581174 4.68365 5.68728
31 29.9565 17.9406 73.898
196.32 130.818 0.0657439 0.348319 0.468458 0.00581174 4.68365 5.68728
32 29.9565 18.0608 85.2915
196.32 130.818 0.0657439 0.348319 0.468458 0.00581174 4.68365 5.68728
33 30.2169 16.9211 109.147
196.3 130.514 0.067106 0.348322 0.469866 0.0039359 4.69785 5.71729
34 30.2169 18.8316 87.3639
196.3 130.514 0.067106 0.348322 0.469866 0.0039359 4.69785 5.71729
35 30.2169 18.6495 100.747
196.3 130.514 0.067106 0.348322 0.469866 0.0039359 4.69785 5.71729
36 30.2169 16.5828 108.751
196.3 130.514 0.067106 0.348322 0.469866 0.0039359 4.69785 5.71729
37 30.2169 17.915 91.232
196.3 130.514 0.067106 0.348322 0.469866 0.0039359 4.69785 5.71729
38 30.2169 17.5772 102.29
196.3 130.514 0.067106 0.348322 0.469866 0.0039359 4.69785 5.71729
39 30.2169 18.3485 94.3813
196.3 130.514 0.067106 0.348322 0.469866 0.0039359 4.69785 5.71729
40 30.2169 19.3884 86.4748
196.3 130.514 0.067106 0.348322 0.469866 0.0039359 4.69785 5.71729
41 30.2169 18.7249 101.997
196.3 130.514 0.067106 0.348322 0.469866 0.0039359 4.69785 5.71729
42 30.2169 18.6564 95.6822
196.3 130.514 0.067106 0.348322 0.469866 0.0039359 4.69785 5.71729
43 30.2169 19.2704 87.3024
196.3 130.514 0.067106 0.348322 0.469866 0.0039359 4.69785 5.71729
44 30.2169 18.8466 87.6032
196.3 130.514 0.067106 0.348322 0.469866 0.0039359 4.69785 5.71729
45 30.2169 19.724 72.0771
196.3 130.514 0.067106 0.348322 0.469866 0.0039359 4.69785 5.71729
46 30.4396 20.0154 77.2356
198.704 133.483 0.0757919 0.310535 0.482426 0.0511817 4.71044 5.12846
47 30.4396 20.797 68.5374
198.704 133.483 0.0757919 0.310535 0.482426 0.0511817 4.71044 5.12846
48 30.4396 20.264 86.5076
198.704 133.483 0.0757919 0.310535 0.482426 0.0511817 4.71044 5.12846
49 30.4396 18.4911 103.583
198.704 133.483 0.0757919 0.310535 0.482426 0.0511817 4.71044 5.12846
50 30.4396 18.6525 86.4756
198.704 133.483 0.0757919 0.310535 0.482426 0.0511817 4.71044 5.12846
51 30.4396 20.8801 73.2967
198.704 133.483 0.0757919 0.310535 0.482426 0.0511817 4.71044 5.12846
52 30.4396 19.6584 93.7512
198.704 133.483 0.0757919 0.310535 0.482426 0.0511817 4.71044 5.12846
53 30.4396 19.9043 93.2323
198.704 133.483 0.0757919 0.310535 0.482426 0.0511817 4.71044 5.12846
54 30.766 19.5556 95.1039
199.035 136.428 0.0765887 0.356047 0.454316 0 4.7614 5.90642
55 30.766 18.9373 91.5903
199.035 136.428 0.0765887 0.356047 0.454316 0 4.7614 5.90642
56 30.766 20.2998 88.868
199.035 136.428 0.0765887 0.356047 0.454316 0 4.7614 5.90642
57 30.766 19.6055 91.9163
199.035 136.428 0.0765887 0.356047 0.454316 0 4.7614 5.90642
58 30.766 20.4651 77.5586
199.035 136.428 0.0765887 0.356047 0.454316 0 4.7614 5.90642
59 30.766 19.3792 90.4368
199.035 136.428 0.0765887 0.356047 0.454316 0 4.7614 5.90642
60 30.766 20.1631 79.4189
199.035 136.428 0.0765887 0.356047 0.454316 0 4.7614 5.90642
61 30.766 18.3504 98.2025
199.035 136.428 0.0765887 0.356047 0.454316 0 4.7614 5.90642
62 30.766 17.4624 99.0924
199.035 136.428 0.0765887 0.356047 0.454316 0 4.7614 5.90642
63 30.766 17.5454 112.168
199.035 136.428 0.0765887 0.356047 0.454316 0 4.7614 5.90642
64 30.766 18.961 102.095
199.035 136.428 0.0765887 0.356047 0.454316 0 4.7614 5.90642
65 30.766 19.1733 92.7183
199.035 136.428 0.0765887 0.356047 0.454316 0 4.7614 5.90642
66 30.766 20.06 74.3048
199.035 136.428 0.0765887 0.356047 0.454316 0 4.7614 5.90642
67 30.766 20.6485 80.209
199.035 136.428 0.0765887 0.356047 0.454316 0 4.7614 5.90642
68 30.766 19.8812 95.9612
199.035 136.428 0.0765887 0.356047 0.454316 0 4.7614 5.90642
69 31.0184 20.721 73.6073
179.438 162.715 0.137337 0.331358 0.168447 0.0412144 5.50493 8.71517
70 31.0184 20.8944 80.3233
179.438 162.715 0.137337 0.331358 0.168447 0.0412144 5.50493 8.71517
71 31.0184 20.4879 91.5085
179.438 162.715 0.137337 0.331358 0.168447 0.0412144 5.50493 8.71517
72 31.0184 19.6061 92.5302
179.438 162.715 0.137337 0.331358 0.168447 0.0412144 5.50493 8.71517
73 31.0184 19.3809 97.5439
179.438 162.715 0.137337 0.331358 0.168447 0.0412144 5.50493 8.71517
74 31.0435 20.211 87.8287
174.137 159.874 0.153278 0.328015 0.1176 0.0297616 5.09951 8.3712
75 31.0435 18.2679 111.822
174.137 159.874 0.153278 0.328015 0.1176 0.0297616 5.09951 8.3712
76 31.0435 19.3065 93.2913
174.137 159.874 0.153278 0.328015 0.1176 0.0297616 5.09951 8.3712
77 31.0435 20.8405 80.2539
174.137 159.874 0.153278 0.328015 0.1176 0.0297616 5.09951 8.3712
78 31.0435 19.4136 93.3675
174.137 159.874 0.153278 0.328015 0.1176 0.0297616 5.09951 8.3712
79 31.711 20.6205 85.063
178.633 146.937 0.0994346 0.338042 0.0581012 0 3.6384 10
80 31.711 20.3604 74.5911
178.633 146.937 0.0994346 0.338042 0.0581012 0 3.6384 10
81 31.711 19.8083 93.094
178.633 146.937 0.0994346 0.338042 0.0581012 0 3.6384 10
82 31.711 20.6042 92.5374
178.633 146.937 0.0994346 0.338042 0.0581012 0 3.6384 10
83 31.711 19.8197 96.576
178.633 146.937 0.0994346 0.338042 0.0581012 0 3.6384 10
84 31.711 20.3075 93.9567
178.633 146.937 0.0994346 0.338042 0.0581012 0 3.6384 10
85 31.711 21.3699 93.4886
178.633 146.937 0.0994346 0.338042 0.0581012 0 3.6384 10
86 31.711 19.8264 97.2429
178.633 146.937 0.0994346 0.338042 0.0581012 0 3.6384 10
87 32.1693 20.0336 92.7599
177.342 146.967 0.0950158 0.337877 0.058878 0.00293283 3.66633 10
88 32.1693 20.4036 81.4054
177.342 146.967 0.0950158 0.337877 0.058878 0.00293283 3.66633 10
89 32.1693 18.7624 102.375
177.342 146.967 0.0950158 0.337877 0.058878 0.00293283 3.66633 10
90 32.1693 18.1159 129.457
177.342 146.967 0.0950158 0.337877 0.058878 0.00293283 3.66633 10
91 32.522 17.8169 129.827
177.858 146.771 0.102046 0.349147 0.0578698 0.00406234 3.6571 10
92 32.522 19.1144 126.942
177.858 146.771 0.102046 0.349147 0.0578698 0.00406234 3.6571 10
93 32.522 20.0182 120.897
177.858 146.771 0.102046 0.349147 0.0578698 0.00406234 3.6571 10
94 32.522 19.9962 109.893
177.858 146.771 0.102046 0.349147 0.0578698 0.00406234 3.6571 10
95 32.522 22.3978 90.2705
177.858 146.771 0.102046 0.349147 0.0578698 0.00406234 3.6571 10
96 33.296 23.3208 65.1765
178.506 147.018 0.0962444 0.340268 0.058038 0.00703638 3.60016 10
97 33.296 21.8439 97.6092
178.506 147.018 0.0962444 0.340268 0.058038 0.00703638 3.60016 10
98 33.296 19.9713 122.721
178.506 147.018 0.0962444 0.340268 0.058038 0.00703638 3.60016 10
99 33.296 19.858 118.039
178.506 147.018 0.0962444 0.340268 0.058038 0.00703638 3.60016 10
100 33.3116 20.1964 122.811
178.534 146.949 0.0960698 0.340506 0.0585527 0.00687029 3.60079 9.99967
