0 25.799 0.69932 13.2754
134.101 165.96 0.0701111 0.48295 0.111774 0.181092 8.40747 7.69925
1 25.799 1.32754 25.7612
134.101 165.96 0.0701111 0.48295 0.111774 0.181092 8.40747 7.69925
2 25.799 2.74748 50.1995
134.101 165.96 0.0701111 0.48295 0.111774 0.181092 8.40747 7.69925
3 25.799 4.51383 89.1141
134.101 165.96 0.0701111 0.48295 0.111774 0.181092 8.40747 7.69925
4 26.5801 7.05678 121.728
135.644 171.327 0.132252 0.280457 0 0.194055 8.4353 8.13904
5 27.0589 8.31295 137.687
132.342 167.716 0.101873 0.238962 0 0.201118 8.02981 9.42857
6 27.0589 9.75004 145.598
132.342 167.716 0.101873 0.238962 0 0.201118 8.02981 9.42857
7 27.0589 11.3241 160.557
132.342 167.716 0.101873 0.238962 0 0.201118 8.02981 9.42857
8 27.1713 12.8638 160.495
126.567 170.033 0.104941 0.266372 0 0.133435 8.3438 9.16264
9 27.1713 12.7995 160.289
126.567 170.033 0.104941 0.266372 0 0.133435 8.3438 9.16264
10 27.1713 15.1722 161.835
126.567 170.033 0.104941 0.266372 0 0.133435 8.3438 9.16264
11 27.1713 16.2556 149.66
126.567 170.033 0.104941 0.266372 0 0.133435 8.3438 9.16264
12 27.5448 15.8795 150.631
120.689 168.62 0.0748206 0.240334 0 0.136954 8.88676 9.19533
13 27.5448 17.8258 140.041
120.689 168.62 0.0748206 0.240334 0 0.136954 8.88676 9.19533
14 28.547 18.3768 139.009
135.057 144.565 0.087643 0.195807 0 0.0908464 8.89293 9.15307
15 28.6109 16.6619 153.98
135.226 144.528 0.0868009 0.193375 0.00241121 0.0905427 8.87605 9.16072
16 28.6505 17.8884 149.864
135.47 144.736 0.0839084 0.198961 0 0.0857969 8.81427 9.21371
17 29.0378 18.5684 141.307
132.712 142.108 0.0846647 0.200281 0 0.0700477 9.03096 9.07363
18 29.8145 18.3086 148.211
134.221 136.473 0.0842987 0.172695 0 0.0783647 9.08981 9.14039
19 32.3166 19.5251 136.521
136.434 143.388 0.0608758 0.20996 0 0.0861401 8.81519 9.02069
20 32.3166 19.3829 141.341
136.434 143.388 0.0608758 0.20996 0 0.0861401 8.81519 9.02069
21 32.3166 20.4011 121.828
136.434 143.388 0.0608758 0.20996 0 0.0861401 8.81519 9.02069
22 32.3166 18.5562 136.799
136.434 143.388 0.0608758 0.20996 0 0.0861401 8.81519 9.02069
23 32.3166 20.9071 111.431
136.434 143.388 0.0608758 0.20996 0 0.0861401 8.81519 9.02069
24 32.3166 19.473 131.056
136.434 143.388 0.0608758 0.20996 0 0.0861401 8.81519 9.02069
25 32.3166 17.2589 140.479
136.434 143.388 0.0608758 0.20996 0 0.0861401 8.81519 9.02069
26 32.3166 17.3474 145.259
136.434 143.388 0.0608758 0.20996 0 0.0861401 8.81519 9.02069
27 33.507 16.7759 145.551
108.087 168.91 0.0556096 0.148029 0.0521703 0.0877049 8.46534 9.8461
28 33.507 19.1063 132.017
108.087 168.91 0.0556096 0.148029 0.0521703 0.0877049 8.46534 9.8461
29 33.5414 17.893 151.285
123.523 159.448 0.0795754 0.157793 0.0425989 3.74243e-06 9.7829 7.98586
30 33.5414 16.4137 151.566
123.523 159.448 0.0795754 0.157793 0.0425989 3.74243e-06 9.7829 7.98586
31 33.5414 19.8836 135.148
123.523 159.448 0.0795754 0.157793 0.0425989 3.74243e-06 9.7829 7.98586
32 33.5414 20.7703 111.022
123.523 159.448 0.0795754 0.157793 0.0425989 3.74243e-06 9.7829 7.98586
33 33.5414 16.6403 157.696
123.523 159.448 0.0795754 0.157793 0.0425989 3.74243e-06 9.7829 7.98586
34 33.5414 16.7794 155.379
123.523 159.448 0.0795754 0.157793 0.0425989 3.74243e-06 9.7829 7.98586
35 33.5414 17.1646 153.341
123.523 159.448 0.0795754 0.157793 0.0425989 3.74243e-06 9.7829 7.98586
36 35.2376 19.3969 121.232
136.355 142.688 0.0651649 0.206492 0.00915676 0.0911848 8.79034 8.94882
37 35.2376 19.7791 128.696
136.355 142.688 0.0651649 0.206492 0.00915676 0.0911848 8.79034 8.94882
38 35.2376 20.6186 130.919
136.355 142.688 0.0651649 0.206492 0.00915676 0.0911848 8.79034 8.94882
39 36.4984 22.2708 102.682
123.817 162.109 0.0825785 0.221249 0.025497 0 10 8.04169
40 36.4984 20.7214 128.29
123.817 162.109 0.0825785 0.221249 0.025497 0 10 8.04169
41 36.4984 19.2784 160.047
123.817 162.109 0.0825785 0.221249 0.025497 0 10 8.04169
42 37.6647 20.3144 142.384
136.015 142.389 0.0610084 0.202202 0.00900931 0.0901759 8.81645 8.95405
43 37.6647 17.191 164.194
136.015 142.389 0.0610084 0.202202 0.00900931 0.0901759 8.81645 8.95405
44 37.6647 18.8317 170.143
136.015 142.389 0.0610084 0.202202 0.00900931 0.0901759 8.81645 8.95405
45 37.6647 18.6299 167.935
136.015 142.389 0.0610084 0.202202 0.00900931 0.0901759 8.81645 8.95405
46 37.6647 19.4395 151.91
136.015 142.389 0.0610084 0.202202 0.00900931 0.0901759 8.81645 8.95405
47 37.6647 20.1351 137.823
136.015 142.389 0.0610084 0.202202 0.00900931 0.0901759 8.81645 8.95405
48 37.6647 21.3645 117.923
136.015 142.389 0.0610084 0.202202 0.00900931 0.0901759 8.81645 8.95405
49 37.6647 21.6248 117.498
136.015 142.389 0.0610084 0.202202 0.00900931 0.0901759 8.81645 8.95405
50 37.6647 21.9482 114.256
136.015 142.389 0.0610084 0.202202 0.00900931 0.0901759 8.81645 8.95405
51 37.6647 20.7372 132.792
136.015 142.389 0.0610084 0.202202 0.00900931 0.0901759 8.81645 8.95405
52 37.6647 19.0507 147.089
136.015 142.389 0.0610084 0.202202 0.00900931 0.0901759 8.81645 8.95405
53 37.6647 22.2539 112.469
136.015 142.389 0.0610084 0.202202 0.00900931 0.0901759 8.81645 8.95405
54 37.6647 20.4002 145.587
136.015 142.389 0.0610084 0.202202 0.00900931 0.0901759 8.81645 8.95405
55 37.6647 19.0831 161.927
136.015 142.389 0.0610084 0.202202 0.00900931 0.0901759 8.81645 8.95405
56 37.6647 19.1773 162.4
136.015 142.389 0.0610084 0.202202 0.00900931 0.0901759 8.81645 8.95405
57 37.6647 19.2561 158.805
136.015 142.389 0.0610084 0.202202 0.00900931 0.0901759 8.81645 8.95405
58 37.6647 17.6026 180.389
136.015 142.389 0.0610084 0.202202 0.00900931 0.0901759 8.81645 8.95405
59 37.6647 18.2346 175.05
136.015 142.389 0.0610084 0.202202 0.00900931 0.0901759 8.81645 8.95405
60 37.6647 19.6265 163.726
136.015 142.389 0.0610084 0.202202 0.00900931 0.0901759 8.81645 8.95405
61 37.6647 21.3115 149.342
136.015 142.389 0.0610084 0.202202 0.00900931 0.0901759 8.81645 8.95405
62 37.6647 20.9528 139.678
136.015 142.389 0.0610084 0.202202 0.00900931 0.0901759 8.81645 8.95405
63 37.6647 19.5788 162.717
136.015 142.389 0.0610084 0.202202 0.00900931 0.0901759 8.81645 8.95405
64 37.6647 20.4885 149.024
136.015 142.389 0.0610084 0.202202 0.00900931 0.0901759 8.81645 8.95405
65 37.6647 19.6082 145.471
136.015 142.389 0.0610084 0.202202 0.00900931 0.0901759 8.81645 8.95405
66 37.6647 21.1913 133.698
136.015 142.389 0.0610084 0.202202 0.00900931 0.0901759 8.81645 8.95405
67 37.6647 18.9822 148.328
136.015 142.389 0.0610084 0.202202 0.00900931 0.0901759 8.81645 8.95405
68 37.6647 21.2158 126.822
136.015 142.389 0.0610084 0.202202 0.00900931 0.0901759 8.81645 8.95405
69 37.6647 22.1072 115.348
136.015 142.389 0.0610084 0.202202 0.00900931 0.0901759 8.81645 8.95405
70 37.6647 19.6297 147.853
136.015 142.389 0.0610084 0.202202 0.00900931 0.0901759 8.81645 8.95405
71 37.6647 17.8955 174.965
136.015 142.389 0.0610084 0.202202 0.00900931 0.0901759 8.81645 8.95405
72 40.3755 19.6135 148.854
135.877 141.823 0.0643167 0.209285 0.0110599 0.0809286 8.8606 8.91446
73 40.3755 14.9531 179.754
135.877 141.823 0.0643167 0.209285 0.0110599 0.0809286 8.8606 8.91446
74 40.3755 16.2414 182.664
135.877 141.823 0.0643167 0.209285 0.0110599 0.0809286 8.8606 8.91446
75 40.3755 16.9271 168.842
135.877 141.823 0.0643167 0.209285 0.0110599 0.0809286 8.8606 8.91446
76 40.3755 15.663 189.505
135.877 141.823 0.0643167 0.209285 0.0110599 0.0809286 8.8606 8.91446
77 40.3755 18.4776 171.131
135.877 141.823 0.0643167 0.209285 0.0110599 0.0809286 8.8606 8.91446
78 40.3755 18.9284 163.849
135.877 141.823 0.0643167 0.209285 0.0110599 0.0809286 8.8606 8.91446
79 40.3755 16.9311 179.916
135.877 141.823 0.0643167 0.209285 0.0110599 0.0809286 8.8606 8.91446
80 40.3755 18.4342 174.451
135.877 141.823 0.0643167 0.209285 0.0110599 0.0809286 8.8606 8.91446
81 40.3755 21.5714 137.797
135.877 141.823 0.0643167 0.209285 0.0110599 0.0809286 8.8606 8.91446
82 40.3755 19.2683 163.437
135.877 141.823 0.0643167 0.209285 0.0110599 0.0809286 8.8606 8.91446
83 40.3755 19.2103 155.757
135.877 141.823 0.0643167 0.209285 0.0110599 0.0809286 8.8606 8.91446
84 40.3755 20.3354 152.43
135.877 141.823 0.0643167 0.209285 0.0110599 0.0809286 8.8606 8.91446
85 40.3755 23.1233 118.748
135.877 141.823 0.0643167 0.209285 0.0110599 0.0809286 8.8606 8.91446
86 40.3755 20.1955 170.321
135.877 141.823 0.0643167 0.209285 0.0110599 0.0809286 8.8606 8.91446
87 40.3755 22.4231 127.206
135.877 141.823 0.0643167 0.209285 0.0110599 0.0809286 8.8606 8.91446
88 40.3755 21.8435 144.261
135.877 141.823 0.0643167 0.209285 0.0110599 0.0809286 8.8606 8.91446
89 40.3755 20.4113 162.776
135.877 141.823 0.0643167 0.209285 0.0110599 0.0809286 8.8606 8.91446
90 40.3755 19.992 157.787
135.877 141.823 0.0643167 0.209285 0.0110599 0.0809286 8.8606 8.91446
91 40.3755 18.8853 173.136
135.877 141.823 0.0643167 0.209285 0.0110599 0.0809286 8.8606 8.91446
92 40.3755 18.1002 185.269
135.877 141.823 0.0643167 0.209285 0.0110599 0.0809286 8.8606 8.91446
93 40.3755 19.7774 160.451
135.877 141.823 0.0643167 0.209285 0.0110599 0.0809286 8.8606 8.91446
94 40.3755 19.8616 149.288
135.877 141.823 0.0643167 0.209285 0.0110599 0.0809286 8.8606 8.91446
95 40.3755 19.8781 157.577
135.877 141.823 0.0643167 0.209285 0.0110599 0.0809286 8.8606 8.91446
96 40.3755 20.8919 159.237
135.877 141.823 0.0643167 0.209285 0.0110599 0.0809286 8.8606 8.91446
97 40.3755 19.3073 186.728
135.877 141.823 0.0643167 0.209285 0.0110599 0.0809286 8.8606 8.91446
98 40.3755 23.136 125.368
135.877 141.823 0.0643167 0.209285 0.0110599 0.0809286 8.8606 8.91446
99 40.3755 20.4878 177.442
135.877 141.823 0.0643167 0.209285 0.0110599 0.0809286 8.8606 8.91446
100 40.3755 19.6972 166.276
135.877 141.823 0.0643167 0.209285 0.0110599 0.0809286 8.8606 8.91446
